  20  38  14                                                                38Ca
  20  39  19                                                                39Ca
  20  40   8                                                                40Ca
  20  41  29                                                                41Ca
  20  42  11                                                                42Ca
  20  43  16                                                                43Ca
  20  44  15                                                                44Ca
  20  45  11                                                                45Ca
  20  46   6                                                                46Ca
  20  47  17                                                                47Ca
  20  48  12                                                                48Ca
  20  49  15                                                                49Ca
  20  50  19                                                                50Ca
