  22  42  12                                                                42Ti
  22  44   6                                                                44Ti
  22  45   4                                                                45Ti
  22  46  44                                                                46Ti
  22  47  33                                                                47Ti
  22  48  19                                                                48Ti
  22  49  14                                                                49Ti
  22  50  16                                                                50Ti
  22  51   4                                                                51Ti
  22  52   8                                                                52Ti
