  30  60  13                                                                60Zn
  30  61  10                                                                61Zn
  30  62  10                                                                62Zn
  30  63  14                                                                63Zn
  30  64  49                                                                64Zn
  30  65  15                                                                65Zn
  30  66  18                                                                66Zn
  30  67  12                                                                67Zn
  30  68   8                                                                68Zn
  30  69  15                                                                69Zn
  30  70   7                                                                70Zn
  30  71  10                                                                71Zn
