  31  64  17                                                                64Ga
  31  65  18                                                                65Ga
  31  66  15                                                                66Ga
  31  67  12                                                                67Ga
  31  68  11                                                                68Ga
  31  69  10                                                                69Ga
  31  70  47                                                                70Ga
  31  71   7                                                                71Ga
  31  72  16                                                                72Ga
  31  73   4                                                                73Ga
  31  75   2                                                                75Ga
  31  76   7                                                                76Ga
  31  77   4                                                                77Ga
  31  78   6                                                                78Ga
  31  79   8                                                                79Ga
