  34  69   8                                                                69Se
  34  70   8                                                                70Se
  34  71   5                                                                71Se
  34  72  14                                                                72Se
  34  73  22                                                                73Se
  34  74  10                                                                74Se
  34  75  36                                                                75Se
  34  76  10                                                                76Se
  34  77  28                                                                77Se
  34  78   8                                                                78Se
  34  79  24                                                                79Se
  34  80  11                                                                80Se
  34  81   7                                                                81Se
  34  82   5                                                                82Se
  34  83  10                                                                83Se
  34  84  11                                                                84Se
