  35  72  14                                                                72Br
  35  73  11                                                                73Br
  35  74  33                                                                74Br
  35  75  10                                                                75Br
  35  76   4                                                                76Br
  35  77  11                                                                77Br
  35  78  30                                                                78Br
  35  79  28                                                                79Br
  35  80  42                                                                80Br
  35  81  12                                                                81Br
  35  82  31                                                                82Br
  35  83  10                                                                83Br
  35  85  10                                                                85Br
