  38  77   6                                                                77Sr
  38  79   7                                                                79Sr
  38  80  10                                                                80Sr
  38  81  12                                                                81Sr
  38  82   6                                                                82Sr
  38  83  18                                                                83Sr
  38  84  12                                                                84Sr
  38  85  21                                                                85Sr
  38  86  11                                                                86Sr
  38  87  28                                                                87Sr
  38  88  50                                                                88Sr
  38  89  10                                                                89Sr
  38  90  10                                                                90Sr
  38  91   7                                                                91Sr
  38  92   7                                                                92Sr
  38  93  10                                                                93Sr
  38  94  23                                                                94Sr
  38  95  10                                                                95Sr
  38  96  21                                                                96Sr
  38  97  17                                                                97Sr
  38  98   4                                                                98Sr
