  40  83  12                                                                83Zr
  40  84   5                                                                84Zr
  40  86   4                                                                86Zr
  40  87  13                                                                87Zr
  40  88   4                                                                88Zr
  40  89  20                                                                89Zr
  40  90   6                                                                90Zr
  40  91  15                                                                91Zr
  40  92  11                                                                92Zr
  40  93  11                                                                93Zr
  40  94  10                                                                94Zr
  40  95  18                                                                95Zr
  40  96  28                                                                96Zr
  40  97  12                                                                97Zr
  40  98   9                                                                98Zr
  40  99  24                                                                99Zr
  40 100   7                                                               100Zr
