  42  88   6                                                                88Mo
  42  90   9                                                                90Mo
  42  91  11                                                                91Mo
  42  92  11                                                                92Mo
  42  93  72                                                                93Mo
  42  94  14                                                                94Mo
  42  95  10                                                                95Mo
  42  96  10                                                                96Mo
  42  97  42                                                                97Mo
  42  98  48                                                                98Mo
  42  99  54                                                                99Mo
  42 100  27                                                               100Mo
  42 101  22                                                               101Mo
  42 102  10                                                               102Mo
  42 103  14                                                               103Mo
  42 104   9                                                               104Mo
