  44  91   5                                                                91Ru
  44  92   3                                                                92Ru
  44  93   8                                                                93Ru
  44  94   9                                                                94Ru
  44  95  18                                                                95Ru
  44  96  24                                                                96Ru
  44  97   9                                                                97Ru
  44  98  21                                                                98Ru
  44  99  10                                                                99Ru
  44 100  40                                                               100Ru
  44 101  17                                                               101Ru
  44 102  14                                                               102Ru
  44 103  29                                                               103Ru
  44 104   9                                                               104Ru
  44 105  10                                                               105Ru
  44 106   6                                                               106Ru
  44 107  18                                                               107Ru
  44 108  10                                                               108Ru
  44 109  10                                                               109Ru
  44 112  10                                                               112Ru
