  45  93   4                                                                93Rh
  45  95   7                                                                95Rh
  45  96  12                                                                96Rh
  45  97  11                                                                97Rh
  45  99  16                                                                99Rh
  45 100   4                                                               100Rh
  45 101  17                                                               101Rh
  45 102  25                                                               102Rh
  45 103  15                                                               103Rh
  45 104  75                                                               104Rh
  45 105  23                                                               105Rh
  45 107  16                                                               107Rh
  45 109  14                                                               109Rh
