  47 100  10                                                               100Ag
  47 101  14                                                               101Ag
  47 102  11                                                               102Ag
  47 103  10                                                               103Ag
  47 104  11                                                               104Ag
  47 105  14                                                               105Ag
  47 106  39                                                               106Ag
  47 107  18                                                               107Ag
  47 108  72                                                               108Ag
  47 109  20                                                               109Ag
  47 110  56                                                               110Ag
  47 111  19                                                               111Ag
