  48 103   4                                                               103Cd
  48 104  16                                                               104Cd
  48 105  10                                                               105Cd
  48 106  24                                                               106Cd
  48 107  17                                                               107Cd
  48 108  12                                                               108Cd
  48 109  14                                                               109Cd
  48 110  21                                                               110Cd
  48 111  43                                                               111Cd
  48 112  96                                                               112Cd
  48 113  30                                                               113Cd
  48 114  16                                                               114Cd
  48 115  10                                                               115Cd
  48 116  27                                                               116Cd
  48 117  12                                                               117Cd
  48 118  16                                                               118Cd
  48 119  10                                                               119Cd
  48 121   9                                                               121Cd
  48 123  13                                                               123Cd
