  50 106   4                                                               106Sn
  50 107  11                                                               107Sn
  50 108  13                                                               108Sn
  50 109  16                                                               109Sn
  50 110  23                                                               110Sn
  50 111  17                                                               111Sn
  50 112  21                                                               112Sn
  50 113  21                                                               113Sn
  50 114  12                                                               114Sn
  50 115  46                                                               115Sn
  50 116  15                                                               116Sn
  50 117  23                                                               117Sn
  50 118  17                                                               118Sn
  50 119  16                                                               119Sn
  50 120  20                                                               120Sn
  50 121  13                                                               121Sn
  50 122  21                                                               122Sn
  50 123  15                                                               123Sn
  50 124  16                                                               124Sn
  50 125  12                                                               125Sn
  50 126  12                                                               126Sn
  50 128   9                                                               128Sn
  50 130  13                                                               130Sn
