  51 107   5                                                               107Sb
  51 108   4                                                               108Sb
  51 109   6                                                               109Sb
  51 111   7                                                               111Sb
  51 112  10                                                               112Sb
  51 113  10                                                               113Sb
  51 114  10                                                               114Sb
  51 115  11                                                               115Sb
  51 116  41                                                               116Sb
  51 117  19                                                               117Sb
  51 118  14                                                               118Sb
  51 119  24                                                               119Sb
  51 120  10                                                               120Sb
  51 121  23                                                               121Sb
  51 122  15                                                               122Sb
  51 123  10                                                               123Sb
  51 124  12                                                               124Sb
  51 125  12                                                               125Sb
  51 127  10                                                               127Sb
  51 129  33                                                               129Sb
  51 131  12                                                               131Sb
  51 133   4                                                               133Sb
