  55 122   5                                                               122Cs
  55 123   3                                                               123Cs
  55 124  31                                                               124Cs
  55 125   7                                                               125Cs
  55 126  15                                                               126Cs
  55 127  15                                                               127Cs
  55 129  16                                                               129Cs
  55 131  16                                                               131Cs
  55 133  11                                                               133Cs
  55 134  16                                                               134Cs
  55 135   3                                                               135Cs
  55 137  11                                                               137Cs
  55 138  11                                                               138Cs
  55 139  10                                                               139Cs
  55 140   8                                                               140Cs
  55 141  10                                                               141Cs
  55 142   9                                                               142Cs
