  56 121  10                                                               121Ba
  56 123  12                                                               123Ba
  56 124   5                                                               124Ba
  56 126   6                                                               126Ba
  56 127  10                                                               127Ba
  56 128   4                                                               128Ba
  56 129  10                                                               129Ba
  56 130  10                                                               130Ba
  56 131  10                                                               131Ba
  56 132  15                                                               132Ba
  56 133  17                                                               133Ba
  56 134  36                                                               134Ba
  56 135  12                                                               135Ba
  56 136  26                                                               136Ba
  56 137  14                                                               137Ba
  56 138  14                                                               138Ba
  56 139  54                                                               139Ba
  56 140  12                                                               140Ba
  56 141  19                                                               141Ba
  56 142  12                                                               142Ba
  56 143  18                                                               143Ba
  56 144   8                                                               144Ba
  56 145  20                                                               145Ba
  56 147  13                                                               147Ba
