  58 128   3                                                               128Ce
  58 129  11                                                               129Ce
  58 130   4                                                               130Ce
  58 131  10                                                               131Ce
  58 132   7                                                               132Ce
  58 133  18                                                               133Ce
  58 134   5                                                               134Ce
  58 135   9                                                               135Ce
  58 136  10                                                               136Ce
  58 137  10                                                               137Ce
  58 138  17                                                               138Ce
  58 139  19                                                               139Ce
  58 140  15                                                               140Ce
  58 141  48                                                               141Ce
  58 142  15                                                               142Ce
  58 143  16                                                               143Ce
  58 144  20                                                               144Ce
  58 145  13                                                               145Ce
  58 146  10                                                               146Ce
  58 147  20                                                               147Ce
  58 148  12                                                               148Ce
