  59 131   6                                                               131Pr
  59 133  21                                                               133Pr
  59 135  13                                                               135Pr
  59 136  10                                                               136Pr
  59 137  10                                                               137Pr
  59 138  11                                                               138Pr
  59 139  10                                                               139Pr
  59 140   9                                                               140Pr
  59 141  70                                                               141Pr
  59 142  11                                                               142Pr
  59 143  10                                                               143Pr
  59 145  15                                                               145Pr
  59 147  11                                                               147Pr
