  60 131   5                                                               131Nd
  60 132   4                                                               132Nd
  60 133  27                                                               133Nd
  60 134   5                                                               134Nd
  60 135  20                                                               135Nd
  60 136   5                                                               136Nd
  60 137  10                                                               137Nd
  60 138  15                                                               138Nd
  60 139  11                                                               139Nd
  60 140  12                                                               140Nd
  60 141  46                                                               141Nd
  60 142  22                                                               142Nd
  60 143  90                                                               143Nd
  60 144  73                                                               144Nd
  60 145  19                                                               145Nd
  60 146  32                                                               146Nd
  60 147  24                                                               147Nd
  60 148  11                                                               148Nd
  60 149  24                                                               149Nd
  60 150  28                                                               150Nd
  60 151  10                                                               151Nd
  60 152   4                                                               152Nd
