  63 140  13                                                               140Eu
  63 141  12                                                               141Eu
  63 142  14                                                               142Eu
  63 143   5                                                               143Eu
  63 144  24                                                               144Eu
  63 145  81                                                               145Eu
  63 146  12                                                               146Eu
  63 147  13                                                               147Eu
  63 149  39                                                               149Eu
  63 150  23                                                               150Eu
  63 151  15                                                               151Eu
  63 152 143                                                               152Eu
  63 153  12                                                               153Eu
  63 154 125                                                               154Eu
  63 155  11                                                               155Eu
  63 156  20                                                               156Eu
  63 157  10                                                               157Eu
  63 159   9                                                               159Eu
