  64 140   5                                                               140Gd
  64 142   6                                                               142Gd
  64 144  13                                                               144Gd
  64 145  10                                                               145Gd
  64 146  41                                                               146Gd
  64 147  15                                                               147Gd
  64 148  11                                                               148Gd
  64 149  13                                                               149Gd
  64 150  18                                                               150Gd
  64 151  36                                                               151Gd
  64 152  16                                                               152Gd
  64 153  34                                                               153Gd
  64 154  31                                                               154Gd
  64 155  37                                                               155Gd
  64 156  30                                                               156Gd
  64 157  40                                                               157Gd
  64 158  29                                                               158Gd
  64 159  10                                                               159Gd
  64 160  13                                                               160Gd
  64 161  15                                                               161Gd
