  65 146  13                                                               146Tb
  65 147  33                                                               147Tb
  65 148  14                                                               148Tb
  65 149  18                                                               149Tb
  65 150   3                                                               150Tb
  65 151   9                                                               151Tb
  65 152   6                                                               152Tb
  65 153  14                                                               153Tb
  65 155  10                                                               155Tb
  65 156   9                                                               156Tb
  65 157   8                                                               157Tb
  65 158   8                                                               158Tb
  65 159   8                                                               159Tb
  65 160  29                                                               160Tb
  65 161  10                                                               161Tb
  65 163  10                                                               163Tb
