  68 150  11                                                               150Er
  68 151   9                                                               151Er
  68 152   4                                                               152Er
  68 153   8                                                               153Er
  68 154   3                                                               154Er
  68 155  13                                                               155Er
  68 156  20                                                               156Er
  68 158  29                                                               158Er
  68 159  12                                                               159Er
  68 160  11                                                               160Er
  68 161  15                                                               161Er
  68 162  11                                                               162Er
  68 163  11                                                               163Er
  68 164  13                                                               164Er
  68 165  16                                                               165Er
  68 166   3                                                               166Er
  68 167  41                                                               167Er
  68 168  15                                                               168Er
  68 169  10                                                               169Er
  68 170  42                                                               170Er
  68 171  14                                                               171Er
  68 172  14                                                               172Er
