  69 153  16                                                               153Tm
  69 159  15                                                               159Tm
  69 161  10                                                               161Tm
  69 162   3                                                               162Tm
  69 163  13                                                               163Tm
  69 165  12                                                               165Tm
  69 167  12                                                               167Tm
  69 168   7                                                               168Tm
  69 169  14                                                               169Tm
  69 170  26                                                               170Tm
  69 171  17                                                               171Tm
  69 173  10                                                               173Tm
  69 175  10                                                               175Tm
