  72 157   3                                                               157Hf
  72 160   3                                                               160Hf
  72 162   3                                                               162Hf
  72 164   5                                                               164Hf
  72 165   3                                                               165Hf
  72 166  12                                                               166Hf
  72 168  12                                                               168Hf
  72 169  10                                                               169Hf
  72 170   9                                                               170Hf
  72 171  12                                                               171Hf
  72 172  18                                                               172Hf
  72 173   9                                                               173Hf
  72 174  35                                                               174Hf
  72 175  16                                                               175Hf
  72 176  81                                                               176Hf
  72 177  29                                                               177Hf
  72 178  49                                                               178Hf
  72 179  23                                                               179Hf
  72 180  28                                                               180Hf
  72 181  11                                                               181Hf
  72 182   3                                                               182Hf
