  76 170   3                                                               170Os
  76 171   4                                                               171Os
  76 172  10                                                               172Os
  76 173   5                                                               173Os
  76 174   4                                                               174Os
  76 175  10                                                               175Os
  76 176   3                                                               176Os
  76 177  13                                                               177Os
  76 178   7                                                               178Os
  76 179  14                                                               179Os
  76 180   9                                                               180Os
  76 181  18                                                               181Os
  76 182   5                                                               182Os
  76 183  28                                                               183Os
  76 184   7                                                               184Os
  76 185  23                                                               185Os
  76 186   8                                                               186Os
  76 187  32                                                               187Os
  76 188   8                                                               188Os
  76 189  32                                                               189Os
  76 190   8                                                               190Os
  76 191  43                                                               191Os
  76 192  14                                                               192Os
  76 193   6                                                               193Os
