  80 182   4                                                               182Hg
  80 185   9                                                               185Hg
  80 186  10                                                               186Hg
  80 187   7                                                               187Hg
  80 188   7                                                               188Hg
  80 190   5                                                               190Hg
  80 191  11                                                               191Hg
  80 192  10                                                               192Hg
  80 193   8                                                               193Hg
  80 194   6                                                               194Hg
  80 195  11                                                               195Hg
  80 196  25                                                               196Hg
  80 197  15                                                               197Hg
  80 198  29                                                               198Hg
  80 199  15                                                               199Hg
  80 200  24                                                               200Hg
  80 201   6                                                               201Hg
  80 202  21                                                               202Hg
  80 203  11                                                               203Hg
  80 204  16                                                               204Hg
  80 205   6                                                               205Hg
