  81 191  11                                                               191Tl
  81 194  11                                                               194Tl
  81 195  16                                                               195Tl
  81 197  10                                                               197Tl
  81 198  13                                                               198Tl
  81 199  22                                                               199Tl
  81 201  25                                                               201Tl
  81 203  30                                                               203Tl
  81 204  11                                                               204Tl
  81 205   3                                                               205Tl
  81 206  24                                                               206Tl
  81 207  24                                                               207Tl
