  82 192  10                                                               192Pb
  82 194  12                                                               194Pb
  82 195  21                                                               195Pb
  82 196  11                                                               196Pb
  82 197  34                                                               197Pb
  82 198  13                                                               198Pb
  82 200  12                                                               200Pb
  82 201  10                                                               201Pb
  82 202  11                                                               202Pb
  82 203  10                                                               203Pb
  82 204  13                                                               204Pb
  82 205   9                                                               205Pb
  82 206  17                                                               206Pb
  82 207  85                                                               207Pb
  82 208  82                                                               208Pb
  82 209 183                                                               209Pb
  82 210   5                                                               210Pb
  82 211   4                                                               211Pb
