  83 199  11                                                               199Bi
  83 201  16                                                               201Bi
  83 202   6                                                               202Bi
  83 203  23                                                               203Bi
  83 204   8                                                               204Bi
  83 205  11                                                               205Bi
  83 206   9                                                               206Bi
  83 207   6                                                               207Bi
  83 208  42                                                               208Bi
  83 209  51                                                               209Bi
  83 210  11                                                               210Bi
  83 211   8                                                               211Bi
