  84 200   7                                                               200Po
  84 201   5                                                               201Po
  84 202   3                                                               202Po
  84 203  17                                                               203Po
  84 204  11                                                               204Po
  84 205  12                                                               205Po
  84 206   8                                                               206Po
  84 207   6                                                               207Po
  84 208  10                                                               208Po
  84 209  10                                                               209Po
  84 210  30                                                               210Po
  84 211  26                                                               211Po
  84 212  19                                                               212Po
  84 214  14                                                               214Po
