  93 225    1    0                                                         225Np
   0   0.000000   4.5   -1  0                                           (9/2-)
  93 226    1    0                                                         226Np
   0   0.000000   2.0   -1  0                   3.500E-02 JP                  
  93 227    1    0                                                         227Np
   0   0.000000   3.5   -1  0                   5.100E-01 JP                  
  93 228    1    0                                                         228Np
   0   0.000000   4.0    1  0                   6.140E+01 JP                  
  93 229    1    0                                                         229Np
   0   0.000000   2.5   -1  0                   2.400E+02 JP                  
  93 230    1    0                                                         230Np
   0   0.000000   1.0   -1  0                   2.760E+02 JP                  
  93 231    1    0                                                         231Np
   0   0.000000   2.5   -1  0                   2.930E+03  P             (5/2)
  93 232    3    1                                                         232Np
   0   0.000000   4.0    1  0                   8.820E+02                 (4+)
   1   0.050000   1.0    1  1                                             (1+)
                               0  1.000000 0.000E+00     B
  93 233   41   14                                                         233Np
   0   0.000000   2.5    1  0                   2.170E+03               (5/2+)
   1   0.034400   3.5    1  1                                           (7/2+)
                               0  1.000000 1.167E+02      
   2   0.050000   2.5   -1  1                                           (5/2-)
                               1  1.000000 0.000E+00     B
   3   0.512500   4.5   -1  2                             JP                  
                               1  0.518100 0.000E+00      
                               0  0.481900 0.000E+00      
   4   0.534700   1.5   -1  2                             JP                  
                               1  0.300700 0.000E+00      
                               0  0.699300 0.000E+00      
   5   0.558700   5.5   -1  2                             JP                  
                               1  0.324300 0.000E+00      
                               0  0.675700 0.000E+00      
   6   0.583400   0.5   -1  1                             JP                  
                               0  1.000000 0.000E+00      
   7   0.725900   6.5   -1  2                             JP                  
                               4  0.591700 0.000E+00      
                               0  0.408300 0.000E+00      
   8   0.770000   7.5   -1  1                             JP                  
                               4  1.000000 0.000E+00      
   9   0.830900   3.5    1  2                             JP                  
                               6  0.393900 0.000E+00      
                               0  0.606100 0.000E+00      
  10   0.991800   4.5    1  3                             JP                  
                               8  0.261526 0.000E+00      
                               4  0.225623 0.000E+00      
                               0  0.512851 0.000E+00      
  11   1.012400   1.5    1  2                             JP                  
                               1  0.324300 0.000E+00      
                               0  0.675700 0.000E+00      
  12   1.035300   8.5    1  2                             JP                  
                               1  0.757600 0.000E+00      
                               0  0.242400 0.000E+00      
  13   1.062600   5.5    1  2                             JP                  
                               5  0.757600 0.000E+00      
                               1  0.242400 0.000E+00      
  14   1.243300   2.5    1  3                             JP                  
                              13  0.277772 0.000E+00      
                              12  0.555544 0.000E+00      
                               8  0.166683 0.000E+00      
  93 234    1    0                                                         234Np
   0   0.000000   0.0    1  0                   3.800E+05                 (0+)
  93 235  100   35                                                         235Np
   0   0.000000   2.5    1  0                   3.420E+07                 5/2+
   1   0.034230   3.5    1  1                                           (7/2)+
                               0  1.000000 1.184E+02      
   2   0.049100   2.5   -1  1                   6.900E-09               (5/2)-
                               0  1.000000 7.927E-01      
   3   0.079100   4.5    1  1                                           (9/2+)
                               0  1.000000 0.000E+00     B
   4   0.091600   3.5   -1  2                                           (7/2)-
                               3  0.500000 0.000E+00     B
                               0  0.500000 0.000E+00     B
   5   0.133000   5.5    1  1                                          (11/2)+
                               1  1.000000 0.000E+00     B
   6   0.146800   4.5   -1  2                                           (9/2)-
                               2  0.500000 0.000E+00     B
                               1  0.500000 0.000E+00     B
   7   0.200000   6.5    1  1                                          (13/2)+
                               3  1.000000 0.000E+00     B
   8   0.352000   1.5   -1  2                                           (3/2-)
                               4  0.500000 0.000E+00     B
                               0  0.500000 0.000E+00     B
   9   0.371000   0.5   -1  1                                           (1/2-)
                               2  1.000000 0.000E+00     B
  10   0.408000   3.5   -1  2                                           (7/2-)
                               3  0.500000 0.000E+00     B
                               0  0.500000 0.000E+00     B
  11   0.441000   2.5   -1  2                                           (5/2-)
                               2  0.500000 0.000E+00     B
                               1  0.500000 0.000E+00     B
  12   0.520000   5.5   -1  2                                          (11/2-)
                               4  0.500000 0.000E+00     B
                               3  0.500000 0.000E+00     B
  13   0.565000   1.5   -1  2                                           (3/2-)
                               4  0.500000 0.000E+00     B
                               0  0.500000 0.000E+00     B
  14   0.602000   2.5   -1  2                                           (5/2-)
                               2  0.500000 0.000E+00     B
                               1  0.500000 0.000E+00     B
  15   0.644000   3.5   -1  2                                           (7/2-)
                               3  0.500000 0.000E+00     B
                               0  0.500000 0.000E+00     B
  16   0.700000   4.5   -1  2                                           (9/2-)
                               2  0.500000 0.000E+00     B
                               1  0.500000 0.000E+00     B
  17   0.756400   3.5    1  2                             J      (3/2,5/2,7/2)
                               1  0.010010 1.035E-01      
                               0  0.989990 9.154E-02      
  18   0.761000   5.5   -1  2                                          (11/2-)
                               4  0.500000 0.000E+00     B
                               3  0.500000 0.000E+00     B
  19   0.779500   1.5   -1  2                             J      (3/2,5/2,7/2)
                               1  0.747400 2.202E-01      
                               0  0.252600 5.793E-03      
  20   0.819000   3.5    1  2                             J         (5/2+,7/2)
                               3  0.628000 9.709E-02      
                               1  0.372000 8.298E-02      
  21   0.834000   2.5    1  2                                             5/2+
                               3  0.500000 0.000E+00     B
                               0  0.500000 0.000E+00     B
  22   0.870000   7.5    1  1                             JP                  
                               5  1.000000 0.000E+00     B
  23   0.922000   3.5   -1  2                                           (7/2-)
                               3  0.500000 0.000E+00     B
                               0  0.500000 0.000E+00     B
  24   0.936800   2.5    1  3                             J         (5/2+,7/2)
                               3  0.265026 1.487E-02      
                               1  0.460246 5.737E-02      
                               0  0.274727 5.202E-02      
  25   0.944500   1.5   -1  2                             J      (3/2,5/2,7/2)
                               1  0.619100 1.262E-01      
                               0  0.380900 4.115E-03      
  26   0.962000   0.5    1  2                             JP                  
                               8  0.500000 0.000E+00     B
                               0  0.500000 0.000E+00     B
  27   0.978000   4.5   -1  2                                           (9/2-)
                               2  0.500000 0.000E+00     B
                               1  0.500000 0.000E+00     B
  28   0.998000   6.5    1  2                             JP                  
                               7  0.500000 0.000E+00     B
                               3  0.500000 0.000E+00     B
  29   1.024000   8.5    1  2                             JP                  
                              28  0.500000 0.000E+00     B
                               7  0.500000 0.000E+00     B
  30   1.064000   4.5   -1  2                                           (9/2-)
                               2  0.500000 0.000E+00     B
                               1  0.500000 0.000E+00     B
  31   1.117000   0.5    1  2                             JP                  
                               8  0.500000 0.000E+00     B
                               0  0.500000 0.000E+00     B
  32   1.160000   6.5    1  2                                          (13/2+)
                               7  0.500000 0.000E+00     B
                               3  0.500000 0.000E+00     B
  33   1.260000   2.5    1  2                                             5/2+
                               3  0.500000 0.000E+00     B
                               0  0.500000 0.000E+00     B
  34   1.293000   1.5    1  2                             JP                  
                               2  0.500000 0.000E+00     B
                               1  0.500000 0.000E+00     B
  35   1.818000   2.5    1  2                                             5/2+
                               3  0.500000 0.000E+00     B
                               0  0.500000 0.000E+00     B
  93 236    9    4                                                         236Np
   0   0.000000   6.0   -1  0                   4.830E+12                 (6-)
   1   0.100000   1.0   -1  1                   8.100E+04E P +X               
                               0  1.000000 0.000E+00     B
   2   0.231000   3.0   -1  1                                             (3-)
                               1  1.000000 0.000E+00     B
   3   0.273000   4.0   -1  1                                             (4-)
                               0  1.000000 0.000E+00     B
   4   0.324000   5.0   -1  1                                             (5-)
                               2  1.000000 0.000E+00     B
  93 237  339  105                                                         237Np
   0   0.000000   2.5    1  0                   6.770E+13                 5/2+
   1   0.033196   3.5    1  1                   5.400E-11                 7/2+
                               0  1.000000 1.850E+02      
   2   0.059541   2.5   -1  2                   6.700E-08                 5/2-
                               1  0.218000 8.000E+00      
                               0  0.782000 1.160E+00      
   3   0.075899   4.5    1  2                   2.800E-11                 9/2+
                               1  0.929828 8.000E+01      
                               0  0.070172 5.457E+01      
   4   0.102959   3.5   -1  4                   8.000E-11                 7/2-
                               3  0.000000 3.791E+00      
                               2  0.997885 1.670E+02      
                               1  0.000317 3.360E-01      
                               0  0.001798 1.210E-01      
   5   0.129990   5.5    1  2                                            11/2+
                               3  0.500000 3.306E+01      
                               1  0.500000 1.704E+01      
   6   0.158497   4.5   -1  3                                             9/2-
                               4  0.782106 6.700E+01      
                               2  0.214502 1.560E+01      
                               1  0.003392 3.057E-01      
   7   0.191530   6.5    1  1                                            13/2+
                               3  1.000000 7.627E+00      
   8   0.225957   5.5   -1  3                                            11/2-
                               6  0.657870 3.100E+01      
                               4  0.337785 5.900E+00      
                               3  0.004345 1.995E-01      
   9   0.267556   1.5   -1  4                   5.200E-09                 3/2-
                               4  0.052439 1.740E+00      
                               2  0.930187 3.180E+00      
                               1  0.001784 8.660E+00      
                               0  0.015590 1.110E+00      
  10   0.268800   7.5    1  1                                            15/2+
                               5  1.000000 3.525E+00      
  11   0.281356   0.5   -1  2                                             1/2-
                               9  0.986149 5.180E+02      
                               2  0.013851 5.600E-01      
  12   0.305050   6.5   -1  2                                            13/2-
                               6  0.988451 2.800E+00      
                               5  0.011549 1.384E-01      
  13   0.316800   2.5   -1  1                                                 
                               0  1.000000 3.605E-02      
  14   0.324420   3.5   -1  5                                           (7/2-)
                               6  0.471967 6.141E+00      
                               4  0.449269 2.718E+00      
                               3  0.001667 6.146E-02      
                               2  0.067895 1.651E+00      
                               1  0.009201 4.332E-02      
  15   0.332376   0.5    1  3                   1.000E-09                 1/2+
                              11  0.158584 7.670E-01      
                               9  0.476852 4.080E-01      
                               0  0.364564 1.500E-01      
  16   0.347620   8.5    1  1                                            17/2+
                               7  1.000000 2.164E+00      
  17   0.359700   2.5   -1  1                                           (5/2-)
                               2  1.000000 1.168E+00      
  18   0.368602   2.5    1  4                                             5/2+
                               3  0.013979 2.204E-01      
                               2  0.001164 3.804E-02      
                               1  0.697069 7.400E-01      
                               0  0.287787 6.400E-01      
  19   0.370928   1.5    1  3                                             3/2+
                              15  0.000000 4.920E+02      
                               1  0.056328 1.430E-01      
                               0  0.943672 5.700E-01      
  20   0.395530   7.5   -1  2                                            15/2-
                               8  0.992824 1.550E+00      
                               7  0.007176 9.705E-02      
  21   0.418200   4.5    1  2                             JP                  
                               3  0.500000 0.000E+00     B
                               0  0.500000 0.000E+00     B
  22   0.434120   5.5   -1  5                                          (11/2-)
                              14  0.736985 9.670E+00      
                              12  0.000000 1.250E+01      
                               6  0.231195 1.477E+00      
                               5  0.014550 3.939E-02      
                               3  0.017270 2.767E-02      
  23   0.444780   1.5    1  1                                                 
                              14  1.000000 9.246E+01      
  24   0.452520   9.5    1  2                                            19/2+
                              16  0.888500 4.762E+00      
                              10  0.111500 1.127E+00      
  25   0.456119   4.5    1  5                                             9/2+
                               7  0.002954 3.201E-01      
                               5  0.495210 7.500E-01      
                               3  0.418508 6.270E-01      
                               1  0.078562 4.682E-01      
                               0  0.004766 6.489E-02      
  26   0.459693   3.5    1  4                                             7/2+
                              14  0.000000 2.546E-01      
                               3  0.525926 5.954E-01      
                               1  0.416021 4.473E-01      
                               0  0.058053 3.650E-01      
  27   0.486210   4.5   -1  2                                           (9/2-)
                              14  1.000000 6.612E+00      
                               8  0.000000 1.723E+00      
  28   0.497010   8.5   -1  2                                            17/2-
                              20  0.390700 5.266E+00      
                              12  0.609300 9.541E-01      
  29   0.514190   1.5   -1  5                                           (3/2-)
                              17  0.105793 7.537E+00      
                              11  0.359275 2.364E+00      
                               9  0.167188 2.010E+00      
                               2  0.307178 3.760E-01      
                               0  0.060566 1.269E-02      
  30   0.544800  10.5    1  1                                            21/2+
                              16  1.000000 8.651E-01      
  31   0.546120   2.5   -1  4                                           (5/2-)
                              11  0.000000 3.040E-01      
                               9  0.358700 1.443E+00      
                               1  0.391300 1.276E-02      
                               0  0.250000 1.130E-02      
  32   0.590090   3.5   -1  3                                           (7/2-)
                               9  0.000000 1.640E-01      
                               4  0.166700 3.118E-01      
                               0  0.833300 9.698E-03      
  33   0.592330   6.5    1  5                                            13/2+
                              25  0.846875 3.447E+00      
                              22  0.058118 1.738E-01      
                              20  0.019369 1.053E-01      
                               7  0.026779 5.286E-01      
                               5  0.048859 3.575E-01      
  34   0.597990   5.5    1  4                                            11/2+
                              26  0.000000 3.547E+00      
                               7  0.304900 5.099E-01      
                               5  0.544200 3.475E-01      
                               3  0.150900 2.457E-01      
  35   0.609300   9.5   -1  2                                            19/2-
                              28  0.598600 3.896E+00      
                              20  0.401400 6.415E-01      
  36   0.618000   3.5    1  2                             JP                  
                               2  0.500000 0.000E+00     B
                               1  0.500000 0.000E+00     B
  37   0.646030   4.5   -1  2                                           (9/2-)
                               6  0.000000 3.118E-01      
                               2  1.000000 3.197E-02      
  38   0.666190   1.5    1  4                             JP       (5/2+,7/2-)
                               9  0.533547 0.000E+00      
                               3  0.000000 0.000E+00      
                               1  0.335566 0.000E+00      
                               0  0.130887 0.000E+00      
  39   0.681630  11.5    1  2                                            23/2+
                              30  0.977361 1.064E+01      
                              24  0.022639 4.975E-01      
  40   0.709000   5.5   -1  2                                          (11/2-)
                               4  0.500000 0.000E+00     B
                               3  0.500000 0.000E+00     B
  41   0.721961   2.5   -1  6                                             5/2-
                               9  0.000000 3.760E-01      
                               6  0.001060 3.489E-02      
                               4  0.096528 1.559E-01      
                               2  0.578988 1.302E-01      
                               1  0.045929 7.256E-03      
                               0  0.277494 6.656E-03      
  42   0.731700  10.5   -1  2                                            21/2-
                              35  0.796800 1.446E+01      
                              28  0.203200 4.592E-01      
  43   0.755685   3.5   -1  6                                             7/2-
                               6  0.127604 1.713E-01      
                               4  0.627919 1.352E-01      
                               3  0.044581 7.427E-03      
                               2  0.087493 1.139E-01      
                               1  0.000000 6.656E-03      
                               0  0.112403 6.125E-03      
  44   0.758000   0.5    1  2                             JP                  
                               9  0.500000 0.000E+00     B
                               0  0.500000 0.000E+00     B
  45   0.770570   1.5    1  3                             JP                  
                              14  0.036948 0.000E+00      
                               1  0.605670 0.000E+00      
                               0  0.357382 0.000E+00      
  46   0.784100  12.5    1  1                                            25/2+
                              30  1.000000 4.286E-01      
  47   0.799820   4.5   -1  5                                             9/2-
                               8  0.101192 1.907E-01      
                               6  0.538857 1.418E-01      
                               5  0.025678 7.639E-03      
                               4  0.000000 1.139E-01      
                               1  0.334273 5.966E-03      
  48   0.805770   2.5    1  4                             JP       (7/2+,9/2+)
                               5  0.129200 0.000E+00      
                               3  0.269300 0.000E+00      
                               1  0.538500 0.000E+00      
                               0  0.063000 0.000E+00      
  49   0.823000   3.5   -1  2                             JP                  
                               3  0.500000 0.000E+00     B
                               0  0.500000 0.000E+00     B
  50   0.853360   5.5   -1  2                                            11/2-
                              14  0.425700 3.996E-02      
                               8  0.574300 1.505E-01      
  51   0.861650   1.5    1  4                             JP        (5/2+,7/2)
                               3  0.226607 0.000E+00      
                               2  0.492615 0.000E+00      
                               1  0.088673 0.000E+00      
                               0  0.192106 0.000E+00      
  52   0.863000  11.5   -1  2                                            23/2-
                              42  0.981339 1.180E+01      
                              35  0.018661 3.524E-01      
  53   0.906000   0.5    1  2                             JP                  
                               9  0.500000 0.000E+00     B
                               0  0.500000 0.000E+00     B
  54   0.914000   2.5    1  2                             JP                  
                               3  0.500000 0.000E+00     B
                               0  0.500000 0.000E+00     B
  55   0.920880   3.5   -1  3                             JP                  
                               2  0.165900 0.000E+00      
                               1  0.448400 0.000E+00      
                               0  0.385700 0.000E+00      
  56   0.945200   6.5    1  6                   7.100E-07 JP        11/2, 13/2
                              12  0.121110 0.000E+00      
                              10  0.019822 0.000E+00      
                               8  0.150512 0.000E+00      
                               7  0.176214 0.000E+00      
                               6  0.165213 0.000E+00      
                               5  0.367129 0.000E+00      
  57   0.950950   4.5   -1  2                             JP                  
                               2  0.500000 0.000E+00     B
                               1  0.500000 0.000E+00     B
  58   0.955900  13.5    1  2                                            27/2+
                              46  0.931372 5.556E+00      
                              39  0.068628 2.712E-01      
  59   0.961000   1.5   -1  2                             JP                  
                               4  0.500000 0.000E+00     B
                               0  0.500000 0.000E+00     B
  60   0.963000   2.5    1  2                             JP                  
                               3  0.500000 0.000E+00     B
                               0  0.500000 0.000E+00     B
  61   0.984000   3.5   -1  2                             JP                  
                               3  0.500000 0.000E+00     B
                               0  0.500000 0.000E+00     B
  62   1.004900  12.5   -1  2                                            25/2-
                              52  0.695600 9.413E+00      
                              42  0.304400 2.757E-01      
  63   1.013000   4.5    1  2                             JP                  
                               3  0.500000 0.000E+00     B
                               0  0.500000 0.000E+00     B
  64   1.020000   0.5    1  2                             JP                  
                               9  0.500000 0.000E+00     B
                               0  0.500000 0.000E+00     B
  65   1.030000   1.5   -1  2                             JP                  
                               4  0.500000 0.000E+00     B
                               0  0.500000 0.000E+00     B
  66   1.040000   2.5    1  2                             JP                  
                               3  0.500000 0.000E+00     B
                               0  0.500000 0.000E+00     B
  67   1.064600  14.5    1  1                                            29/2+
                              46  1.000000 2.529E-01      
  68   1.066000   3.5   -1  2                             JP                  
                               3  0.500000 0.000E+00     B
                               0  0.500000 0.000E+00     B
  69   1.072000   5.5   -1  2                             JP                  
                               4  0.500000 0.000E+00     B
                               3  0.500000 0.000E+00     B
  70   1.112000   6.5    1  2                             JP                  
                               7  0.500000 0.000E+00     B
                               3  0.500000 0.000E+00     B
  71   1.137000   4.5   -1  2                             JP                  
                               2  0.500000 0.000E+00     B
                               1  0.500000 0.000E+00     B
  72   1.151300  13.5   -1  2                                            27/2-
                              62  0.982800 8.819E+00      
                              52  0.017200 2.275E-01      
  73   1.274400  15.5    1  2                                            31/2+
                              67  0.773600 3.164E+00      
                              58  0.226400 1.701E-01      
  74   1.312700  14.5   -1  2                                            29/2-
                              72  0.661600 6.735E+00      
                              62  0.338400 1.869E-01      
  75   1.384300  16.5    1  1                                            33/2+
                              67  1.000000 1.682E-01      
  76   1.473700  15.5   -1  2                                            31/2-
                              74  0.968600 6.675E+00      
                              72  0.031400 1.645E-01      
  77   1.634200  17.5    1  2                                            35/2+
                              75  0.648200 1.947E+00      
                              73  0.351800 1.196E-01      
  78   1.653400  16.5   -1  2                                            33/2-
                              76  0.637900 4.904E+00      
                              74  0.362100 1.393E-01      
  79   1.743800  18.5    1  1                                            37/2+
                              75  1.000000 1.198E-01      
  80   1.824500  17.5   -1  1                                            35/2-
                              76  1.000000 1.286E-01      
  81   2.024000  18.5   -1  2                                            37/2-
                              80  0.663200 3.650E+00      
                              78  0.336800 1.098E-01      
  82   2.034800  19.5    1  2                                            39/2+
                              79  0.428800 1.271E+00      
                              77  0.571200 8.916E-02      
  83   2.139900  20.5    1  1                                            41/2+
                              79  1.000000 9.172E-02      
  84   2.200900  19.5   -1  1                                            39/2-
                              80  1.000000 1.054E-01      
  85   2.422900  20.5   -1  1                                            41/2-
                              81  1.000000 9.000E-02      
  86   2.473400  21.5    1  2                                            43/2+
                              83  0.277800 8.711E-01      
                              82  0.722200 7.030E-02      
  87   2.571400  22.5    1  1                                            45/2+
                              83  1.000000 7.329E-02      
  88   2.601900  21.5   -1  1                                            43/2-
                              84  1.000000 8.875E-02      
  89   2.800000   2.5    1  2                   4.500E-08 JP                  
                               3  0.500000 0.000E+00     B
                               0  0.500000 0.000E+00     B
  90   2.848800  22.5   -1  1                                            45/2-
                              85  1.000000 7.576E-02      
  91   2.947700  23.5    1  2                                            47/2+
                              87  0.490500 6.292E-01      
                              86  0.509500 5.774E-02      
  92   3.028600  23.5   -1  1                                            47/2-
                              88  1.000000 7.539E-02      
  93   3.036100  24.5    1  1                                            49/2+
                              87  1.000000 6.076E-02      
  94   3.301200  24.5   -1  1                                            49/2-
                              90  1.000000 6.496E-02      
  95   3.455700  25.5    1  2                                            51/2+
                              93  0.528300 4.611E-01      
                              91  0.471700 4.377E-02      
  96   3.481400  25.5   -1  1                                            51/2-
                              92  1.000000 6.482E-02      
  97   3.532600  26.5    1  1                                            53/2+
                              93  1.000000 5.170E-02      
  98   3.780100  26.5   -1  1                                            53/2-
                              94  1.000000 5.642E-02      
  99   3.961600  27.5   -1  1                                            55/2-
                              96  1.000000 5.605E-02      
 100   3.994400  27.5    1  1                                            55/2+
                              95  1.000000 3.842E-02      
 101   4.059200  28.5    1  1                                            57/2+
                              97  1.000000 4.039E-02      
 102   4.287800  28.5   -1  1                                          (57/2-)
                              98  1.000000 4.388E-02      
 103   4.469600  29.5   -1  1                                          (59/2-)
                              99  1.000000 4.367E-02      
 104   4.564500  29.5    1  1                                            59/2+
                             100  1.000000 3.397E-02      
 105   4.614600  30.5    1  1                                            61/2+
                             101  1.000000 3.594E-02      
  93 238  413  129                                                         238Np
   0   0.000000   2.0    1  0                   1.830E+05                   2+
   1   0.026427   3.0    1  1                                               3+
                               0  1.000000 3.540E+02      
   2   0.062330   4.0    1  2                                               4+
                               1  0.006822 1.420E-01      
                               0  0.993178 1.370E+02      
   3   0.086674   3.0    1  3                                               3+
                               2  0.054028 3.480E+02      
                               1  0.417387 2.450E+01      
                               0  0.528584 8.560E+00      
   4   0.106155   5.0    1  2                                               5+
                               2  0.833300 6.920E+01      
                               1  0.166700 4.290E+01      
   5   0.121645   4.0    1  4                                               4+
                               3  0.891827 1.180E+02      
                               2  0.019561 2.510E+01      
                               1  0.030671 6.320E+00      
                               0  0.057942 6.190E+00      
   6   0.136045   3.0   -1  4                   6.000E-09                   3-
                               3  0.866083 8.280E-01      
                               2  0.034839 2.900E-01      
                               1  0.052259 1.030E-01      
                               0  0.046819 2.510E-01      
   7   0.161685   6.0    1  2                                               6+
                               5  0.500000 0.000E+00     B
                               2  0.500000 0.000E+00     B
   8   0.165532   5.0    1  2                                               5+
                               5  0.500000 6.980E+01      
                               1  0.500000 2.500E-01      
   9   0.179154   4.0   -1  3                                               4-
                               6  0.832267 6.870E+01      
                               3  0.060125 1.580E-01      
                               1  0.107609 1.917E-01      
  10   0.182878   2.0   -1  4                                               2-
                               6  0.224500 5.270E+01      
                               3  0.000000 1.464E-01      
                               1  0.187600 1.810E-01      
                               0  0.587900 1.250E-01      
  11   0.215522   3.0   -1  5                                               3-
                              10  0.283694 1.410E+02      
                               6  0.571589 4.260E+01      
                               2  0.039369 1.900E-01      
                               1  0.037619 1.160E-01      
                               0  0.067729 8.500E-02      
  12   0.217949   0.0   -1  2                                               0-
                              10  0.869100 2.230E+03      
                               0  0.130900 1.110E+01      
  13   0.225764   6.0    1  1                                             (6+)
                               8  1.000000 3.810E+01      
  14   0.232828   5.0   -1  3                                               5-
                               9  0.667033 5.010E+01      
                               6  0.203080 1.730E+01      
                               5  0.129887 9.900E-01      
  15   0.243959   1.0    1  1                                             (1)+
                               0  1.000000 2.060E+00      
  16   0.246400   3.0   -1  2                             J             1 TO 4
                               2  0.500000 0.000E+00     B
                               0  0.500000 0.000E+00     B
  17   0.250330   1.0    1  1                                             (1+)
                               0  1.000000 1.931E+00      
  18   0.254621   2.0   -1  2                                             (2)-
                               1  0.407200 7.830E-02      
                               0  0.592800 6.069E-02      
  19   0.258853   4.0   -1  6                                               4-
                              11  0.346321 1.600E+02      
                              10  0.161010 5.310E+01      
                               6  0.138408 1.450E+01      
                               4  0.183811 1.917E-01      
                               2  0.025442 1.060E-01      
                               1  0.145009 7.190E-02      
  20   0.275519   5.0    1  1                                               5+
                               5  1.000000 7.593E+00      
  21   0.277641   2.0    1  2                                             (2)+
                               1  0.258500 4.000E-01      
                               0  0.741500 1.449E+00      
  22   0.285800   2.0    1  2                             J             1 TO 4
                               2  0.500000 0.000E+00     B
                               0  0.500000 0.000E+00     B
  23   0.297030   6.0   -1  2                                             (6-)
                               8  0.745600 2.725E-01      
                               4  0.254400 1.133E-01      
  24   0.298368   3.0    1  4                                               3+
                              15  0.251200 2.680E+02      
                               2  0.462600 2.270E+00      
                               1  0.257700 1.530E+00      
                               0  0.028500 1.190E+00      
  25   0.300031   3.0    1  3                                             (3+)
                               2  0.492300 2.248E+00      
                               1  0.309600 1.522E+00      
                               0  0.198100 1.178E+00      
  26   0.300832   1.0   -1  1                                             (1)-
                              10  1.000000 3.499E+00      
  27   0.301876   1.0   -1  3                             J          1-,2,3,4-
                              11  0.333333 3.194E+01      
                              10  0.333333 3.474E+00      
                               6  0.333333 1.739E+00      
  28   0.303072   6.0   -1  5                                             (6-)
                              14  0.874547 1.688E+01      
                               9  0.000000 6.273E+00      
                               8  0.104006 2.551E-01      
                               7  0.002156 2.384E-01      
                               4  0.019291 1.084E-01      
  29   0.305400   3.0   -1  2                             J           1- TO 4-
                               2  0.500000 0.000E+00     B
                               0  0.500000 0.000E+00     B
  30   0.312704   5.0   -1  5                                               5-
                              19  0.063221 4.200E+01      
                              11  0.084402 1.694E+01      
                               7  0.780716 1.670E+01      
                               6  0.034071 1.317E+00      
                               2  0.037591 6.071E-02      
  31   0.315063   4.0    1  3                             J              4+,5+
                              14  0.621038 3.300E-01      
                               9  0.204580 2.518E-01      
                               6  0.174383 1.314E-01      
  32   0.324314   4.0   -1  1                                             (4)-
                              11  1.000000 4.300E+00      
  33   0.326905   1.0   -1  2                                               1-
                              12  0.434600 4.479E+00      
                              10  0.565400 9.483E+00      
  34   0.328600   6.0    1  1                                               6+
                               8  1.000000 6.418E+00      
  35   0.334000   2.0   -1  2                             J           1- TO 3-
                               3  0.500000 0.000E+00     B
                               1  0.500000 0.000E+00     B
  36   0.342439   5.0   -1  4                                               5-
                              20  0.087817 3.740E-01      
                              14  0.411888 4.209E+00      
                               9  0.488685 6.417E+00      
                               6  0.011610 7.277E-01      
  37   0.348800   1.0   -1  2                             J           1- TO 3-
                               6  0.500000 0.000E+00     B
                               0  0.500000 0.000E+00     B
  38   0.352460   3.0   -1  2                                             (3)-
                              26  0.427000 3.147E+02      
                              19  0.573000 6.625E+00      
  39   0.367260   2.0   -1  1                                             (2)-
                              10  1.000000 4.554E+00      
  40   0.373684   1.0   -1  2                                             (1)-
                              33  0.215500 4.480E+01      
                              12  0.784500 7.338E+00      
  41   0.374700   5.0    1  2                                             (5+)
                               3  0.500000 0.000E+00     B
                               1  0.500000 0.000E+00     B
  42   0.376700   6.0   -1  2                                             (6-)
                              19  0.500000 6.967E+00      
                               4  0.500000 5.103E-02      
  43   0.380600   3.0   -1  1                                             (3)-
                              18  1.000000 4.670E+00      
  44   0.386300   2.0    1  2                             J             1 TO 4
                               2  0.500000 0.000E+00     B
                               0  0.500000 0.000E+00     B
  45   0.389400   7.0    1  2                                               7+
                              20  0.500000 8.198E+00      
                              13  0.500000 5.676E+00      
  46   0.395198   5.0    1  2                                             (5)+
                               4  0.512700 8.200E-01      
                               2  0.487300 1.590E-01      
  47   0.397300   7.0    1  2                             JP                  
                               8  0.500000 0.000E+00     B
                               4  0.500000 0.000E+00     B
  48   0.407590   6.0   -1  2                                               6-
                              20  0.500000 2.671E-01      
                              14  0.500000 5.295E+00      
  49   0.409500   8.0   -1  2                                             (8-)
                              28  0.500000 0.000E+00     B
                              23  0.500000 0.000E+00     B
  50   0.417641   2.0    1  4                             J           2+,3+,4+
                               5  0.418400 2.130E-01      
                               3  0.300300 8.924E-01      
                               1  0.256400 2.600E-01      
                               0  0.024900 4.735E-01      
  51   0.431300   4.0    1  2                                             (4+)
                               2  0.500000 0.000E+00     B
                               0  0.500000 0.000E+00     B
  52   0.433716   3.0    1  3                             J              3+,4+
                              19  0.149000 1.390E-01      
                              11  0.258700 8.309E-02      
                               6  0.592300 4.130E-02      
  53   0.442230   4.0   -1  1                                             (4)-
                              39  1.000000 5.748E+01      
  54   0.456300   8.0    1  2                                             (8+)
                              13  0.500000 0.000E+00     B
                               7  0.500000 0.000E+00     B
  55   0.457650   3.0   -1  2                             J           1- TO 3-
                               2  0.500000 0.000E+00     B
                               0  0.500000 0.000E+00     B
  56   0.459600   6.0    1  1                                             (6+)
                              36  1.000000 8.635E-02      
  57   0.469100   4.0   -1  2                             J           1- TO 4-
                               3  0.500000 0.000E+00     B
                               1  0.500000 0.000E+00     B
  58   0.473300   3.0   -1  2                             J           1- TO 4-
                               2  0.500000 0.000E+00     B
                               0  0.500000 0.000E+00     B
  59   0.484000   7.0   -1  2                                               7-
                              13  0.500000 0.000E+00     B
                               7  0.500000 0.000E+00     B
  60   0.497200   4.0   -1  2                             J          2-,3-, 4-
                              11  0.467600 8.200E-01      
                              10  0.532400 1.772E-01      
  61   0.505100   4.0   -1  2                             J           1- TO 4-
                               3  0.500000 0.000E+00     B
                               1  0.500000 0.000E+00     B
  62   0.523830   3.0    1  4                             J           3+,4+,5+
                               8  0.269705 1.209E-01      
                               4  0.023680 7.974E-02      
                               2  0.312206 2.200E-01      
                               1  0.394408 2.949E-01      
  63   0.524750   6.0    1  2                                             (6+)
                               5  0.500000 0.000E+00     B
                               2  0.500000 0.000E+00     B
  64   0.525300   7.0    1  2                                             (7+)
                               8  0.500000 0.000E+00     B
                               4  0.500000 0.000E+00     B
  65   0.529857   3.0   -1  3                                               3-
                              30  0.446645 6.032E-01      
                              11  0.395640 1.029E+00      
                              10  0.157716 5.300E-01      
  66   0.543240   3.0   -1  2                             J              3-,4-
                              14  0.059400 1.840E-01      
                               9  0.940600 6.874E-01      
  67   0.567023   3.0   -1  4                                               3-
                              14  0.177300 1.470E-01      
                              11  0.215700 1.270E-01      
                              10  0.143100 3.400E-01      
                               6  0.463900 2.600E-01      
  68   0.578000   2.0    1  2                             JP                  
                               2  0.500000 0.000E+00     B
                               0  0.500000 0.000E+00     B
  69   0.584500   2.0   -1  2                             J           1- TO 4-
                               3  0.500000 0.000E+00     B
                               1  0.500000 0.000E+00     B
  70   0.601200   3.0   -1  2                             J           1- TO 3-
                               2  0.500000 0.000E+00     B
                               0  0.500000 0.000E+00     B
  71   0.603700   0.0    1  2                             JP                  
                              21  0.500000 0.000E+00     B
                               0  0.500000 0.000E+00     B
  72   0.619500   3.0   -1  2                             J             1 TO 4
                               2  0.500000 0.000E+00     B
                               0  0.500000 0.000E+00     B
  73   0.630600   5.0    1  2                             JP                  
                               3  0.500000 0.000E+00     B
                               1  0.500000 0.000E+00     B
  74   0.635300   4.0   -1  2                             J           1- TO 4-
                               3  0.500000 0.000E+00     B
                               1  0.500000 0.000E+00     B
  75   0.646760   3.0    1  3                             J        2+,3+, (4)+
                               2  0.270800 1.816E-01      
                               1  0.399800 9.900E-02      
                               0  0.329400 4.100E-02      
  76   0.648100   2.0   -1  2                             J           1- TO 3-
                               3  0.500000 0.000E+00     B
                               1  0.500000 0.000E+00     B
  77   0.673600   2.0   -1  2                             J           1- TO 3-
                               3  0.500000 0.000E+00     B
                               1  0.500000 0.000E+00     B
  78   0.676900   3.0   -1  2                             J           1- TO 4-
                               2  0.500000 0.000E+00     B
                               0  0.500000 0.000E+00     B
  79   0.692100   3.0   -1  2                             J           1- TO 3-
                               2  0.500000 0.000E+00     B
                               0  0.500000 0.000E+00     B
  80   0.709240   1.0    1  2                             JP                  
                               3  0.500000 0.000E+00     B
                               1  0.500000 0.000E+00     B
  81   0.722400   9.0    1  2                             JP                  
                              47  0.500000 0.000E+00     B
                              45  0.500000 0.000E+00     B
  82   0.764100   5.0    1  2                             JP                  
                               3  0.500000 0.000E+00     B
                               1  0.500000 0.000E+00     B
  83   0.782400   1.0    1  2                             JP                  
                               3  0.500000 0.000E+00     B
                               1  0.500000 0.000E+00     B
  84   0.797400   0.0    1  2                             JP                  
                              21  0.500000 0.000E+00     B
                               0  0.500000 0.000E+00     B
  85   0.800400   4.0    1  2                             JP                  
                               2  0.500000 0.000E+00     B
                               0  0.500000 0.000E+00     B
  86   0.809800   7.0    1  2                             JP                  
                               8  0.500000 0.000E+00     B
                               4  0.500000 0.000E+00     B
  87   0.813900   5.0    1  2                             JP                  
                               3  0.500000 0.000E+00     B
                               1  0.500000 0.000E+00     B
  88   0.834700   2.0    1  2                             JP                  
                               2  0.500000 0.000E+00     B
                               0  0.500000 0.000E+00     B
  89   0.869000   4.0    1  2                             JP                  
                               2  0.500000 0.000E+00     B
                               0  0.500000 0.000E+00     B
  90   0.903300   1.0    1  2                             JP                  
                               3  0.500000 0.000E+00     B
                               1  0.500000 0.000E+00     B
  91   0.916600   8.0   -1  2                             JP                  
                              28  0.500000 0.000E+00     B
                              23  0.500000 0.000E+00     B
  92   0.929100   0.0    1  2                             JP                  
                              21  0.500000 0.000E+00     B
                               0  0.500000 0.000E+00     B
  93   0.948900   5.0   -1  2                             JP                  
                               5  0.500000 0.000E+00     B
                               2  0.500000 0.000E+00     B
  94   0.970700   2.0    1  2                             JP                  
                               2  0.500000 0.000E+00     B
                               0  0.500000 0.000E+00     B
  95   0.986500   4.0   -1  2                             JP                  
                               3  0.500000 0.000E+00     B
                               1  0.500000 0.000E+00     B
  96   1.026600   1.0    1  2                             JP                  
                               3  0.500000 0.000E+00     B
                               1  0.500000 0.000E+00     B
  97   1.033400  10.0   -1  2                             JP                  
                              81  0.500000 0.000E+00     B
                              49  0.500000 0.000E+00     B
  98   1.046500   9.0    1  2                             JP                  
                              47  0.500000 0.000E+00     B
                              45  0.500000 0.000E+00     B
  99   1.065200   2.0   -1  2                             JP                  
                               3  0.500000 0.000E+00     B
                               1  0.500000 0.000E+00     B
 100   1.081000   4.0    1  2                             JP                  
                               2  0.500000 0.000E+00     B
                               0  0.500000 0.000E+00     B
 101   1.089000   5.0   -1  2                             JP                  
                               5  0.500000 0.000E+00     B
                               2  0.500000 0.000E+00     B
 102   1.107800   7.0    1  2                             JP                  
                               8  0.500000 0.000E+00     B
                               4  0.500000 0.000E+00     B
 103   1.119600   1.0   -1  2                             JP                  
                               6  0.500000 0.000E+00     B
                               0  0.500000 0.000E+00     B
 104   1.143000   2.0    1  2                             JP                  
                               2  0.500000 0.000E+00     B
                               0  0.500000 0.000E+00     B
 105   1.163100   4.0   -1  2                             JP                  
                               3  0.500000 0.000E+00     B
                               1  0.500000 0.000E+00     B
 106   1.176100   6.0    1  2                             JP                  
                               5  0.500000 0.000E+00     B
                               2  0.500000 0.000E+00     B
 107   1.256100   5.0   -1  2                             JP                  
                               5  0.500000 0.000E+00     B
                               2  0.500000 0.000E+00     B
 108   1.260500   8.0    1  2                             JP                  
                              13  0.500000 0.000E+00     B
                               7  0.500000 0.000E+00     B
 109   1.276100   0.0   -1  2                             JP                  
                              12  0.500000 0.000E+00     B
                              10  0.500000 0.000E+00     B
 110   1.291300   2.0    1  2                             JP                  
                               2  0.500000 0.000E+00     B
                               0  0.500000 0.000E+00     B
 111   1.313500   4.0   -1  2                             JP                  
                               3  0.500000 0.000E+00     B
                               1  0.500000 0.000E+00     B
 112   1.330700   1.0    1  2                             JP                  
                               3  0.500000 0.000E+00     B
                               1  0.500000 0.000E+00     B
 113   1.364800   7.0   -1  2                             JP                  
                              13  0.500000 0.000E+00     B
                               7  0.500000 0.000E+00     B
 114   1.369800   5.0    1  2                             JP                  
                               3  0.500000 0.000E+00     B
                               1  0.500000 0.000E+00     B
 115   1.375600   6.0   -1  2                             JP                  
                               8  0.500000 0.000E+00     B
                               4  0.500000 0.000E+00     B
 116   1.384600   2.0    1  2                             JP                  
                               2  0.500000 0.000E+00     B
                               0  0.500000 0.000E+00     B
 117   1.392800   4.0   -1  2                             JP                  
                               3  0.500000 0.000E+00     B
                               1  0.500000 0.000E+00     B
 118   1.408500   1.0    1  2                             JP                  
                               3  0.500000 0.000E+00     B
                               1  0.500000 0.000E+00     B
 119   1.445700  11.0   -1  1                             JP                  
                               0  1.000000 0.000E+00     B
 120   1.484100   5.0    1  2                             JP                  
                               3  0.500000 0.000E+00     B
                               1  0.500000 0.000E+00     B
 121   1.492800   2.0   -1  2                             JP                  
                               3  0.500000 0.000E+00     B
                               1  0.500000 0.000E+00     B
 122   1.509000   4.0    1  2                             JP                  
                               2  0.500000 0.000E+00     B
                               0  0.500000 0.000E+00     B
 123   1.546500   6.0   -1  2                             JP                  
                               8  0.500000 0.000E+00     B
                               4  0.500000 0.000E+00     B
 124   1.711500   7.0    1  2                             JP                  
                               8  0.500000 0.000E+00     B
                               4  0.500000 0.000E+00     B
 125   1.822500   1.0   -1  2                             JP                  
                               6  0.500000 0.000E+00     B
                               0  0.500000 0.000E+00     B
 126   2.104300   8.0    1  2                             JP                  
                              13  0.500000 0.000E+00     B
                               7  0.500000 0.000E+00     B
 127   2.109500   2.0   -1  2                             JP                  
                               3  0.500000 0.000E+00     B
                               1  0.500000 0.000E+00     B
 128   2.300000   4.0    1  2                   1.120E-07 JP                  
                               2  0.500000 0.000E+00     B
                               0  0.500000 0.000E+00     B
 129   2.857400   5.0   -1  2                             JP                  
                               5  0.500000 0.000E+00     B
                               2  0.500000 0.000E+00     B
  93 239  227   63                                                         239Np
   0   0.000000   2.5    1  0                   2.040E+05                 5/2+
   1   0.031131   3.5    1  1                                             7/2+
                               0  1.000000 1.960E+02      
   2   0.071210   4.5    1  1                                             9/2+
                               0  1.000000 7.350E+01      
   3   0.074664   2.5   -1  2                   1.390E-09                 5/2-
                               1  0.128000 1.160E+00      
                               0  0.872000 2.800E-01      
   4   0.117840   3.5   -1  3                   4.000E-11                 7/2-
                               3  0.919009 1.590E+02      
                               1  0.026750 1.900E-01      
                               0  0.054241 8.600E-02      
   5   0.122500   5.5    1  1                                          (11/2+)
                               1  1.000000 0.000E+00     B
   6   0.173020   4.5   -1  4                                             9/2-
                               5  0.004337 7.800E-01      
                               4  0.746072 8.700E+01      
                               3  0.130095 1.590E+01      
                               1  0.119496 2.260E-01      
   7   0.180000   6.5    1  1                                          (13/2+)
                               2  1.000000 0.000E+00     B
   8   0.220200   0.5    1  1                                           (1/2+)
                               0  1.000000 0.000E+00     B
   9   0.241360   5.5   -1  1                                          (11/2-)
                               2  1.000000 1.500E-01      
  10   0.258300   1.5    1  2                                           (3/2+)
                               3  0.500000 0.000E+00     B
                               1  0.500000 0.000E+00     B
  11   0.260799   1.5   -1  2                                           (3/2-)
                               3  0.264900 4.433E+00      
                               0  0.735100 5.540E-02      
  12   0.267000   7.5   -1  2                             JP                  
                               9  0.500000 0.000E+00     B
                               7  0.500000 0.000E+00     B
  13   0.270900   0.5   -1  2                                           (1/2-)
                              10  0.500000 0.000E+00     B
                               3  0.500000 0.000E+00     B
  14   0.315500   3.5   -1  2                                           (7/2-)
                               2  0.500000 0.000E+00     B
                               0  0.500000 0.000E+00     B
  15   0.317400   6.5   -1  1                                          (13/2-)
                               5  1.000000 1.079E-01      
  16   0.325000   2.5   -1  2                                           (5/2-)
                               3  0.500000 0.000E+00     B
                               1  0.500000 0.000E+00     B
  17   0.347000   4.5    1  2                                           (9/2+)
                               2  0.500000 0.000E+00     B
                               0  0.500000 0.000E+00     B
  18   0.359000   4.5    1  2                                           (9/2+)
                               2  0.500000 0.000E+00     B
                               0  0.500000 0.000E+00     B
  19   0.411000   1.5    1  2                             JP                  
                               3  0.500000 0.000E+00     B
                               1  0.500000 0.000E+00     B
  20   0.420600   8.5    1  2                             JP                  
                              12  0.500000 0.000E+00     B
                               7  0.500000 0.000E+00     B
  21   0.427000   2.5   -1  2                             JP                  
                               3  0.500000 0.000E+00     B
                               1  0.500000 0.000E+00     B
  22   0.438830   5.5    1  1                                          (11/2+)
                               1  1.000000 8.493E-02      
  23   0.448178   1.5   -1  3                                           (3/2-)
                              11  0.455300 4.350E+00      
                               3  0.436500 6.411E-01      
                               0  0.108200 1.745E-02      
  24   0.452736   2.5    1  3                             J        (5/2+,7/2-)
                              11  0.190800 1.118E-01      
                               3  0.703300 2.469E-02      
                               2  0.105900 1.016E-01      
  25   0.474360   2.5    1  2                                                 
                               3  0.096800 2.202E-02      
                               0  0.903200 3.350E-01      
  26   0.482600   2.5   -1  2                                           (5/2-)
                               3  0.500000 0.000E+00     B
                               1  0.500000 0.000E+00     B
  27   0.517998   3.5   -1  2                                           (7/2-)
                               1  0.952481 1.482E-02      
                               0  0.047519 1.250E-02      
  28   0.530290   4.5   -1  3                                                 
                               3  0.499800 6.382E-02      
                               1  0.223900 1.411E-02      
                               0  0.276300 5.892E-01      
  29   0.547000   6.5    1  2                                          (13/2+)
                               7  0.500000 0.000E+00     B
                               2  0.500000 0.000E+00     B
  30   0.563890   2.5    1  4                                                 
                              24  0.920418 4.060E+00      
                               2  0.044051 5.267E-02      
                               1  0.022430 2.327E-01      
                               0  0.013100 1.999E-01      
  31   0.579400   4.5   -1  2                                           (9/2-)
                               3  0.687300 4.440E-02      
                               1  0.312700 1.120E-02      
  32   0.600000   3.5    1  2                             JP                  
                               3  0.500000 0.000E+00     B
                               1  0.500000 0.000E+00     B
  33   0.616000   0.5   -1  2                             JP                  
                              10  0.500000 0.000E+00     B
                               3  0.500000 0.000E+00     B
  34   0.637200   1.5    1  2                             JP                  
                               3  0.500000 0.000E+00     B
                               1  0.500000 0.000E+00     B
  35   0.657000   5.5   -1  2                                          (11/2-)
                               4  0.500000 0.000E+00     B
                               2  0.500000 0.000E+00     B
  36   0.662282   2.5   -1  4                                           (5/2-)
                               4  0.014500 2.194E-01      
                               3  0.095918 1.789E-01      
                               1  0.258795 8.538E-03      
                               0  0.630787 7.802E-03      
  37   0.695229   3.5   -1  5                                           (7/2-)
                               6  0.113507 2.457E-01      
                               4  0.077945 1.876E-01      
                               2  0.272216 8.722E-03      
                               1  0.367422 7.762E-03      
                               0  0.168910 7.132E-03      
  38   0.723700   7.5    1  2                             JP                  
                              15  0.500000 0.000E+00     B
                               5  0.500000 0.000E+00     B
  39   0.741600   4.5   -1  2                                           (9/2-)
                               3  0.500000 0.000E+00     B
                               1  0.500000 0.000E+00     B
  40   0.778600   3.5    1  2                             JP                  
                               3  0.500000 0.000E+00     B
                               1  0.500000 0.000E+00     B
  41   0.784940   1.5    1  2                             JP                  
                               3  0.500000 0.000E+00     B
                               1  0.500000 0.000E+00     B
  42   0.819260   5.5    1  6                             JP                  
                              30  0.010650 0.000E+00      
                               9  0.006726 0.000E+00      
                               6  0.008969 0.000E+00      
                               2  0.392406 0.000E+00      
                               1  0.020740 0.000E+00      
                               0  0.560508 0.000E+00      
  43   0.823400   9.5   -1  2                             JP                  
                              20  0.500000 0.000E+00     B
                              12  0.500000 0.000E+00     B
  44   0.844100   0.5    1  3                             JP         (5/2,7/2)
                               2  0.013990 0.000E+00      
                               1  0.319803 0.000E+00      
                               0  0.666207 0.000E+00      
  45   0.863460   3.5   -1  3                             JP                  
                              36  0.304100 0.000E+00      
                               4  0.584800 0.000E+00      
                               0  0.111100 0.000E+00      
  46   0.864900   4.5    1  2                                           (9/2+)
                               2  0.500000 0.000E+00     B
                               0  0.500000 0.000E+00     B
  47   0.890600   1.5   -1  2                             JP                  
                               4  0.500000 0.000E+00     B
                               0  0.500000 0.000E+00     B
  48   0.917100   6.5    1  2                             JP                  
                               7  0.500000 0.000E+00     B
                               2  0.500000 0.000E+00     B
  49   0.951500   5.5   -1  2                             JP                  
                               4  0.500000 0.000E+00     B
                               2  0.500000 0.000E+00     B
  50   0.959180   3.5    1  5                             JP                  
                              36  0.056772 0.000E+00      
                              30  0.052402 0.000E+00      
                               3  0.436713 0.000E+00      
                               1  0.209606 0.000E+00      
                               0  0.244507 0.000E+00      
  51   0.964234  10.5   -1  7                             JP                  
                              36  0.006917 0.000E+00      
                              11  0.012611 0.000E+00      
                               9  0.126109 0.000E+00      
                               4  0.174913 0.000E+00      
                               3  0.105808 0.000E+00      
                               1  0.166812 0.000E+00      
                               0  0.406830 0.000E+00      
  52   0.966550   7.5    1  5                             JP                  
                              36  0.191892 0.000E+00      
                              24  0.077437 0.000E+00      
                               6  0.336686 0.000E+00      
                               4  0.188592 0.000E+00      
                               2  0.205392 0.000E+00      
  53   0.992158   3.5   -1  5                                           (7/2-)
                               4  0.132108 6.240E-02      
                               3  0.107306 5.496E-02      
                               2  0.090845 4.305E-03      
                               1  0.567634 3.992E-03      
                               0  0.102106 3.776E-03      
  54   1.019900   6.5    1  2                                          (13/2+)
                               7  0.500000 0.000E+00     B
                               2  0.500000 0.000E+00     B
  55   1.040370   1.5   -1  8                             JP        (5/2-,7/2)
                              41  0.172797 0.000E+00      
                              37  0.205796 0.000E+00      
                              25  0.135797 0.000E+00      
                              11  0.080248 0.000E+00      
                               6  0.106998 0.000E+00      
                               4  0.080248 0.000E+00      
                               3  0.146097 0.000E+00      
                               0  0.072019 0.000E+00      
  56   1.049240   4.5   -1  4                                           (9/2-)
                               6  0.174305 6.206E-02      
                               4  0.411312 5.277E-02      
                               3  0.328110 1.169E-02      
                               1  0.086273 3.610E-03      
  57   1.077200   2.5    1  2                             JP                  
                               2  0.500000 0.000E+00     B
                               0  0.500000 0.000E+00     B
  58   1.096990   0.5    1  5                             JP                  
                              41  0.393704 0.000E+00      
                              36  0.318903 0.000E+00      
                              22  0.043310 0.000E+00      
                               1  0.051181 0.000E+00      
                               0  0.192902 0.000E+00      
  59   1.117800   5.5   -1  2                                          (11/2-)
                               4  0.500000 0.000E+00     B
                               2  0.500000 0.000E+00     B
  60   1.141100   8.5    1  2                             JP                  
                              12  0.500000 0.000E+00     B
                               7  0.500000 0.000E+00     B
  61   1.155300   1.5   -1  2                             JP                  
                               4  0.500000 0.000E+00     B
                               0  0.500000 0.000E+00     B
  62   1.182500   2.5    1  2                             JP                  
                               2  0.500000 0.000E+00     B
                               0  0.500000 0.000E+00     B
  63   1.197150   3.5   -1  3                             JP                  
                              36  0.450500 0.000E+00      
                               3  0.234200 0.000E+00      
                               0  0.315300 0.000E+00      
  93 240    3    1                                                         240Np
   0   0.000000   5.0    1  0                   3.710E+03                 (5+)
   1   0.100000   1.0    1  1                   4.330E+02E   +X               
                               0  1.000000 0.000E+00     B
  93 241    1    0                                                         241Np
   0   0.000000   2.5    1  0                   8.340E+02                 5/2+
  93 242   19    7                                                         242Np
   0   0.000000   1.0    1  0                   1.320E+02                 (1+)
   1   0.055580   0.0    1  1                             JP           (1-,0-)
                               0  1.000000 0.000E+00      
   2   0.067600   3.0    1  1                             JP           (1-,0-)
                               0  1.000000 0.000E+00      
   3   0.200000   6.0    1  1                   3.300E+02E   +Y               
                               0  1.000000 0.000E+00     B
   4   0.293900   4.0    1  2                             JP                  
                               2  0.333300 0.000E+00      
                               1  0.666700 0.000E+00      
   5   0.329700   2.0    1  2                             JP             (0,1)
                               1  0.130400 0.000E+00      
                               0  0.869600 0.000E+00      
   6   0.598300   5.0    1  2                             JP             (1,0)
                               4  0.628900 0.000E+00      
                               2  0.371100 0.000E+00      
   7   0.640600   7.0    1  2                             JP             (1,0)
                               2  0.492400 0.000E+00      
                               1  0.507600 0.000E+00      
  93 243   59   22                                                         243Np
   0   0.000000   2.5   -1  0                   1.110E+02               (5/2-)
   1   0.076000   0.5   -1  1                             JP                  
                               0  1.000000 0.000E+00     B
   2   0.105000   3.5   -1  1                             JP                  
                               0  1.000000 0.000E+00     B
   3   0.175000   4.5   -1  1                             JP                  
                               0  1.000000 0.000E+00     B
   4   0.251000   1.5   -1  1                             JP                  
                               2  1.000000 0.000E+00     B
   5   0.295000   5.5   -1  1                             JP                  
                               2  1.000000 0.000E+00     B
   6   0.330000   6.5   -1  1                             JP                  
                               3  1.000000 0.000E+00     B
   7   0.380000   7.5   -1  1                             JP                  
                               5  1.000000 0.000E+00     B
   8   0.400000   2.5   -1  2                             JP                  
                               1  0.500000 0.000E+00     B
                               0  0.500000 0.000E+00     B
   9   0.422000   3.5    1  2                             JP                  
                               3  0.500000 0.000E+00     B
                               0  0.500000 0.000E+00     B
  10   0.532000   4.5    1  2                             JP                  
                               5  0.500000 0.000E+00     B
                               2  0.500000 0.000E+00     B
  11   0.580000   1.5    1  2                             JP                  
                               1  0.500000 0.000E+00     B
                               0  0.500000 0.000E+00     B
  12   0.675000   8.5    1  1                             JP                  
                               7  1.000000 0.000E+00     B
  13   0.710000   5.5    1  2                             JP                  
                               6  0.500000 0.000E+00     B
                               3  0.500000 0.000E+00     B
  14   0.772000   2.5    1  2                             JP                  
                               4  0.500000 0.000E+00     B
                               2  0.500000 0.000E+00     B
  15   0.808000   3.5    1  2                             JP                  
                               3  0.500000 0.000E+00     B
                               0  0.500000 0.000E+00     B
  16   0.853000   4.5    1  2                             JP                  
                               5  0.500000 0.000E+00     B
                               2  0.500000 0.000E+00     B
  17   1.044000   0.5    1  2                             JP                  
                              14  0.500000 0.000E+00     B
                               4  0.500000 0.000E+00     B
  18   1.128000   1.5   -1  2                             JP                  
                               4  0.500000 0.000E+00     B
                               2  0.500000 0.000E+00     B
  19   1.173000   6.5    1  2                             JP                  
                               7  0.500000 0.000E+00     B
                               5  0.500000 0.000E+00     B
  20   1.268000   2.5   -1  2                             JP                  
                               1  0.500000 0.000E+00     B
                               0  0.500000 0.000E+00     B
  21   1.391000   3.5    1  2                             JP                  
                               3  0.500000 0.000E+00     B
                               0  0.500000 0.000E+00     B
  22   1.430000   5.5   -1  2                             JP                  
                               5  0.500000 0.000E+00     B
                               2  0.500000 0.000E+00     B
  93 244    1    0                                                         244Np
   0   0.000000   7.0   -1  0                   1.370E+02                 (7-)
