  97 234    1    0                                                         234Bk
   0   0.000000   0.0   -1  0                   1.400E+02 JP                  
  97 238    1    0                                                         238Bk
   0   0.000000   2.0   -1  0                   1.440E+02 JP                  
  97 239    1    0                                                         239Bk
   0   0.000000   1.5   -1  0                            EJP +X               
  97 240    3    1                                                         240Bk
   0   0.000000   1.0   -1  0                   2.880E+02 JP                  
   1   0.240000   0.0   -1  1                             JP                  
                               0  1.000000 0.000E+00     B
  97 241    7    3                                                         241Bk
   0   0.000000   3.5    1  0                   2.760E+02               (7/2+)
   1   0.051000   1.5   -1  1                                           (3/2-)
                               0  1.000000 0.000E+00     B
   2   0.082000   2.5   -1  1                                           (5/2-)
                               0  1.000000 0.000E+00     B
   3   0.128000   3.5   -1  1                                           (7/2-)
                               1  1.000000 0.000E+00     B
  97 242    3    1                                                         242Bk
   0   0.000000   5.0    1  0                   4.200E+02 JP                  
   1   0.250000   0.0    1  1                             JP                  
                               0  1.000000 0.000E+00     B
  97 243   10    4                                                         243Bk
   0   0.000000   1.5   -1  0                   1.620E+04               (3/2-)
   1   0.046000   3.5    1  1                                           (7/2+)
                               0  1.000000 0.000E+00     B
   2   0.095000   4.5    1  1                                           (9/2+)
                               0  1.000000 0.000E+00     B
   3   0.158000   5.5    1  1                                          (11/2+)
                               1  1.000000 0.000E+00     B
   4   2.200000   2.5    1  2                   5.000E-09 JP                  
                               2  0.500000 0.000E+00     B
                               0  0.500000 0.000E+00     B
  97 244    8    3                                                         244Bk
   0   0.000000   4.0   -1  0                   1.570E+04                 (4-)
   1   0.140000   0.0   -1  1                             JP                  
                               0  1.000000 0.000E+00     B
   2   0.170000   3.0   -1  1                             JP                  
                               0  1.000000 0.000E+00     B
   3   0.200000   2.0   -1  2                             JP                  
                               1  0.500000 0.000E+00     B
                               0  0.500000 0.000E+00     B
  97 245    3    1                                                         245Bk
   0   0.000000   1.5   -1  0                   4.280E+05                 3/2-
   1   1.560000   0.5   -1  1                   2.000E-09 JP                  
                               0  1.000000 0.000E+00     B
  97 246    1    0                                                         246Bk
   0   0.000000   2.0   -1  0                   1.560E+05E   +X               
  97 247   71   24                                                         247Bk
   0   0.000000   1.5   -1  0                   4.350E+10               (3/2-)
   1   0.029900   2.5   -1  1                                           (5/2-)
                               0  1.000000 2.679E+02      
   2   0.040800   3.5    1  2                                             7/2+
                               1  0.500000 9.512E+00      
                               0  0.500000 6.331E+03      
   3   0.071600   3.5   -1  1                                           (7/2-)
                               0  1.000000 0.000E+00     B
   4   0.082800   4.5    1  1                                           (9/2)+
                               2  1.000000 9.815E+01      
   5   0.125500   4.5   -1  2                                           (9/2-)
                               2  0.500000 0.000E+00     B
                               1  0.500000 0.000E+00     B
   6   0.137000   5.5    1  2                                          (11/2+)
                               5  0.500000 0.000E+00     B
                               2  0.500000 0.000E+00     B
   7   0.196000   6.5    1  1                                          (13/2+)
                               4  1.000000 0.000E+00     B
   8   0.265000   7.5    1  1                                          (15/2+)
                               6  1.000000 0.000E+00     B
   9   0.334900   2.5    1  3                                           (5/2)+
                               2  0.986019 1.780E+00      
                               1  0.003331 4.342E-02      
                               0  0.010650 3.573E-02      
  10   0.378100   3.5    1  1                                           (7/2+)
                               2  1.000000 1.221E+00      
  11   0.447800   2.5   -1  4                                           (5/2-)
                               3  0.086055 9.041E-01      
                               2  0.125592 2.400E-02      
                               1  0.325880 5.000E-01      
                               0  0.462472 3.200E-01      
  12   0.487000   0.5    1  2                                           (1/2+)
                               9  0.500000 0.000E+00     B
                               0  0.500000 0.000E+00     B
  13   0.489400   3.5   -1  3                                           (7/2-)
                               5  0.566300 9.904E-01      
                               3  0.000000 6.786E-01      
                               1  0.433700 5.242E-01      
  14   0.518000   1.5    1  2                                           (3/2+)
                               2  0.500000 0.000E+00     B
                               1  0.500000 0.000E+00     B
  15   0.541000   4.5   -1  2                                           (9/2-)
                               2  0.500000 0.000E+00     B
                               1  0.500000 0.000E+00     B
  16   0.587000   6.5    1  2                                          (13/2+)
                               7  0.500000 0.000E+00     B
                               4  0.500000 0.000E+00     B
  17   0.704000   0.5   -1  2                                           (1/2-)
                              11  0.500000 0.000E+00     B
                               1  0.500000 0.000E+00     B
  18   0.743000   2.5   -1  2                                           (5/2-)
                               2  0.500000 0.000E+00     B
                               1  0.500000 0.000E+00     B
  19   0.815000   3.5   -1  2                                           (7/2-)
                               3  0.500000 0.000E+00     B
                               0  0.500000 0.000E+00     B
  20   0.828000   4.5   -1  2                                           (9/2-)
                               2  0.500000 0.000E+00     B
                               1  0.500000 0.000E+00     B
  21   0.904000   4.5   -1  2                                           (9/2-)
                               2  0.500000 0.000E+00     B
                               1  0.500000 0.000E+00     B
  22   0.983000   5.5    1  2                             JP                  
                               5  0.500000 0.000E+00     B
                               2  0.500000 0.000E+00     B
  23   1.149000   1.5    1  2                             JP                  
                               2  0.500000 0.000E+00     B
                               1  0.500000 0.000E+00     B
  24   1.166000   6.5    1  2                                          (13/2+)
                               7  0.500000 0.000E+00     B
                               4  0.500000 0.000E+00     B
  97 248    3    1                                                         248Bk
   0   0.000000   3.0    1  0                   2.840E+08 JP                  
   1   0.100000   1.0   -1  1                   8.530E+04E   +X               
                               0  1.000000 0.000E+00     B
  97 249  274   67                                                         249Bk
   0   0.000000   3.5    1  0                   2.850E+07                 7/2+
   1   0.008777   1.5   -1  1                   3.000E-04                 3/2-
                               0  1.000000 3.050E+06      
   2   0.039622   2.5   -1  1                                           (5/2-)
                               1  1.000000 3.200E+02      
   3   0.041805   4.5    1  1                   9.000E-12                 9/2+
                               0  1.000000 1.190E+02      
   4   0.082599   3.5   -1  3                                             7/2-
                               2  0.908844 1.010E+02      
                               1  0.091084 8.490E+01      
                               0  0.000072 2.398E-01      
   5   0.093759   5.5    1  2                   5.000E-12                11/2+
                               3  0.961548 6.100E+01      
                               0  0.038452 2.750E+01      
   6   0.137712   4.5   -1  4                                           (9/2-)
                               4  0.877253 4.900E+01      
                               3  0.000100 1.630E-01      
                               2  0.122607 2.230E+01      
                               0  0.000040 2.588E-01      
   7   0.155854   6.5    1  2                                            13/2+
                               5  0.941109 3.400E+01      
                               3  0.058891 1.110E+01      
   8   0.204575   5.5   -1  3                                          (11/2-)
                               6  0.846840 2.693E+01      
                               4  0.152907 8.170E+00      
                               3  0.000253 1.763E-01      
   9   0.229242   7.5    1  2                                          (15/2+)
                               7  0.911191 2.051E+01      
                               5  0.088809 5.352E+00      
  10   0.283133   6.5   -1  3                                          (13/2-)
                               8  0.819075 1.685E+01      
                               6  0.180295 3.850E+00      
                               5  0.000630 1.251E-01      
  11   0.311857   8.5    1  2                                          (17/2+)
                               9  0.927872 1.340E+01      
                               7  0.072128 2.860E+00      
  12   0.373181   7.5   -1  2                                          (15/2-)
                              10  0.691000 1.130E+01      
                               8  0.309000 2.080E+00      
  13   0.377562   0.5    1  1                                           (1/2+)
                               1  1.000000 4.700E-01      
  14   0.389171   2.5    1  4                                             5/2+
                               4  0.000528 4.301E-02      
                               3  0.004862 1.682E-01      
                               2  0.003020 3.269E-02      
                               0  0.991590 7.630E-01      
  15   0.410690   1.5    1  1                                           (3/2+)
                               1  1.000000 2.458E-02      
  16   0.421366   2.5    1  2                                           (5/2+)
                              13  0.000000 9.934E+02      
                               0  1.000000 6.634E-01      
  17   0.428958   3.5    1  5                                             7/2+
                               6  0.000842 4.797E-02      
                               5  0.003921 1.869E-01      
                               4  0.003875 3.332E-02      
                               3  0.791949 7.740E-01      
                               0  0.199412 5.300E-01      
  18   0.473660   8.5   -1  2                                            17/2-
                              12  0.761200 8.212E+00      
                              10  0.238800 1.312E+00      
  19   0.475002   4.5    1  7                                           (9/2+)
                               8  0.001296 5.628E-02      
                               7  0.003031 2.167E-01      
                               6  0.003657 3.521E-02      
                               5  0.671962 8.070E-01      
                               4  0.003052 2.581E-02      
                               3  0.285884 5.690E-01      
                               0  0.031118 4.430E-01      
  20   0.498670   3.5    1  4                                             7/2+
                              17  0.000000 2.356E+01      
                               4  0.042190 2.291E-02      
                               3  0.718207 5.325E-01      
                               0  0.239602 4.201E-01      
  21   0.519190   3.5    1  4                                           (7/2+)
                              17  0.000000 1.136E+01      
                               5  0.596599 9.588E-02      
                               4  0.002501 2.081E-02      
                               3  0.400900 4.726E-01      
  22   0.542095   5.5    1  7                                          (11/2+)
                              10  0.000927 6.190E-02      
                               9  0.002425 2.308E-01      
                               7  0.501075 7.800E-01      
                               6  0.003604 2.428E-02      
                               5  0.399780 4.200E-01      
                               3  0.086886 3.840E-01      
                               0  0.005304 4.680E-02      
  23   0.553000   0.5   -1  2                                            (1/2)
                              15  0.500000 0.000E+00     B
                               2  0.500000 0.000E+00     B
  24   0.558164   1.5   -1  6                                           (3/2-)
                              16  0.193717 2.570E-01      
                              14  0.012191 1.618E-01      
                              13  0.104509 1.370E-01      
                               4  0.036923 7.225E-02      
                               2  0.503845 2.000E-01      
                               1  0.148813 1.700E-01      
  25   0.569210   0.5   -1  4                                           (1/2-)
                              15  0.001989 1.871E-01      
                              13  0.006392 1.218E-01      
                               2  0.417008 4.922E-02      
                               1  0.574611 2.000E-01      
  26   0.583918   2.5   -1  2                             JP                  
                               2  0.500000 0.000E+00     B
                               0  0.500000 0.000E+00     B
  27   0.597836   6.5    1  8                                          (13/2+)
                              22  0.000000 4.622E+01      
                              21  0.000000 8.777E+03      
                              19  0.000000 8.358E+00      
                              17  0.481291 1.574E+02      
                               9  0.427392 9.549E-01      
                               7  0.073679 5.390E-01      
                               5  0.017570 3.859E-01      
                               3  0.000068 4.428E-02      
  28   0.606690   3.5   -1  7                                           (7/2-)
                              21  0.004588 2.065E-01      
                              17  0.000000 1.444E-01      
                              16  0.034420 1.314E-01      
                               8  0.021300 1.115E-01      
                               6  0.455096 4.959E-01      
                               4  0.266398 3.472E-01      
                               2  0.218198 2.810E-01      
  29   0.624300   2.5    1  3                                            (5/2)
                              16  0.115506 5.017E+00      
                              14  0.830742 3.327E+00      
                               0  0.053753 2.173E-01      
  30   0.629480   2.5   -1  4                                           (5/2-)
                              16  0.033313 1.064E-01      
                               4  0.241822 3.167E-01      
                               2  0.356032 2.581E-01      
                               1  0.368833 2.251E-01      
  31   0.634029   4.5   -1  2                                           (9/2-)
                               2  0.500000 0.000E+00     B
                               0  0.500000 0.000E+00     B
  32   0.643058   0.5   -1  5                                           (1/2-)
                              24  0.042548 1.329E+01      
                              15  0.000000 7.910E-02      
                              13  0.000000 5.927E-02      
                               2  0.003689 3.716E-02      
                               1  0.953763 1.530E-01      
  33   0.654100   1.5   -1  1                                                 
                              21  1.000000 8.193E+01      
  34   0.661520   1.5   -1  3                                           (3/2-)
                              13  0.000000 5.075E-02      
                               2  0.563100 1.300E-01      
                               1  0.436900 1.100E-01      
  35   0.671089   6.5    1  4                                            13/2+
                              21  0.275594 2.527E+02      
                               9  0.687886 5.832E-01      
                               7  0.026059 3.630E-01      
                               5  0.010460 2.675E-01      
  36   0.672810   2.5    1  6                                             5/2+
                              17  0.139811 2.997E+00      
                              14  0.519942 1.972E+00      
                               4  0.035373 1.109E-02      
                               2  0.070666 9.744E-03      
                               1  0.176514 8.932E-03      
                               0  0.057695 1.778E-01      
  37   0.682000   5.5   -1  2                                          (11/2-)
                               4  0.500000 0.000E+00     B
                               3  0.500000 0.000E+00     B
  38   0.701850   7.5    1  3                                          (15/2+)
                               9  0.705100 4.857E-01      
                               7  0.233400 3.112E-01      
                               5  0.061500 3.654E-02      
  39   0.703420   3.5   -1  5                                           (7/2-)
                              19  0.159197 8.167E-02      
                              17  0.155197 5.450E-02      
                              14  0.302694 4.084E-02      
                               3  0.353593 8.991E-03      
                               0  0.029319 8.047E-03      
  40   0.704840   5.5   -1  5                                            11/2-
                              28  0.023400 2.282E+01      
                              21  0.089168 2.622E+01      
                              10  0.043549 6.620E-01      
                               8  0.652087 3.935E-01      
                               6  0.191796 2.810E-01      
  41   0.709120   2.5   -1  7                                             5/2-
                              28  0.065771 7.691E+00      
                              15  0.000000 4.552E-02      
                              13  0.000000 3.741E+00      
                               6  0.000000 4.178E-02      
                               4  0.373304 2.152E-01      
                               2  0.525305 1.802E-01      
                               1  0.035620 1.597E-01      
  42   0.711150   3.5    1  3                                              7/2
                              21  0.262674 5.873E+00      
                              19  0.546145 3.288E+00      
                              17  0.191181 2.001E+00      
  43   0.723170   4.5   -1  4                                             9/2-
                              21  0.000000 1.053E-01      
                              19  0.000000 6.822E-02      
                               8  0.971590 3.572E-01      
                               4  0.028410 2.028E-01      
  44   0.750000   4.5   -1  2                                           (9/2-)
                               2  0.500000 0.000E+00     B
                               0  0.500000 0.000E+00     B
  45   0.767890   4.5   -1  2                                           (9/2-)
                               3  0.148300 7.607E-03      
                               0  0.851700 6.888E-03      
  46   0.769150   4.5   -1  3                                            (9/2)
                              22  0.580600 8.272E-02      
                              19  0.280700 4.698E-02      
                              17  0.138700 3.458E-02      
  47   0.794000   1.5    1  2                             JP                  
                               2  0.500000 0.000E+00     B
                               0  0.500000 0.000E+00     B
  48   0.836070   5.5   -1  3                                          (11/2-)
                               5  0.203900 7.312E-03      
                               3  0.617200 6.491E-03      
                               0  0.178900 2.156E-01      
  49   0.840000   1.5    1  2                             JP                  
                               2  0.500000 0.000E+00     B
                               0  0.500000 0.000E+00     B
  50   0.899640   9.5    1  3                             JP         (3/2,5/2)
                              36  0.151600 0.000E+00      
                               2  0.180400 0.000E+00      
                               1  0.668000 0.000E+00      
  51   0.909000   2.5    1  2                             JP                  
                               3  0.500000 0.000E+00     B
                               1  0.500000 0.000E+00     B
  52   0.911160   6.5   -1  2                                          (13/2-)
                               7  0.193700 7.092E-03      
                               5  0.806300 6.171E-03      
  53   0.932180   3.5   -1  4                                           (7/2-)
                              45  0.044560 9.113E+00      
                               5  0.021250 2.139E-01      
                               3  0.327697 5.316E-03      
                               0  0.606494 4.913E-03      
  54   0.934640   1.5    1  2                             JP    (3/2-,5/2,7/2)
                              36  0.205100 0.000E+00      
                               4  0.794900 0.000E+00      
  55   0.947000  10.5    1  1                             JP                  
                              11  1.000000 0.000E+00     B
  56   0.988140   4.5   -1  2                                           (9/2-)
                               5  0.401300 5.275E-03      
                               3  0.598700 4.788E-03      
  57   1.055770   5.5   -1  3                                          (11/2-)
                               7  0.937400 5.221E-03      
                               5  0.030920 4.653E-03      
                               2  0.031680 2.133E-01      
  58   1.075050   4.5    1  3                                           (9/2+)
                               5  0.014499 6.492E-02      
                               3  0.143886 5.660E-02      
                               0  0.841616 5.094E-02      
  59   1.133910   6.5   -1  1                                          (13/2-)
                               5  1.000000 4.074E-03      
  60   1.143780   5.5    1  2                                          (11/2+)
                               5  0.231900 5.424E-02      
                               3  0.768100 4.769E-02      
  61   1.150640   2.5   -1  3                                           (5/2-)
                              17  0.276128 7.692E-03      
                              14  0.574957 6.990E-03      
                               0  0.148915 3.436E-03      
  62   1.186000   3.5    1  2                             JP                  
                               2  0.500000 0.000E+00     B
                               0  0.500000 0.000E+00     B
  63   1.223010   3.5    1  6                                           (7/2+)
                              45  0.000000 1.919E-02      
                              19  0.000000 1.338E-01      
                              17  0.197206 1.141E-01      
                              14  0.608618 1.001E-01      
                               3  0.120804 3.961E-02      
                               0  0.073372 3.609E-02      
  64   1.227540   6.5    1  1                                          (13/2+)
                               9  1.000000 6.202E-02      
  65   1.311000   0.5    1  2                             JP                  
                              13  0.500000 0.000E+00     B
                               1  0.500000 0.000E+00     B
  66   1.347000   2.5   -1  2                             JP                  
                               2  0.500000 0.000E+00     B
                               0  0.500000 0.000E+00     B
  67   1.390000   1.5    1  2                             JP                  
                               2  0.500000 0.000E+00     B
                               0  0.500000 0.000E+00     B
  97 250  114   40                                                         250Bk
   0   0.000000   2.0   -1  0                   1.160E+04                   2-
   1   0.034470   3.0   -1  1                                             (3-)
                               0  1.000000 1.800E+03      
   2   0.035590   4.0    1  2                   2.900E-05                 (4+)
                               1  0.000000 0.000E+00      
                               0  1.000000 1.290E+04      
   3   0.078330   5.0    1  1                                             (5+)
                               2  1.000000 9.321E+01      
   4   0.080260   4.0   -1  2                                             (4-)
                               1  0.500000 7.605E+01      
                               0  0.500000 5.864E+01      
   5   0.086000   7.0    1  1                   2.130E-04                 (7+)
                               3  1.000000 1.300E+06      
   6   0.097490   5.0   -1  1                   3.800E-08                 (5-)
                               2  1.000000 5.080E-01      
   7   0.103830   1.0   -1  1                                             (1-)
                               0  1.000000 7.470E+00      
   8   0.115450   3.0    1  1                                             (3+)
                               2  1.000000 1.600E+01      
   9   0.125010   2.0   -1  2                                             (2-)
                               1  0.749900 1.110E+01      
                               0  0.250100 4.380E+00      
  10   0.130490   6.0    1  2                                             (6+)
                               3  0.500000 2.600E+02      
                               2  0.500000 2.670E+01      
  11   0.137320   5.0   -1  2                                             (5-)
                               4  0.500000 4.280E+01      
                               1  0.500000 1.840E+01      
  12   0.146430   2.0   -1  2                                             (2-)
                               1  0.500000 6.010E+00      
                               0  0.500000 8.300E+00      
  13   0.148600   4.0    1  2                                             (4+)
                               3  0.500000 2.330E+01      
                               2  0.500000 5.850E+00      
  14   0.156000   8.0    1  1                                             (8+)
                               5  1.000000 6.600E+01      
  15   0.157390   3.0   -1  3                                             (3-)
                               7  0.333333 4.030E+02      
                               4  0.333333 1.780E+01      
                               1  0.333333 4.590E+00      
  16   0.167090   6.0   -1  1                                             (6-)
                               6  1.000000 6.900E+01      
  17   0.175130   1.0    1  3                   4.200E-08                 (1+)
                               9  0.205900 8.820E-01      
                               7  0.672500 3.520E-01      
                               0  0.121600 2.760E+00      
  18   0.179990   3.0   -1  2                                             (3-)
                               1  0.500000 1.290E+01      
                               0  0.500000 4.300E+00      
  19   0.190000   7.0    1  2                                             (7+)
                               5  0.500000 0.000E+00     B
                               3  0.500000 0.000E+00     B
  20   0.203640   4.0   -1  2                                             (4-)
                               4  0.500000 4.550E+00      
                               1  0.500000 8.400E+00      
  21   0.211820   2.0    1  4                                               2+
                              17  0.000000 1.461E+02      
                               8  0.255000 9.280E+00      
                               1  0.284000 1.450E-01      
                               0  0.461000 9.670E-02      
  22   0.215940   0.0    1  2                                             (0+)
                              17  0.500000 1.140E+02      
                               7  0.500000 1.090E-01      
  23   0.236740   3.0    1  2                                             (3+)
                               8  0.500000 4.780E+00      
                               1  0.500000 1.074E-01      
  24   0.241000   9.0    1  1                                             (9+)
                              14  1.000000 1.333E+01      
  25   0.247900   7.0   -1  2                                             (7-)
                              16  0.500000 1.552E+01      
                               6  0.500000 3.470E+00      
  26   0.270460   4.0    1  2                                             (4+)
                              21  0.500000 2.610E+02      
                               1  0.500000 7.594E-02      
  27   0.298000   1.0   -1  2                             JP                  
                               7  0.500000 0.000E+00     B
                               1  0.500000 0.000E+00     B
  28   0.316000   5.0    1  2                                             (5+)
                               4  0.500000 0.000E+00     B
                               3  0.500000 0.000E+00     B
  29   0.320730   5.0    1  2                                             (5+)
                               3  0.500000 3.210E+00      
                               2  0.500000 2.030E+00      
  30   0.325000   6.0   -1  2                             JP                  
                               6  0.242400 0.000E+00      
                               3  0.757600 0.000E+00      
  31   0.333000   2.0   -1  2                             JP                  
                               4  0.500000 0.000E+00     B
                               0  0.500000 0.000E+00     B
  32   0.341000   1.0   -1  2                             JP                  
                               7  0.500000 0.000E+00     B
                               1  0.500000 0.000E+00     B
  33   0.369610   6.0    1  2                                             (6+)
                              10  0.500000 3.170E+00      
                               3  0.500000 1.810E+00      
  34   0.406000   6.0    1  2                                             (6+)
                               6  0.500000 0.000E+00     B
                               2  0.500000 0.000E+00     B
  35   0.413000   3.0   -1  1                             JP                  
                               6  1.000000 0.000E+00      
  36   0.471000   4.0   -1  1                             JP                  
                              16  1.000000 0.000E+00      
  37   0.526000   2.0    1  2                             JP                  
                               2  0.500000 0.000E+00     B
                               1  0.500000 0.000E+00     B
  38   0.539500   0.0   -1  2                             JP                  
                               9  0.500000 0.000E+00     B
                               0  0.500000 0.000E+00     B
  39   0.552000   3.0    1  2                             JP                  
                               3  0.500000 0.000E+00     B
                               0  0.500000 0.000E+00     B
  40   0.566000   8.0   -1  2                             JP                  
                              16  0.500000 0.000E+00     B
                               5  0.500000 0.000E+00     B
  97 251   29   11                                                         251Bk
   0   0.000000   1.5   -1  0                   3.340E+03               (3/2-)
   1   0.032500   2.5   -1  1                                           (5/2-)
                               0  1.000000 2.091E+02      
   2   0.035500   3.5    1  1                   5.800E-05               (7/2+)
                               0  1.000000 1.300E+04      
   3   0.070000   4.5    1  1                                           (9/2+)
                               0  1.000000 0.000E+00     B
   4   0.124000   5.5    1  1                                          (11/2+)
                               2  1.000000 0.000E+00     B
   5   0.269100   0.5    1  2                             JP                  
                               2  1.000000 0.000E+00      
                               0  0.000000 0.000E+00      
   6   0.311700   6.5    1  1                             JP    (1/2,3/2,5/2-)
                               0  1.000000 0.000E+00      
   7   0.422200   7.5    1  2                             JP        (1/2-,3/2)
                               1  0.641000 0.000E+00      
                               0  0.359000 0.000E+00      
   8   0.438200   3.5    1  1                             JP         (1/2,3/2)
                               0  1.000000 0.000E+00      
   9   0.542600   2.5   -1  1                             JP         (1/2,3/2)
                               0  1.000000 0.000E+00      
  10   0.562500   4.5   -1  2                             JP        (1/2-,3/2)
                               1  0.613500 0.000E+00      
                               0  0.386500 0.000E+00      
  11   0.978400   1.5   -1  4                             JP        (1/2-,3/2)
                              10  0.109611 0.000E+00      
                               9  0.102710 0.000E+00      
                               1  0.102710 0.000E+00      
                               0  0.684968 0.000E+00      
  97 252    1    0                                                         252Bk
   0   0.000000   1.0    1  0                             JP                  
