 101 245    3    1                                                         245Md
   0   0.000000   0.5   -1  0                   9.000E-04               (1/2-)
   1   0.300000   3.5   -1  1                   3.500E-01  P             (7/2)
                               0  1.000000 0.000E+00     B
 101 246    3    1                                                         246Md
   0   0.000000   3.0    1  0                   9.000E-01EJP +X               
   1   0.200000   0.0    1  1                   4.400E+00EJP +Y               
                               0  1.000000 0.000E+00     B
 101 247    1    0                                                         247Md
   0   0.000000   0.5   -1  0                   1.120E+00 JP                  
 101 248    1    0                                                         248Md
   0   0.000000   2.0   -1  0                   7.000E+00 JP                  
 101 249    3    1                                                         249Md
   0   0.000000   3.5   -1  0                   2.170E+01               (7/2-)
   1   0.100000   0.5   -1  1                   1.900E+00E   +X               
                               0  1.000000 0.000E+00     B
 101 250    5    2                                                         250Md
   0   0.000000   3.0   -1  0                   5.200E+01 JP                  
   1   0.250000   0.0   -1  1                             JP                  
                               0  1.000000 0.000E+00     B
   2   0.310000   4.0   -1  1                             JP                  
                               0  1.000000 0.000E+00     B
 101 251   27   13                                                         251Md
   0   0.000000   3.5   -1  0                   2.400E+02               (7/2-)
   1   0.056000   0.5   -1  1                                           (1/2-)
                               0  1.000000 0.000E+00     B
   2   0.095000   2.5   -1  1                                           (5/2-)
                               1  1.000000 2.131E+03      
   3   0.137000   5.5   -1  1                                          (11/2-)
                               0  1.000000 0.000E+00     B
   4   0.188000   4.5   -1  1                                           (9/2-)
                               2  1.000000 3.815E+01      
   5   0.335000   6.5   -1  1                                          (13/2-)
                               4  1.000000 4.842E+00      
   6   0.530400   8.5   -1  1                                          (17/2-)
                               5  1.000000 1.509E+00      
   7   0.775300  10.5   -1  1                                          (21/2-)
                               6  1.000000 6.487E-01      
   8   1.067000  12.5   -1  1                                          (25/2-)
                               7  1.000000 3.575E-01      
   9   1.403100  14.5   -1  1                                          (29/2-)
                               8  1.000000 2.297E-01      
  10   1.779900  16.5   -1  1                                          (33/2-)
                               9  1.000000 1.647E-01      
  11   2.195000  18.5   -1  1                                          (37/2-)
                              10  1.000000 1.263E-01      
  12   2.644800  20.5   -1  1                                          (41/2-)
                              11  1.000000 1.025E-01      
  13   3.127800  22.5   -1  1                                          (45/2-)
                              12  1.000000 8.576E-02      
 101 252   14    6                                                         252Md
   0   0.000000   4.0    1  0                   1.380E+02 JP                  
   1   0.056000   0.0    1  1                             JP                  
                               0  1.000000 0.000E+00     B
   2   0.165000   3.0    1  1                             JP                  
                               0  1.000000 0.000E+00     B
   3   0.211000   2.0    1  2                             JP                  
                               1  0.500000 0.000E+00     B
                               0  0.500000 0.000E+00     B
   4   0.253000   5.0    1  1                             JP                  
                               2  1.000000 0.000E+00     B
   5   0.294000   1.0    1  1                             JP                  
                               2  1.000000 0.000E+00     B
   6   0.366000   6.0    1  1                             JP                  
                               0  1.000000 0.000E+00     B
 101 253    5    2                                                         253Md
   0   0.000000   3.5   -1  0                   3.600E+02               (7/2-)
   1   0.060000   0.5   -1  1                             JP                  
                               0  1.000000 0.000E+00     B
   2   0.125000   2.5   -1  1                             JP                  
                               1  1.000000 0.000E+00     B
 101 254   12    5                                                         254Md
   0   0.000000   0.0   -1  0                   6.000E+02EJP +X               
   1   0.083000   1.0   -1  1                             JP                  
                               0  1.000000 0.000E+00     B
   2   0.114000   3.0   -1  1                             JP                  
                               1  1.000000 0.000E+00     B
   3   0.144000   4.0   -1  1                             JP                  
                               0  1.000000 0.000E+00     B
   4   0.175000   2.0   -1  2                             JP                  
                               3  0.500000 0.000E+00     B
                               0  0.500000 0.000E+00     B
   5   0.200000   5.0   -1  1                   1.680E+03EJP +Y               
                               2  1.000000 0.000E+00     B
 101 255    3    1                                                         255Md
   0   0.000000   3.5   -1  0                   1.620E+03               (7/2-)
   1   0.100000   0.5   -1  1                             JP                  
                               0  1.000000 0.000E+00     B
 101 256    3    1                                                         256Md
   0   0.000000   1.0   -1  0                   4.620E+03                 (1-)
   1   0.145000   0.0   -1  1                             JP                  
                               0  1.000000 0.000E+00     B
 101 257    1    0                                                         257Md
   0   0.000000   3.5   -1  0                   1.990E+04               (7/2-)
 101 258    3    1                                                         258Md
   0   0.000000   1.0   -1  0                   4.450E+06 JP                  
   1   0.100000   0.0   -1  1                   3.420E+03EJP +X               
                               0  1.000000 0.000E+00     B
 101 259    1    0                                                         259Md
   0   0.000000   6.5    1  0                   5.760E+03 JP                  
 101 260    1    0                                                         260Md
   0   0.000000   1.0   -1  0                   2.750E+06 JP                  
