 102 250    3    1                                                         250No
   0   0.000000   0.0    1  0                   4.200E-06                   0+
   1   1.050000   6.0    1  1                   4.600E-05                 (6+)
                               0  1.000000 0.000E+00     B
 102 251   12    5                                                         251No
   0   0.000000   3.5    1  0                   8.000E-01               (7/2+)
   1   0.060700   4.5    1  1                                           (9/2+)
                               0  1.000000 5.707E+01      
   2   0.106000   0.5    1  1                   1.020E+00               (1/2+)
                               0  1.000000 0.000E+00     B
   3   0.203600   4.5   -1  2                                           (9/2-)
                               1  0.498600 6.330E-02      
                               0  0.501400 1.139E-01      
   4   0.917200   3.5    1  1                                           (7/2+)
                               3  1.000000 9.376E-03      
   5   1.699700   2.5    1  1                             JP                  
                               4  1.000000 0.000E+00      
 102 252   21   10                                                         252No
   0   0.000000   0.0    1  0                   2.440E+00                   0+
   1   0.046400   2.0    1  1                                             (2+)
                               0  1.000000 1.132E+03      
   2   0.153800   4.0    1  1                                             (4+)
                               1  1.000000 2.145E+01      
   3   0.320700   6.0    1  1                                             (6+)
                               2  1.000000 3.090E+00      
   4   0.544500   8.0    1  1                                             (8+)
                               3  1.000000 9.700E-01      
   5   0.821700  10.0    1  1                                            (10+)
                               4  1.000000 4.560E-01      
   6   1.150100  12.0    1  1                                            (12+)
                               5  1.000000 2.640E-01      
   7   1.525600  14.0    1  1                                            (14+)
                               6  1.000000 1.780E-01      
   8   1.942300  16.0    1  1                                            (16+)
                               7  1.000000 1.340E-01      
   9   2.395500  18.0    1  1                                            (18+)
                               8  1.000000 1.070E-01      
  10   2.879200  20.0    1  1                                            (20+)
                               9  1.000000 9.100E-02      
 102 253    5    2                                                         253No
   0   0.000000   4.5   -1  0                   9.720E+01               (9/2-)
   1   0.054000   5.5   -1  1                                          (11/2-)
                               0  1.000000 0.000E+00     B
   2   0.167000   2.5    1  1                   3.110E-05                 5/2+
                               0  1.000000 5.160E+01      
 102 254   21   10                                                         254No
   0   0.000000   0.0    1  0                   5.100E+01                   0+
   1   0.044200   2.0    1  1                                               2+
                               0  1.000000 1.431E+03      
   2   0.145300   4.0    1  1                                               4+
                               1  1.000000 2.831E+01      
   3   0.304200   6.0    1  1                                               6+
                               2  1.000000 3.793E+00      
   4   0.518300   8.0    1  1                                               8+
                               3  1.000000 1.149E+00      
   5   0.785500  10.0    1  1                                              10+
                               4  1.000000 5.164E-01      
   6   1.103700  12.0    1  1                                            (12+)
                               5  1.000000 2.917E-01      
   7   1.470200  14.0    1  1                                            (14+)
                               6  1.000000 1.912E-01      
   8   1.884200  16.0    1  1                                            (16+)
                               7  1.000000 1.363E-01      
   9   2.340200  18.0    1  1                                            (18+)
                               8  1.000000 1.059E-01      
  10   2.839000  20.0    1  1                                            (20+)
                               9  1.000000 8.509E-02      
 102 255    1    0                                                         255No
   0   0.000000   0.5    1  0                   1.860E+02               (1/2+)
 102 256    1    0                                                         256No
   0   0.000000   0.0    1  0                   2.910E+00                   0+
 102 257    1    0                                                         257No
   0   0.000000   3.5    1  0                   2.500E+01               (7/2+)
 102 258    1    0                                                         258No
   0   0.000000   0.0    1  0                   1.200E-03                   0+
 102 259    1    0                                                         259No
   0   0.000000   7.5   -1  0                   3.480E+03 JP                  
 102 260    1    0                                                         260No
   0   0.000000   0.0    1  0                   1.060E-01                   0+
 102 262    1    0                                                         262No
   0   0.000000   0.0    1  0                   5.000E-03                   0+
