 108 263    1    0                                                         263Hs
   0   0.000000   0.5    1  0                             JP                  
 108 264    1    0                                                         264Hs
   0   0.000000   0.0    1  0                   8.000E-04                   0+
 108 265    3    1                                                         265Hs
   0   0.000000   7.5   -1  0                   2.000E-03 JP                  
   1   0.300000   0.5   -1  1                   7.500E-04 JP                  
                               0  1.000000 0.000E+00     B
 108 266    5    2                                                         266Hs
   0   0.000000   0.0    1  0                   2.300E-03                   0+
   1   1.000000   1.0    1  1                             JP                  
                               0  1.000000 0.000E+00     B
   2   1.200000   3.0    1  1                             JP                  
                               1  1.000000 0.000E+00     B
 108 267    3    1                                                         267Hs
   0   0.000000   7.5   -1  0                   5.200E-02 JP                  
   1   0.057000   0.5   -1  1                             JP                  
                               0  1.000000 0.000E+00     B
 108 269    1    0                                                         269Hs
   0   0.000000   7.5   -1  0                   9.700E+00EJP +X               
 108 270    1    0                                                         270Hs
   0   0.000000   0.0    1  0                   3.600E+00 JP                  
 108 275    1    0                                                         275Hs
   0   0.000000   3.5    1  0                   1.500E-01EJP +X               
