  18  34   8  15     0.00000     0.77191   8  15     0.00000     1.56568    34Ar
  18  35   4  15     0.00000     1.01350   4  15     0.00000     1.81159    35Ar
  18  36   8  20     0.00000     0.07198   8  20     0.00000     1.25159    36Ar
  18  37   3  23     0.00000     0.29278   3  23     0.00000     1.14839    37Ar
  18  38   8  22     0.00000     0.59541   8  22     0.00000     1.34063    38Ar
  18  39   2  23     0.00000     0.10615   2  23     0.00000     0.81041    39Ar
  18  40   8  15     0.00000     0.16181   8  15     0.00000     0.56955    40Ar
  18  41   7  15     6.22236     0.49133   7  15     4.19762     1.10777    41Ar
  18  42   4  16     0.00000     0.51364   4  16     0.00000     0.84279    42Ar
  18  43   2  14     0.00000     2.33314   2  14     0.00000     2.67140    43Ar
  18  44   6  12     0.00000     1.40332   6  12     0.00000     1.67795    44Ar
