  21  40   4  15     0.00000     2.89827   4  15     0.00000     3.40757    40Sc
  21  41   2  17     0.00000     0.57692   2  17     0.00000     1.33962    41Sc
  21  42   4  29     0.00000     0.82390   4  29     0.00000     1.89694    42Sc
  21  43   5  16     0.00000    -0.49658   5  16     0.00000     0.06766    43Sc
  21  44   6  18     0.00000     0.07158   6  18     0.00000     0.69524    44Sc
  21  45   3  19     0.00000    -0.68124   3  19     0.00000    -0.16484    45Sc
  21  46   6  15     5.55570    -0.78963   6  15     3.30752     0.31401    46Sc
  21  47   5  16     0.00000    -0.58791   5  16     0.00000    -0.01151    47Sc
  21  48   7  26     0.00000     1.58154   7  26     0.00000     2.05228    48Sc
  21  49   4  18     0.00000     1.01906   4  18     0.00000     1.86999    49Sc
  21  50   7  18     0.00000     2.32582   7  18     0.00000     3.19137    50Sc
  21  51   7  15     0.00000     1.11801   7  15     0.00000     1.69542    51Sc
