  22  42   2  15     0.00000    -0.97780   2  15     0.00000    -0.90192    42Ti
  22  43   8  15     0.00000     0.87566   8  15     0.00000     1.23986    43Ti
  22  44   4  16     0.00000    -0.66978   4  16     0.00000    -0.38632    44Ti
  22  45   3  18     0.00000    -0.39749   3  18     0.00000    -0.17087    45Ti
  22  46   4  20     0.00000    -1.32986   4  20     0.00000    -1.24422    46Ti
  22  47   3  15     5.21146    -0.89051   3  15     2.80534    -0.34908    47Ti
  22  48   2  15     5.61722    -1.12921   2  15     3.03667    -0.74496    48Ti
  22  49   8  16     5.91531    -0.65172   8  16     3.31287    -0.11112    49Ti
  22  50   5  15     5.56856    -0.37442   5  15     2.97637     0.25108    50Ti
  22  51   3  16     4.98618    -0.31388   3  16     2.69549     0.64280    51Ti
  22  52   6  18     0.00000     0.40268   6  18     0.00000     0.81750    52Ti
