  25  49   2  12     0.00000     6.39936   2  12     0.00000     6.73148    49Mn
  25  50   8  10     0.00000    -0.16786   8  10     0.00000     1.21949    50Mn
  25  51   2  20     0.00000    -0.59351   2  20     0.00000     0.69714    51Mn
  25  52   7  19     0.00000     0.30830   7  19     0.00000     1.47848    52Mn
  25  53   6  27     0.00000    -0.92240   6  27     0.00000     0.27997    53Mn
  25  54   5  23     0.00000    -0.20247   5  23     0.00000     1.00260    54Mn
  25  55   8  29     0.00000    -0.59780   8  29     0.00000     0.41161    55Mn
  25  56   6  16     5.45873    -1.60050   6  16     2.44574    -0.34527    56Mn
  25  57   4  18     0.00000    -0.58044   4  18     0.00000     0.17796    57Mn
  25  58   8  18     0.00000     1.18927   8  18     0.00000     1.83810    58Mn
