  26  51   5  11     0.00000     1.66625   5  11     0.00000     2.62469    51Fe
  26  52   3  15     0.00000     0.36301   3  15     0.00000     1.65179    52Fe
  26  53   2  15     0.00000    -0.77780   2  15     0.00000     0.56323    53Fe
  26  54   3  15     0.00000    -0.90990   3  15     0.00000     0.32744    54Fe
  26  55   3  15     5.29596    -1.41395   3  15     2.55442    -0.15308    55Fe
  26  56   3  20     0.00000    -1.03795   3  20     0.00000    -0.03288    56Fe
  26  57   8  15     6.52147    -0.21878   8  15     3.24918     0.48655    57Fe
  26  58   2  22     5.67421    -1.71889   2  22     2.55766    -0.48392    58Fe
  26  59   6  16     6.10422    -0.87778   6  16     3.84483     0.50064    59Fe
  26  60   5  15     0.00000     0.17962   5  15     0.00000     0.79771    60Fe
  26  62   2  14     0.00000     2.13076   2  14     0.00000     2.56657    62Fe
