  30  60   2  15     0.00000    -0.70533   2  15     0.00000     0.67201    60Zn
  30  61   6  23     0.00000    -0.71064   6  23     0.00000     0.48680    61Zn
  30  62   8  18     0.00000    -0.58616   8  18     0.00000     0.45879    62Zn
  30  63   5  16     0.00000    -0.56952   5  16     0.00000     0.33350    63Zn
  30  64   8  29     0.00000    -0.98748   8  29     0.00000     0.38005    64Zn
  30  65   7  18     7.67156    -0.85485   7  18     5.07185    -0.04600    65Zn
  30  66   8  15     0.00000    -0.06779   8  15     0.00000     0.46864    66Zn
  30  67   2  19     8.33159    -0.62059   2  19     5.56530     0.14133    67Zn
  30  68   8  15     7.81064    -0.54170   8  15     5.03158     0.45034    68Zn
  30  69   2  25     8.72587    -0.55769   2  25     5.77713     0.11866    69Zn
  30  70   7  15     0.00000     0.20296   7  15     0.00000     0.63131    70Zn
  30  71   8  15    11.05033     0.61558   8  15     7.22851     0.97258    71Zn
  30  72   7  14     0.00000     0.79789   7  14     0.00000     1.30234    72Zn
  30  74   7  12     0.00000     0.23841   7  12     0.00000     0.66694    74Zn
