  31  64   8  15     0.00000    -0.24741   8  15     0.00000     0.41732    64Ga
  31  65   7  16     0.00000    -0.93419   7  16     0.00000    -0.48814    65Ga
  31  66   4  19     0.00000    -0.09417   4  19     0.00000     0.45513    66Ga
  31  67   2  19     0.00000    -0.03364   2  19     0.00000     0.38702    67Ga
  31  68   8  22     0.00000     0.58316   8  22     0.00000     1.16969    68Ga
  31  69   6  15     0.00000     0.48853   6  15     0.00000     0.91284    69Ga
  31  70   4  29     8.74179     0.21067   4  29     4.69709     0.90586    70Ga
  31  71   6  16     0.00000     0.37049   6  16     0.00000     0.73706    71Ga
  31  72   8  16     9.63462    -0.28869   8  16     5.07847     0.14370    72Ga
  31  73   8  15     0.00000     0.45078   8  15     0.00000     0.85095    73Ga
