  33  67   2  12     0.00000     3.62132   2  12     0.00000     4.10779    67As
  33  68   8  17     0.00000     0.73962   8  17     0.00000     1.25363    68As
  33  69   8  21     0.00000    -0.01329   8  21     0.00000     0.45518    69As
  33  70   3  17     0.00000     0.20034   3  17     0.00000     0.67241    70As
  33  71   2  21     0.00000    -0.04028   2  21     0.00000     0.41226    71As
  33  72   6  18     0.00000     0.08261   6  18     0.00000     0.54336    72As
  33  73   3  22     0.00000    -0.55928   3  22     0.00000    -0.21907    73As
  33  74   8  16     0.00000     0.14656   8  16     0.00000     0.58366    74As
  33  75   8  16     0.00000    -0.07146   8  16     0.00000     0.24579    75As
  33  76   6  27    10.65277    -0.25374   6  27     7.77744     0.44668    76As
  33  77   8  16     0.00000    -0.13727   8  16     0.00000     0.32721    77As
  33  78   8  15     0.00000     0.98237   8  15     0.00000     1.49574    78As
  33  79   6  17     0.00000     0.26541   6  17     0.00000     0.71495    79As
  33  80   8  16     0.00000     1.01878   8  16     0.00000     1.59725    80As
  33  81   8  15     0.00000     0.34612   8  15     0.00000     0.87808    81As
  33  83   8  27     0.00000     2.40724   8  27     0.00000     2.98465    83As
