  34  69   7  15     0.00000     0.66646   7  15     0.00000     1.22109    69Se
  34  70   7  15     0.00000     0.56905   7  15     0.00000     1.10324    70Se
  34  71   8  17     0.00000     0.72359   8  17     0.00000     1.22595    71Se
  34  72   7  26     0.00000    -0.00482   7  26     0.00000     0.42692    72Se
  34  73   7  19     0.00000    -0.77933   7  19     0.00000    -0.49671    73Se
  34  74   4  15     0.00000    -0.32733   4  15     0.00000    -0.05236    74Se
  34  75   8  25    10.73131    -0.73119   8  25     5.80580    -0.47322    75Se
  34  76   8  17     0.00000    -0.23809   8  17     0.00000     0.07244    76Se
  34  77   5  16    11.06091    -0.38979   5  16     5.92498    -0.11449    77Se
  34  78   4  16    10.74302    -0.18641   4  16     5.68993     0.08471    78Se
  34  79   4  15     9.84386    -0.86954   4  15     5.13996    -0.53574    79Se
  34  80   6  15     0.00000     0.23737   6  15     0.00000     0.57020    80Se
  34  81   7  19    11.38215     0.56084   7  19     5.63156     0.84856    81Se
  34  82   6  19     0.00000     0.60473   6  19     0.00000     1.15048    82Se
  34  83   8  15    11.63549     0.61199   8  15     6.37206     0.95343    83Se
  34  84   5  19     0.00000     0.46877   5  19     0.00000     0.96338    84Se
