  38  79   8  15     0.00000     0.81570   8  15     0.00000     1.28567    79Sr
  38  80   8  16     0.00000     0.85359   8  16     0.00000     1.31760    80Sr
  38  81   7  15     0.00000    -0.66738   7  15     0.00000    -0.39237    81Sr
  38  82   7  20     0.00000     0.18083   7  20     0.00000     0.56642    82Sr
  38  83   4  16     0.00000    -0.65794   4  16     0.00000    -0.36535    83Sr
  38  84   6  15     0.00000     0.14928   6  15     0.00000     0.53994    84Sr
  38  85   7  22    11.16986    -0.04956   7  22     6.08996     0.37397    85Sr
  38  86   8  16     0.00000     0.09561   8  16     0.00000     0.59296    86Sr
  38  87   7  18     9.55718     0.65500   7  18     5.01117     1.35188    87Sr
  38  88   4  26     9.24768     0.94396   4  26     4.72240     1.70520    88Sr
  38  89   7  15     9.98330     1.42387   7  15     5.14990     2.05031    89Sr
  38  90   8  26     0.00000     0.45482   8  26     0.00000     1.03849    90Sr
  38  92   8  15     0.00000     0.49831   8  15     0.00000     0.92019    92Sr
  38  93   7  17     0.00000     0.62928   7  17     0.00000     1.16668    93Sr
  38  94   6  19     0.00000     0.52748   6  19     0.00000     0.95312    94Sr
  38  95   8  20     0.00000     0.75017   8  20     0.00000     1.23183    95Sr
  38  96   4  16     0.00000    -0.08420   4  16     0.00000     0.21569    96Sr
  38  97   2  15     0.00000    -0.17386   2  15     0.00000     0.10745    97Sr
  38  98   6  15     0.00000    -0.27070   6  15     0.00000    -0.02323    98Sr
