  40  82   7  16     0.00000     0.39297   7  16     0.00000     1.02649    82Zr
  40  83   7  15     0.00000    -0.53363   7  15     0.00000     0.02915    83Zr
  40  84   5  15     0.00000     1.46010   5  15     0.00000     1.94319    84Zr
  40  86   8  17     0.00000     0.57711   8  17     0.00000     1.09821    86Zr
  40  87   8  26     0.00000    -0.09221   8  26     0.00000     0.50298    87Zr
  40  88   5  17     0.00000     0.03868   5  17     0.00000     0.70339    88Zr
  40  89   2  15     0.00000     0.46059   2  15     0.00000     1.11027    89Zr
  40  90   8  16     0.00000     1.09889   8  16     0.00000     1.82840    90Zr
  40  91   3  17     8.90104     0.03245   3  17     5.03030     0.99079    91Zr
  40  92   3  16     9.44631    -0.25198   3  16     5.74081     0.61604    92Zr
  40  93   8  18    11.32170     0.49881   8  18     6.87075     1.07925    93Zr
  40  94   4  16    12.54078     0.30404   4  16     8.09179     0.80556    94Zr
  40  95   3  18    11.41267     0.66305   3  18     6.87697     1.37862    95Zr
  40  96   3  16     0.00000     0.77271   3  16     0.00000     1.29231    96Zr
  40  97   8  15    15.81508     1.90389   8  15     9.71943     2.22286    97Zr
  40  98   8  16     0.00000     0.34950   8  16     0.00000     0.75529    98Zr
  40  99   2  21     0.00000     0.01158   2  21     0.00000     0.32974    99Zr
  40 100   8  17     0.00000    -0.22968   8  17     0.00000     0.15776   100Zr
  40 101   8  15     0.00000    -0.12515   8  15     0.00000     0.31684   101Zr
  40 102   8  17     0.00000    -0.35821   8  17     0.00000     0.00662   102Zr
