  42  90   8  20     0.00000    -0.27211   8  20     0.00000     0.31312    90Mo
  42  91   8  15     0.00000     0.38750   8  15     0.00000     1.08144    91Mo
  42  92   8  29     0.00000     0.22745   8  29     0.00000     0.99717    92Mo
  42  93   8  16     9.14696    -0.09508   8  16     4.96487     0.73459    93Mo
  42  94   6  20     0.00000    -0.24659   6  20     0.00000     0.29134    94Mo
  42  95   8  20    10.96171     0.02168   8  20     5.93242     0.55547    95Mo
  42  96   6  15    11.41147    -0.08337   6  15     6.02019     0.31950    96Mo
  42  97   6  20    11.95990    -0.13095   6  20     6.35512     0.30480    97Mo
  42  98   4  18    12.52473    -0.18867   4  18     6.51509     0.15733    98Mo
  42  99   3  15    13.39054    -0.27265   3  15     7.08226     0.04345    99Mo
  42 100   7  15     0.00000    -0.15039   7  15     0.00000     0.16061   100Mo
  42 101   2  22    13.93129    -0.73143   2  22     7.69581    -0.42037   101Mo
  42 102   8  23     0.00000     0.07732   8  23     0.00000     0.41677   102Mo
  42 103   8  15     0.00000    -0.26390   8  15     0.00000     0.03452   103Mo
  42 104   2  17     0.00000    -0.60891   2  17     0.00000    -0.37418   104Mo
  42 105   8  15     0.00000    -0.34404   8  15     0.00000    -0.04576   105Mo
