  44  94   8  16     0.00000     0.08494   8  16     0.00000     0.96841    94Ru
  44  95   8  15     0.00000    -0.06039   8  15     0.00000     0.71217    95Ru
  44  96   6  26     0.00000    -0.52559   6  26     0.00000     0.08692    96Ru
  44  97   8  16     0.00000     0.05884   8  16     0.00000     0.61861    97Ru
  44  98   5  16     0.00000    -0.42968   5  16     0.00000     0.05888    98Ru
  44  99   7  18     0.00000    -0.14259   7  18     0.00000     0.31020    99Ru
  44 100   6  28    12.27059    -0.33639   6  28     6.60499     0.09309   100Ru
  44 101   6  17     0.00000    -0.65385   6  17     0.00000    -0.30839   101Ru
  44 102   7  19    13.66005    -0.11084   7  19     7.28139     0.22475   102Ru
  44 103   7  16    13.03364    -0.80752   7  16     6.81151    -0.48460   103Ru
  44 104   8  19     0.00000     0.05761   8  19     0.00000     0.38959   104Ru
  44 105   8  21    15.23277    -0.36667   8  21     8.12894    -0.09874   105Ru
  44 106   7  15     0.00000     0.15126   7  15     0.00000     0.46174   106Ru
  44 107   5  17     0.00000    -0.66816   5  17     0.00000    -0.38981   107Ru
  44 108   8  15     0.00000    -0.29451   8  15     0.00000    -0.02245   108Ru
  44 109   8  18     0.00000    -0.42449   8  18     0.00000    -0.13808   109Ru
  44 110   8  15     0.00000     0.08378   8  15     0.00000     0.35791   110Ru
  44 111   8  18     0.00000    -0.29561   8  18     0.00000    -0.00483   111Ru
