  46  94   2  12     0.00000     4.15948   2  12     0.00000     4.85662    94Pd
  46  97   4  16     0.00000    -0.55627   4  16     0.00000     0.63719    97Pd
  46  98   2  23     0.00000    -0.63192   2  23     0.00000     0.39187    98Pd
  46  99   7  17     0.00000    -0.29944   7  17     0.00000     0.53514    99Pd
  46 100   4  16     0.00000    -0.33650   4  16     0.00000     0.40216   100Pd
  46 101   8  22     0.00000    -0.32626   8  22     0.00000     0.38198   101Pd
  46 102   6  19     0.00000    -0.18637   6  19     0.00000     0.43110   102Pd
  46 103   7  15     0.00000    -0.41087   7  15     0.00000     0.14827   103Pd
  46 104   8  17     0.00000    -0.17168   8  17     0.00000     0.33053   104Pd
  46 105   4  17    14.88364    -0.41506   4  17    10.01002     0.09351   105Pd
  46 106   6  28    13.94185    -0.05841   6  28     9.04800     0.42400   106Pd
  46 107   8  19    13.80912    -0.52302   8  19     8.71889     0.01319   107Pd
  46 108   8  22    14.33295    -0.09173   8  22     9.24375     0.34407   108Pd
  46 109   8  16    15.66537    -0.85438   8  16    10.48066    -0.34146   109Pd
  46 110   7  28     0.00000    -0.18291   7  28     0.00000     0.22050   110Pd
  46 111   7  15    16.78027    -0.39277   7  15    12.28160    -0.02612   111Pd
  46 112   8  15     0.00000    -0.13146   8  15     0.00000     0.49988   112Pd
  46 113   8  15     0.00000    -0.33061   8  15     0.00000     0.04274   113Pd
  46 114   8  15     0.00000     0.21097   8  15     0.00000     0.51459   114Pd
  46 116   5  16     0.00000     0.01497   5  16     0.00000     0.35706   116Pd
