  47  98   4  15     0.00000     1.26697   4  15     0.00000     2.47378    98Ag
  47  99   2  14     0.00000     1.83862   2  14     0.00000     2.71502    99Ag
  47 100   7  18     0.00000     0.04773   7  18     0.00000     1.01892   100Ag
  47 101   6  18     0.00000    -0.37962   6  18     0.00000     0.50616   101Ag
  47 102   7  16     0.00000     0.47119   7  16     0.00000     1.21766   102Ag
  47 103   5  17     0.00000    -0.00531   5  17     0.00000     0.65870   103Ag
  47 104   5  18     0.00000    -0.10363   5  18     0.00000     0.60729   104Ag
  47 105   2  18     0.00000    -0.11675   2  18     0.00000     0.44747   105Ag
  47 106   6  19     0.00000     0.18151   6  19     0.00000     0.80774   106Ag
  47 107   6  17     0.00000     0.04301   6  17     0.00000     0.54074   107Ag
  47 108   3  28    14.98619     0.12863   3  28    10.24420     0.72356   108Ag
  47 109   8  19     0.00000    -0.35537   8  19     0.00000     0.17341   109Ag
  47 110   6  18    16.23285     0.24467   6  18    11.19764     0.72768   110Ag
  47 111   2  17     0.00000    -0.19628   2  17     0.00000     0.22335   111Ag
  47 113   8  15     0.00000    -0.19439   8  15     0.00000     0.15258   113Ag
  47 115   7  14     0.00000    -0.25273   7  14     0.00000     0.11275   115Ag
  47 118   8  14     0.00000     0.73681   8  14     0.00000     1.12258   118Ag
