  48 101   8  20     0.00000     1.44170   8  20     0.00000     2.19333   101Cd
  48 102   7  15     0.00000     1.06407   7  15     0.00000     1.91463   102Cd
  48 103   2  15     0.00000    -0.57840   2  15     0.00000     0.30569   103Cd
  48 104   3  15     0.00000    -0.27204   3  15     0.00000     0.51694   104Cd
  48 105   8  26     0.00000    -0.17735   8  26     0.00000     0.40300   105Cd
  48 106   5  21     0.00000    -0.30571   5  21     0.00000     0.40582   106Cd
  48 107   6  16    12.78502    -0.42731   6  16     8.18857     0.24583   107Cd
  48 108   5  16     0.00000     0.20679   5  16     0.00000     0.77363   108Cd
  48 109   5  17    14.24017    -0.17993   5  17     9.31410     0.34668   109Cd
  48 110   8  19     0.00000     0.02996   8  19     0.00000     0.52482   110Cd
  48 111   4  27    14.28823    -0.31263   4  27     9.08102     0.12430   111Cd
  48 112   6  27    14.82721     0.04644   6  27     9.68559     0.45705   112Cd
  48 113   6  15    14.61866    -0.41762   6  15     9.44524     0.12119   113Cd
  48 114   6  23    15.12292    -0.11459   6  23     9.82960     0.30794   114Cd
  48 115   8  16    15.71897    -0.11822   8  16    11.04643     0.27335   115Cd
  48 116   6  19     0.00000     0.10336   6  19     0.00000     0.44671   116Cd
  48 117   6  15    14.75582    -0.52219   6  15    10.17214    -0.03516   117Cd
  48 118   5  16     0.00000     0.12481   5  16     0.00000     0.46269   118Cd
  48 119   8  16     0.00000     0.03295   8  16     0.00000     0.39307   119Cd
  48 120   8  15     0.00000     0.76505   8  15     0.00000     1.21830   120Cd
  48 121   8  22     0.00000    -0.05714   8  22     0.00000     0.45791   121Cd
  48 123   8  16     0.00000    -0.08942   8  16     0.00000     0.43823   123Cd
  48 124   8  12     0.00000     0.76149   8  12     0.00000     1.24714   124Cd
