  49 103   2  15     0.00000     3.71392   2  15     0.00000     4.57342   103In
  49 104   7  17     0.00000     0.60109   7  17     0.00000     1.48401   104In
  49 106   6  16     0.00000     1.11799   6  16     0.00000     1.77700   106In
  49 107   5  18     0.00000     0.23519   5  18     0.00000     0.95466   107In
  49 108   8  19     0.00000     0.62937   8  19     0.00000     1.23281   108In
  49 109   5  16     0.00000     0.41614   5  16     0.00000     0.98259   109In
  49 110   8  25     0.00000     0.59385   8  25     0.00000     1.17213   110In
  49 111   2  15     0.00000     0.45427   2  15     0.00000     0.98018   111In
  49 112   4  24     0.00000     0.48040   4  24     0.00000     1.04256   112In
  49 113   8  15     0.00000     0.40224   8  15     0.00000     0.88004   113In
  49 114   6  15    13.99155     0.33900   6  15     9.11792     0.95963   114In
  49 115   8  16     0.00000     0.41881   8  16     0.00000     0.87202   115In
  49 116   8  15    15.58983     0.47892   8  15    10.42558     0.98492   116In
  49 117   5  18     0.00000     0.39885   5  18     0.00000     0.84815   117In
  49 118   7  15     0.00000     1.02784   7  15     0.00000     1.46946   118In
  49 119   8  15     0.00000     0.54642   8  15     0.00000     0.96013   119In
  49 121   7  15     0.00000     0.50098   7  15     0.00000     0.96799   121In
  49 122   2  12     0.00000     1.12993   2  12     0.00000     1.54006   122In
  49 123   8  19     0.00000     1.11812   8  19     0.00000     1.52162   123In
  49 125   6  21     0.00000     0.77162   6  21     0.00000     1.38959   125In
  49 127   2  15     0.00000     1.40454   2  15     0.00000     2.05498   127In
