  50 104   2  15     0.00000     4.35413   2  15     0.00000     5.48715   104Sn
  50 106   2  15     0.00000     5.10748   2  15     0.00000     5.81071   106Sn
  50 107   3  15     0.00000     1.20541   3  15     0.00000     1.95861   107Sn
  50 108   8  20     0.00000     0.98314   8  20     0.00000     1.49525   108Sn
  50 109   8  17     0.00000     0.56003   8  17     0.00000     1.04777   109Sn
  50 110   7  19     0.00000     0.20608   7  19     0.00000     0.88955   110Sn
  50 111   3  15     0.00000     0.13235   3  15     0.00000     0.72544   111Sn
  50 112   4  17     0.00000     0.44450   4  17     0.00000     1.03605   112Sn
  50 113   4  17    14.11658     0.39880   4  17     8.95184     0.87275   113Sn
  50 114   6  19     0.00000     0.61491   6  19     0.00000     1.08653   114Sn
  50 115   4  21    14.33709     0.73444   4  21     8.90103     1.20885   115Sn
  50 116   8  24     0.00000     0.63988   8  24     0.00000     1.11173   116Sn
  50 117   7  15    13.52738     0.39006   7  15     8.22037     0.74247   117Sn
  50 118   2  15    13.58953     0.09119   2  15     8.74771     0.67399   118Sn
  50 119   8  15    12.93041    -0.14023   8  15     8.38930     0.55964   119Sn
  50 120   6  21    13.03143    -0.02024   6  21     8.22322     0.66016   120Sn
  50 121   3  19    12.25559    -0.40340   3  19     7.25851     0.29129   121Sn
  50 122   6  19     0.00000     0.31409   6  19     0.00000     0.83472   122Sn
  50 123   3  15     0.00000     0.01240   3  15     0.00000     0.53253   123Sn
  50 124   8  20     0.00000     0.06409   8  20     0.00000     0.71190   124Sn
  50 125   8  16    11.06783     0.19838   8  16     5.59941     0.92166   125Sn
  50 126   8  22     0.00000    -0.15900   8  22     0.00000     0.50649   126Sn
  50 127   2  15     0.00000     1.00710   2  15     0.00000     1.67798   127Sn
  50 128   7  15     0.00000    -0.34678   7  15     0.00000     0.57866   128Sn
  50 129   2  13     0.00000     1.39162   2  13     0.00000     2.17122   129Sn
  50 130   8  20     0.00000     0.82890   8  20     0.00000     1.97670   130Sn
  50 131   4  15     0.00000     2.22401   4  15     0.00000     3.98736   131Sn
