  51 113   8  17     0.00000     0.99367   8  17     0.00000     1.54308   113Sb
  51 114   7  24     0.00000     0.49587   7  24     0.00000     1.03096   114Sb
  51 116   8  16     0.00000     0.59290   8  16     0.00000     1.14740   116Sb
  51 117   4  16     0.00000     0.31727   4  16     0.00000     0.78645   117Sb
  51 118   4  22     0.00000     0.33352   4  22     0.00000     0.83363   118Sb
  51 119   7  16     0.00000     0.21972   7  16     0.00000     0.70212   119Sb
  51 120   2  15     0.00000     0.27814   2  15     0.00000     0.74657   120Sb
  51 121   4  21     0.00000     0.26010   4  21     0.00000     0.73217   121Sb
  51 122   2  17    14.75662    -0.07044   2  17     7.88182     0.39959   122Sb
  51 123   3  17     0.00000     0.55927   3  17     0.00000     1.00047   123Sb
  51 124   8  15    13.85202    -0.28881   8  15     7.34839     0.22291   124Sb
  51 125   5  15     0.00000     0.56213   5  15     0.00000     1.07689   125Sb
  51 127   6  17     0.00000     0.67508   6  17     0.00000     1.27003   127Sb
  51 129   8  15     0.00000    -0.31018   8  15     0.00000     0.37711   129Sb
  51 130   6  25     0.00000    -0.08238   6  25     0.00000     0.71853   130Sb
  51 131   7  15     0.00000    -1.08337   7  15     0.00000    -0.43474   131Sb
