  52 108   2  15     0.00000     3.34507   2  15     0.00000     4.05438   108Te
  52 109   2  15     0.00000     3.33160   2  15     0.00000     3.88573   109Te
  52 110   8  17     0.00000     0.57337   8  17     0.00000     1.26749   110Te
  52 111   2  15     0.00000     1.58067   2  15     0.00000     2.08369   111Te
  52 112   8  17     0.00000     2.08615   8  17     0.00000     2.56169   112Te
  52 114   5  15     0.00000     0.07761   5  15     0.00000     0.62863   114Te
  52 115   2  15     0.00000     1.49824   2  15     0.00000     1.93152   115Te
  52 116   8  16     0.00000     0.69296   8  16     0.00000     1.21770   116Te
  52 117   4  17     0.00000    -0.01226   4  17     0.00000     0.42237   117Te
  52 118   8  16     0.00000    -0.14051   8  16     0.00000     0.28278   118Te
  52 119   8  15     0.00000    -0.33743   8  15     0.00000     0.10664   119Te
  52 120   8  21     0.00000     0.33323   8  21     0.00000     0.71829   120Te
  52 121   5  17     0.00000    -0.24858   5  17     0.00000     0.18272   121Te
  52 122   7  17     0.00000     0.22339   7  17     0.00000     0.61471   122Te
  52 123   7  16    14.91621    -0.26866   7  16    10.05362     0.23755   123Te
  52 124   7  15    14.53512     0.04371   7  15     9.70264     0.57491   124Te
  52 125   2  15    15.37601    -0.39986   2  15    10.49486     0.15383   125Te
  52 126   3  16    14.46829     0.06529   3  16     9.50166     0.58722   126Te
  52 127   2  16    15.74413    -0.12445   2  16    10.21464     0.34728   127Te
  52 128   8  16     0.00000     0.01159   8  16     0.00000     0.61628   128Te
  52 129   3  16    16.14366    -0.01917   3  16    10.55216     0.41316   129Te
  52 130   7  17     0.00000    -0.13255   7  17     0.00000     0.54421   130Te
  52 131   7  16    15.09418     0.32145   7  16     9.52399     0.85422   131Te
  52 132   6  15     0.00000     0.13156   6  15     0.00000     0.97361   132Te
  52 133   2  15     0.00000    -0.07898   2  15     0.00000     1.02251   133Te
  52 134   3  15     0.00000     1.25059   3  15     0.00000     2.23251   134Te
  52 135   8  18     0.00000     0.25421   8  18     0.00000     1.26916   135Te
  52 136   8  15     0.00000     0.10507   8  15     0.00000     0.92661   136Te
