  54 114   8  15     0.00000     0.71537   8  15     0.00000     1.27544   114Xe
  54 116   7  15     0.00000     0.33098   7  15     0.00000     0.82588   116Xe
  54 117   8  18     0.00000    -0.59938   8  18     0.00000    -0.05155   117Xe
  54 118   4  17     0.00000    -0.17993   4  17     0.00000     0.27262   118Xe
  54 119   8  15     0.00000    -0.30626   8  15     0.00000     0.14794   119Xe
  54 120   4  18     0.00000    -0.11322   4  18     0.00000     0.31235   120Xe
  54 121   6  20     0.00000    -0.45933   6  20     0.00000     0.03995   121Xe
  54 122   8  15     0.00000     0.21548   8  15     0.00000     0.62405   122Xe
  54 123   6  15     0.00000    -0.32551   6  15     0.00000     0.12281   123Xe
  54 124   8  18     0.00000     0.28151   8  18     0.00000     0.71459   124Xe
  54 125   5  25     0.00000    -0.28577   5  25     0.00000     0.15151   125Xe
  54 126   5  25     0.00000     0.04984   5  25     0.00000     0.50337   126Xe
  54 127   8  23     0.00000    -0.21479   8  23     0.00000     0.25229   127Xe
  54 128   7  17     0.00000     0.16893   7  17     0.00000     0.62894   128Xe
  54 129   5  21    13.41109    -0.64637   5  21     8.68764     0.45470   129Xe
  54 130   8  21    13.86468    -0.19695   8  21     9.07815     0.49310   130Xe
  54 131   5  17    14.81355    -0.19515   5  17     9.68705     0.33090   131Xe
  54 132   5  17    12.77880    -0.39668   5  17     7.81029     0.39048   132Xe
  54 133   8  16    13.77128     0.04383   8  16     8.22438     0.62364   133Xe
  54 134   6  20     0.00000    -0.20975   6  20     0.00000     0.49230   134Xe
  54 135   8  17     0.00000     0.53938   8  17     0.00000     1.31570   135Xe
  54 136   2  16     0.00000    -0.02137   2  16     0.00000     0.92939   136Xe
  54 137   6  15     0.00000     0.27106   6  15     0.00000     1.05960   137Xe
  54 138   5  15     0.00000    -0.15658   5  15     0.00000     0.53434   138Xe
  54 139   7  20     0.00000     0.05282   7  20     0.00000     0.69089   139Xe
  54 140   8  16     0.00000     0.50461   8  16     0.00000     1.04962   140Xe
  54 141   2  15     0.00000     1.52311   2  15     0.00000     2.00953   141Xe
  54 142   4  15     0.00000     1.20603   4  15     0.00000     2.19798   142Xe
