  56 120   2  15     0.00000     2.63202   2  15     0.00000     3.04226   120Ba
  56 121   8  15     0.00000    -0.26804   8  15     0.00000     0.22325   121Ba
  56 123   8  19     0.00000    -0.35066   8  19     0.00000     0.14210   123Ba
  56 124   8  17     0.00000     0.17095   8  17     0.00000     0.61445   124Ba
  56 126   4  21     0.00000    -0.13166   4  21     0.00000     0.31771   126Ba
  56 127   8  21     0.00000    -0.26050   8  21     0.00000     0.20920   127Ba
  56 128   7  15     0.00000    -0.00408   7  15     0.00000     0.42470   128Ba
  56 129   8  18     0.00000    -0.33516   8  18     0.00000     0.13366   129Ba
  56 130   4  24     0.00000     0.05449   4  24     0.00000     0.46938   130Ba
  56 131   6  18    15.18918    -0.33878   6  18     9.48864     0.16970   131Ba
  56 132   3  19     0.00000     0.14749   3  19     0.00000     0.61486   132Ba
  56 133   4  17     0.00000    -0.13027   4  17     0.00000     0.36268   133Ba
  56 134   8  16     0.00000     0.01922   8  16     0.00000     0.55886   134Ba
  56 135   2  15    15.27577     0.05472   2  15    10.03510     0.59943   135Ba
  56 136   4  19    12.98059    -0.32371   4  19     7.78252     0.42736   136Ba
  56 137   7  15    15.83637     1.00883   7  15    10.09925     1.58427   137Ba
  56 138   8  21    11.57348     0.15486   8  21     6.33496     1.00802   138Ba
  56 139   5  15    16.05197     0.81003   5  15     9.41523     1.22931   139Ba
  56 140   8  16     0.00000     0.36657   8  16     0.00000     0.88140   140Ba
  56 141   5  15     0.00000     0.23292   5  15     0.00000     0.69146   141Ba
  56 142   8  17     0.00000    -0.03678   8  17     0.00000     0.47244   142Ba
  56 143   8  18     0.00000    -0.27147   8  18     0.00000     0.23912   143Ba
  56 144   7  16     0.00000    -0.02523   7  16     0.00000     0.39715   144Ba
  56 145   3  18     0.00000    -0.43600   3  18     0.00000     0.07432   145Ba
  56 146   8  22     0.00000    -0.04610   8  22     0.00000     0.45418   146Ba
  56 147   5  20     0.00000    -0.58575   5  20     0.00000    -0.10017   147Ba
  56 148   4  15     0.00000     0.95933   4  15     0.00000     1.30572   148Ba
