  58 127   5  16     0.00000    -0.09389   5  16     0.00000     0.28901   127Ce
  58 128   8  23     0.00000     0.14538   8  23     0.00000     0.54814   128Ce
  58 129   3  15     0.00000    -0.24052   3  15     0.00000     0.10903   129Ce
  58 130   7  16     0.00000     0.26252   7  16     0.00000     0.64432   130Ce
  58 131   8  15     0.00000     0.19819   8  15     0.00000     0.58029   131Ce
  58 133   6  17     0.00000    -0.17807   6  17     0.00000     0.17919   133Ce
  58 134   7  15     0.00000     0.05431   7  15     0.00000     0.44939   134Ce
  58 135   8  16     0.00000     0.77042   8  16     0.00000     1.23582   135Ce
  58 136   5  20     0.00000     0.61427   5  20     0.00000     1.09858   136Ce
  58 137   8  17    16.79663     0.32830   8  17     9.13002     0.73892   137Ce
  58 138   7  16     0.00000     0.20637   7  16     0.00000     0.73655   138Ce
  58 139   4  16     0.00000     0.88547   4  16     0.00000     1.41722   139Ce
  58 140   4  15     0.00000     0.42832   4  15     0.00000     1.00401   140Ce
  58 141   6  19    15.47983     0.83772   6  19     8.16134     1.37814   141Ce
  58 142   2  21    15.08753     0.02179   2  21     7.57967     0.43160   142Ce
  58 143   2  17    15.64121     0.12716   2  17     7.74942     0.50226   143Ce
  58 144   2  16     0.00000    -0.07942   2  16     0.00000     0.27377   144Ce
  58 145   8  16     0.00000    -0.02907   8  16     0.00000     0.36810   145Ce
  58 146   7  16     0.00000    -0.18007   7  16     0.00000     0.15315   146Ce
  58 147   3  17     0.00000    -0.50259   3  17     0.00000    -0.17007   147Ce
  58 148   8  17     0.00000    -0.39207   8  17     0.00000    -0.08743   148Ce
  58 149   7  16     0.00000    -0.42217   7  16     0.00000    -0.10881   149Ce
