  60 130   8  15     0.00000     0.79381   8  15     0.00000     1.22034   130Nd
  60 131   7  16     0.00000     0.89646   7  16     0.00000     1.43378   131Nd
  60 132   8  16     0.00000     0.64451   8  16     0.00000     1.12019   132Nd
  60 133   8  15     0.00000    -0.48513   8  15     0.00000     0.01557   133Nd
  60 134   7  15     0.00000     0.07055   7  15     0.00000     0.54118   134Nd
  60 135   3  17     0.00000    -0.26441   3  17     0.00000     0.19470   135Nd
  60 136   8  18     0.00000     0.42970   8  18     0.00000     0.86258   136Nd
  60 137   8  17     0.00000     0.72582   8  17     0.00000     1.15604   137Nd
  60 138   4  15     0.00000     0.42089   4  15     0.00000     0.84479   138Nd
  60 139   8  15     0.00000     0.36900   8  15     0.00000     0.79704   139Nd
  60 140   8  15     0.00000     0.82294   8  15     0.00000     1.27664   140Nd
  60 141   2  18     0.00000     0.73227   2  18     0.00000     1.31021   141Nd
  60 142   7  15     0.00000     0.34976   7  15     0.00000     0.97943   142Nd
  60 143   8  23    17.60156     0.87877   8  23    11.46427     1.30892   143Nd
  60 144   8  29    14.67894    -0.00522   8  29     9.20668     0.68270   144Nd
  60 145   8  21    16.62452     0.12160   8  21    10.21948     0.63728   145Nd
  60 146   6  15    15.74125    -0.31570   6  15     9.53149     0.22721   146Nd
  60 147   4  20    18.37397    -0.14799   4  20    11.52181     0.27435   147Nd
  60 148   5  17    20.32611    -0.14974   5  17    13.42469     0.17864   148Nd
  60 149   2  15    18.58088    -0.70091   2  15    11.86544    -0.20303   149Nd
  60 150   4  16     0.00000    -0.51819   4  16     0.00000    -0.12901   150Nd
  60 151   8  28    17.79019    -0.54450   8  28    11.01844    -0.00788   151Nd
  60 152   8  24     0.00000    -0.19567   8  24     0.00000     0.19516   152Nd
  60 153   2  15     0.00000     1.78514   2  15     0.00000     1.93622   153Nd
  60 154   8  16     0.00000     0.12212   8  16     0.00000     0.22484   154Nd
