  61 139   5  17     0.00000    -0.12192   5  17     0.00000     0.26194   139Pm
  61 140   6  15     0.00000     0.55402   6  15     0.00000     1.07990   140Pm
  61 141   8  17     0.00000     0.24824   8  17     0.00000     0.69348   141Pm
  61 142   8  18     0.00000     0.83462   8  18     0.00000     1.43782   142Pm
  61 143   6  18     0.00000     0.61347   6  18     0.00000     1.16870   143Pm
  61 144   8  23     0.00000     0.83846   8  23     0.00000     1.38158   144Pm
  61 145   8  27     0.00000     0.18497   8  27     0.00000     0.63412   145Pm
  61 146   7  15     0.00000     0.09189   7  15     0.00000     0.56349   146Pm
  61 147   2  17     0.00000    -0.38840   2  17     0.00000    -0.03294   147Pm
  61 148   8  18    19.21080     0.33676   8  18    10.14335     0.78477   148Pm
  61 149   5  16     0.00000    -0.38120   5  16     0.00000    -0.06828   149Pm
  61 151   6  15     0.00000    -0.33178   6  15     0.00000    -0.02175   151Pm
  61 153   8  18     0.00000    -0.10386   8  18     0.00000     0.23735   153Pm
  61 155   8  21     0.00000     0.23839   8  21     0.00000     0.60231   155Pm
