  62 136   8  15     0.00000     0.86778   8  15     0.00000     1.27757   136Sm
  62 137   7  15     0.00000     1.73672   7  15     0.00000     2.16314   137Sm
  62 138   8  16     0.00000     0.57144   8  16     0.00000     0.99025   138Sm
  62 139   3  17     0.00000     0.18446   3  17     0.00000     0.63967   139Sm
  62 140   8  20     0.00000     1.03614   8  20     0.00000     1.46731   140Sm
  62 141   7  17     0.00000     0.19457   7  17     0.00000     0.56957   141Sm
  62 142   8  18     0.00000     0.37756   8  18     0.00000     0.88456   142Sm
  62 143   5  16     0.00000     1.05446   5  16     0.00000     1.51146   143Sm
  62 144   5  16     0.00000     0.65779   5  16     0.00000     1.22666   144Sm
  62 145   4  17    14.37223     0.49355   4  17     8.83422     1.16427   145Sm
  62 146   6  15     0.00000     0.25271   6  15     0.00000     0.75584   146Sm
  62 147   4  15     0.00000     0.01464   4  15     0.00000     0.51428   147Sm
  62 148   8  29    17.41001    -0.01274   8  29    11.00519     0.42719   148Sm
  62 149   7  19    18.33911    -0.19410   7  19    11.65761     0.25878   149Sm
  62 150   3  21    19.11841    -0.15469   3  21    12.50190     0.26845   150Sm
  62 151   5  16    18.90257    -0.68854   5  16    12.75027    -0.18300   151Sm
  62 152   5  17    18.80360    -0.62416   5  17    12.27518    -0.16875   152Sm
  62 153   4  17    17.57482    -1.00671   4  17    11.03335    -0.42274   153Sm
  62 154   5  22     0.00000    -0.52840   5  22     0.00000    -0.06622   154Sm
  62 155   7  15    17.80381    -0.38724   7  15    10.82196     0.10245   155Sm
  62 156   8  18     0.00000    -0.36641   8  18     0.00000     0.04162   156Sm
  62 157   8  15     0.00000     0.67736   8  15     0.00000     1.01153   157Sm
  62 158   8  11     0.00000     0.27900   8  11     0.00000     0.58289   158Sm
