  66 143   8  16     0.00000     0.53862   8  16     0.00000     0.95267   143Dy
  66 144   2  14     0.00000     2.45379   2  14     0.00000     2.84228   144Dy
  66 145   5  12     0.00000     0.96655   5  12     0.00000     1.29285   145Dy
  66 146   2  15     0.00000     2.88694   2  15     0.00000     3.45067   146Dy
  66 147   7  15     0.00000     1.89388   7  15     0.00000     2.34017   147Dy
  66 148   7  15     0.00000     1.03160   7  15     0.00000     1.61931   148Dy
  66 149   8  24     0.00000     1.17089   8  24     0.00000     1.58659   149Dy
  66 150   2  15     0.00000     1.98191   2  15     0.00000     2.36399   150Dy
  66 151   6  15     0.00000     1.71531   6  15     0.00000     2.09279   151Dy
  66 152   8  15     0.00000     0.58062   8  15     0.00000     1.23214   152Dy
  66 153   8  21     0.00000     0.30178   8  21     0.00000     0.65440   153Dy
  66 154   6  15     0.00000    -0.18108   6  15     0.00000     0.19680   154Dy
  66 155   2  22     0.00000    -0.53093   2  22     0.00000    -0.07462   155Dy
  66 156   8  16     0.00000    -0.29556   8  16     0.00000     0.07934   156Dy
  66 157   8  16    21.52596    -0.48108   8  16    14.66996    -0.05764   157Dy
  66 158   8  18     0.00000    -0.21870   8  18     0.00000     0.12332   158Dy
  66 159   6  27     0.00000    -0.41065   6  27     0.00000     0.05208   159Dy
  66 160   7  29     0.00000    -0.43202   7  29     0.00000     0.02554   160Dy
  66 161   8  20    18.27142    -0.65850   8  20    11.39247    -0.14041   161Dy
  66 162   3  18    17.43969    -0.74298   3  18    15.04401    -0.00479   162Dy
  66 163   3  16    16.91308    -0.78603   3  16    10.22361    -0.11750   163Dy
  66 164   3  15    16.90884    -0.86378   3  15     9.97867    -0.27688   164Dy
  66 165   6  19    17.40300    -0.51060   6  19    10.24637     0.06264   165Dy
  66 166   4  16     0.00000    -0.45934   4  16     0.00000    -0.00442   166Dy
