  67 141   2  10     0.00000     2.61401   2  10     0.00000     2.74075   141Ho
  67 148   2  11     0.00000     1.84077   2  11     0.00000     2.23914   148Ho
  67 149   3  17     0.00000     0.49677   3  17     0.00000     1.05974   149Ho
  67 150   2  16     0.00000     3.36202   2  16     0.00000     3.76735   150Ho
  67 151   8  17     0.00000     0.38703   8  17     0.00000     0.80551   151Ho
  67 152   2  15     0.00000     3.25153   2  15     0.00000     3.55472   152Ho
  67 153   8  16     0.00000     0.77014   8  16     0.00000     1.18785   153Ho
  67 155   7  16     0.00000    -0.23321   7  16     0.00000     0.15594   155Ho
  67 157   8  29     0.00000    -0.42984   8  29     0.00000    -0.01379   157Ho
  67 158   4  26     0.00000     0.27816   4  26     0.00000     0.73813   158Ho
  67 159   5  17     0.00000    -0.39820   5  17     0.00000     0.02315   159Ho
  67 160   2  15     0.00000     1.12729   2  15     0.00000     1.48501   160Ho
  67 161   4  16     0.00000    -0.36999   4  16     0.00000     0.07029   161Ho
  67 162   2  16     0.00000     1.43348   2  16     0.00000     1.79913   162Ho
  67 163   2  22     0.00000    -0.36562   2  22     0.00000     0.06161   163Ho
  67 164   7  15     0.00000     0.30099   7  15     0.00000     0.80160   164Ho
  67 165   5  16     0.00000    -0.34725   5  16     0.00000     0.13162   165Ho
  67 166   2  16    18.25315     0.11867   2  16    11.31057     0.68867   166Ho
  67 167   8  20     0.00000     0.21741   8  20     0.00000     0.60930   167Ho
  67 169   8  16     0.00000     0.33742   8  16     0.00000     0.72994   169Ho
