  68 155   8  15     0.00000     0.20000   8  15     0.00000     0.56461   155Er
  68 156   2  18     0.00000    -0.28732   2  18     0.00000     0.00759   156Er
  68 157   6  16     0.00000    -0.27242   6  16     0.00000     0.05193   157Er
  68 158   2  15     0.00000    -0.40422   2  15     0.00000    -0.13171   158Er
  68 159   7  15     0.00000    -0.40557   7  15     0.00000    -0.09080   159Er
  68 160   7  19     0.00000    -0.29430   7  19     0.00000     0.01500   160Er
  68 161   6  25     0.00000    -0.47114   6  25     0.00000    -0.14927   161Er
  68 162   4  15     0.00000    -0.34261   4  15     0.00000    -0.04950   162Er
  68 163   8  18    20.12971    -0.44563   8  18    10.64414    -0.12296   163Er
  68 164   8  16     0.00000    -0.21897   8  16     0.00000     0.10682   164Er
  68 165   3  19    18.73006    -0.62407   3  19     9.72677    -0.26184   165Er
  68 166   7  15     0.00000    -0.22019   7  15     0.00000     0.08913   166Er
  68 167   6  28    18.66677    -0.43343   6  28     9.72650    -0.03491   167Er
  68 168   3  15    17.89869    -0.61643   3  15     9.10435    -0.27152   168Er
  68 169   8  16    18.24046    -0.35929   8  16     9.35782     0.04584   169Er
  68 170   7  15     0.00000    -0.35212   7  15     0.00000    -0.02937   170Er
  68 171   8  19    18.58710    -0.26442   8  19     9.55822     0.14862   171Er
  68 172   8  22     0.00000     0.09864   8  22     0.00000     0.48399   172Er
