  71 163   8  22     0.00000    -0.22503   8  22     0.00000     0.16460   163Lu
  71 167   8  15     0.00000     0.74951   8  15     0.00000     1.10216   167Lu
  71 169   8  18     0.00000    -0.38303   8  18     0.00000     0.05775   169Lu
  71 170   6  15     0.00000     0.32051   6  15     0.00000     0.77867   170Lu
  71 171   7  15     0.00000    -0.38655   7  15     0.00000     0.04956   171Lu
  71 172   8  15     0.00000     0.23890   8  15     0.00000     0.72431   172Lu
  71 173   3  19     0.00000    -0.30894   3  19     0.00000     0.14606   173Lu
  71 174   2  17     0.00000     0.39317   2  17     0.00000     0.86677   174Lu
  71 175   8  16     0.00000    -0.21109   8  16     0.00000     0.24516   175Lu
  71 176   7  20    18.92148     0.16010   7  20    11.81007     0.75475   176Lu
  71 177   7  20    19.13270    -0.23821   7  20    11.90980     0.25764   177Lu
  71 178   6  15     0.00000     0.51932   6  15     0.00000     0.98838   178Lu
  71 179   8  15     0.00000     0.42589   8  15     0.00000     0.78132   179Lu
  71 180   6  12     0.00000     1.18615   6  12     0.00000     1.55214   180Lu
