  72 157   2  15     0.00000     3.21504   2  15     0.00000     3.69183   157Hf
  72 158   2  15     0.00000     3.34118   2  15     0.00000     3.79697   158Hf
  72 159   2  15     0.00000     5.56141   2  15     0.00000     5.83127   159Hf
  72 160   2  15     0.00000     3.01430   2  15     0.00000     3.34952   160Hf
  72 162   2  15     0.00000     1.25743   2  15     0.00000     1.85471   162Hf
  72 164   6  15     0.00000     0.02437   6  15     0.00000     0.42766   164Hf
  72 165   2  15     0.00000     1.17019   2  15     0.00000     1.66018   165Hf
  72 166   7  16     0.00000    -0.23261   7  16     0.00000     0.13998   166Hf
  72 167   8  15     0.00000     0.53855   8  15     0.00000     0.88246   167Hf
  72 168   8  17     0.00000     0.07790   8  17     0.00000     0.46497   168Hf
  72 169   8  15     0.00000    -0.34061   8  15     0.00000     0.06620   169Hf
  72 170   8  16     0.00000    -0.19196   8  16     0.00000     0.18920   170Hf
  72 171   7  21     0.00000    -0.30654   7  21     0.00000     0.11698   171Hf
  72 172   3  15     0.00000    -0.21831   3  15     0.00000     0.15425   172Hf
  72 173   8  15     0.00000    -0.20982   8  15     0.00000     0.19805   173Hf
  72 174   5  22     0.00000    -0.30021   5  22     0.00000     0.16048   174Hf
  72 175   6  15    18.43161    -0.59346   6  15    11.26417    -0.03821   175Hf
  72 176   8  16     0.00000    -0.37645   8  16     0.00000     0.13318   176Hf
  72 177   3  23    18.93840    -0.41956   3  23    11.61595     0.13153   177Hf
  72 178   7  18    18.90633    -0.58673   7  18    11.65002    -0.06274   178Hf
  72 179   3  21    18.20520    -0.50401   3  21    10.91302     0.10100   179Hf
  72 180   6  19    18.13933    -0.61414   6  19    10.73851    -0.12035   180Hf
  72 181   8  15    19.47354    -0.16046   8  15    11.55822     0.29916   181Hf
  72 182   8  17     0.00000     0.14171   8  17     0.00000     0.60783   182Hf
