  73 167   8  15     0.00000     0.03320   8  15     0.00000     0.39992   167Ta
  73 169   2  10     0.00000     3.65948   2  10     0.00000     3.74641   169Ta
  73 171   7  15     0.00000     0.10496   7  15     0.00000     0.51184   171Ta
  73 172   8  15     0.00000     0.69179   8  15     0.00000     1.11661   172Ta
  73 173   2  15     0.00000     3.31971   2  15     0.00000     2.22126   173Ta
  73 174   2  15     0.00000     3.24907   2  15     0.00000     3.52746   174Ta
  73 175   7  16     0.00000    -0.34169   7  16     0.00000     0.07157   175Ta
  73 177   8  17     0.00000    -0.31615   8  17     0.00000     0.11506   177Ta
  73 179   7  19     0.00000    -0.12558   7  19     0.00000     0.29721   179Ta
  73 180   8  16     0.00000     0.35444   8  16     0.00000     0.83812   180Ta
  73 181   8  20    22.08305     0.46645   8  20    13.58499     0.81075   181Ta
  73 182   5  17    19.36390     0.20781   5  17    11.97190     0.75323   182Ta
  73 183   2  15    19.21362     0.14971   2  15    11.64793     0.63482   183Ta
  73 185   8  16     0.00000     0.57618   8  16     0.00000     0.98726   185Ta
