  75 171   8  17     0.00000     0.12097   8  17     0.00000     0.50416   171Re
  75 173   8  17     0.00000     0.23499   8  17     0.00000     0.62455   173Re
  75 175   8  15     0.00000    -0.07594   8  15     0.00000     0.31930   175Re
  75 176   2  15     0.00000     2.65131   2  15     0.00000     2.92759   176Re
  75 177   8  18     0.00000    -0.06341   8  18     0.00000     0.34194   177Re
  75 179   7  16     0.00000     0.15084   7  16     0.00000     0.53800   179Re
  75 181   8  16     0.00000     0.07230   8  16     0.00000     0.45580   181Re
  75 182   2  15     0.00000     2.41361   2  15     0.00000     2.49927   182Re
  75 183   2  21     0.00000     0.08166   2  21     0.00000     0.52637   183Re
  75 184   8  16     0.00000     0.48590   8  16     0.00000     0.94307   184Re
  75 185   5  18     0.00000     0.05931   5  18     0.00000     0.51986   185Re
  75 186   2  26    19.95098     0.16418   2  26    12.66591     0.74175   186Re
  75 187   4  21     0.00000     0.03114   4  21     0.00000     0.43534   187Re
  75 188   2  20    20.25299     0.14945   2  20    12.84075     0.71213   188Re
  75 189   8  15     0.00000     0.52060   8  15     0.00000     0.89336   189Re
  75 191   8  21     0.00000    -0.15499   8  21     0.00000     0.26272   191Re
