  77 175   8  16     0.00000    -0.01060   8  16     0.00000     0.34256   175Ir
  77 177   7  15     0.00000    -0.33521   7  15     0.00000     0.07328   177Ir
  77 181   7  16     0.00000    -0.28994   7  16     0.00000     0.17178   181Ir
  77 182   8  15     0.00000     0.78161   8  15     0.00000     1.15027   182Ir
  77 183   8  16     0.00000     0.63723   8  16     0.00000     1.04189   183Ir
  77 184   8  17     0.00000     0.29775   8  17     0.00000     0.78934   184Ir
  77 185   3  16     0.00000    -0.25250   3  16     0.00000     0.16934   185Ir
  77 186   8  17     0.00000     0.88807   8  17     0.00000     1.19134   186Ir
  77 187   8  25     0.00000    -0.11051   8  25     0.00000     0.31848   187Ir
  77 188   6  15     0.00000     0.82485   6  15     0.00000     1.21106   188Ir
  77 189   3  16     0.00000    -0.00881   3  16     0.00000     0.37951   189Ir
  77 190   8  20     0.00000    -0.00464   8  20     0.00000     0.53488   190Ir
  77 191   6  16     0.00000    -0.22601   6  16     0.00000     0.24162   191Ir
  77 192   5  25    20.55258    -0.25916   5  25    13.48174     0.34913   192Ir
  77 193   5  17    19.27470    -0.43585   5  17    12.22266     0.12753   193Ir
  77 194   8  27    19.69842     0.06576   8  27    12.41110     0.64171   194Ir
  77 195   8  15     0.00000     0.01750   8  15     0.00000     0.44106   195Ir
  77 197   8  15     0.00000     0.07316   8  15     0.00000     0.54567   197Ir
