  79 184   5  15     0.00000     0.55805   5  15     0.00000     0.95485   184Au
  79 185   8  16     0.00000    -0.54629   8  16     0.00000    -0.22139   185Au
  79 186   2  17     0.00000     0.49669   2  17     0.00000     0.92115   186Au
  79 187   8  21     0.00000    -0.10316   8  21     0.00000     0.24761   187Au
  79 189   8  18     0.00000    -0.01104   8  18     0.00000     0.35871   189Au
  79 190   5  13     0.00000     0.55547   5  13     0.00000     0.98096   190Au
  79 191   8  15     0.00000     0.15075   8  15     0.00000     0.52379   191Au
  79 192   7  16     0.00000     0.27855   7  16     0.00000     0.76480   192Au
  79 193   5  15     0.00000     0.05506   5  15     0.00000     0.43270   193Au
  79 194   4  15     0.00000     0.70580   4  15     0.00000     1.18279   194Au
  79 195   8  16     0.00000    -0.03999   8  16     0.00000     0.44436   195Au
  79 196   7  26     0.00000    -0.06310   7  26     0.00000     0.48909   196Au
  79 197   7  19     0.00000     0.14825   7  19     0.00000     0.63817   197Au
  79 198   3  17    16.70855    -0.07443   3  17     9.05949     0.59186   198Au
  79 199   6  16     0.00000     0.19352   6  16     0.00000     0.68293   199Au
  79 200   8  11     0.00000     0.39122   8  11     0.00000     1.00536   200Au
  79 201   8  15     0.00000     0.54926   8  15     0.00000     1.15267   201Au
