  81 183   2  12     0.00000     2.85864   2  12     0.00000     2.96316   183Tl
  81 187   8  17     0.00000     0.69771   8  17     0.00000     1.03541   187Tl
  81 189   3  15     0.00000     0.98906   3  15     0.00000     1.32648   189Tl
  81 191   3  15     0.00000     1.20007   3  15     0.00000     1.55507   191Tl
  81 192   2  16     0.00000     2.36974   2  16     0.00000     2.69976   192Tl
  81 194   2  15     0.00000     1.21577   2  15     0.00000     1.59289   194Tl
  81 195   5  18     0.00000     0.60463   5  18     0.00000     1.06870   195Tl
  81 196   2  16     0.00000     2.02878   2  16     0.00000     2.44076   196Tl
  81 197   8  16     0.00000     0.79686   8  16     0.00000     1.27405   197Tl
  81 198   6  17     0.00000     0.76342   6  17     0.00000     1.30404   198Tl
  81 199   7  15     0.00000     0.75888   7  15     0.00000     1.27800   199Tl
  81 200   2  16     0.00000     1.00074   2  16     0.00000     1.55742   200Tl
  81 201   3  15     0.00000     0.26938   3  15     0.00000     0.89082   201Tl
  81 202   2  15     0.00000     1.65673   2  15     0.00000     2.35438   202Tl
  81 203   7  17     0.00000    -0.03951   7  17     0.00000     0.73500   203Tl
  81 204   8  26    12.85908     0.14044   8  26     5.53042     0.70431   204Tl
  81 205   5  18     0.00000     0.05485   5  18     0.00000     0.94394   205Tl
  81 206   2  15     7.60159    -1.91564   2  15     2.45361     1.56067   206Tl
  81 207   7  16     0.00000     1.50924   7  16     0.00000     2.62494   207Tl
