  83 197   2  13     0.00000     2.31240   2  13     0.00000     2.65135   197Bi
  83 199   8  18     0.00000     1.15238   8  18     0.00000     1.58508   199Bi
  83 201   5  16     0.00000     0.55193   5  16     0.00000     1.06564   201Bi
  83 202   8  16     0.00000     2.46271   8  16     0.00000     2.94888   202Bi
  83 203   4  18     0.00000     0.23245   4  18     0.00000     0.85449   203Bi
  83 204   6  16     0.00000     0.70459   6  16     0.00000     1.31579   204Bi
  83 205   4  17     0.00000     0.10315   4  17     0.00000     0.83465   205Bi
  83 206   8  18     0.00000     0.47701   8  18     0.00000     1.23660   206Bi
  83 207   5  23     0.00000    -0.01104   5  23     0.00000     0.80248   207Bi
  83 208   6  25     0.00000     0.56098   6  25     0.00000     1.51190   208Bi
  83 209   5  15     0.00000     1.09974   5  15     0.00000     2.09800   209Bi
  83 210   8  21     8.97642    -0.94556   8  21     3.22516     1.42571   210Bi
  83 211   6  22     0.00000    -0.37795   6  22     0.00000     0.38798   211Bi
  83 214   2  11     0.00000     1.04404   2  11     0.00000     1.41442   214Bi
