  85 203   6  15     0.00000     1.29773   6  15     0.00000     1.71824   203At
  85 205   2  15     0.00000     0.96177   2  15     0.00000     1.43962   205At
  85 207   8  15     0.00000    -0.11864   8  15     0.00000     0.52372   207At
  85 208   8  19     0.00000     0.40877   8  19     0.00000     1.00254   208At
  85 209   7  18     0.00000     0.17234   7  18     0.00000     0.78553   209At
  85 210   6  15     0.00000     0.66546   6  15     0.00000     1.36121   210At
  85 211   8  26     0.00000     0.73572   8  26     0.00000     1.43243   211At
  85 212   7  16     0.00000     0.54416   7  16     0.00000     1.17391   212At
  85 214   8  15     0.00000     0.64362   8  15     0.00000     1.14616   214At
  85 216   7  17     0.00000     0.25717   7  17     0.00000     0.74605   216At
  85 217   8  15     0.00000     0.04721   8  15     0.00000     0.43413   217At
