  88 212   2  13     0.00000     2.32717   2  13     0.00000     2.75313   212Ra
  88 214   2  15     0.00000     2.52307   2  15     0.00000     2.94599   214Ra
  88 216   2  15     0.00000     2.71936   2  15     0.00000     3.10848   216Ra
  88 217   2  15     0.00000     1.29091   2  15     0.00000     1.66209   217Ra
  88 218   8  15     0.00000     0.35115   8  15     0.00000     0.74972   218Ra
  88 219   5  17     0.00000    -0.21512   5  17     0.00000     0.20914   219Ra
  88 220   4  15     0.00000     0.82276   4  15     0.00000     1.13682   220Ra
  88 221   8  10     0.00000     0.02214   8  10     0.00000     0.31555   221Ra
  88 222   5  15     0.00000     0.03441   5  15     0.00000     0.38828   222Ra
  88 223   7  16     0.00000    -0.29871   7  16     0.00000     0.05977   223Ra
  88 224   8  15     0.00000    -0.33605   8  15     0.00000    -0.01516   224Ra
  88 225   8  15     0.00000    -0.34794   8  15     0.00000    -0.00732   225Ra
  88 226   8  21     0.00000    -0.32561   8  21     0.00000     0.00124   226Ra
  88 227   8  17    25.66450    -0.46224   8  17    16.42561    -0.04888   227Ra
  88 228   5  16     0.00000    -0.28758   5  16     0.00000     0.00140   228Ra
  88 230   8  16     0.00000    -0.13696   8  16     0.00000     0.14909   230Ra
  88 231   4  18     0.00000     0.22581   4  18     0.00000     0.51538   231Ra
