  89 217   8  10     0.00000     1.44681   8  10     0.00000     1.76321   217Ac
  89 219   7  16     0.00000     0.63513   7  16     0.00000     0.97130   219Ac
  89 220   8  16     0.00000     0.42987   8  16     0.00000     0.82764   220Ac
  89 223   7  10     0.00000    -0.64926   7  10     0.00000    -0.21756   223Ac
  89 224   8  15     0.00000     0.12460   8  15     0.00000     0.60070   224Ac
  89 225   8  16     0.00000    -0.32108   8  16     0.00000     0.03870   225Ac
  89 226   8  15     0.00000     0.54973   8  15     0.00000     0.89476   226Ac
  89 227   5  16     0.00000    -0.41573   5  16     0.00000    -0.04190   227Ac
  89 229   8  15     0.00000    -0.06096   8  15     0.00000     0.22294   229Ac
  89 230   8  15     0.00000     0.68158   8  15     0.00000     1.02004   230Ac
  89 231   8  15     0.00000     0.10826   8  15     0.00000     0.40628   231Ac
