  90 220   2  15     0.00000     1.56018   2  15     0.00000     2.31728   220Th
  90 221   2  13     0.00000     1.76817   2  13     0.00000     2.02163   221Th
  90 222   2  15     0.00000     1.28905   2  15     0.00000     1.60928   222Th
  90 223   8  15     0.00000    -0.02607   8  15     0.00000     0.31959   223Th
  90 224   5  16     0.00000     1.20737   5  16     0.00000     1.10343   224Th
  90 226   8  17     0.00000     0.18326   8  17     0.00000     0.25412   226Th
  90 227   8  15     0.00000    -0.29310   8  15     0.00000     0.03228   227Th
  90 228   5  15     0.00000    -0.43193   5  15     0.00000    -0.12074   228Th
  90 229   8  22    30.78876    -0.50492   8  22    18.20775    -0.19636   229Th
  90 230   3  15    24.60108    -0.67146   3  15    15.79755    -0.23883   230Th
  90 231   3  16    26.04181    -0.46548   3  16    16.97833    -0.01948   231Th
  90 232   8  29     0.00000    -0.37736   8  29     0.00000    -0.11341   232Th
  90 233   7  16    26.60845    -0.37359   7  16    19.32563     0.03788   233Th
  90 234   8  12     0.00000     0.63754   8  12     0.00000     0.84985   234Th
