  22  42   2  15     0.00000     0.51499                                    42Ti
  22  43   8  15     0.00000    -0.43048                                    43Ti
  22  44   4  16     0.00000     2.41524                                    44Ti
  22  45   3  18     0.00000     0.38905                                    45Ti
  22  46   4  20     0.00000     0.57402                                    46Ti
  22  47   3  15     0.29428     0.10822                                    47Ti
  22  48   2  15    -0.28119     0.21017                                    48Ti
  22  49   8  16     1.19144     0.66844                                    49Ti
  22  50   5  15     0.11599     2.02913                                    50Ti
  22  51   3  16    -0.74594    -0.12750                                    51Ti
  22  52   6  18     0.00000     2.74492                                    52Ti
