  24  47   8  15     0.00000     0.79321                                    47Cr
  24  48   6  15     0.00000     1.57725                                    48Cr
  24  49   5  16     0.00000     0.35813                                    49Cr
  24  50   8  22     0.00000    -0.40828                                    50Cr
  24  51   6  15     0.30956     0.40556                                    51Cr
  24  52   7  16     0.00000     1.72305                                    52Cr
  24  53   5  25    -0.48989    -0.91486                                    53Cr
  24  54   4  15    -0.71530    -0.83640                                    54Cr
  24  55   8  24     0.22133     0.70897                                    55Cr
  24  56   5  15     0.00000     1.74805                                    56Cr
