  28  56   5  21     0.00000    -1.41885                                    56Ni
  28  57   3  16     0.00000    -2.92027                                    57Ni
  28  58   2  18     0.00000     0.48260                                    58Ni
  28  59   2  23     0.30822    -0.72720                                    59Ni
  28  60   7  32    -0.50236    -0.90088                                    60Ni
  28  61   8  15     0.35242     0.20862                                    61Ni
  28  62   6  18    -0.45345    -0.77945                                    62Ni
  28  63   8  18     0.29525    -0.28741                                    63Ni
  28  64   4  17     0.00000     0.56984                                    64Ni
  28  65   7  17     0.51554    -0.25974                                    65Ni
  28  66   4  15     0.00000     0.88282                                    66Ni
  28  67   2   9     0.00000    -0.36445                                    67Ni
  28  68   8  18     0.00000    -0.44144                                    68Ni
