  31  64   8  15     0.00000    -0.63144                                    64Ga
  31  65   7  16     0.00000    -0.70189                                    65Ga
  31  66   4  19     0.00000    -0.48789                                    66Ga
  31  67   2  19     0.00000     0.28749                                    67Ga
  31  68   8  22     0.00000    -0.58474                                    68Ga
  31  69   6  15     0.00000    -0.03234                                    69Ga
  31  70   4  29    -0.37283    -1.64335                                    70Ga
  31  71   6  16     0.00000    -0.89719                                    71Ga
  31  72   8  16    -0.17476    -1.32633                                    72Ga
  31  73   8  15     0.00000     0.46069                                    73Ga
