  37  77   8  16     0.00000    -0.21699                                    77Rb
  37  78   0   1     0.00000    -0.12638                                    78Rb
  37  79   6  15     0.00000    -0.81149                                    79Rb
  37  80   2  12     0.00000    -0.54886                                    80Rb
  37  81   3  15     0.00000    -0.50713                                    81Rb
  37  82   8  20     0.00000    -0.80598                                    82Rb
  37  83   3  15     0.00000    -0.31320                                    83Rb
  37  84   8  15     0.00000    -1.17753                                    84Rb
  37  85   8  17     0.00000    -0.37867                                    85Rb
  37  86   5  16     0.08219    -1.11164                                    86Rb
  37  87   7  15     0.00000    -0.60459                                    87Rb
  37  88   8  15    -0.77391    -2.91747                                    88Rb
  37  89   7  15     0.00000     0.23125                                    89Rb
  37  90   5  15     0.00000    -0.60021                                    90Rb
  37  91   6  18     0.00000    -0.49382                                    91Rb
