  41  87   8  15     0.00000     1.12251                                    87Nb
  41  88   2   3     0.00000    -0.12638                                    88Nb
  41  89   8  17     0.00000     0.10637                                    89Nb
  41  90   7  26     0.00000    -2.82906                                    90Nb
  41  91   7  16     0.00000    -2.28387                                    91Nb
  41  92   8  15     0.00000    -2.31834                                    92Nb
  41  93   5  15     0.00000    -0.53091                                    93Nb
  41  94   8  19     0.41267    -0.04536                                    94Nb
  41  95   5  18     0.00000     0.27645                                    95Nb
  41  96   8  16     0.00000    -0.24929                                    96Nb
  41  97   8  18     0.00000     0.08140                                    97Nb
  41  99   8  16     0.00000     0.04576                                    99Nb
  41 100   2   7     0.00000     0.38145                                   100Nb
  41 101   8  16     0.00000    -0.23075                                   101Nb
  41 102   0   1     0.00000    -0.12638                                   102Nb
  41 103   6  15     0.00000    -0.47279                                   103Nb
