  45  96   8  15     0.00000     0.51937                                    96Rh
  45  97   6  15     0.00000     0.55133                                    97Rh
  45  99   8  15     0.00000    -0.58871                                    99Rh
  45 100   8  16     0.00000    -1.42716                                   100Rh
  45 101   7  17     0.00000    -0.74487                                   101Rh
  45 102   7  15     0.00000    -1.08746                                   102Rh
  45 103   2  15     0.00000    -0.68593                                   103Rh
  45 104   8  15    -0.25924    -0.50972                                   104Rh
  45 105   6  24     0.00000    -0.39775                                   105Rh
  45 106   0   1     0.00000    -0.12638                                   106Rh
  45 107   2  15     0.00000    -0.54059                                   107Rh
  45 108   2   3     0.00000    -0.12638                                   108Rh
  45 109   8  24     0.00000    -0.08741                                   109Rh
  45 110   0   1     0.00000    -0.12638                                   110Rh
  45 111   2  15     0.00000    -0.37993                                   111Rh
