  48 103   2  15     0.00000    -0.73308                                   103Cd
  48 104   3  15     0.00000     0.12289                                   104Cd
  48 105   8  26     0.00000    -0.41770                                   105Cd
  48 106   5  21     0.00000    -0.26668                                   106Cd
  48 107   6  16     0.34387    -0.82827                                   107Cd
  48 108   5  16     0.00000     0.26776                                   108Cd
  48 109   5  17     0.04863    -0.51128                                   109Cd
  48 110   8  19     0.00000     0.18192                                   110Cd
  48 111   4  27     0.06159    -0.73864                                   111Cd
  48 112   6  27     0.15070     0.27652                                   112Cd
  48 113   6  15    -0.13863    -0.87257                                   113Cd
  48 114   6  23     0.14323     0.21712                                   114Cd
  48 115   8  16     0.36401    -0.39981                                   115Cd
  48 116   6  19     0.00000     0.14379                                   116Cd
  48 117   6  15     0.30026    -0.61819                                   117Cd
  48 118   5  16     0.00000     1.06833                                   118Cd
  48 119   8  16     0.00000     0.01483                                   119Cd
  48 120   8  15     0.00000     1.89503                                   120Cd
  48 121   8  22     0.00000    -0.10013                                   121Cd
  48 122   2   6     0.00000     1.39985                                   122Cd
  48 123   8  16     0.00000     0.13965                                   123Cd
