  49 104   7  17     0.00000    -0.01538                                   104In
  49 105   0   1     0.00000    -0.12638                                   105In
  49 106   6  16     0.00000    -0.21170                                   106In
  49 107   5  18     0.00000    -0.49357                                   107In
  49 108   8  19     0.00000    -1.01995                                   108In
  49 109   5  16     0.00000    -0.86402                                   109In
  49 110   8  25     0.00000    -1.35804                                   110In
  49 111   2  15     0.00000    -0.81450                                   111In
  49 112   4  24     0.00000    -1.42743                                   112In
  49 113   8  15     0.00000    -0.89599                                   113In
  49 114   6  15     0.45176    -1.04629                                   114In
  49 115   8  16     0.00000    -0.98470                                   115In
  49 116   8  15     0.50811    -0.59901                                   116In
  49 117   5  18     0.00000    -0.32021                                   117In
  49 119   8  15     0.00000    -0.55515                                   119In
  49 120   0   1     0.00000    -0.12638                                   120In
  49 121   7  15     0.00000     0.11868                                   121In
  49 123   8  19     0.00000     1.04755                                   123In
  49 124   2   7     0.00000    -0.46244                                   124In
  49 125   6  21     0.00000     1.31062                                   125In
