  51 113   8  17     0.00000     0.16997                                   113Sb
  51 114   7  24     0.00000     0.28703                                   114Sb
  51 116   8  16     0.00000    -1.03309                                   116Sb
  51 117   4  16     0.00000    -0.62065                                   117Sb
  51 118   4  22     0.00000    -0.89971                                   118Sb
  51 119   7  16     0.00000    -0.49592                                   119Sb
  51 120   2  15     0.00000    -1.11433                                   120Sb
  51 121   4  21     0.00000    -0.51292                                   121Sb
  51 122   2  17     0.39152    -1.24358                                   122Sb
  51 123   3  17     0.00000     0.08595                                   123Sb
  51 124   8  15    -0.11609    -0.77157                                   124Sb
  51 125   5  15     0.00000     0.71199                                   125Sb
  51 126   2   5     0.00000    -0.70813                                   126Sb
  51 127   6  17     0.00000     1.19655                                   127Sb
  51 128   0   1     0.00000    -0.12638                                   128Sb
  51 129   8  15     0.00000     1.12960                                   129Sb
  51 130   6  25     0.00000     0.08253                                   130Sb
  51 131   7  15     0.00000     0.57378                                   131Sb
