  54 117   8  18     0.00000    -0.13136                                   117Xe
  54 118   4  17     0.00000     0.75948                                   118Xe
  54 119   8  15     0.00000    -0.02917                                   119Xe
  54 120   4  18     0.00000     0.67470                                   120Xe
  54 121   6  20     0.00000    -0.43499                                   121Xe
  54 122   8  15     0.00000     1.09416                                   122Xe
  54 123   6  15     0.00000    -0.35458                                   123Xe
  54 124   8  18     0.00000     1.32124                                   124Xe
  54 125   5  25     0.00000    -0.15968                                   125Xe
  54 126   5  25     0.00000     0.67255                                   126Xe
  54 127   8  23     0.00000    -0.49392                                   127Xe
  54 128   7  17     0.00000     0.54351                                   128Xe
  54 129   5  21    -0.50426    -0.94582                                   129Xe
  54 130   8  21    -0.03526     0.39826                                   130Xe
  54 131   5  17     0.20194    -0.58357                                   131Xe
  54 132   5  17    -0.46643    -0.19176                                   132Xe
  54 133   8  16    -0.27621     0.25701                                   133Xe
  54 134   6  20     0.00000     1.22682                                   134Xe
  54 135   8  17     0.43257     0.85590                                   135Xe
  54 136   2  16     0.00000     1.22021                                   136Xe
  54 137   6  15     1.33992     0.89076                                   137Xe
  54 138   5  15     0.00000     1.46522                                   138Xe
  54 139   7  20     0.00000    -0.11602                                   139Xe
