  55 122   8  25     0.00000    -0.50377                                   122Cs
  55 123   8  23     0.00000    -0.26876                                   123Cs
  55 124   8  24     0.00000    -0.51466                                   124Cs
  55 125   8  15     0.00000     0.46733                                   125Cs
  55 126   6  15     0.00000    -0.33737                                   126Cs
  55 127   5  17     0.00000    -0.11956                                   127Cs
  55 128   2   7     0.00000    -0.55975                                   128Cs
  55 129   5  19     0.00000    -0.57913                                   129Cs
  55 130   8  17     0.00000    -0.48057                                   130Cs
  55 131   5  15     0.00000    -0.80244                                   131Cs
  55 132   4  15     0.00000    -1.11683                                   132Cs
  55 133   2  16     0.00000    -0.70627                                   133Cs
  55 134   8  15    -0.22279    -1.38782                                   134Cs
  55 137   8  16     0.00000     0.10215                                   137Cs
  55 138   8  17     0.00000     0.19200                                   138Cs
  55 139   8  18     0.00000    -0.55084                                   139Cs
  55 140   7  15     0.00000    -1.00676                                   140Cs
  55 141   5  16     0.00000    -0.49699                                   141Cs
  55 142   8  20     0.00000    -0.45649                                   142Cs
  55 143   8  16     0.00000     0.35624                                   143Cs
