  56 121   8  15     0.00000     0.14183                                   121Ba
  56 122   2   9     0.00000     1.54457                                   122Ba
  56 123   8  19     0.00000    -0.07064                                   123Ba
  56 124   8  17     0.00000     1.16820                                   124Ba
  56 125   2   7     0.00000     0.65339                                   125Ba
  56 126   4  21     0.00000     0.76177                                   126Ba
  56 127   8  21     0.00000    -0.29251                                   127Ba
  56 128   7  15     0.00000     0.64288                                   128Ba
  56 129   8  18     0.00000    -0.63330                                   129Ba
  56 130   4  24     0.00000     0.17729                                   130Ba
  56 131   6  18    -0.25924    -0.60391                                   131Ba
  56 132   3  19     0.00000     0.45834                                   132Ba
  56 133   4  17     0.25827    -0.50118                                   133Ba
  56 134   8  16     0.00000    -0.09995                                   134Ba
  56 135   2  15    -0.24867    -0.81518                                   135Ba
  56 136   4  19    -0.27387     0.93993                                   136Ba
  56 137   7  15    -0.12865     0.30615                                   137Ba
  56 138   8  21     0.18940     1.08957                                   138Ba
  56 139   5  15    -0.32241     0.34882                                   139Ba
  56 140   8  16     0.00000     0.40005                                   140Ba
  56 141   5  15     0.00000    -0.46251                                   141Ba
  56 142   8  17     0.00000     0.54796                                   142Ba
  56 143   8  18     0.00000    -0.69415                                   143Ba
  56 144   7  16     0.00000     0.99126                                   144Ba
  56 145   3  18     0.00000    -0.55333                                   145Ba
  56 146   8  22     0.00000     1.17014                                   146Ba
  56 147   5  20     0.00000    -0.50216                                   147Ba
