  57 130   3  15     0.00000    -0.17563                                   130La
  57 131   8  15     0.00000    -0.28283                                   131La
  57 132   8  15     0.00000    -0.15664                                   132La
  57 133   4  15     0.00000    -0.35984                                   133La
  57 134   8  18     0.00000    -0.92722                                   134La
  57 135   4  15     0.00000    -0.51375                                   135La
  57 136   6  16     0.00000    -1.61403                                   136La
  57 137   8  16     0.00000     0.23436                                   137La
  57 138   6  20     0.00000    -0.79036                                   138La
  57 139   4  21     0.35542    -0.31358                                   139La
  57 140   8  25    -0.15186    -0.89120                                   140La
  57 141   8  18     0.00000    -0.11071                                   141La
  57 142   8  15     0.00000    -0.61077                                   142La
  57 143   7  18     0.00000    -0.04358                                   143La
  57 144   8  15     0.00000    -0.30319                                   144La
  57 145   2  15     0.00000    -0.34022                                   145La
  57 146   6  16     0.00000     0.08773                                   146La
  57 147   2  15     0.00000    -0.27548                                   147La
  57 148   8  16     0.00000    -0.19872                                   148La
