  61 139   5  17     0.00000    -0.19142                                   139Pm
  61 140   6  15     0.00000    -0.83431                                   140Pm
  61 141   8  17     0.00000     0.19711                                   141Pm
  61 142   8  18     0.00000    -0.33816                                   142Pm
  61 143   6  18     0.00000    -0.66320                                   143Pm
  61 144   8  23     0.00000    -0.23561                                   144Pm
  61 145   8  27     0.00000    -0.40078                                   145Pm
  61 146   7  15     0.00000    -1.44585                                   146Pm
  61 147   2  17     0.00000    -0.43215                                   147Pm
  61 148   8  18     0.00521    -0.55484                                   148Pm
  61 149   5  16     0.00000    -0.44251                                   149Pm
  61 150   0   1     0.00000    -0.12638                                   150Pm
  61 151   6  15     0.00000    -0.14974                                   151Pm
  61 153   8  18     0.00000     0.24382                                   153Pm
  61 154   0   1     0.00000    -0.12638                                   154Pm
  61 155   8  21     0.00000     0.54993                                   155Pm
