  62 138   8  16     0.00000     1.05817                                   138Sm
  62 139   3  17     0.00000    -0.34403                                   139Sm
  62 141   7  17     0.00000    -0.55889                                   141Sm
  62 142   8  18     0.00000     1.27874                                   142Sm
  62 143   5  16     0.00000     0.23471                                   143Sm
  62 144   5  16     0.00000     0.04157                                   144Sm
  62 145   4  17     0.20862     0.35242                                   145Sm
  62 146   6  15     0.00000     0.69337                                   146Sm
  62 147   4  15     0.00000    -0.83596                                   147Sm
  62 148   8  29    -0.00653     0.63274                                   148Sm
  62 149   7  19    -0.33923    -0.74594                                   149Sm
  62 150   3  21    -0.54457     0.32376                                   150Sm
  62 151   5  16    -0.21512    -0.67613                                   151Sm
  62 152   5  17     0.10528     0.31323                                   152Sm
  62 153   4  17    -0.21512    -0.70627                                   153Sm
  62 154   5  22     0.00000     0.35163                                   154Sm
  62 155   7  15    -0.11252    -0.02582                                   155Sm
  62 156   8  18     0.00000     0.60531                                   156Sm
  62 157   8  15     0.00000     0.92679                                   157Sm
