  64 141   7  16     0.00000    -0.22665                                   141Gd
  64 142   8  16     0.00000     1.31315                                   142Gd
  64 143   8  15     0.00000     0.52801                                   143Gd
  64 144   8  18     0.00000     1.78993                                   144Gd
  64 146   6  28     0.00000    -1.02287                                   146Gd
  64 148   7  19     0.00000     1.36535                                   148Gd
  64 149   8  22     0.00000    -0.07232                                   149Gd
  64 150   7  22     0.00000     0.46339                                   150Gd
  64 151   8  22     0.00000    -0.46279                                   151Gd
  64 152   7  27     0.00000     0.23841                                   152Gd
  64 153   6  19    -0.35090    -0.90428                                   153Gd
  64 154   6  15     0.00000     0.21663                                   154Gd
  64 155   8  16    -0.35296    -0.48956                                   155Gd
  64 156   4  16    -0.18642     0.42824                                   156Gd
  64 157   5  15    -0.21376    -0.26304                                   157Gd
  64 158   2  17    -0.41963     0.24484                                   158Gd
  64 159   8  19    -0.39812    -0.02572                                   159Gd
  64 160   8  21     0.00000     0.43385                                   160Gd
  64 161   8  23    -0.40601    -0.00768                                   161Gd
  64 162   7  15     0.00000     0.87890                                   162Gd
