  65 147   4  18     0.00000    -0.44762                                   147Tb
  65 149   5  17     0.00000     0.02647                                   149Tb
  65 151   3  18     0.00000    -0.16830                                   151Tb
  65 153   8  26     0.00000    -0.31046                                   153Tb
  65 154   0   1     0.00000    -0.12638                                   154Tb
  65 155   6  16     0.00000    -0.30620                                   155Tb
  65 156   8  16     0.00000    -0.15183                                   156Tb
  65 157   8  20     0.00000    -0.15391                                   157Tb
  65 158   7  29     0.00000    -0.21181                                   158Tb
  65 159   2  15     0.00000    -0.21950                                   159Tb
  65 160   4  22    -0.29537    -0.43129                                   160Tb
  65 161   4  15     0.00000     0.05399                                   161Tb
