  72 166   7  16     0.00000     0.68248                                   166Hf
  72 167   8  15     0.00000     0.61388                                   167Hf
  72 168   8  17     0.00000     0.79389                                   168Hf
  72 169   8  15     0.00000    -0.20255                                   169Hf
  72 170   8  16     0.00000     0.78607                                   170Hf
  72 171   7  21     0.00000    -0.20951                                   171Hf
  72 172   3  15     0.00000     0.40298                                   172Hf
  72 173   8  15     0.00000    -0.06526                                   173Hf
  72 174   5  22     0.00000     0.55687                                   174Hf
  72 175   6  15    -0.09145    -0.29928                                   175Hf
  72 176   8  16     0.00000     0.14755                                   176Hf
  72 177   3  23     0.06206    -0.28299                                   177Hf
  72 178   7  18     0.16898     0.07502                                   178Hf
  72 179   3  21     0.05408    -0.19998                                   179Hf
  72 180   6  19    -0.13007     0.27900                                   180Hf
  72 181   8  15     0.04619     0.21118                                   181Hf
  72 182   8  17     0.00000     1.16495                                   182Hf
