  73 175   7  16     0.00000    -0.25942                                   175Ta
  73 176   2   8     0.00000    -0.21371                                   176Ta
  73 177   8  17     0.00000    -0.08094                                   177Ta
  73 178   0   1     0.00000    -0.12638                                   178Ta
  73 179   7  19     0.00000     0.06905                                   179Ta
  73 180   8  16     0.00000    -0.14534                                   180Ta
  73 181   8  20     0.56472     0.71590                                   181Ta
  73 182   5  17    -0.05539    -0.15157                                   182Ta
  73 183   2  15    -0.13029     0.33716                                   183Ta
  73 184   2   6     0.00000     0.21533                                   184Ta
  73 185   8  16     0.00000     0.74646                                   185Ta
