  74 173   8  15     0.00000     0.46197                                   173W 
  74 174   8  15     0.00000     1.26757                                   174W 
  74 175   8  15     0.00000    -0.07809                                   175W 
  74 176   8  23     0.00000     0.86108                                   176W 
  74 177   7  16     0.00000    -0.27315                                   177W 
  74 178   8  16     0.00000     0.67841                                   178W 
  74 179   6  15     0.00000    -0.14494                                   179W 
  74 180   8  22     0.00000     0.63426                                   180W 
  74 181   2  18     0.12097    -0.24168                                   181W 
  74 182   8  16     0.00000     0.72831                                   182W 
  74 183   7  16    -0.32467    -0.04159                                   183W 
  74 184   8  24     0.22892     0.70978                                   184W 
  74 185   8  29     0.06916     0.11787                                   185W 
  74 186   2  18     0.00000     0.25190                                   186W 
  74 187   8  20     0.16898     0.19240                                   187W 
  74 188   7  17     0.00000     1.32192                                   188W 
