  75 177   8  18     0.00000     0.20701                                   177Re
  75 178   0   1     0.00000    -0.12638                                   178Re
  75 179   7  16     0.00000     0.35455                                   179Re
  75 180   2   9     0.00000     0.22607                                   180Re
  75 181   8  16     0.00000     0.21057                                   181Re
  75 183   2  21     0.00000     0.06036                                   183Re
  75 184   8  16     0.00000     0.01913                                   184Re
  75 185   5  18     0.00000     0.40157                                   185Re
  75 186   2  26     0.79305    -0.10592                                   186Re
  75 187   4  21     0.00000    -0.04116                                   187Re
  75 188   2  20     0.39187    -0.13814                                   188Re
  75 189   8  15     0.00000     0.55034                                   189Re
  75 190   2   4     0.00000    -0.14747                                   190Re
  75 191   8  21     0.00000    -0.02047                                   191Re
