  77 181   7  16     0.00000    -0.19185                                   181Ir
  77 182   8  15     0.00000     0.17660                                   182Ir
  77 183   8  16     0.00000     0.85223                                   183Ir
  77 184   8  17     0.00000    -0.22743                                   184Ir
  77 185   3  16     0.00000    -0.11855                                   185Ir
  77 187   8  25     0.00000     0.39275                                   187Ir
  77 188   6  15     0.00000     0.32936                                   188Ir
  77 189   3  16     0.00000     0.03077                                   189Ir
  77 190   8  20     0.00000    -0.74952                                   190Ir
  77 191   6  16     0.00000    -0.39499                                   191Ir
  77 192   5  25     0.34616    -0.85733                                   192Ir
  77 193   5  17     0.66619    -0.36867                                   193Ir
  77 194   8  27    -0.17098    -0.68413                                   194Ir
  77 195   8  15     0.00000    -0.16005                                   195Ir
  77 196   2   5     0.00000     0.11831                                   196Ir
  77 197   8  15     0.00000    -0.05287                                   197Ir
