  79 184   5  15     0.00000     0.03857                                   184Au
  79 185   8  16     0.00000    -0.46252                                   185Au
  79 186   2  17     0.00000     0.00430                                   186Au
  79 187   8  21     0.00000    -0.44848                                   187Au
  79 189   8  18     0.00000    -0.43857                                   189Au
  79 190   5  13     0.00000    -0.29974                                   190Au
  79 191   8  15     0.00000    -0.13938                                   191Au
  79 192   7  16     0.00000    -0.48959                                   192Au
  79 193   5  15     0.00000    -0.29384                                   193Au
  79 194   4  15     0.00000    -0.18471                                   194Au
  79 195   8  16     0.00000    -0.40073                                   195Au
  79 196   7  26     0.00000    -0.78217                                   196Au
  79 197   7  19     0.00000    -0.06927                                   197Au
  79 198   3  17    -0.08172    -1.01224                                   198Au
  79 199   6  16     0.00000     0.52854                                   199Au
  79 200   8  11     0.00000    -0.14706                                   200Au
  79 201   8  15     0.00000     0.92781                                   201Au
