  82 194   8  17     0.00000     1.17250                                   194Pb
  82 195   8  20     0.00000    -0.03457                                   195Pb
  82 196   8  16     0.00000     0.48692                                   196Pb
  82 197   2  27     0.00000     0.22813                                   197Pb
  82 198   7  15     0.00000     1.17372                                   198Pb
  82 199   0   1     0.00000    -0.12638                                   199Pb
  82 201   8  16     0.00000     0.61669                                   201Pb
  82 202   8  19     0.00000     1.41682                                   202Pb
  82 203   8  15     0.00000     0.24476                                   203Pb
  82 204   2  17     0.00000     0.62211                                   204Pb
  82 205   8  17     0.73735     0.26189                                   205Pb
  82 206   8  16     0.00000     0.63755                                   206Pb
  82 207   3  15     0.59486    -0.01334                                   207Pb
  82 208   2  15     0.45423    -0.67565                                   208Pb
  82 209   2  33    -0.09490    -1.51335                                   209Pb
  82 210   8  19     0.00000     1.83112                                   210Pb
