  84 203   7  16     0.00000     0.02923                                   203Po
  84 204   8  19     0.00000     1.46893                                   204Po
  84 205   8  21     0.00000     0.68213                                   205Po
  84 206   8  16     0.00000     1.49745                                   206Po
  84 207   7  18     0.00000     0.36521                                   207Po
  84 208   8  19     0.00000     1.26846                                   208Po
  84 209   8  20     0.00000     0.58529                                   209Po
  84 210   3  15     0.00000     0.79954                                   210Po
  84 211   7  17     0.00000    -0.53669                                   211Po
  84 212   2  18     0.00000     0.86976                                   212Po
  84 213   2   5     0.00000     0.64709                                   213Po
  84 214   5  16     0.00000     1.24038                                   214Po
  84 215   8  14     0.00000     0.38855                                   215Po
