  94 237   7  15     0.00000    -0.02035                                   237Pu
  94 238   2  16     0.00000     0.38050                                   238Pu
  94 239   4  15    -0.16306    -0.01569                                   239Pu
  94 240   6  23     0.17050     0.46435                                   240Pu
  94 241   6  17    -0.06932    -0.10258                                   241Pu
  94 242   8  15     0.17099     0.52992                                   242Pu
  94 243   2  18     0.60228     0.09307                                   243Pu
  94 244   6  15     0.00000     0.57546                                   244Pu
  94 245   7  15     0.60151     0.31671                                   245Pu
  94 246   8  12     0.00000     1.05597                                   246Pu
