   5   7    7.029917               27.867865                                 7B 
   5   8    8.024606               22.921003                                 8B 
   5   9    9.013328               12.415702                                 9B 
   5  10   10.012937               12.050762                                10B 
   5  11   11.009305                8.667984                                11B 
   5  12   12.014352               13.368902                                12B 
   5  13   13.017780               16.562210                                13B 
   5  14   14.025404               23.663731                                14B 
   5  15   15.031097               28.966937                                15B 
   5  16   16.039808               37.081688                                16B 
   5  17   17.046931               43.716312                                17B 
   5  18   18.056170               52.322002                                18B 
   5  19   19.063730               59.364003                                19B 
