   8  12   12.034404               32.047840                                12O 
   8  13   13.024810               23.110736                                13O 
   8  14   14.008595                8.006456                                14O 
   8  15   15.003065                2.855388                                15O 
   8  16   15.994914   15.994804   -4.736998   -4.84                        16O 
   8  17   16.999131   16.999817   -0.809002   -0.17                        17O 
   8  18   17.999160   17.997187   -0.782064   -2.62                        18O 
   8  19   19.003578   19.002748    3.333565    2.56                        19O 
   8  20   20.004076   20.002759    3.796909    2.57                        20O 
   8  21   21.008654   21.008803    8.061736    8.20                        21O 
   8  22   22.009967   22.011176    9.284346   10.41                        22O 
   8  23   23.015691   23.019023   14.616374   17.72                        23O 
   8  24   24.020369   24.023768   18.974458   22.14                        24O 
   8  25   25.029140   25.033205   27.144001   30.93                        25O 
   8  26   26.037750   26.039453   35.164002   36.75                        26O 
   8  27               27.050006               46.58                        27O 
   8  28               28.057682               53.73                        28O 
   8  29               29.069813               65.03                        29O 
   8  30               30.078186               72.83                        30O 
   8  31               31.088353               82.30                        31O 
   8  32               32.098036               91.32                        32O 
   8  33               33.112325              104.63                        33O 
   8  34               34.122062              113.70                        34O 
