  10  16   16.025761   16.000000   23.996462                                16Ne
  10  17   17.017671   17.000000   16.460901                                17Ne
  10  18   18.005708   18.003446    5.317166    3.21        6.20            18Ne
  10  19   19.001880   19.000505    1.751440    0.47       -0.09            19Ne
  10  20   19.992440   19.991712   -7.134131   -7.72       -5.01            20Ne
  10  21   20.993846   20.993698   -5.731776   -5.87       -6.05            21Ne
  10  22   21.991385   21.990671   -8.024715   -8.69       -6.33            22Ne
  10  23   22.994466   22.994622   -5.154045   -5.01       -3.05            23Ne
  10  24   23.993610   23.993580   -5.951521   -5.98       -4.48            24Ne
  10  25   24.997736   24.998948   -2.108075   -0.98       -1.72            25Ne
  10  26   26.000461   26.001095    0.429611    1.02        1.05            26Ne
  10  27   27.007589   27.007783    7.069949    7.25        6.63            27Ne
  10  28   28.012071   28.010757   11.244601   10.02       11.67            28Ne
  10  29   29.019385   29.019141   18.057881   17.83       17.80            29Ne
  10  30   30.024801   30.024090   23.102025   22.44       24.18            30Ne
  10  31   31.033110   31.031272   30.842000   29.13       31.90            31Ne
  10  32   32.040020   32.035770   37.278000   33.32       37.68            32Ne
  10  33   33.049380   33.046119   45.997000   42.96       45.01            33Ne
  10  34   34.057028   34.053205   53.121000   49.56       52.14            34Ne
  10  35               35.065325               60.85       61.03            35Ne
  10  36               36.073838               68.78       68.63            36Ne
  10  37               37.085443               79.59       80.94            37Ne
  10  38               38.091090               84.85       85.78            38Ne
  10  39               39.106131               98.86       95.54            39Ne
  10  40               40.115750              107.82      103.86            40Ne
  10  41               41.127677              118.93      113.48            41Ne
