  11  18   18.027180               25.318001                                18Na
  11  19   19.013879   19.012314   12.928623   11.47                        19Na
  11  20   20.007348   20.006613    6.844859    6.16                        20Na
  11  21   20.997655   20.996973   -2.184261   -2.82                        21Na
  11  22   21.994436   21.994707   -5.182104   -4.93                        22Na
  11  23   22.989769   22.989458   -9.529485   -9.82                        23Na
  11  24   23.990963   23.992024   -8.417601   -7.43                        24Na
  11  25   24.989954   24.990370   -9.357459   -8.97                        25Na
  11  26   25.992589   25.993677   -6.902465   -5.89                        26Na
  11  27   26.994008   26.994439   -5.580857   -5.18                        27Na
  11  28   27.998890   27.999216   -1.033576   -0.73                        28Na
  11  29   29.002811   29.002662    2.618710    2.48                        29Na
  11  30   30.009226   30.008814    8.594416    8.21                        30Na
  11  31   31.013595   31.013151   12.663761   12.25                        31Na
  11  32   32.019649   32.019796   18.303662   18.44                        32Na
  11  33   33.027386   33.024842   25.509892   23.14                        33Na
  11  34   34.034900   34.032206   32.509002   30.00                        34Na
  11  35   35.044180   35.038852   41.153002   36.19                        35Na
  11  36               36.048717               45.38                        36Na
  11  37               37.056264               52.41                        37Na
  11  38               38.065959               61.44                        38Na
  11  39               39.073838               68.78                        39Na
  11  40               40.086034               80.14                        40Na
  11  41               41.095019               88.51                        41Na
  11  42               42.106442               99.15                        42Na
  11  43               43.115631              107.71                        43Na
  11  44               44.127505              118.77                        44Na
