  12  20   20.018862   20.017252   17.570531   16.07                        20Mg
  12  21   21.011714   21.010585   10.911682    9.86                        21Mg
  12  22   21.999574   21.998390   -0.396766   -1.50                        22Mg
  12  23   22.994124   22.993731   -5.472666   -5.84                        23Mg
  12  24   23.985041   23.984884  -13.933382  -14.08                        24Mg
  12  25   24.985837   24.986559  -13.192727  -12.52                        25Mg
  12  26   25.982593   25.982405  -16.214477  -16.39                        26Mg
  12  27   26.984340   26.986538  -14.586504  -12.54                        27Mg
  12  28   27.983876   27.984434  -15.018753  -14.50                        28Mg
  12  29   28.988554   28.989973  -10.661188   -9.34                        29Mg
  12  30   29.990464   29.990188   -8.882233   -9.14                        30Mg
  12  31   30.996548   30.996189   -3.215089   -3.55                        31Mg
  12  32   31.999145   31.998476   -0.795599   -1.42                        32Mg
  12  33   33.005586   33.005754    5.204233    5.36                        33Mg
  12  34   34.009072   34.008470    8.450922    7.89                        34Mg
  12  35   35.017490   35.016017   16.292001   14.92                        35Mg
  12  36   36.022450   36.020569   20.912001   19.16                        36Mg
  12  37   37.031240   37.029587   29.100001   27.56                        37Mg
  12  38               38.035148               32.74                        38Mg
  12  39               39.044144               41.12                        39Mg
  12  40               40.048760               45.42                        40Mg
  12  41               41.062459               58.18                        41Mg
  12  42               42.070339               65.52                        42Mg
  12  43               43.081890               76.28                        43Mg
  12  44               44.083801               78.06                        44Mg
  12  45               45.102384               95.37                        45Mg
  12  46               46.108535              101.10                        46Mg
  12  47               47.124027              115.53                        47Mg
