  14  22   22.034530   22.035609   32.164000   33.17       30.33            22Si
  14  23   23.025520   23.025336   23.772000   23.60       20.43            23Si
  14  24   24.011545   24.010542   10.754673    9.82       10.81            24Si
  14  25   25.004105   25.003435    3.824318    3.20        1.99            25Si
  14  26   25.992329   25.991036   -7.144632   -8.35       -6.66            26Si
  14  27   26.986704   26.986334  -12.384301  -12.73      -12.17            27Si
  14  28   27.976926   27.977348  -21.571678  -21.10      -21.68            28Si
  14  29   28.976494   28.978121  -21.895046  -20.38      -22.16            29Si
  14  30   29.973770   29.975867  -24.432928  -22.48      -22.59            30Si
  14  31   30.975363   30.977982  -22.949006  -20.51      -21.75            31Si
  14  32   31.974148   31.976060  -24.080907  -22.30      -21.85            32Si
  14  33   32.978000   32.979291  -20.492662  -19.29      -20.38            33Si
  14  34   33.978575   33.979055  -19.956770  -19.51      -19.44            34Si
  14  35   34.984583   34.984154  -14.360307  -14.76      -14.29            35Si
  14  36   35.986599   35.985647  -12.482507  -13.37      -11.60            36Si
  14  37   36.992936   36.991465   -6.579998   -7.95       -6.74            37Si
  14  38   37.995633   37.993849   -4.067274   -5.73       -3.60            38Si
  14  39   39.002070   39.000945    1.928205    0.88        1.22            39Si
  14  40   40.005869   40.005174    5.467052    4.82        4.98            40Si
  14  41   41.014560   41.010499   13.562553    9.78       11.68            41Si
  14  42   42.019790   42.013817   18.434000   12.87       14.16            42Si
  14  43   43.028660   43.024284   26.697000   22.62       21.91            43Si
  14  44   44.035260   44.031315   32.844000   29.17       28.22            44Si
  14  45               45.041267               38.44       36.31            45Si
  14  46               46.045389               42.28       42.94            46Si
  14  47               47.059270               55.21       51.62            47Si
  14  48               48.067225               62.62       58.50            48Si
  14  49               49.078648               73.26       68.62            49Si
  14  50               50.086989               81.03       76.62            50Si
  14  51               51.098766               92.00                        51Si
  14  52               52.106463               99.17                        52Si
  14  53               53.117564              109.51                        53Si
  14  54               54.126410              117.75                        54Si
