  15  23               23.049018               45.66       38.14            23P 
  15  24   24.034350   24.036264   31.997000   33.78       27.85            24P 
  15  25   25.020260   25.022029   18.872000   20.52       17.93            25P 
  15  26   26.011780   26.012228   10.973000   11.39        8.81            26P 
  15  27   26.999230   27.001127   -0.717030    1.05       -1.40            27P 
  15  28   27.992314   27.993022   -7.158753   -6.50       -8.54            28P 
  15  29   28.981800   28.982941  -16.952626  -15.89      -18.34            29P 
  15  30   29.978313   29.981288  -20.200575  -17.43      -22.00            30P 
  15  31   30.973761   30.976446  -24.440885  -21.94      -24.11            31P 
  15  32   31.973907   31.976650  -24.305218  -21.75      -24.33            32P 
  15  33   32.971725   32.974235  -26.337486  -24.00      -24.96            33P 
  15  34   33.973636   33.975545  -24.557669  -22.78      -24.14            34P 
  15  35   34.973314   34.974815  -24.857740  -23.46      -23.16            35P 
  15  36   35.978259   35.978078  -20.250977  -20.42      -21.01            36P 
  15  37   36.979608   36.979130  -18.994145  -19.44      -19.04            37P 
  15  38   37.984156   37.983693  -14.757820  -15.19      -15.01            38P 
  15  39   38.986179   38.985604  -12.873735  -13.41      -13.19            39P 
  15  40   39.991296   39.991036   -8.106838   -8.35       -9.11            40P 
  15  41   40.994335   40.994117   -5.276508   -5.48       -5.98            41P 
  15  42   42.001007   42.000666    0.938865    0.62        0.33            42P 
  15  43   43.006190   43.003425    5.765948    3.19        3.26            43P 
  15  44   44.012990   44.012496   12.100000   11.64        9.99            44P 
  15  45   45.019220   45.018443   17.903000   17.18       14.76            45P 
  15  46   46.027380   46.026688   25.504000   24.86       22.62            46P 
  15  47               47.031326               29.18       28.10            47P 
  15  48               48.042738               39.81       36.12            48P 
  15  49               49.050027               46.60       42.51            49P 
  15  50               50.060709               56.55       51.45            50P 
  15  51               51.069072               64.34       58.99            51P 
  15  52               52.079163               73.74       68.08            52P 
  15  53               53.087719               81.71                        53P 
  15  54               54.097757               91.06                        54P 
  15  55               55.106131               98.86                        55P 
  15  56               56.117703              109.64                        56P 
  15  57               57.127301              118.58                        57P 
