  16  24               24.059839               55.74                        24S 
  16  25               25.046592               43.40                        25S 
  16  26   26.027880   26.029780   25.970001   27.74                        26S 
  16  27   27.018795   27.018486   17.507001   17.22                        27S 
  16  28   28.004372   28.004165    4.073107    3.88                        28S 
  16  29   28.996608   28.997101   -3.158878   -2.70                        29S 
  16  30   29.984902   29.986795  -14.062807  -12.30                        30S 
  16  31   30.979554   30.982190  -19.044933  -16.59                        31S 
  16  32   31.972070   31.974503  -26.015982  -23.75                        32S 
  16  33   32.971458   32.973838  -26.586236  -24.37                        33S 
  16  34   33.967866   33.969597  -29.931851  -28.32                        34S 
  16  35   34.969032   34.970402  -28.846372  -27.57                        35S 
  16  36   35.967080   35.967847  -30.663959  -29.95                        36S 
  16  37   36.971125   36.970735  -26.896219  -27.26                        37S 
  16  38   37.971163   37.970177  -26.861077  -27.78                        38S 
  16  39   38.975135   38.973913  -23.161340  -24.30                        39S 
  16  40   39.975470   39.974364  -22.849545  -23.88                        40S 
  16  41   40.980030   40.979388  -18.601933  -19.20                        41S 
  16  42   41.981490   41.980902  -17.241952  -17.79                        42S 
  16  43   42.986600   42.986956  -12.482019  -12.15                        43S 
  16  44   43.988320   43.989930  -10.880001   -9.38                        44S 
  16  45   44.994820   44.997166   -4.825000   -2.64                        45S 
  16  46   45.999570   46.001846   -0.401000    1.72                        46S 
  16  47   47.007620   47.009898    7.098000    9.22                        47S 
  16  48   48.012990   48.015083   12.100001   14.05                        48S 
  16  49   49.022010   49.023886   20.502001   22.25                        49S 
  16  50               50.029684               27.65                        50S 
  16  51               51.040440               37.67                        51S 
  16  52               52.047751               44.48                        52S 
  16  53               53.057832               53.87                        53S 
  16  54               54.065207               60.74                        54S 
  16  55               55.075803               70.61                        55S 
  16  56               56.083329               77.62                        56S 
  16  57               57.094010               87.57                        57S 
  16  58               58.102577               95.55                        58S 
  16  59               59.116179              108.22                        59S 
  16  60               60.125819              117.20                        60S 
