  18  27               27.069469               64.71       58.54            27Ar
  18  28               28.049179               45.81       45.21            28Ar
  18  29               29.038014               35.41       32.47            29Ar
  18  30   30.021560   30.021417   20.083000   19.95       20.19            30Ar
  18  31   31.012123   31.011584   11.293000   10.79        9.44            31Ar
  18  32   31.997637   31.997724   -2.200204   -2.12       -2.09            32Ar
  18  33   32.989925   32.991669   -9.384141   -7.76       -9.33            33Ar
  18  34   33.980271   33.981718  -18.377217  -17.03      -17.04            34Ar
  18  35   34.975257   34.975867  -23.047411  -22.48      -22.87            35Ar
  18  36   35.967545   35.968266  -30.231540  -29.56      -28.52            36Ar
  18  37   36.966776   36.966763  -30.947659  -30.96      -31.12            37Ar
  18  38   37.962732   37.962018  -34.714551  -35.38      -34.36            38Ar
  18  39   38.964313   38.962673  -33.242011  -34.77      -33.43            39Ar
  18  40   39.962383   39.960783  -35.128602  -36.53      -34.70            40Ar
  18  41   40.964500   40.963081  -33.067467  -34.39      -32.80            41Ar
  18  42   41.963045   41.961760  -34.422675  -35.62      -34.18            42Ar
  18  43   42.965636   42.964702  -32.009808  -32.88      -32.60            43Ar
  18  44   43.964924   43.964251  -32.673053  -33.30      -32.12            44Ar
  18  45   44.968039   44.967761  -29.770589  -30.03      -29.22            45Ar
  18  46   45.968094   45.968878  -29.720127  -28.99      -28.52            46Ar
  18  47   46.972186   46.974203  -25.907836  -24.03      -24.90            47Ar
  18  48   47.974540   47.977198  -23.716000  -21.24      -21.77            48Ar
  18  49   48.980520   48.984026  -18.146000  -14.88      -16.70            49Ar
  18  50   49.984430   49.987686  -14.503000  -11.47      -12.74            50Ar
  18  51   50.991630   50.995191   -7.797000   -4.48       -6.44            51Ar
  18  52   51.996780   51.999689   -2.999000   -0.29       -1.75            52Ar
  18  53   53.004940   53.008116    4.602000    7.56        5.25            53Ar
  18  54               54.013806               12.86       10.88            54Ar
  18  55               55.021707               20.22       18.55            55Ar
  18  56               56.026817               24.98       24.55            56Ar
  18  57               57.036640               34.13       33.31            57Ar
  18  58               58.043468               40.49       38.88            58Ar
  18  59               59.052936               49.31       49.22            59Ar
  18  60               60.059646               55.56       54.60            60Ar
  18  61               61.069115               64.38       63.95            61Ar
  18  62               62.075492               70.32       70.76            62Ar
  18  63               63.086495               80.57       80.20            63Ar
  18  64               64.094891               88.39       87.19            64Ar
  18  65               65.106753               99.44       96.09            65Ar
  18  66               66.116952              108.94      104.07            66Ar
  18  67               67.128353              119.56                        67Ar
