  23  36               36.067139               62.54                        36V 
  23  37               37.049072               45.71                        37V 
  23  38               38.036329               33.84                        38V 
  23  39               39.021321               19.86                        39V 
  23  40   40.011090   40.010972   10.330000   10.22                        40V 
  23  41   40.999740   40.999045   -0.242000   -0.89                        41V 
  23  42   41.991230   41.989876   -8.169000   -9.43                        42V 
  23  43   42.980650   42.979388  -18.024001  -19.20                        43V 
  23  44   43.974400   43.972872  -23.846001  -25.27                        44V 
  23  45   44.965782   44.964616  -31.873593  -32.96                        45V 
  23  46   45.960199   45.960891  -37.073931  -36.43                        46V 
  23  47   46.954906   46.954525  -42.003931  -42.36                        47V 
  23  48   47.952254   47.951057  -44.474661  -45.59                        48V 
  23  49   48.948516   48.947557  -47.956181  -48.85                        49V 
  23  50   49.947162   49.945797  -49.217537  -50.49                        50V 
  23  51   50.943963   50.943274  -52.197495  -52.84                        51V 
  23  52   51.944779   51.944025  -51.437411  -52.14                        52V 
  23  53   52.944342   52.943907  -51.844606  -52.25                        53V 
  23  54   53.946444   53.946613  -49.886732  -49.73                        54V 
  23  55   54.947238   54.947171  -49.147300  -49.21                        55V 
  23  56   55.950360   55.950875  -46.239357  -45.76                        56V 
  23  57   56.952360   56.952292  -44.376369  -44.44                        57V 
  23  58   57.956650   57.956725  -40.380261  -40.31                        58V 
  23  59   58.959300   58.958679  -37.911802  -38.49                        59V 
  23  60   59.964500   59.963972  -33.068034  -33.56                        60V 
  23  61   60.967410   60.966527  -30.357001  -31.18                        61V 
  23  62   61.973140   61.971905  -25.020001  -26.17                        62V 
  23  63   62.976750   62.974997  -21.657001  -23.29                        63V 
  23  64               63.981868              -16.89                        64V 
  23  65               64.985518              -13.49                        65V 
  23  66               65.991605               -7.82                        66V 
  23  67               66.996693               -3.08                        67V 
  23  68               68.003650                3.40                        68V 
  23  69               69.008674                8.08                        69V 
  23  70               70.016264               15.15                        70V 
  23  71               71.021965               20.46                        71V 
  23  72               72.029662               27.63                        72V 
  23  73               73.035770               33.32                        73V 
  23  74               74.045175               42.08                        74V 
  23  75               75.053044               49.41                        75V 
  23  76               76.063178               58.85                        76V 
  23  77               77.071584               66.68                        77V 
  23  78               78.081944               76.33                        78V 
  23  79               79.090661               84.45                        79V 
  23  80               80.101267               94.33                        80V 
  23  81               81.110478              102.91                        81V 
  23  82               82.121504              113.18                        82V 
  23  83               83.131219              122.23                        83V 
