  25  40               40.060183               56.06       49.94            40Mn
  25  41               41.043071               40.12       35.36            41Mn
  25  42               42.030961               28.84       23.93            42Mn
  25  43               43.016125               15.02       12.42            43Mn
  25  44   44.006870   44.005872    6.399000    5.47        2.03            44Mn
  25  45   44.994510   44.993645   -5.114000   -5.92       -8.22            45Mn
  25  46   45.986720   45.985185  -12.370001  -13.80      -15.48            46Mn
  25  47   46.976100   46.975137  -22.263001  -23.16      -24.18            47Mn
  25  48   47.968870   47.967761  -28.997001  -30.03      -31.46            48Mn
  25  49   48.959623   48.958583  -37.610543  -38.58      -38.98            49Mn
  25  50   49.954243   49.954117  -42.621472  -42.74      -44.49            50Mn
  25  51   50.948215   50.947278  -48.236958  -49.11      -48.85            51Mn
  25  52   51.945570   51.944723  -50.701139  -51.49      -49.70            52Mn
  25  53   52.941294   52.940504  -54.683628  -55.42      -53.76            53Mn
  25  54   53.940363   53.939710  -55.551272  -56.16      -54.83            54Mn
  25  55   54.938049   54.938056  -57.706387  -57.70      -56.72            55Mn
  25  56   55.938909   55.939270  -56.905554  -56.57      -56.63            56Mn
  25  57   56.938287   56.938357  -57.484857  -57.42      -57.44            57Mn
  25  58   57.939986   57.940418  -55.902256  -55.50      -56.00            58Mn
  25  59   58.940447   58.940343  -55.473103  -55.57      -55.84            59Mn
  25  60   59.943193   59.943156  -52.914445  -52.95      -53.44            60Mn
  25  61   60.944460   60.944015  -51.735171  -52.15      -52.51            61Mn
  25  62   61.947970   61.948019  -48.465628  -48.42      -49.28            62Mn
  25  63   62.949810   62.949339  -46.751679  -47.19      -47.81            63Mn
  25  64   63.953730   63.953859  -43.100223  -42.98      -44.20            64Mn
  25  65   64.956100   64.956038  -40.892582  -40.95      -42.48            65Mn
  25  66   65.960820   65.961084  -36.496002  -36.25      -38.50            66Mn
  25  67   66.963820   66.962984  -33.701002  -34.48      -36.37            67Mn
  25  68               67.968556              -29.29      -31.23            68Mn
  25  69               68.971669              -26.39      -28.64            69Mn
  25  70               69.977520              -20.94      -23.11            70Mn
  25  71               70.981277              -17.44      -19.54            71Mn
  25  72               71.987633              -11.52      -13.58            72Mn
  25  73               72.992077               -7.38       -9.13            73Mn
  25  74               73.998647               -1.26       -2.44            74Mn
  25  75               75.003629                3.38        3.12            75Mn
  25  76               76.012217               11.38       10.25            76Mn
  25  77               77.019313               17.99       16.01            77Mn
  25  78               78.028406               26.46       23.89            78Mn
  25  79               79.035803               33.35       29.95            79Mn
  25  80               80.045347               42.24       38.00            80Mn
  25  81               81.053055               49.42       45.09            81Mn
  25  82               82.063511               59.16       53.93            82Mn
  25  83               83.071927               67.00       60.86            83Mn
  25  84               84.081793               76.19       69.44            84Mn
  25  85               85.090017               83.85       77.19            85Mn
  25  86               86.100419               93.54       85.76            86Mn
  25  87               87.109276              101.79       93.86            87Mn
  25  88               88.119969              111.75      103.66            88Mn
  25  89               89.128707              119.89                        89Mn
