  26  42               42.053033               49.40       44.21            42Fe
  26  43               43.040784               37.99       31.91            43Fe
  26  44               44.025357               23.62       19.42            44Fe
  26  45   45.014578   45.013859   13.579000   12.91        8.31            45Fe
  26  46   46.000810   45.999979    0.755000   -0.02       -3.58            46Fe
  26  47   46.992890   46.991283   -6.623000   -8.12      -11.09            47Fe
  26  48   47.980504   47.979678  -18.160000  -18.93      -19.91            48Fe
  26  49   48.973610   48.973076  -24.582000  -25.08      -26.91            49Fe
  26  50   49.962988   49.962855  -34.475541  -34.60      -35.35            50Fe
  26  51   50.956819   50.956178  -40.222341  -40.82      -42.41            51Fe
  26  52   51.948113   51.948094  -48.331615  -48.35      -47.87            52Fe
  26  53   52.945307   52.944251  -50.945323  -51.93      -50.68            53Fe
  26  54   53.939610   53.938722  -56.252456  -57.08      -54.77            54Fe
  26  55   54.938293   54.937606  -57.479368  -58.12      -56.24            55Fe
  26  56   55.934937   55.934814  -60.605352  -60.72      -58.87            56Fe
  26  57   56.935393   56.935577  -60.180130  -60.01      -59.19            57Fe
  26  58   57.933275   57.933462  -62.153418  -61.98      -60.73            58Fe
  26  59   58.934875   58.935383  -60.663114  -60.19      -59.34            59Fe
  26  60   59.934071   59.933988  -61.411832  -61.49      -60.32            60Fe
  26  61   60.936745   60.936489  -58.921391  -59.16      -58.30            61Fe
  26  62   61.936767   61.936221  -58.900749  -59.41      -58.26            62Fe
  26  63   62.940369   62.939860  -55.545834  -56.02      -55.53            63Fe
  26  64   63.941201   63.939892  -54.770668  -55.99      -54.81            64Fe
  26  65   64.945380   64.943736  -50.877951  -52.41      -51.43            65Fe
  26  66   65.946780   65.944691  -49.573517  -51.52      -50.69            66Fe
  26  67   66.950947   66.950048  -45.692348  -46.53      -46.86            67Fe
  26  68   67.953700   67.951304  -43.128173  -45.36      -44.94            68Fe
  26  69   68.958780   68.956811  -38.396000  -40.23      -40.72            69Fe
  26  70   69.961460   69.958937  -35.900000  -38.25      -38.57            70Fe
  26  71   70.966720   70.964487  -31.000000  -33.08      -33.91            71Fe
  26  72   71.969620   71.967192  -28.299000  -30.56      -30.80            72Fe
  26  73               72.973441              -24.74      -25.54            73Fe
  26  74               73.976801              -21.61      -21.57            74Fe
  26  75               74.983263              -15.59      -15.54            75Fe
  26  76               75.987139              -11.98       -9.79            76Fe
  26  77               76.995738               -3.97       -3.81            77Fe
  26  78               78.001986                1.85        1.61            78Fe
  26  79               79.010821               10.08        8.76            79Fe
  26  80               80.017767               16.55       14.82            80Fe
  26  81               81.027365               25.49       22.62            81Fe
  26  82               82.034332               31.98       29.21            82Fe
  26  83               83.044187               41.16       37.35            83Fe
  26  84               84.052142               48.57       44.34            84Fe
  26  85               85.062019               57.77       52.48            85Fe
  26  86               86.069190               64.45       59.75            86Fe
  26  87               87.079485               74.04       68.47            87Fe
  26  88               88.087633               81.63       75.99            88Fe
  26  89               89.097929               91.22       84.97            89Fe
  26  90               90.105937               98.68       92.88            90Fe
  26  91               91.117478              109.43                        91Fe
  26  92               92.124918              116.36                        92Fe
