  29  48               48.048277               44.97       36.77            48Cu
  29  49               49.031863               29.68       23.02            49Cu
  29  50               50.020537               19.13       13.11            50Cu
  29  51               51.006377                5.94        2.55            51Cu
  29  52   51.997180   51.997016   -2.627000   -2.78       -5.70            52Cu
  29  53   52.985550   52.984670  -13.460000  -14.28      -16.10            53Cu
  29  54   53.976710   53.976414  -21.694000  -21.97      -24.42            54Cu
  29  55   54.966050   54.965432  -31.624000  -32.20      -32.45            55Cu
  29  56   55.958560   55.958508  -38.601000  -38.65      -37.73            56Cu
  29  57   56.949211   56.948749  -47.309576  -47.74      -46.73            57Cu
  29  58   57.944538   57.945378  -51.662055  -50.88      -49.83            58Cu
  29  59   58.939498   58.939720  -56.357224  -56.15      -55.44            59Cu
  29  60   59.937365   59.938132  -58.344099  -57.63      -57.27            60Cu
  29  61   60.933457   60.934278  -61.983640  -61.22      -60.86            61Cu
  29  62   61.932583   61.933494  -62.797837  -61.95      -61.31            62Cu
  29  63   62.929597   62.930617  -65.579531  -64.63      -64.10            63Cu
  29  64   63.929764   63.930832  -65.424243  -64.43      -64.05            64Cu
  29  65   64.927789   64.928599  -67.263661  -66.51      -66.20            65Cu
  29  66   65.928868   65.929608  -66.258274  -65.57      -65.23            66Cu
  29  67   66.927730   66.928137  -67.318779  -66.94      -66.64            67Cu
  29  68   67.929610   67.929962  -65.567035  -65.24      -65.04            68Cu
  29  69   68.929429   68.929436  -65.736213  -65.73      -65.64            69Cu
  29  70   69.932392   69.932088  -62.976127  -63.26      -63.60            70Cu
  29  71   70.932676   70.932131  -62.711127  -63.22      -63.29            71Cu
  29  72   71.935820   71.935179  -59.782999  -60.38      -60.62            72Cu
  29  73   72.936675   72.935866  -58.986595  -59.74      -60.10            73Cu
  29  74   73.939874   73.939355  -56.006205  -56.49      -57.05            74Cu
  29  75   74.941900   74.940687  -54.119802  -55.25      -55.77            75Cu
  29  76   75.945275   75.944691  -50.975985  -51.52      -52.10            76Cu
  29  77   76.947850   76.946666  -48.577000  -49.68      -49.54            77Cu
  29  78   77.951960   77.951132  -44.749000  -45.52      -44.14            78Cu
  29  79   78.954560   78.953891  -42.327000  -42.95      -42.38            79Cu
  29  80   79.960870   79.960472  -36.449000  -36.82      -35.98            80Cu
  29  81               80.965496              -32.14      -31.82            81Cu
  29  82               81.972850              -25.29      -25.99            82Cu
  29  83               82.978175              -20.33      -21.10            83Cu
  29  84               83.985926              -13.11      -14.53            84Cu
  29  85               84.991766               -7.67       -9.45            85Cu
  29  86               86.000043                0.04       -2.12            86Cu
  29  87               87.007032                6.55        3.09            87Cu
  29  88               88.015309               14.26       11.02            88Cu
  29  89               89.021364               19.90       16.60            89Cu
  29  90               90.029855               27.81       24.64            90Cu
  29  91               91.036930               34.40       31.16            91Cu
  29  92               92.045615               42.49       38.77            92Cu
  29  93               93.052808               49.19       45.58            93Cu
  29  94               94.062491               58.21       53.99            94Cu
  29  95               95.070500               65.67       60.73            95Cu
  29  96               96.080129               74.64       69.47            96Cu
  29  97               97.087913               81.89       75.94            97Cu
  29  98               98.097650               90.96       84.93            98Cu
  29  99               99.105755               98.51       92.03            99Cu
  29 100              100.116308              108.34      101.73           100Cu
  29 101              101.125293              116.71      108.50           101Cu
  29 102              102.135696              126.40      117.94           102Cu
