  32  55               55.029490               27.47       21.45            55Ge
  32  56               56.014332               13.35        8.86            56Ge
  32  57               57.004316                4.02       -1.75            57Ge
  32  58   57.991010   57.991014   -8.374000   -8.37      -11.36            58Ge
  32  59   58.981750   58.982190  -17.000000  -16.59      -18.06            59Ge
  32  60   59.970190   59.970606  -27.768000  -27.38      -28.61            60Ge
  32  61   60.963790   60.964337  -33.729000  -33.22      -35.11            61Ge
  32  62   61.954650   61.955598  -42.243000  -41.36      -42.59            62Ge
  32  63   62.949640   62.950767  -46.910000  -45.86      -47.42            63Ge
  32  64   63.941653   63.943059  -54.349881  -53.04      -53.61            64Ge
  32  65   64.939436   64.940332  -56.414625  -55.58      -56.53            65Ge
  32  66   65.933843   65.934750  -61.624427  -60.78      -60.91            66Ge
  32  67   66.932734   66.933311  -62.657810  -62.12      -62.38            67Ge
  32  68   67.928094   67.928631  -66.979785  -66.48      -65.85            68Ge
  32  69   68.927964   68.928255  -67.100605  -66.83      -66.57            69Ge
  32  70   69.924247   69.924669  -70.563111  -70.17      -69.44            70Ge
  32  71   70.924950   70.924906  -69.907736  -69.95      -69.67            71Ge
  32  72   71.922075   71.922157  -72.585911  -72.51      -71.91            72Ge
  32  73   72.923458   72.923242  -71.297534  -71.50      -71.17            73Ge
  32  74   73.921177   73.921266  -73.422437  -73.34      -72.71            74Ge
  32  75   74.922858   74.923005  -71.856427  -71.72      -72.02            75Ge
  32  76   75.921402   75.920987  -73.213046  -73.60      -73.11            76Ge
  32  77   76.923548   76.923209  -71.214029  -71.53      -71.70            77Ge
  32  78   77.922852   77.922318  -71.862211  -72.36      -72.20            78Ge
  32  79   78.925400   78.925077  -69.488526  -69.79      -70.47            79Ge
  32  80   79.925372   79.925045  -69.515169  -69.82      -69.66            80Ge
  32  81   80.928820   80.928631  -66.303308  -66.48      -66.33            81Ge
  32  82   81.929549   81.929694  -65.624008  -65.49      -65.45            82Ge
  32  83   82.934620   82.934750  -60.901000  -60.78      -61.28            83Ge
  32  84   83.937470   83.937670  -58.246000  -58.06      -58.09            84Ge
  32  85   84.943030   84.943671  -53.067000  -52.47      -53.13            85Ge
  32  86   85.946490   85.947042  -49.844000  -49.33      -49.94            86Ge
  32  87   86.952510   86.953494  -44.237000  -43.32      -44.34            87Ge
  32  88   87.956910   87.957434  -40.138000  -39.65      -40.43            88Ge
  32  89   88.963830   88.964358  -33.692000  -33.20      -34.51            89Ge
  32  90               89.968792              -29.07      -30.25            90Ge
  32  91               90.976178              -22.19      -23.96            91Ge
  32  92               91.980859              -17.83      -19.42            92Ge
  32  93               92.988159              -11.03      -12.87            93Ge
  32  94               93.993323               -6.22       -7.77            94Ge
  32  95               95.001385                1.29       -0.79            95Ge
  32  96               96.007096                6.61        4.71            96Ge
  32  97               97.015577               14.51       11.84            97Ge
  32  98               98.021471               20.00       17.64            98Ge
  32  99               99.029898               27.85       25.51            99Ge
  32 100              100.035985               33.52       31.32           100Ge
  32 101              101.044574               41.52       39.25           101Ge
  32 102              102.051219               47.71       45.67           102Ge
  32 103              103.060763               56.60       53.22           103Ge
  32 104              104.068213               63.54       59.88           104Ge
  32 105              105.077735               72.41       67.78           105Ge
  32 106              106.085229               79.39       74.46           106Ge
  32 107              107.095030               88.52       83.26           107Ge
  32 108              108.102813               95.77       89.69           108Ge
  32 109              109.111971              104.30       98.12           109Ge
  32 110              110.120044              111.82      105.52           110Ge
  32 111              111.130028              121.12                       111Ge
  32 112              112.138412              128.93                       112Ge
