  33  57               57.027901               25.99       19.92            57As
  33  58               58.016608               15.47        9.01            58As
  33  59               59.003070                2.86       -1.43            59As
  33  60   59.993130   59.993290   -6.399000   -6.25       -8.36            60As
  33  61   60.980620   60.981460  -18.052000  -17.27      -19.69            61As
  33  62   61.973200   61.974181  -24.964000  -24.05      -25.67            62As
  33  63   62.963690   62.964874  -33.823000  -32.72      -34.49            63As
  33  64   63.957572   63.958830  -39.521000  -38.35      -40.21            64As
  33  65   64.949564   64.950746  -46.981000  -45.88      -47.28            65As
  33  66   65.944710   65.946355  -51.502304  -49.97      -51.44            66As
  33  67   66.939186   66.939924  -56.647810  -55.96      -56.74            67As
  33  68   67.936769   67.937241  -58.899233  -58.46      -59.19            68As
  33  69   68.932273   68.932334  -63.086666  -63.03      -62.72            69As
  33  70   69.930924   69.930939  -64.343111  -64.33      -63.88            70As
  33  71   70.927112   70.927235  -67.894336  -67.78      -67.35            71As
  33  72   71.926752   71.926376  -68.229809  -68.58      -68.21            72As
  33  73   72.923824   72.923531  -70.956701  -71.23      -70.86            73As
  33  74   73.923928   73.923521  -70.859967  -71.24      -70.70            74As
  33  75   74.921596   74.921384  -73.032410  -73.23      -72.93            75As
  33  76   75.922394   75.922157  -72.289504  -72.51      -72.32            76As
  33  77   76.920647   76.920171  -73.916577  -74.36      -73.87            77As
  33  78   77.921827   77.921384  -72.817419  -73.23      -73.25            78As
  33  79   78.920947   78.920279  -73.636526  -74.26      -74.25            79As
  33  80   79.922533   79.922028  -72.159286  -72.63      -73.26            80As
  33  81   80.922132   80.921953  -72.533308  -72.70      -72.81            81As
  33  82   81.924504   81.924294  -70.324008  -70.52      -70.12            82As
  33  83   82.924980   82.925303  -69.880657  -69.58      -69.47            83As
  33  84   83.929058   83.929500  -66.082000  -65.67      -65.87            84As
  33  85   84.932020   84.932313  -63.323000  -63.05      -63.13            85As
  33  86   85.936500   85.937520  -59.150000  -58.20      -58.84            86As
  33  87   86.939900   86.940826  -55.983000  -55.12      -56.06            87As
  33  88   87.944940   87.946441  -51.288000  -49.89      -50.86            88As
  33  89   88.949390   88.950209  -47.143000  -46.38      -47.74            89As
  33  90   89.955500   89.956232  -41.451000  -40.77      -42.53            90As
  33  91   90.960430   90.960472  -36.859000  -36.82      -38.65            91As
  33  92   91.966800   91.966978  -30.926000  -30.76      -32.83            92As
  33  93               92.971594              -26.46      -28.65            93As
  33  94               93.978175              -20.33      -22.60            94As
  33  95               94.983156              -15.69      -17.91            95As
  33  96               95.990392               -8.95      -11.36            96As
  33  97               96.996006               -3.72       -6.44            97As
  33  98               98.003446                3.21        0.25            98As
  33  99               99.009147                8.52        5.70            99As
  33 100              100.016694               15.55       12.96           100As
  33 101              101.022920               21.35       18.57           101As
  33 102              102.030800               28.69       26.50           102As
  33 103              103.037188               34.64       32.19           103As
  33 104              104.045958               42.81       39.87           104As
  33 105              105.053194               49.55       45.99           105As
  33 106              106.062115               57.86       53.88           106As
  33 107              107.069491               64.73       60.18           107As
  33 108              108.078455               73.08       67.91           108As
  33 109              109.086249               80.34       74.70           109As
  33 110              110.095105               88.59       82.69           110As
  33 111              111.103211               96.14       89.71           111As
  33 112              112.112486              104.78       97.90           112As
  33 113              113.120602              112.34      105.40           113As
  33 114              114.127816              119.06      114.31           114As
  33 115              115.135943              126.63      122.02           115As
