  34  59               59.026924               25.08                        59Se
  34  60               60.012228               11.39                        60Se
  34  61               61.002179                2.03                        61Se
  34  62               61.989511               -9.77                        62Se
  34  63               62.981825              -16.93                        63Se
  34  64               63.971390              -26.65                        64Se
  34  65   64.964660   64.965045  -32.919002  -32.56                        65Se
  34  66   65.955210   65.955802  -41.722002  -41.17                        66Se
  34  67   66.950090   66.950563  -46.491002  -46.05                        67Se
  34  68   67.941870   67.942512  -54.148003  -53.55                        68Se
  34  69   68.939562   68.939527  -56.297484  -56.33                        69Se
  34  70   69.933504   69.933580  -61.940003  -61.87                        70Se
  34  71   70.932268   70.931948  -63.092003  -63.39                        71Se
  34  72   71.927112   71.927246  -67.894435  -67.77                        72Se
  34  73   72.926766   72.926398  -68.216279  -68.56                        73Se
  34  74   73.922476   73.922361  -72.212610  -72.32                        74Se
  34  75   74.922523   74.922168  -72.168821  -72.50                        75Se
  34  76   75.919214   75.918958  -75.251567  -75.49                        76Se
  34  77   76.919914   76.919559  -74.599053  -74.93                        77Se
  34  78   77.917309   77.916843  -77.025677  -77.46                        78Se
  34  79   78.918499   78.917863  -75.916938  -76.51                        79Se
  34  80   79.916521   79.915780  -77.759408  -78.45                        80Se
  34  81   80.917992   80.917326  -76.389085  -77.01                        81Se
  34  82   81.916700   81.916145  -77.593443  -78.11                        82Se
  34  83   82.919119   82.918711  -75.340092  -75.72                        83Se
  34  84   83.918464   83.918754  -75.949800  -75.68                        84Se
  34  85   84.922244   84.922941  -72.428608  -71.78                        85Se
  34  86   85.924271   85.924659  -70.540948  -70.18                        86Se
  34  87   86.928520   86.929779  -66.582487  -65.41                        87Se
  34  88   87.931423   87.932184  -63.878143  -63.17                        88Se
  34  89   88.936020   88.937584  -59.597003  -58.14                        89Se
  34  90   89.939420   89.940483  -56.430003  -55.44                        90Se
  34  91   90.945370   90.946419  -50.888002  -49.91                        91Se
  34  92   91.949330   91.949737  -47.199002  -46.82                        92Se
  34  93               92.956049              -40.94                        93Se
  34  94               93.959742              -37.50                        94Se
  34  95               94.966173              -31.51                        95Se
  34  96               95.970413              -27.56                        96Se
  34  97               96.977509              -20.95                        97Se
  34  98               97.982351              -16.44                        98Se
  34  99               98.989619               -9.67                        99Se
  34 100               99.994246               -5.36                       100Se
  34 101              101.001685                1.57                       101Se
  34 102              102.007193                6.70                       102Se
  34 103              103.014922               13.90                       103Se
  34 104              104.020687               19.27                       104Se
  34 105              105.029308               27.30                       105Se
  34 106              106.035889               33.43                       106Se
  34 107              107.044681               41.62                       107Se
  34 108              108.051294               47.78                       108Se
  34 109              109.060365               56.23                       109Se
  34 110              110.067526               62.90                       110Se
  34 111              111.076533               71.29                       111Se
  34 112              112.083414               77.70                       112Se
  34 113              113.092851               86.49                       113Se
  34 114              114.100366               93.49                       114Se
  34 115              115.107687              100.31                       115Se
  34 116              116.115352              107.45                       116Se
  34 117              117.126217              117.57                       117Se
  34 118              118.135728              126.43                       118Se
