  39  70               70.014772               13.76                        70Y 
  39  71               71.002695                2.51                        71Y 
  39  72               71.993795               -5.78                        72Y 
  39  73               72.982813              -16.01                        73Y 
  39  74               73.974933              -23.35                        74Y 
  39  75               74.964820              -32.77                        75Y 
  39  76               75.957939              -39.18                        76Y 
  39  77   76.949620   76.949093  -46.929002  -47.42                        77Y 
  39  78   77.943500   77.944058  -52.629002  -52.11                        78Y 
  39  79   78.937350   78.937198  -58.357430  -58.50                        79Y 
  39  80   79.934337   79.934041  -61.165003  -61.44                        80Y 
  39  81   80.929128   80.929007  -66.016167  -66.13                        81Y 
  39  82   81.926792   81.928298  -68.192739  -66.79                        82Y 
  39  83   82.922352   82.922898  -72.328106  -71.82                        83Y 
  39  84   83.920387   83.920633  -74.158310  -73.93                        84Y 
  39  85   84.916427   84.916027  -77.847669  -78.22                        85Y 
  39  86   85.914887   85.914310  -79.281567  -79.82                        86Y 
  39  87   86.910877   86.910456  -83.016756  -83.41                        87Y 
  39  88   87.909503   87.909618  -84.297067  -84.19                        88Y 
  39  89   88.905847   88.906473  -87.702105  -87.12                        89Y 
  39  90   89.907151   89.908309  -86.487865  -85.41                        90Y 
  39  91   90.907303   90.908309  -86.346304  -85.41                        91Y 
  39  92   91.908946   91.910821  -84.815471  -83.07                        92Y 
  39  93   92.909581   92.911357  -84.224205  -82.57                        93Y 
  39  94   93.911594   93.914213  -82.349643  -79.91                        94Y 
  39  95   94.912823   94.914728  -81.204183  -79.43                        95Y 
  39  96   95.915897   95.917530  -78.340699  -76.82                        96Y 
  39  97   96.918131   96.918346  -76.260459  -76.06                        97Y 
  39  98   97.922219   97.921535  -72.452038  -73.09                        98Y 
  39  99   98.924634   98.923027  -70.202283  -71.70                        99Y 
  39 100   99.927756   99.926838  -67.294471  -68.15                       100Y 
  39 101  100.930313  100.929028  -64.912648  -66.11                       101Y 
  39 102  101.933555  101.933430  -61.892646  -62.01                       102Y 
  39 103  102.936940  102.936296  -58.740003  -59.34                       103Y 
  39 104  103.941450  103.941084  -54.539003  -54.88                       104Y 
  39 105  104.945090  104.944294  -51.148002  -51.89                       105Y 
  39 106  105.950220  105.949372  -46.370002  -47.16                       106Y 
  39 107              106.952850              -43.92                       107Y 
  39 108              107.958368              -38.78                       108Y 
  39 109              108.962608              -34.83                       109Y 
  39 110              109.968942              -28.93                       110Y 
  39 111              110.974020              -24.20                       111Y 
  39 112              111.981288              -17.43                       112Y 
  39 113              112.986302              -12.76                       113Y 
  39 114              113.993086               -6.44                       114Y 
  39 115              114.997939               -1.92                       115Y 
  39 116              116.004391                4.09                       116Y 
  39 117              117.009823                9.15                       117Y 
  39 118              118.016812               15.66                       118Y 
  39 119              119.022652               21.10                       119Y 
  39 120              120.028331               26.39                       120Y 
  39 121              121.033784               31.47                       121Y 
  39 122              122.043124               40.17                       122Y 
  39 123              123.051154               47.65                       123Y 
  39 124              124.060891               56.72                       124Y 
  39 125              125.069533               64.77                       125Y 
  39 126              126.079496               74.05                       126Y 
  39 127              127.088879               82.79                       127Y 
  39 128              128.099539               92.72                       128Y 
  39 129              129.107677              100.30                       129Y 
  39 130              130.117489              109.44                       130Y 
  39 131              131.126034              117.40                       131Y 
  39 132              132.135857              126.55                       132Y 
  39 133              133.144757              134.84                       133Y 
  39 134              134.155127              144.50                       134Y 
