  40  72               72.012174               11.34        6.80            72Zr
  40  73               73.003199                2.98       -1.69            73Zr
  40  74               73.991090               -8.30      -11.09            74Zr
  40  75               74.982995              -15.84      -18.11            75Zr
  40  76               75.972013              -26.07      -26.74            76Zr
  40  77               76.964906              -32.69      -33.48            77Zr
  40  78   77.955230   77.955104  -41.703000  -41.82      -41.41            78Zr
  40  79   78.949160   78.949350  -47.357000  -47.18      -47.50            79Zr
  40  80   79.940400   79.941127  -55.517043  -54.84      -53.55            80Zr
  40  81   80.937210   80.937724  -58.488484  -58.01      -57.49            81Zr
  40  82   81.931087   81.933719  -64.192000  -61.74      -62.82            82Zr
  40  83   82.928653   82.930638  -66.458557  -64.61      -65.54            83Zr
  40  84   83.923250   83.924283  -71.492000  -70.53      -70.37            84Zr
  40  85   84.921471   84.921824  -73.149123  -72.82      -72.68            85Zr
  40  86   85.916473   85.916306  -77.804350  -77.96      -77.47            86Zr
  40  87   86.914816   86.914417  -79.348150  -79.72      -79.29            87Zr
  40  88   87.910226   87.909618  -83.623101  -84.19      -82.74            88Zr
  40  89   88.908889   88.908491  -84.868884  -85.24      -84.28            89Zr
  40  90   89.904704   89.904476  -88.767265  -88.98      -87.74            90Zr
  40  91   90.905645   90.906247  -87.890402  -87.33      -87.70            91Zr
  40  92   91.905040   91.905356  -88.453882  -88.16      -87.69            92Zr
  40  93   92.906476   92.907740  -87.117040  -85.94      -85.72            93Zr
  40  94   93.906315   93.907675  -87.266837  -86.00      -85.89            94Zr
  40  95   94.908042   94.910252  -85.657766  -83.60      -83.78            95Zr
  40  96   95.908273   95.910155  -85.442791  -83.69      -83.40            96Zr
  40  97   96.910953   96.912957  -82.946645  -81.08      -80.92            97Zr
  40  98   97.912734   97.913000  -81.286925  -81.04      -80.12            98Zr
  40  99   98.916512   98.916092  -77.768473  -78.16      -77.06            99Zr
  40 100   99.917761   99.916768  -76.604307  -77.53      -75.97           100Zr
  40 101  100.921140  100.920418  -73.457231  -74.13      -73.04           101Zr
  40 102  101.922981  101.921814  -71.742471  -72.83      -71.44           102Zr
  40 103  102.926599  102.926119  -68.372027  -68.82      -67.65           103Zr
  40 104  103.928780  103.928191  -66.341000  -66.89      -65.77           104Zr
  40 105  104.933050  104.932914  -62.364000  -62.49      -61.68           105Zr
  40 106  105.935910  105.935416  -59.699000  -60.16      -59.00           106Zr
  40 107  106.940750  106.940354  -55.191000  -55.56      -54.41           107Zr
  40 108  107.943960  107.943134  -52.201000  -52.97      -51.65           108Zr
  40 109  108.949240  108.948502  -47.283000  -47.97      -46.51           109Zr
  40 110  109.952870  109.952098  -43.901000  -44.62      -43.44           110Zr
  40 111              110.958282              -38.86      -38.12           111Zr
  40 112              111.962566              -34.87      -34.70           112Zr
  40 113              112.969780              -28.15      -29.15           113Zr
  40 114              113.973773              -24.43      -25.29           114Zr
  40 115              114.980150              -18.49      -19.41           115Zr
  40 116              115.984412              -14.52      -15.46           116Zr
  40 117              116.990832               -8.54       -9.95           117Zr
  40 118              117.995513               -4.18       -6.07           118Zr
  40 119              119.002415                2.25       -0.01           119Zr
  40 120              120.007622                7.10        4.60           120Zr
  40 121              121.013269               12.36       10.85           121Zr
  40 122              122.018046               16.81       15.13           122Zr
  40 123              123.027375               25.50       23.23           123Zr
  40 124              124.034772               32.39       30.10           124Zr
  40 125              125.044488               41.44       38.25           125Zr
  40 126              126.052464               48.87       44.87           126Zr
  40 127              127.062867               58.56       53.11           127Zr
  40 128              128.071691               66.78       60.40           128Zr
  40 129              129.081997               76.38       69.47           129Zr
  40 130              130.089770               83.62       76.35           130Zr
  40 131              131.099271               92.47       85.11           131Zr
  40 132              132.107354              100.00       92.94           132Zr
  40 133              133.117274              109.24      101.31           133Zr
  40 134              134.125508              116.91      108.62           134Zr
  40 135              135.135868              126.56                       135Zr
  40 136              136.144381              134.49                       136Zr
  40 137              137.154784              144.18                       137Zr
