  43  79               79.004444                4.14        0.38            79Tc
  43  80               79.995781               -3.93       -7.36            80Tc
  43  81               80.984842              -14.12      -16.90            81Tc
  43  82               81.977187              -21.25      -24.01            82Tc
  43  83               82.967096              -30.65      -32.49            83Tc
  43  84               83.960333              -36.95      -38.58            84Tc
  43  85   84.948830   84.952882  -47.665000  -43.89      -46.39            85Tc
  43  86   85.942880   85.947375  -53.207000  -49.02      -51.81            86Tc
  43  87   86.936530   86.939302  -59.122000  -56.54      -58.34            87Tc
  43  88   87.932678   87.934890  -62.710000  -60.65      -62.33            88Tc
  43  89   88.927167   88.928051  -67.844000  -67.02      -68.48            89Tc
  43  90   89.923556   89.924208  -71.206603  -70.60      -71.71            90Tc
  43  91   90.918427   90.918174  -75.984165  -76.22      -76.92            91Tc
  43  92   91.915260   91.915190  -78.934648  -79.00      -80.47            92Tc
  43  93   92.910248   92.909951  -83.602533  -83.88      -83.59            93Tc
  43  94   93.909657   93.909758  -84.153961  -84.06      -84.58            94Tc
  43  95   94.907657   94.907750  -86.016873  -85.93      -85.81            95Tc
  43  96   95.907871   95.908341  -85.817254  -85.38      -85.29            96Tc
  43  97   96.906365   96.906655  -87.220108  -86.95      -86.96            97Tc
  43  98   97.907215   97.907632  -86.427771  -86.04      -86.08            98Tc
  43  99   98.906254   98.906709  -87.323141  -86.90      -86.83            99Tc
  43 100   99.907657   99.908062  -86.016224  -85.64      -85.53           100Tc
  43 101  100.907314  100.907579  -86.335840  -86.09      -85.75           101Tc
  43 102  101.909215  101.909253  -84.565665  -84.53      -83.88           102Tc
  43 103  102.909181  102.909017  -84.597027  -84.75      -84.17           103Tc
  43 104  103.911447  103.911186  -82.486166  -82.73      -81.92           104Tc
  43 105  104.911660  104.911626  -82.287653  -82.32      -81.53           105Tc
  43 106  105.914357  105.914331  -79.775078  -79.80      -78.84           106Tc
  43 107  106.915079  106.915340  -79.102869  -78.86      -78.27           107Tc
  43 108  107.918461  107.918529  -75.952879  -75.89      -75.87           108Tc
  43 109  108.919982  108.920891  -74.535668  -73.69      -74.25           109Tc
  43 110  109.923820  109.924358  -70.960763  -70.46      -71.09           110Tc
  43 111  110.925692  110.926086  -69.216683  -68.85      -69.38           111Tc
  43 112  111.929146  111.929994  -65.999617  -65.21      -65.64           112Tc
  43 113  112.931590  112.932302  -63.724000  -63.06      -63.47           113Tc
  43 114  113.935880  113.936779  -59.727000  -58.89      -59.38           114Tc
  43 115  114.938690  114.939549  -57.110000  -56.31      -56.91           115Tc
  43 116  115.943370  115.944208  -52.751000  -51.97      -52.61           116Tc
  43 117  116.946480  116.947343  -49.854000  -49.05      -49.70           117Tc
  43 118  117.951480  117.952120  -45.196000  -44.60      -45.00           118Tc
  43 119              118.955566              -41.39      -42.41           119Tc
  43 120              119.960612              -36.69      -37.72           120Tc
  43 121              120.964423              -33.14      -35.11           121Tc
  43 122              121.969844              -28.09      -29.71           122Tc
  43 123              122.974289              -23.95      -26.60           123Tc
  43 124              123.978229              -20.28      -21.29           124Tc
  43 125              124.982287              -16.50      -17.99           125Tc
  43 126              125.990199               -9.13      -10.56           126Tc
  43 127              126.996983               -2.81       -4.41           127Tc
  43 128              128.005454                5.08        3.12           128Tc
  43 129              129.012979               12.09        8.97           129Tc
  43 130              130.022577               21.03       16.56           130Tc
  43 131              131.029877               27.83       23.19           131Tc
  43 132              132.038841               36.18       31.15           132Tc
  43 133              133.046152               42.99       37.63           133Tc
  43 134              134.054740               50.99       45.61           134Tc
  43 135              135.061933               57.69       52.52           135Tc
  43 136              136.070897               66.04       60.58           136Tc
  43 137              137.078498               73.12       67.48           137Tc
  43 138              138.087644               81.64       75.39           138Tc
  43 139              139.095363               88.83       82.80           139Tc
  43 140              140.104714               97.54       90.77           140Tc
  43 141              141.112819              105.09       97.93           141Tc
  43 142              142.122159              113.79      106.33           142Tc
  43 143              143.130242              121.32      113.49           143Tc
  43 144              144.139625              130.06      122.01           144Tc
  43 145              145.147891              137.76      129.50           145Tc
  43 146              146.157961              147.14      138.72           146Tc
  43 147              147.167323              155.86      145.82           147Tc
