  45  83               83.005271                4.91        0.34            83Rh
  45  84               83.997445               -2.38       -7.36            84Rh
  45  85               84.986355              -12.71      -16.15            85Rh
  45  86               85.978604              -19.93      -24.10            86Rh
  45  87               86.968159              -29.66      -32.91            87Rh
  45  88               87.961234              -36.11      -39.49            88Rh
  45  89   88.948837   88.951701  -47.658000  -44.99      -47.52            89Rh
  45  90   89.942870   89.945861  -53.216000  -50.43      -53.09            90Rh
  45  91   90.936550   90.937595  -59.103000  -58.13      -60.18            91Rh
  45  92   91.931980   91.932818  -63.360000  -62.58      -64.64            92Rh
  45  93   92.925740   92.925711  -69.173000  -69.20      -69.89            93Rh
  45  94   93.921698   93.921771  -72.938000  -72.87      -74.74            94Rh
  45  95   94.915898   94.915534  -78.339819  -78.68      -78.98            95Rh
  45  96   95.914460   95.914310  -79.679409  -79.82      -79.38            96Rh
  45  97   96.911336   96.911218  -82.589242  -82.70      -82.47            97Rh
  45  98   97.910708   97.910660  -83.174815  -83.22      -83.05            98Rh
  45  99   98.908132   98.908394  -85.574394  -85.33      -85.54            99Rh
  45 100   99.908121   99.908394  -85.584225  -85.33      -85.33           100Rh
  45 101  100.906163  100.906612  -87.408021  -86.99      -87.35           101Rh
  45 102  101.906843  101.907106  -86.775004  -86.53      -86.77           102Rh
  45 103  102.905504  102.905818  -88.022185  -87.73      -87.82           103Rh
  45 104  103.906655  103.906945  -86.949825  -86.68      -86.79           104Rh
  45 105  104.905693  104.906226  -87.845641  -87.35      -87.64           105Rh
  45 106  105.907287  105.907482  -86.361478  -86.18      -85.92           106Rh
  45 107  106.906748  106.907321  -86.863285  -86.33      -86.39           107Rh
  45 108  107.908728  107.909049  -85.019304  -84.72      -84.41           108Rh
  45 109  108.908737  108.909812  -85.010668  -84.01      -84.40           109Rh
  45 110  109.911136  109.912023  -82.775901  -81.95      -82.22           110Rh
  45 111  110.911585  110.912399  -82.357192  -81.60      -82.05           111Rh
  45 112  111.914394  111.915029  -79.741327  -79.15      -79.57           112Rh
  45 113  112.915530  112.915931  -78.682714  -78.31      -78.51           113Rh
  45 114  113.918806  113.919055  -75.631725  -75.40      -75.09           114Rh
  45 115  114.920334  114.920526  -74.208402  -74.03      -74.06           115Rh
  45 116  115.924062  115.924240  -70.735792  -70.57      -70.17           116Rh
  45 117  116.925980  116.926183  -68.949000  -68.76      -69.11           117Rh
  45 118  117.930070  117.930112  -65.139000  -65.10      -65.36           118Rh
  45 119  118.932110  118.932431  -63.239000  -62.94      -63.73           119Rh
  45 120  119.936410  119.936457  -59.234000  -59.19      -59.91           120Rh
  45 121  120.938720  120.939033  -57.082000  -56.79      -57.83           121Rh
  45 122  121.943210  121.943285  -52.900000  -52.83      -54.01           122Rh
  45 123              122.946269              -50.05      -51.93           123Rh
  45 124              123.950928              -45.71      -47.29           124Rh
  45 125              124.953666              -43.16      -44.85           125Rh
  45 126              125.957541              -39.55      -40.20           126Rh
  45 127              126.960816              -36.50      -37.57           127Rh
  45 128              127.968202              -29.62      -30.57           128Rh
  45 129              128.974213              -24.02      -24.91           129Rh
  45 130              129.982007              -16.76      -18.24           130Rh
  45 131              130.989082              -10.17      -12.53           131Rh
  45 132              131.997746               -2.10       -5.47           132Rh
  45 133              133.004573                4.26        0.43           133Rh
  45 134              134.012915               12.03        7.71           134Rh
  45 135              135.019721               18.37       13.76           135Rh
  45 136              136.027987               26.07       21.10           136Rh
  45 137              137.034568               32.20       27.51           137Rh
  45 138              138.042813               39.88       35.14           138Rh
  45 139              139.049888               46.47       41.69           139Rh
  45 140              140.058412               54.41       49.47           140Rh
  45 141              141.065497               61.01       56.21           141Rh
  45 142              142.074225               69.14       64.16           142Rh
  45 143              143.081675               76.08       70.50           143Rh
  45 144              144.090435               84.24       78.73           144Rh
  45 145              145.098047               91.33       85.27           145Rh
  45 146              146.107043               99.71       93.58           146Rh
  45 147              147.114826              106.96      100.56           147Rh
  45 148              148.124381              115.86      108.88           148Rh
  45 149              149.133044              123.93      116.16           149Rh
  45 150              150.142910              133.12      124.56           150Rh
  45 151              151.151531              141.15      132.23           151Rh
  45 152              152.161397              150.34      140.66           152Rh
  45 153              153.169985              158.34                       153Rh
