  46  86               85.994675               -4.96      -10.11            86Pd
  46  87               86.986742              -12.35      -17.53            87Pd
  46  88               87.975427              -22.89      -27.09            88Pd
  46  89               88.968320              -29.51      -34.16            89Pd
  46  90               89.957885              -39.23      -42.73            90Pd
  46  91   90.949480   90.951519  -47.059002  -45.16      -48.71            91Pd
  46  92   91.940420   91.941996  -55.498003  -54.03      -56.31            92Pd
  46  93   92.935910   92.937004  -59.699003  -58.68      -61.23            93Pd
  46  94   93.928770   93.928856  -66.350003  -66.27      -67.77            94Pd
  46  95   94.924690   94.924873  -70.151003  -69.98      -72.15            95Pd
  46  96   95.918221   95.917670  -76.175764  -76.69      -76.92            96Pd
  46  97   96.916478   96.916435  -77.799376  -77.84      -78.88            97Pd
  46  98   97.912720   97.912452  -81.300088  -81.55      -81.49            98Pd
  46  99   98.911767   98.912152  -82.187797  -81.83      -82.23            99Pd
  46 100   99.908504   99.908878  -85.227411  -84.88      -85.05           100Pd
  46 101  100.908289  100.908717  -85.428103  -85.03      -85.44           101Pd
  46 102  101.905607  101.906140  -87.925837  -87.43      -87.67           102Pd
  46 103  102.906087  102.906591  -87.479197  -87.01      -87.49           103Pd
  46 104  103.904034  103.904573  -89.390894  -88.89      -89.13           104Pd
  46 105  104.905084  104.905593  -88.413632  -87.94      -88.41           105Pd
  46 106  105.903483  105.904132  -89.904916  -89.30      -89.53           106Pd
  46 107  106.905128  106.905474  -88.372268  -88.05      -88.38           107Pd
  46 108  107.903894  107.904508  -89.521733  -88.95      -89.16           108Pd
  46 109  108.905953  108.906183  -87.603709  -87.39      -87.50           109Pd
  46 110  109.905152  109.905625  -88.349975  -87.91      -87.82           110Pd
  46 111  110.907643  110.908255  -86.029096  -85.46      -86.04           111Pd
  46 112  111.907313  111.907890  -86.337117  -85.80      -85.86           112Pd
  46 113  112.910151  112.910413  -83.693473  -83.45      -83.43           113Pd
  46 114  113.910365  113.910595  -83.494157  -83.28      -83.02           114Pd
  46 115  114.913683  114.913676  -80.403378  -80.41      -80.33           115Pd
  46 116  115.914158  115.914385  -79.961031  -79.75      -79.59           116Pd
  46 117  116.917840  116.918035  -76.532004  -76.35      -76.80           117Pd
  46 118  117.918983  117.919269  -75.465990  -75.20      -75.52           118Pd
  46 119  118.922680  118.923059  -72.023003  -71.67      -72.54           119Pd
  46 120  119.924030  119.924519  -70.766003  -70.31      -71.02           120Pd
  46 121  120.928180  120.928502  -66.900003  -66.60      -67.64           121Pd
  46 122  121.929800  121.930402  -65.391003  -64.83      -66.00           122Pd
  46 123  122.934260  122.934675  -61.236003  -60.85      -62.21           123Pd
  46 124              123.936618              -59.04      -60.34           124Pd
  46 125              124.940783              -55.16      -56.39           125Pd
  46 126              125.942705              -53.37      -54.14           126Pd
  46 127              126.946913              -49.45      -49.89           127Pd
  46 128              127.949715              -46.84      -46.99           128Pd
  46 129              128.956811              -40.23      -40.81           129Pd
  46 130              129.962211              -35.20      -35.31           130Pd
  46 131              130.970016              -27.93      -28.47           131Pd
  46 132              131.975953              -22.40      -23.25           132Pd
  46 133              132.985056              -13.92      -16.21           133Pd
  46 134              133.991422               -7.99      -10.81           134Pd
  46 135              134.999871               -0.12       -3.63           135Pd
  46 136              136.006012                5.60        2.13           136Pd
  46 137              137.014418               13.43        9.74           137Pd
  46 138              138.020526               19.12       15.51           138Pd
  46 139              139.028728               26.76       23.14           139Pd
  46 140              140.035094               32.69       29.25           140Pd
  46 141              141.043661               40.67       36.94           141Pd
  46 142              142.050285               46.84       43.42           142Pd
  46 143              143.058991               54.95       51.24           143Pd
  46 144              144.065905               61.39       57.52           144Pd
  46 145              145.074697               69.58       65.47           145Pd
  46 146              146.081772               76.17       71.97           146Pd
  46 147              147.090843               84.62       80.45           147Pd
  46 148              148.098133               91.41       86.91           148Pd
  46 149              149.107623              100.25       95.01           149Pd
  46 150              150.115610              107.69      102.05           150Pd
  46 151              151.125454              116.86      110.72           151Pd
  46 152              152.133549              124.40      117.66           152Pd
  46 153              153.143393              133.57      125.95           153Pd
  46 154              154.151402              141.03      133.56           154Pd
  46 155              155.161279              150.23                       155Pd
  46 156              156.169384              157.78                       156Pd
