  47  88               87.997327               -2.49       -8.00            88Ag
  47  89               88.985808              -13.22      -17.57            89Ag
  47  90               89.977821              -20.66      -25.14            90Ag
  47  91               90.967214              -30.54      -34.16            91Ag
  47  92               91.960064              -37.20      -41.05            92Ag
  47  93               92.950349              -46.25      -49.06            93Ag
  47  94   93.942780   93.944154  -53.300003  -52.02      -55.18            94Ag
  47  95   94.935480   94.935652  -60.100003  -59.94      -61.67            95Ag
  47  96   95.930680   95.930692  -64.571003  -64.56      -66.87            96Ag
  47  97   96.924000   96.923628  -70.794003  -71.14      -72.00            97Ag
  47  98   97.921759   97.921234  -72.880087  -73.37      -74.26            98Ag
  47  99   98.917597   98.917251  -76.757797  -77.08      -77.16            99Ag
  47 100   99.916069   99.915931  -78.180855  -78.31      -78.38           100Ag
  47 101  100.912802  100.912689  -81.224279  -81.33      -81.56           101Ag
  47 102  101.911999  101.911669  -81.971467  -82.28      -82.60           102Ag
  47 103  102.908972  102.909114  -84.791605  -84.66      -85.15           103Ag
  47 104  103.908628  103.908910  -85.112248  -84.85      -85.49           104Ag
  47 105  104.906528  104.906795  -87.068380  -86.82      -87.53           105Ag
  47 106  105.906666  105.907095  -86.939651  -86.54      -87.35           106Ag
  47 107  106.905093  106.905614  -88.405273  -87.92      -88.86           107Ag
  47 108  107.905953  107.906376  -87.603550  -87.21      -88.14           108Ag
  47 109  108.904755  108.905303  -88.719658  -88.21      -89.06           109Ag
  47 110  109.906110  109.906441  -87.457534  -87.15      -87.91           110Ag
  47 111  110.905294  110.905754  -88.217429  -87.79      -88.56           111Ag
  47 112  111.907004  111.907493  -86.625084  -86.17      -87.17           112Ag
  47 113  112.906565  112.907074  -87.033473  -86.56      -87.42           113Ag
  47 114  113.908807  113.908867  -84.944879  -84.89      -85.56           114Ag
  47 115  114.908762  114.908942  -84.987378  -84.82      -85.37           115Ag
  47 116  115.911359  115.911357  -82.568031  -82.57      -83.18           116Ag
  47 117  116.911684  116.911937  -82.265642  -82.03      -82.76           117Ag
  47 118  117.914582  117.914965  -79.565990  -79.21      -80.14           118Ag
  47 119  118.915666  118.915931  -78.556566  -78.31      -79.43           119Ag
  47 120  119.918788  119.919280  -75.647916  -75.19      -76.83           120Ag
  47 121  120.919851  120.920622  -74.658237  -73.94      -75.48           121Ag
  47 122  121.923320  121.924047  -71.427003  -70.75      -72.38           122Ag
  47 123  122.924900  122.925238  -69.955003  -69.64      -70.85           123Ag
  47 124  123.928530  123.928803  -66.574003  -66.32      -67.82           124Ag
  47 125  124.930540  124.930338  -64.702003  -64.89      -66.18           125Ag
  47 126  125.934500  125.933977  -61.013003  -61.50      -62.73           126Ag
  47 127  126.936880  126.935952  -58.796003  -59.66      -60.69           127Ag
  47 128              127.939549              -56.31      -57.10           128Ag
  47 129              128.942233              -53.81      -54.36           129Ag
  47 130              129.948749              -47.74      -48.30           130Ag
  47 131              130.954074              -42.78      -43.02           131Ag
  47 132              131.961288              -36.06      -36.67           132Ag
  47 133              132.967107              -30.64      -31.58           133Ag
  47 134              133.975781              -22.56      -24.89           134Ag
  47 135              134.981782              -16.97      -19.48           135Ag
  47 136              135.989876               -9.43      -12.93           136Ag
  47 137              136.995878               -3.84       -7.35           137Ag
  47 138              138.003983                3.71       -0.28           138Ag
  47 139              139.010166                9.47        5.22           139Ag
  47 140              140.017789               16.57       12.43           140Ag
  47 141              141.024058               22.41       18.49           141Ag
  47 142              142.032099               29.90       26.09           142Ag
  47 143              143.038691               36.04       31.96           143Ag
  47 144              144.046828               43.62       39.73           144Ag
  47 145              145.053677               50.00       45.94           145Ag
  47 146              146.061933               57.69       53.58           146Ag
  47 147              147.068943               64.22       59.89           147Ag
  47 148              148.077510               72.20       68.01           148Ag
  47 149              149.084778               78.97       74.18           149Ag
  47 150              150.093677               87.26       82.10           150Ag
  47 151              151.101514               94.56       88.92           151Ag
  47 152              152.110886              103.29       97.13           152Ag
  47 153              153.118863              110.72      104.09           153Ag
  47 154              154.128160              119.38      112.24           154Ag
  47 155              155.136082              126.76      119.45           155Ag
  47 156              156.145444              135.48      128.08           156Ag
  47 157              157.153485              142.97                       157Ag
  47 158              158.162803              151.65                       158Ag
  47 159              159.170983              159.27                       159Ag
  47 160              160.180860              168.47                       160Ag
