  48  90               89.994192               -5.41                        90Cd
  48  91               90.986044              -13.00                        91Cd
  48  92               91.974546              -23.71                        92Cd
  48  93               92.967150              -30.60                        93Cd
  48  94               93.956586              -40.44                        94Cd
  48  95               94.949887              -46.68                        95Cd
  48  96   95.939770   95.940043  -56.104003  -55.85                        96Cd
  48  97   96.934940   96.935018  -60.603003  -60.53                        97Cd
  48  98   97.927579   97.926816  -67.460003  -68.17                        98Cd
  48  99   98.925010   98.924648  -69.853003  -70.19                        99Cd
  48 100   99.920230   99.919602  -74.305053  -74.89                       100Cd
  48 101  100.918681  100.918464  -75.747742  -75.95                       101Cd
  48 102  101.914777  101.914632  -79.384467  -79.52                       102Cd
  48 103  102.913418  102.913483  -80.649718  -80.59                       103Cd
  48 104  103.909848  103.910209  -83.975954  -83.64                       104Cd
  48 105  104.909467  104.909683  -84.330176  -84.13                       105Cd
  48 106  105.906458  105.906891  -87.133796  -86.73                       106Cd
  48 107  106.906614  106.906988  -86.988273  -86.64                       107Cd
  48 108  107.904183  107.904712  -89.252576  -88.76                       108Cd
  48 109  108.904985  108.905324  -88.505363  -88.19                       109Cd
  48 110  109.903005  109.903564  -90.349712  -89.83                       110Cd
  48 111  110.904181  110.904691  -89.254229  -88.78                       111Cd
  48 112  111.902757  111.903306  -90.581051  -90.07                       112Cd
  48 113  112.904400  112.904798  -89.049935  -88.68                       113Cd
  48 114  113.903358  113.903800  -90.021321  -89.61                       114Cd
  48 115  114.905430  114.905743  -88.090863  -87.80                       115Cd
  48 116  115.904755  115.905206  -88.719733  -88.30                       116Cd
  48 117  116.907218  116.907568  -86.425642  -86.10                       117Cd
  48 118  117.906914  117.907418  -86.708908  -86.24                       118Cd
  48 119  118.909922  118.910348  -83.906566  -83.51                       119Cd
  48 120  119.909851  119.910209  -83.972916  -83.64                       120Cd
  48 121  120.912980  120.913204  -81.058237  -80.85                       121Cd
  48 122  121.913500  121.913676  -80.574004  -80.41                       122Cd
  48 123  122.917003  122.917058  -77.310571  -77.26                       123Cd
  48 124  123.917648  123.917401  -76.710105  -76.94                       124Cd
  48 125  124.921247  124.920729  -73.357780  -73.84                       125Cd
  48 126  125.922353  125.921867  -72.326779  -72.78                       126Cd
  48 127  126.926434  126.925464  -68.525515  -69.43                       127Cd
  48 128  127.927760  127.926688  -67.290545  -68.29                       128Cd
  48 129  128.932260  128.930187  -63.099003  -65.03                       129Cd
  48 130  129.933980  129.932238  -61.497003  -63.12                       130Cd
  48 131              130.938722              -57.08                       131Cd
  48 132              131.943446              -52.68                       132Cd
  48 133              132.950692              -45.93                       133Cd
  48 134              133.955974              -41.01                       134Cd
  48 135              134.963542              -33.96                       135Cd
  48 136              135.969028              -28.85                       136Cd
  48 137              136.977713              -20.76                       137Cd
  48 138              137.983435              -15.43                       138Cd
  48 139              138.991959               -7.49                       139Cd
  48 140              139.997660               -2.18                       140Cd
  48 141              141.005260                4.90                       141Cd
  48 142              142.010961               10.21                       142Cd
  48 143              143.018991               17.69                       143Cd
  48 144              144.025035               23.32                       144Cd
  48 145              145.033183               30.91                       145Cd
  48 146              146.039474               36.77                       146Cd
  48 147              147.047708               44.44                       147Cd
  48 148              148.054182               50.47                       148Cd
  48 149              149.062674               58.38                       149Cd
  48 150              150.069491               64.73                       150Cd
  48 151              151.078283               72.92                       151Cd
  48 152              152.085594               79.73                       152Cd
  48 153              153.094858               88.36                       153Cd
  48 154              154.102373               95.36                       154Cd
  48 155              155.111659              104.01                       155Cd
  48 156              156.119056              110.90                       156Cd
  48 157              157.128321              119.53                       157Cd
  48 158              158.135900              126.59                       158Cd
  48 159              159.145229              135.28                       159Cd
  48 160              160.152980              142.50                       160Cd
  48 161              161.162760              151.61                       161Cd
  48 162              162.171134              159.41                       162Cd
  48 163              163.180742              168.36                       163Cd
