  51  97               96.986785              -12.31                        97Sb
  51  98               97.978293              -20.22                        98Sb
  51  99               98.967482              -30.29                        99Sb
  51 100               99.959925              -37.33                       100Sb
  51 101              100.949973              -46.60                       101Sb
  51 102              101.945614              -50.66                       102Sb
  51 103  102.940120  102.939355  -55.778003  -56.49                       103Sb
  51 104  103.936287  103.936285  -59.348003  -59.35                       104Sb
  51 105  104.931528  104.931379  -63.780698  -63.92                       105Sb
  51 106  105.928763  105.928792  -66.357003  -66.33                       106Sb
  51 107  106.924150  106.924508  -70.654003  -70.32                       107Sb
  51 108  107.922160  107.922555  -72.507003  -72.14                       108Sb
  51 109  108.918136  108.918754  -76.255732  -75.68                       109Sb
  51 110  109.916763  109.917251  -77.535004  -77.08                       110Sb
  51 111  110.913210  110.914041  -80.844004  -80.07                       111Sb
  51 112  111.912394  111.913129  -81.603859  -80.92                       112Sb
  51 113  112.909377  112.910338  -84.413895  -83.52                       113Sb
  51 114  113.909095  113.909887  -84.676638  -83.94                       114Sb
  51 115  114.906598  114.907407  -87.002637  -86.25                       115Sb
  51 116  115.906797  115.907332  -86.817807  -86.32                       116Sb
  51 117  116.904839  116.905260  -88.641342  -88.25                       117Sb
  51 118  117.905531  117.905635  -87.996474  -87.90                       118Sb
  51 119  118.903946  118.904090  -89.473287  -89.34                       119Sb
  51 120  119.905074  119.904938  -88.422697  -88.55                       120Sb
  51 121  120.903818  120.903800  -89.592905  -89.61                       121Sb
  51 122  121.905175  121.905088  -88.328523  -88.41                       122Sb
  51 123  122.904215  122.904261  -89.222495  -89.18                       123Sb
  51 124  123.905937  123.905839  -87.618622  -87.71                       124Sb
  51 125  124.905247  124.905249  -88.261093  -88.26                       125Sb
  51 126  125.907248  125.907192  -86.397780  -86.45                       126Sb
  51 127  126.906914  126.906763  -86.708516  -86.85                       127Sb
  51 128  127.909167  127.908910  -84.610079  -84.85                       128Sb
  51 129  128.909150  128.908620  -84.626135  -85.12                       129Sb
  51 130  129.911546  129.911078  -82.393934  -82.83                       130Sb
  51 131  130.911946  130.911282  -82.021311  -82.64                       131Sb
  51 132  131.914413  131.913988  -79.723539  -80.12                       132Sb
  51 133  132.915236  132.915222  -78.956716  -78.97                       133Sb
  51 134  133.920551  133.920246  -74.005744  -74.29                       134Sb
  51 135  134.925167  134.924380  -69.705587  -70.44                       135Sb
  51 136  135.930660  135.930305  -64.590003  -64.92                       136Sb
  51 137  136.935310  136.934847  -60.258003  -60.69                       137Sb
  51 138  137.940960  137.941932  -54.995003  -54.09                       138Sb
  51 139  138.945710  138.946452  -50.571002  -49.88                       139Sb
  51 140              139.953054              -43.73                       140Sb
  51 141              140.957863              -39.25                       141Sb
  51 142              141.965260              -32.36                       142Sb
  51 143              142.970091              -27.86                       143Sb
  51 144              143.976768              -21.64                       144Sb
  51 145              144.981846              -16.91                       145Sb
  51 146              145.988610              -10.61                       146Sb
  51 147              146.993967               -5.62                       147Sb
  51 148              148.001084                1.01                       148Sb
  51 149              149.006742                6.28                       149Sb
  51 150              150.013945               12.99                       150Sb
  51 151              151.019871               18.51                       151Sb
  51 152              152.027279               25.41                       152Sb
  51 153              153.033484               31.19                       153Sb
  51 154              154.041203               38.38                       154Sb
  51 155              155.047859               44.58                       155Sb
  51 156              156.055921               52.09                       156Sb
  51 157              157.062738               58.44                       157Sb
  51 158              158.071047               66.18                       158Sb
  51 159              159.078122               72.77                       159Sb
  51 160              160.086399               80.48                       160Sb
  51 161              161.093559               87.15                       161Sb
  51 162              162.102158               95.16                       162Sb
  51 163              163.109373              101.88                       163Sb
  51 164              164.118004              109.92                       164Sb
  51 165              165.125261              116.68                       165Sb
  51 166              166.134043              124.86                       166Sb
  51 167              167.141289              131.61                       167Sb
  51 168              168.150178              139.89                       168Sb
  51 169              169.157832              147.02                       169Sb
  51 170              170.167033              155.59                       170Sb
  51 171              171.175202              163.20                       171Sb
  51 172              172.184070              171.46                       172Sb
