  52  99               98.989243              -10.02      -13.59            99Te
  52 100               99.977359              -21.09      -23.67           100Te
  52 101              100.970027              -27.92      -31.16           101Te
  52 102              101.959173              -38.03      -38.47           102Te
  52 103              102.954460              -42.42      -44.17           103Te
  52 104              103.947042              -49.33      -49.89           104Te
  52 105  104.943640  104.943897  -52.499000  -52.26      -53.17           105Te
  52 106  105.937504  105.937799  -58.214429  -57.94      -58.59           106Te
  52 107  106.935006  106.935201  -60.541000  -60.36      -61.27           107Te
  52 108  107.929444  107.929951  -65.721935  -65.25      -65.91           108Te
  52 109  108.927415  108.927793  -67.612012  -67.26      -67.87           109Te
  52 110  109.922407  109.923199  -72.277120  -71.54      -71.86           110Te
  52 111  110.921110  110.921588  -73.484917  -73.04      -73.45           111Te
  52 112  111.917013  111.917552  -77.301267  -76.80      -76.89           112Te
  52 113  112.915891  112.916339  -78.347030  -77.93      -78.22           113Te
  52 114  113.912089  113.912882  -81.888570  -81.15      -81.31           114Te
  52 115  114.911902  114.912023  -82.062759  -81.95      -82.11           115Te
  52 116  115.908460  115.909049  -85.268962  -84.72      -84.87           116Te
  52 117  116.908644  116.909167  -85.096897  -84.61      -85.18           117Te
  52 118  117.905827  117.906408  -87.721044  -87.18      -87.53           118Te
  52 119  118.906403  118.906634  -87.184443  -86.97      -87.54           119Te
  52 120  119.904020  119.904379  -89.404587  -89.07      -89.13           120Te
  52 121  120.904936  120.905066  -88.551151  -88.43      -88.60           121Te
  52 122  121.903043  121.903370  -90.314028  -90.01      -90.21           122Te
  52 123  122.904270  122.904540  -89.171894  -88.92      -89.47           123Te
  52 124  123.902817  123.903070  -90.524548  -90.29      -90.52           124Te
  52 125  124.904430  124.904594  -89.022201  -88.87      -89.42           125Te
  52 126  125.903311  125.903424  -90.064575  -89.96      -90.27           126Te
  52 127  126.905226  126.905260  -88.281100  -88.25      -88.86           127Te
  52 128  127.904463  127.904208  -88.992091  -89.23      -89.47           128Te
  52 129  128.906598  128.906022  -87.003181  -87.54      -87.85           129Te
  52 130  129.906224  129.905496  -87.351410  -88.03      -87.98           130Te
  52 131  130.908523  130.907783  -85.209473  -85.90      -86.01           131Te
  52 132  131.908553  131.907396  -85.182183  -86.26      -86.42           132Te
  52 133  132.910955  132.909973  -82.944598  -83.86      -83.13           133Te
  52 134  133.911368  133.910574  -82.559490  -83.30      -82.95           134Te
  52 135  134.916448  134.915587  -77.827636  -78.63      -77.64           135Te
  52 136  135.920101  135.918947  -74.425210  -75.50      -73.97           136Te
  52 137  136.925322  136.924895  -69.561221  -69.96      -69.51           137Te
  52 138  137.929220  137.928813  -65.931000  -66.31      -65.97           138Te
  52 139  138.934730  138.935620  -60.799000  -59.97      -60.61           139Te
  52 140  139.938850  139.939635  -56.961000  -56.23      -57.02           140Te
  52 141  140.944650  140.946205  -51.558000  -50.11      -51.53           141Te
  52 142  141.949080  141.950230  -47.432000  -46.36      -47.57           142Te
  52 143              142.956640              -40.39      -42.04           143Te
  52 144              143.960805              -36.51      -37.76           144Te
  52 145              144.967332              -30.43      -32.02           145Te
  52 146              145.971862              -26.21      -27.64           146Te
  52 147              146.978561              -19.97      -21.84           147Te
  52 148              147.983360              -15.50      -17.39           148Te
  52 149              148.990317               -9.02      -11.57           149Te
  52 150              149.995448               -4.24       -6.70           150Te
  52 151              151.002673                2.49       -0.35           151Te
  52 152              152.008084                7.53        4.42           152Te
  52 153              153.015427               14.37       10.88           153Te
  52 154              154.021063               19.62       16.06           154Te
  52 155              155.028621               26.66       22.96           155Te
  52 156              156.034794               32.41       28.22           156Te
  52 157              157.042867               39.93       35.13           157Te
  52 158              158.049222               45.85       41.11           158Te
  52 159              159.057510               53.57       48.52           159Te
  52 160              160.064101               59.71       54.34           160Te
  52 161              161.072411               67.45       61.53           161Te
  52 162              162.079109               73.69       67.82           162Te
  52 163              163.087558               81.56       75.46           163Te
  52 164              164.094375               87.91       81.80           164Te
  52 165              165.103135               96.07       89.21           165Te
  52 166              166.109931              102.40       95.49           166Te
  52 167              167.118627              110.50      102.77           167Te
  52 168              168.125766              117.15      109.19           168Te
  52 169              169.134279              125.08      116.36           169Te
  52 170              170.141547              131.85      123.01           170Te
  52 171              171.150897              140.56      130.16           171Te
  52 172              172.158058              147.23      136.90           172Te
  52 173              173.167258              155.80      144.49           173Te
  52 174              174.174462              162.51      151.52           174Te
  52 175              175.183190              170.64      159.33           175Te
  52 176              176.190543              177.49      165.53           176Te
