  56 108              107.991422               -7.99                       108Ba
  56 109              108.985174              -13.81                       109Ba
  56 110              109.976146              -22.22      -25.47           110Ba
  56 111              110.970445              -27.53      -30.50           111Ba
  56 112              111.962748              -34.70      -37.26           112Ba
  56 113              112.958583              -38.58      -41.19           113Ba
  56 114  113.950675  113.951755  -45.945564  -44.94      -47.10           114Ba
  56 115  114.947370  114.947933  -49.025000  -48.50      -50.58           115Ba
  56 116  115.941380  115.941621  -54.604000  -54.38      -55.72           116Ba
  56 117  116.938499  116.938561  -57.288000  -57.23      -58.60           117Ba
  56 118  117.933040  117.933301  -62.373000  -62.13      -63.17           118Ba
  56 119  118.930659  118.930907  -64.590110  -64.36      -65.55           119Ba
  56 120  119.926044  119.926269  -68.888663  -68.68      -69.68           120Ba
  56 121  120.924054  120.924412  -70.742779  -70.41      -71.43           121Ba
  56 122  121.919904  121.920225  -74.608944  -74.31      -75.07           122Ba
  56 123  122.918781  122.918840  -75.654978  -75.60      -76.44           123Ba
  56 124  123.915093  123.915254  -79.089800  -78.94      -79.34           124Ba
  56 125  124.914472  124.914385  -79.667970  -79.75      -80.25           125Ba
  56 126  125.911250  125.911443  -82.669928  -82.49      -82.74           126Ba
  56 127  126.911093  126.911164  -82.815595  -82.75      -83.22           127Ba
  56 128  127.908317  127.908856  -85.401514  -84.90      -85.20           128Ba
  56 129  128.908679  128.909017  -85.064555  -84.75      -85.18           129Ba
  56 130  129.906320  129.907063  -87.261603  -86.57      -87.05           130Ba
  56 131  130.906941  130.907600  -86.683790  -86.07      -86.99           131Ba
  56 132  131.905061  131.905925  -88.434841  -87.63      -88.47           132Ba
  56 133  132.906007  132.906816  -87.553459  -86.80      -88.07           133Ba
  56 134  133.904508  133.905120  -88.949868  -88.38      -89.17           134Ba
  56 135  134.905688  134.906119  -87.850512  -87.45      -88.35           135Ba
  56 136  135.904575  135.904261  -88.886935  -89.18      -89.44           136Ba
  56 137  136.905827  136.905431  -87.721227  -88.09      -88.91           137Ba
  56 138  137.905247  137.904540  -88.261631  -88.92      -88.61           138Ba
  56 139  138.908841  138.908105  -84.913745  -85.60      -85.98           139Ba
  56 140  139.910604  139.910080  -83.271368  -83.76      -83.54           140Ba
  56 141  140.914411  140.914879  -79.725632  -79.29      -79.77           141Ba
  56 142  141.916453  141.916693  -77.823147  -77.60      -77.94           142Ba
  56 143  142.920626  142.920740  -73.935736  -73.83      -74.17           143Ba
  56 144  143.922952  143.922791  -71.768956  -71.92      -72.12           144Ba
  56 145  144.927627  144.927353  -67.414986  -67.67      -67.97           145Ba
  56 146  145.930219  145.930005  -65.000050  -65.20      -65.78           146Ba
  56 147  146.934945  146.934793  -60.598000  -60.74      -61.52           147Ba
  56 148  147.937720  147.937412  -58.013403  -58.30      -58.77           148Ba
  56 149  148.942580  148.942265  -53.486000  -53.78      -54.16           149Ba
  56 150  149.945680  149.945442  -50.599000  -50.82      -51.32           150Ba
  56 151  150.950810  150.950681  -45.820000  -45.94      -46.63           151Ba
  56 152  151.954270  151.954267  -42.597000  -42.60      -43.54           152Ba
  56 153  152.959610  152.959806  -37.623000  -37.44      -38.58           153Ba
  56 154              153.963607              -33.90      -35.14           154Ba
  56 155              154.969393              -28.51      -30.08           155Ba
  56 156              155.973441              -24.74      -26.27           156Ba
  56 157              156.979377              -19.21      -20.86           157Ba
  56 158              157.983725              -15.16      -16.70           158Ba
  56 159              158.990231               -9.10      -10.94           159Ba
  56 160              159.995223               -4.45       -6.56           160Ba
  56 161              161.002212                2.06       -0.75           161Ba
  56 162              162.007461                6.95        4.26           162Ba
  56 163              163.014665               13.66       10.18           163Ba
  56 164              164.020161               18.78       15.42           164Ba
  56 165              165.027504               25.62       21.67           165Ba
  56 166              166.033237               30.96       27.05           166Ba
  56 167              167.040805               38.01       33.72           167Ba
  56 168              168.046646               43.45       39.12           168Ba
  56 169              169.054257               50.54       45.84           169Ba
  56 170              170.060430               56.29       51.54           170Ba
  56 171              171.068299               63.62       58.13           171Ba
  56 172              172.074504               69.40       64.06           172Ba
  56 173              173.082276               76.64       70.84           173Ba
  56 174              174.088771               82.69       76.73           174Ba
  56 175              175.096737               90.11       83.64           175Ba
  56 176              176.103715               96.61       89.22           176Ba
  56 177              177.111681              104.03       96.22           177Ba
  56 178              178.118229              110.13      101.77           178Ba
  56 179              179.126088              117.45      108.88           179Ba
  56 180              180.132593              123.51      114.82           180Ba
  56 181              181.140323              130.71      122.25           181Ba
  56 182              182.147484              137.38      127.21           182Ba
  56 183              183.158122              147.29      137.26           183Ba
  56 184              184.167033              155.59      144.98           184Ba
  56 185              185.178133              165.93      153.52           185Ba
  56 186              186.187484              174.64      161.37           186Ba
  56 187              187.197747              184.20      170.23           187Ba
  56 188              188.206647              192.49      178.29           188Ba
  56 189              189.216727              201.88      186.79           189Ba
