  57 110              109.997746               -2.10                       110La
  57 111              110.988610              -10.61                       111La
  57 112              111.982340              -16.45      -19.73           112La
  57 113              112.973870              -24.34      -26.96           113La
  57 114              113.968438              -29.40      -31.57           114La
  57 115              114.961202              -36.14      -38.19           115La
  57 116              115.956489              -40.53      -42.40           116La
  57 117  116.950068  116.949984  -46.512000  -46.59      -48.36           117La
  57 118  117.946730  117.946215  -49.621000  -50.10      -51.64           118La
  57 119  118.940990  118.940794  -54.967000  -55.15      -56.71           119La
  57 120  119.938070  119.937820  -57.687000  -57.92      -59.28           120La
  57 121  120.933010  120.933107  -62.401000  -62.31      -63.69           121La
  57 122  121.930710  121.930563  -64.543000  -64.68      -65.82           122La
  57 123  122.926240  122.926312  -68.707000  -68.64      -69.67           123La
  57 124  123.924574  123.924315  -70.258610  -70.50      -71.42           124La
  57 125  124.920816  124.920676  -73.759389  -73.89      -74.55           125La
  57 126  125.919512  125.919194  -74.973468  -75.27      -75.73           126La
  57 127  126.916375  126.916242  -77.895769  -78.02      -78.44           127La
  57 128  127.915585  127.915362  -78.631901  -78.84      -78.85           128La
  57 129  128.912692  128.913043  -81.326120  -81.00      -80.99           129La
  57 130  129.912368  129.912635  -81.628008  -81.38      -81.48           130La
  57 131  130.910070  130.910670  -83.769256  -83.21      -83.61           131La
  57 132  131.910101  131.910638  -83.740245  -83.24      -83.92           132La
  57 133  132.908218  132.908920  -85.494383  -84.84      -85.60           133La
  57 134  133.908514  133.909210  -85.218650  -84.57      -85.58           134La
  57 135  134.906976  134.907707  -86.650512  -85.97      -86.92           135La
  57 136  135.907635  135.908126  -86.036945  -85.58      -86.44           136La
  57 137  136.906493  136.906183  -87.100653  -87.39      -87.54           137La
  57 138  137.907111  137.906773  -86.524681  -86.84      -87.94           138La
  57 139  138.906353  138.905764  -87.231371  -87.78      -87.57           139La
  57 140  139.909477  139.908835  -84.321031  -84.92      -85.21           140La
  57 141  140.910962  140.910617  -82.938221  -83.26      -82.91           141La
  57 142  141.914079  141.914857  -80.034775  -79.31      -79.68           142La
  57 143  142.916062  142.916403  -78.187073  -77.87      -78.21           143La
  57 144  143.919599  143.919720  -74.892447  -74.78      -74.77           144La
  57 145  144.921645  144.921578  -72.986839  -73.05      -73.08           145La
  57 146  145.925793  145.925668  -69.122947  -69.24      -69.38           146La
  57 147  146.928235  146.928094  -66.848403  -66.98      -67.35           147La
  57 148  147.932228  147.931927  -63.128403  -63.41      -63.54           148La
  57 149  148.934734  148.934385  -60.795000  -61.12      -61.35           149La
  57 150  149.938770  149.938561  -57.035000  -57.23      -57.42           150La
  57 151  150.941720  150.941642  -54.287000  -54.36      -54.80           151La
  57 152  151.946250  151.946312  -50.068000  -50.01      -50.58           152La
  57 153  152.949620  152.949780  -46.929000  -46.78      -47.71           153La
  57 154  153.954500  153.954761  -42.383000  -42.14      -43.15           154La
  57 155  154.958350  154.958529  -38.797000  -38.63      -39.87           155La
  57 156              155.963800              -33.72      -35.14           156La
  57 157              156.967783              -30.01      -31.48           157La
  57 158              157.973183              -24.98      -26.43           158La
  57 159              158.977434              -21.02      -22.51           159La
  57 160              159.983489              -15.38      -17.13           160La
  57 161              160.988438              -10.77      -12.69           161La
  57 162              161.994954               -4.70       -6.89           162La
  57 163              163.000193                0.18       -2.35           163La
  57 164              164.006881                6.41        3.40           164La
  57 165              165.012356               11.51        8.28           165La
  57 166              166.019302               17.98       14.32           166La
  57 167              167.024960               23.25       19.36           167La
  57 168              168.031981               29.79       25.43           168La
  57 169              169.037789               35.20       30.95           169La
  57 170              170.044885               41.81       37.36           170La
  57 171              171.051026               47.53       42.89           171La
  57 172              172.058422               54.42       49.29           172La
  57 173              173.064617               60.19       55.17           173La
  57 174              174.071927               67.00       61.67           174La
  57 175              175.078401               73.03       67.35           175La
  57 176              176.085937               80.05       74.70           176La
  57 177              177.093130               86.75       79.64           177La
  57 178              178.100505               93.62       86.20           178La
  57 179              179.107022               99.69       92.93           179La
  57 180              180.114354              106.52       99.59           180La
  57 181              181.120903              112.62      104.40           181La
  57 182              182.128278              119.49      111.83           182La
  57 183              183.135310              126.04      116.31           183La
  57 184              184.145272              135.32      126.36           184La
  57 185              185.154365              143.79      133.39           185La
  57 186              186.165036              153.73      141.91           186La
  57 187              187.174247              162.31      149.79           187La
  57 188              188.183984              171.38      158.47           188La
  57 189              189.192916              179.70      166.40           189La
  57 190              190.202664              188.78      175.25           190La
  57 191              191.211789              197.28      182.86           191La
  57 192              192.221794              206.60      191.63           192La
