  58 113              112.992281               -7.19                       113Ce
  58 114              113.983296              -15.56      -19.00           114Ce
  58 115              114.977219              -21.22      -24.30           115Ce
  58 116              115.968642              -29.21      -31.27           116Ce
  58 117              116.963714              -33.80      -36.16           117Ce
  58 118              117.956446              -40.57      -42.42           118Ce
  58 119  118.952760  118.952474  -44.004000  -44.27      -46.36           119Ce
  58 120  119.946640  119.946312  -49.705000  -50.01      -51.70           120Ce
  58 121  120.943420  120.943156  -52.704000  -52.95      -54.69           121Ce
  58 122  121.937910  121.937745  -57.836000  -57.99      -59.11           122Ce
  58 123  122.935400  122.935147  -60.175000  -60.41      -61.65           123Ce
  58 124  123.930410  123.930295  -64.823000  -64.93      -65.68           124Ce
  58 125  124.928440  124.928212  -66.658000  -66.87      -67.77           125Ce
  58 126  125.923971  125.923972  -70.820558  -70.82      -71.39           126Ce
  58 127  126.922731  126.922447  -71.975611  -72.24      -72.85           127Ce
  58 128  127.918911  127.918904  -75.533918  -75.54      -75.85           128Ce
  58 129  128.918102  128.917992  -76.287496  -76.39      -76.92           129Ce
  58 130  129.914736  129.915007  -79.422905  -79.17      -79.26           130Ce
  58 131  130.914422  130.914728  -79.715394  -79.43      -79.72           131Ce
  58 132  131.911460  131.912087  -82.474025  -81.89      -82.24           132Ce
  58 133  132.911515  132.912012  -82.423228  -81.96      -82.68           133Ce
  58 134  133.908924  133.909801  -84.835983  -84.02      -84.65           134Ce
  58 135  134.909151  134.910080  -84.624930  -83.76      -84.88           135Ce
  58 136  135.907172  135.908029  -86.468332  -85.67      -86.45           136Ce
  58 137  136.907805  136.908405  -85.878553  -85.32      -86.09           137Ce
  58 138  137.905991  137.905936  -87.568521  -87.62      -87.78           138Ce
  58 139  138.906652  138.906441  -86.952496  -87.15      -88.05           139Ce
  58 140  139.905438  139.904798  -88.083278  -88.68      -88.27           140Ce
  58 141  140.908276  140.907804  -85.440105  -85.88      -86.34           141Ce
  58 142  141.909244  141.908985  -84.538479  -84.78      -84.51           142Ce
  58 143  142.912385  142.913000  -81.611999  -81.04      -81.37           143Ce
  58 144  143.913647  143.913870  -80.436989  -80.23      -80.19           144Ce
  58 145  144.917233  144.917133  -77.096839  -77.19      -77.08           145Ce
  58 146  145.918759  145.918411  -75.675496  -76.00      -75.78           146Ce
  58 147  146.922673  146.922351  -72.028748  -72.33      -72.47           147Ce
  58 148  147.924432  147.923961  -70.390756  -70.83      -70.95           148Ce
  58 149  148.928399  148.927546  -66.695080  -67.49      -67.42           149Ce
  58 150  149.930408  149.929361  -64.823663  -65.80      -65.52           150Ce
  58 151  150.933976  150.933387  -61.500777  -62.05      -61.96           151Ce
  58 152  151.936540  151.935824  -59.113000  -59.78      -59.73           152Ce
  58 153  152.940580  152.940354  -55.349000  -55.56      -55.76           153Ce
  58 154  153.943420  153.943210  -52.704000  -52.90      -53.26           154Ce
  58 155  154.948040  154.948062  -48.400000  -48.38      -48.85           155Ce
  58 156  155.951260  155.951261  -45.401000  -45.40      -45.97           156Ce
  58 157  156.956340  156.956468  -40.669000  -40.55      -41.45           157Ce
  58 158              157.959968              -37.29      -38.19           158Ce
  58 159              158.965303              -32.32      -33.25           159Ce
  58 160              159.969189              -28.70      -29.63           160Ce
  58 161              160.975062              -23.23      -24.22           161Ce
  58 162              161.979592              -19.01      -20.35           162Ce
  58 163              162.986001              -13.04      -14.60           163Ce
  58 164              163.990746               -8.62      -10.55           164Ce
  58 165              164.997391               -2.43       -5.16           165Ce
  58 166              166.002394                2.23       -0.33           166Ce
  58 167              167.009243                8.61        5.40           167Ce
  58 168              168.014418               13.43       10.34           168Ce
  58 169              169.021503               20.03       16.58           169Ce
  58 170              170.026839               25.00       21.49           170Ce
  58 171              171.033881               31.56       27.66           171Ce
  58 172              172.039528               36.82       33.09           172Ce
  58 173              173.046935               43.72       39.37           173Ce
  58 174              174.052679               49.07       44.86           174Ce
  58 175              175.060043               55.93       51.16           175Ce
  58 176              176.066055               61.53       56.85           176Ce
  58 177              177.073967               68.90       63.69           177Ce
  58 178              178.080451               74.94       68.82           178Ce
  58 179              179.087891               81.87       75.17           179Ce
  58 180              180.093914               87.48       80.44           180Ce
  58 181              181.101332               94.39       88.11           181Ce
  58 182              182.107290               99.94       92.66           182Ce
  58 183              183.114676              106.82       99.71           183Ce
  58 184              184.121203              112.90      104.11           184Ce
  58 185              185.131327              122.33      114.11           185Ce
  58 186              186.139700              130.13      120.87           186Ce
  58 187              187.150554              140.24      129.33           187Ce
  58 188              188.159174              148.27      137.01           188Ce
  58 189              189.168847              157.28      145.70           189Ce
  58 190              190.177296              165.15      153.46           190Ce
  58 191              191.187130              174.31      162.19           191Ce
  58 192              192.196244              182.80      169.81           192Ce
  58 193              193.205777              191.68      178.42           193Ce
  58 194              194.213990              199.33      186.00           194Ce
  58 195              195.224135              208.78                       195Ce
