  62 123              122.988094              -11.09      -13.90           123Sm
  62 124              123.979753              -18.86      -20.84           124Sm
  62 125              124.974997              -23.29      -25.55           125Sm
  62 126              125.968126              -29.69      -31.78           126Sm
  62 127              126.963993              -33.54      -35.68           127Sm
  62 128              127.957659              -39.44      -41.08           128Sm
  62 129              128.954181              -42.68      -44.40           129Sm
  62 130  129.948630  129.948416  -47.851002  -48.05      -49.25           130Sm
  62 131  130.945890  130.945496  -50.403002  -50.77      -52.05           131Sm
  62 132  131.940820  131.940354  -55.126003  -55.56      -56.03           132Sm
  62 133  132.938730  132.938142  -57.073003  -57.62      -58.05           133Sm
  62 134  133.934020  133.933880  -61.460003  -61.59      -61.54           134Sm
  62 135  134.932350  134.932292  -63.016003  -63.07      -63.13           135Sm
  62 136  135.928300  135.928588  -66.788003  -66.52      -66.43           136Sm
  62 137  136.927046  136.927278  -67.955546  -67.74      -67.81           137Sm
  62 138  137.923540  137.923961  -71.222003  -70.83      -71.01           138Sm
  62 139  138.922302  138.923188  -72.375213  -71.55      -72.36           139Sm
  62 140  139.918991  139.920010  -75.459390  -74.51      -75.01           140Sm
  62 141  140.918468  140.919119  -75.946085  -75.34      -75.89           141Sm
  62 142  141.915193  141.915555  -78.996948  -78.66      -78.70           142Sm
  62 143  142.914623  142.914718  -79.527638  -79.44      -79.85           143Sm
  62 144  143.911994  143.911626  -81.976373  -82.32      -81.65           144Sm
  62 145  144.913405  144.913268  -80.662146  -80.79      -80.79           145Sm
  62 146  145.913036  145.913150  -81.005728  -80.90      -80.47           146Sm
  62 147  146.914893  146.915598  -79.276396  -78.62      -78.59           147Sm
  62 148  147.914817  147.915254  -79.346594  -78.94      -78.66           148Sm
  62 149  148.917179  148.917101  -77.146772  -77.22      -76.83           149Sm
  62 150  149.917271  149.916833  -77.061136  -77.47      -76.94           150Sm
  62 151  150.919928  150.918947  -74.586254  -75.50      -75.06           151Sm
  62 152  151.919728  151.918658  -74.772651  -75.77      -74.83           152Sm
  62 153  152.922093  152.920858  -72.569051  -73.72      -72.71           153Sm
  62 154  153.922205  153.921223  -72.465285  -73.38      -72.33           154Sm
  62 155  154.924635  154.923886  -70.201162  -70.90      -70.11           155Sm
  62 156  155.925526  155.924755  -69.371857  -70.09      -69.13           156Sm
  62 157  156.928354  156.927933  -66.737341  -67.13      -66.30           157Sm
  62 158  157.929987  157.929339  -65.215809  -65.82      -65.17           158Sm
  62 159  158.933200  158.932775  -62.224003  -62.62      -61.93           159Sm
  62 160  159.935140  159.934567  -60.417003  -60.95      -60.27           160Sm
  62 161  160.938830  160.938400  -56.979003  -57.38      -56.77           161Sm
  62 162  161.941220  161.940569  -54.753003  -55.36      -54.60           162Sm
  62 163  162.945360  162.944766  -50.897002  -51.45      -50.75           163Sm
  62 164  163.948280  163.947343  -48.177002  -49.05      -48.27           164Sm
  62 165  164.952980  164.952141  -43.799002  -44.58      -44.05           165Sm
  62 166              165.955577              -41.38      -41.07           166Sm
  62 167              166.961009              -36.32      -36.38           167Sm
  62 168              167.964595              -32.98      -33.08           168Sm
  62 169              168.970188              -27.77      -28.17           169Sm
  62 170              169.974052              -24.17      -24.79           170Sm
  62 171              170.979893              -18.73      -19.76           171Sm
  62 172              171.984079              -14.83      -15.83           172Sm
  62 173              172.990134               -9.19      -10.47           173Sm
  62 174              173.994471               -5.15       -6.22           174Sm
  62 175              175.000633                0.59       -0.70           175Sm
  62 176              176.005110                4.76        3.72           176Sm
  62 177              177.011562               10.77        9.68           177Sm
  62 178              178.016457               15.33       14.24           178Sm
  62 179              179.023242               21.65       20.25           179Sm
  62 180              180.028138               26.21       24.40           180Sm
  62 181              181.035631               33.19       30.42           181Sm
  62 182              182.040591               37.81       34.75           182Sm
  62 183              183.047300               44.06       40.69           183Sm
  62 184              184.052475               48.88       45.08           184Sm
  62 185              185.058981               54.94       51.05           185Sm
  62 186              186.063951               59.57       55.30           186Sm
  62 187              187.070478               65.65       61.17           187Sm
  62 188              188.076114               70.90       65.62           188Sm
  62 189              189.085261               79.42       73.69           189Sm
  62 190              190.092668               86.32       80.73           190Sm
  62 191              191.102180               95.18       88.90           191Sm
  62 192              192.109544              102.04       96.00           192Sm
  62 193              193.118777              110.64      104.02           193Sm
  62 194              194.126378              117.72      110.99           194Sm
  62 195              195.135717              126.42      119.06           195Sm
  62 196              196.143200              133.39      126.21           196Sm
  62 197              197.151821              141.42      134.61           197Sm
  62 198              198.159110              148.21      141.12           198Sm
  62 199              199.168181              156.66      148.68           199Sm
  62 200              200.175847              163.80      155.95           200Sm
  62 201              201.185015              172.34      163.69           201Sm
  62 202              202.192970              179.75      170.85           202Sm
  62 203              203.202267              188.41                       203Sm
  62 204              204.210329              195.92                       204Sm
  62 205              205.219293              204.27                       205Sm
  62 206              206.227280              211.71                       206Sm
  62 207              207.236545              220.34                       207Sm
  62 208              208.244822              228.05                       208Sm
