  63 125              124.991852               -7.59                       125Eu
  63 126              125.986248              -12.81                       126Eu
  63 127              126.978851              -19.70                       127Eu
  63 128              127.973977              -24.24                       128Eu
  63 129              128.967472              -30.30                       129Eu
  63 130              129.963263              -34.22                       130Eu
  63 131              130.957327              -39.75                       131Eu
  63 132  131.954160  131.953666  -42.700002  -43.16                       132Eu
  63 133  132.948900  132.948438  -47.599002  -48.03                       133Eu
  63 134  133.946320  133.945614  -50.003002  -50.66                       134Eu
  63 135  134.941720  134.941245  -54.287003  -54.73                       135Eu
  63 136  135.939500  135.939087  -56.355003  -56.74                       136Eu
  63 137  136.935210  136.935340  -60.351003  -60.23                       137Eu
  63 138  137.933450  137.933430  -61.991003  -62.01                       138Eu
  63 139  138.929838  138.929930  -65.355003  -65.27                       139Eu
  63 140  139.928083  139.928717  -66.989389  -66.40                       140Eu
  63 141  140.924885  140.925603  -69.968356  -69.30                       141Eu
  63 142  141.923400  141.924154  -71.352402  -70.65                       142Eu
  63 143  142.920286  142.920601  -74.252515  -73.96                       143Eu
  63 144  143.918774  143.919280  -75.661416  -75.19                       144Eu
  63 145  144.916261  144.916060  -78.002103  -78.19                       145Eu
  63 146  145.917199  145.917219  -77.127962  -77.11                       146Eu
  63 147  146.916741  146.916897  -77.555059  -77.41                       147Eu
  63 148  147.918153  147.918647  -76.239260  -75.78                       148Eu
  63 149  148.917925  148.918099  -76.451504  -76.29                       149Eu
  63 150  149.919698  149.919398  -74.800550  -75.08                       150Eu
  63 151  150.919846  150.919033  -74.662943  -75.42                       151Eu
  63 152  151.921740  151.920526  -72.898341  -74.03                       152Eu
  63 153  152.921226  152.920257  -73.377297  -74.28                       153Eu
  63 154  153.922975  153.921943  -71.747958  -72.71                       154Eu
  63 155  154.922889  154.922211  -71.828026  -72.46                       155Eu
  63 156  155.924750  155.924347  -70.094119  -70.47                       156Eu
  63 157  156.925419  156.925174  -69.471341  -69.70                       157Eu
  63 158  157.927841  157.927708  -67.214809  -67.34                       158Eu
  63 159  158.929084  158.928985  -66.057356  -66.15                       159Eu
  63 160  159.931967  159.931851  -63.372003  -63.48                       160Eu
  63 161  160.933680  160.933494  -61.777003  -61.95                       161Eu
  63 162  161.937040  161.936800  -58.647003  -58.87                       162Eu
  63 163  162.939210  162.938862  -56.626003  -56.95                       163Eu
  63 164  163.942990  163.942501  -53.104003  -53.56                       164Eu
  63 165  164.945720  164.944981  -50.561002  -51.25                       165Eu
  63 166  165.949970  165.949178  -46.603002  -47.34                       166Eu
  63 167  166.953050  166.952367  -43.734002  -44.37                       167Eu
  63 168              167.957198              -39.87                       168Eu
  63 169              168.960859              -36.46                       169Eu
  63 170              169.965936              -31.73                       170Eu
  63 171              170.969715              -28.21                       171Eu
  63 172              171.975072              -23.22                       172Eu
  63 173              172.979227              -19.35                       173Eu
  63 174              173.984852              -14.11                       174Eu
  63 175              174.989211              -10.05                       175Eu
  63 176              175.994911               -4.74                       176Eu
  63 177              176.999399               -0.56                       177Eu
  63 178              178.005336                4.97                       178Eu
  63 179              179.010209                9.51                       179Eu
  63 180              180.016511               15.38                       180Eu
  63 181              181.021471               20.00                       181Eu
  63 182              182.028363               26.42                       182Eu
  63 183              183.033280               31.00                       183Eu
  63 184              184.039571               36.86                       184Eu
  63 185              185.044778               41.71                       185Eu
  63 186              186.050875               47.39                       186Eu
  63 187              187.055942               52.11                       187Eu
  63 188              188.061933               57.69                       188Eu
  63 189              189.067537               62.91                       189Eu
  63 190              190.076254               71.03                       190Eu
  63 191              191.083651               77.92                       191Eu
  63 192              192.092518               86.18                       192Eu
  63 193              193.099840               93.00                       193Eu
  63 194              194.108890              101.43                       194Eu
  63 195              195.116372              108.40                       195Eu
  63 196              196.125293              116.71                       196Eu
  63 197              197.132636              123.55                       197Eu
  63 198              198.140892              131.24                       198Eu
  63 199              199.148224              138.07                       199Eu
  63 200              200.156802              146.06                       200Eu
  63 201              201.164446              153.18                       201Eu
  63 202              202.173249              161.38                       202Eu
  63 203              203.181032              168.63                       203Eu
  63 204              204.189921              176.91                       204Eu
  63 205              205.197543              184.01                       205Eu
  63 206              206.206518              192.37                       206Eu
  63 207              207.214483              199.79                       207Eu
  63 208              208.223297              208.00                       208Eu
  63 209              209.231424              215.57                       209Eu
  63 210              210.240946              224.44                       210Eu
  63 211              211.249578              232.48                       211Eu
