  64 128              127.987815              -11.35      -13.90           128Gd
  64 129              128.982759              -16.06      -18.76           129Gd
  64 130              129.975512              -22.81      -25.30           130Gd
  64 131              130.971143              -26.88      -29.59           131Gd
  64 132              131.964412              -33.15      -35.31           132Gd
  64 133              132.960622              -36.68      -38.72           133Gd
  64 134  133.955370  133.954696  -41.573000  -42.20      -43.47           134Gd
  64 135  134.952570  134.951755  -44.181000  -44.94      -46.03           135Gd
  64 136  135.947340  135.946752  -49.052000  -49.60      -49.99           136Gd
  64 137  136.945020  136.944487  -51.214000  -51.71      -52.21           137Gd
  64 138  137.940120  137.939892  -55.778000  -55.99      -55.85           138Gd
  64 139  138.938240  138.938078  -57.529000  -57.68      -57.69           139Gd
  64 140  139.933674  139.933913  -61.782272  -61.56      -61.38           140Gd
  64 141  140.932126  140.933408  -63.224224  -62.03      -63.07           141Gd
  64 142  141.928116  141.928921  -66.959515  -66.21      -66.72           142Gd
  64 143  142.926749  142.927385  -68.232392  -67.64      -67.63           143Gd
  64 144  143.922963  143.923424  -71.759504  -71.33      -71.43           144Gd
  64 145  144.921709  144.921867  -72.927362  -72.78      -73.29           145Gd
  64 146  145.918310  145.918142  -76.093179  -76.25      -75.41           146Gd
  64 147  146.919094  146.919227  -75.363063  -75.24      -75.38           147Gd
  64 148  147.918114  147.918335  -76.275830  -76.07      -75.57           148Gd
  64 149  148.919340  148.920032  -75.133454  -74.49      -74.09           149Gd
  64 150  149.918658  149.919023  -75.768769  -75.43      -74.82           150Gd
  64 151  150.920348  150.920322  -74.194911  -74.22      -73.61           151Gd
  64 152  151.919790  151.919377  -74.714206  -75.10      -74.33           152Gd
  64 153  152.921749  152.920901  -72.889831  -73.68      -73.27           153Gd
  64 154  153.920865  153.920064  -73.713221  -74.46      -73.65           154Gd
  64 155  154.922622  154.921717  -72.077123  -72.92      -72.53           155Gd
  64 156  155.922122  155.921438  -72.542197  -73.18      -72.38           156Gd
  64 157  156.923960  156.923521  -70.830678  -71.24      -70.96           157Gd
  64 158  157.924103  157.923757  -70.696751  -71.02      -70.59           158Gd
  64 159  158.926388  158.926205  -68.568524  -68.74      -68.46           159Gd
  64 160  159.927054  159.926870  -67.948626  -68.12      -67.82           160Gd
  64 161  160.929669  160.929683  -65.512709  -65.50      -65.23           161Gd
  64 162  161.930984  161.930746  -64.287290  -64.51      -64.36           162Gd
  64 163  162.933990  162.933934  -61.488000  -61.54      -61.47           163Gd
  64 164  163.935860  163.935394  -59.746000  -60.18      -59.95           164Gd
  64 165  164.939380  164.938948  -56.467000  -56.87      -56.65           165Gd
  64 166  165.941600  165.940923  -54.399000  -55.03      -54.81           166Gd
  64 167  166.945570  166.944992  -50.701000  -51.24      -51.27           167Gd
  64 168  167.948360  167.947622  -48.102000  -48.79      -48.84           168Gd
  64 169  168.952870  168.952335  -43.901000  -44.40      -44.59           169Gd
  64 170              169.955222              -41.71      -41.99           170Gd
  64 171              170.960150              -37.12      -37.62           171Gd
  64 172              171.963392              -34.10      -34.64           172Gd
  64 173              172.968663              -29.19      -30.22           173Gd
  64 174              173.972270              -25.83      -26.75           174Gd
  64 175              174.977842              -20.64      -21.78           175Gd
  64 176              175.981696              -17.05      -18.12           176Gd
  64 177              176.987375              -11.76      -13.11           177Gd
  64 178              177.991412               -8.00       -8.95           178Gd
  64 179              178.997359               -2.46       -3.47           179Gd
  64 180              180.001793                1.67        0.56           180Gd
  64 181              181.008041                7.49        5.85           181Gd
  64 182              182.012668               11.80        9.65           182Gd
  64 183              183.019463               18.13       15.31           183Gd
  64 184              184.023908               22.27       19.26           184Gd
  64 185              185.030220               28.15       24.64           185Gd
  64 186              186.034998               32.60       28.78           186Gd
  64 187              187.041138               38.32       35.50           187Gd
  64 188              188.045819               42.68       38.66           188Gd
  64 189              189.051809               48.26       44.23           189Gd
  64 190              190.056994               53.09       47.58           190Gd
  64 191              191.065679               61.18       55.57           191Gd
  64 192              192.072615               67.64       62.07           192Gd
  64 193              193.081546               75.96       69.61           193Gd
  64 194              194.088460               82.40       76.93           194Gd
  64 195              195.097435               90.76       84.86           195Gd
  64 196              196.104488               97.33       90.55           196Gd
  64 197              197.113259              105.50       98.20           197Gd
  64 198              198.120323              112.08      104.62           198Gd
  64 199              199.128600              119.79      112.53           199Gd
  64 200              200.135428              126.15      118.70           200Gd
  64 201              201.144048              134.18      126.04           201Gd
  64 202              202.151241              140.88      132.47           202Gd
  64 203              203.160012              149.05      139.62           203Gd
  64 204              204.167333              155.87      146.23           204Gd
  64 205              205.176190              164.12      153.57           205Gd
  64 206              206.183458              170.89      160.55           206Gd
  64 207              207.192390              179.21      168.23           207Gd
  64 208              208.199819              186.13      175.16           208Gd
  64 209              209.208783              194.48      183.04           209Gd
  64 210              210.216577              201.74      190.11           210Gd
  64 211              211.225895              210.42      198.22           211Gd
  64 212              212.234076              218.04      205.49           212Gd
  64 213              213.243963              227.25      213.56           213Gd
  64 214              214.252465              235.17      221.17           214Gd
