  65 130              129.993988               -5.60       -8.52           130Tb
  65 131              130.986312              -12.75      -15.49           131Tb
  65 132              131.981192              -17.52      -20.01           132Tb
  65 133              132.974353              -23.89      -26.20           133Tb
  65 134              133.969823              -28.11      -30.08           134Tb
  65 135              134.963757              -33.76      -35.02           135Tb
  65 136  135.961380  135.960161  -35.974000  -37.11      -37.79           136Tb
  65 137  136.955980  136.955126  -41.004000  -41.80      -42.35           137Tb
  65 138  137.953160  137.952259  -43.631000  -44.47      -44.83           138Tb
  65 139  138.948290  138.947772  -48.168000  -48.65      -48.45           139Tb
  65 140  139.945805  139.945099  -50.482272  -51.14      -50.88           140Tb
  65 141  140.941448  140.940966  -54.540837  -54.99      -54.80           141Tb
  65 142  141.938744  141.939924  -57.060000  -55.96      -56.58           142Tb
  65 143  142.935121  142.935491  -60.434400  -60.09      -60.47           143Tb
  65 144  143.933045  143.933387  -62.368181  -62.05      -61.85           144Tb
  65 145  144.929274  144.929425  -65.880845  -65.74      -66.02           145Tb
  65 146  145.927246  145.927536  -67.769370  -67.50      -67.81           146Tb
  65 147  146.924044  146.923585  -70.752013  -71.18      -69.95           147Tb
  65 148  147.924271  147.924251  -70.540457  -70.56      -70.78           148Tb
  65 149  148.923245  148.923145  -71.495975  -71.59      -71.29           149Tb
  65 150  149.923659  149.924133  -71.110545  -70.67      -70.09           150Tb
  65 151  150.923102  150.922962  -71.629520  -71.76      -71.09           151Tb
  65 152  151.924074  151.923639  -70.724206  -71.13      -70.22           152Tb
  65 153  152.923434  152.922640  -71.320222  -72.06      -71.26           153Tb
  65 154  153.924678  153.923607  -70.161974  -71.16      -70.42           154Tb
  65 155  154.923505  154.922737  -71.254414  -71.97      -71.09           155Tb
  65 156  155.924747  155.923864  -70.097520  -70.92      -70.28           156Tb
  65 157  156.924024  156.923553  -70.770626  -71.21      -70.59           157Tb
  65 158  157.925413  157.925099  -69.477216  -69.77      -69.40           158Tb
  65 159  158.925346  158.925238  -69.539048  -69.64      -69.41           159Tb
  65 160  159.927167  159.927181  -67.842938  -67.83      -67.62           160Tb
  65 161  160.927569  160.927697  -67.468186  -67.35      -67.33           161Tb
  65 162  161.929488  161.929994  -65.681287  -65.21      -65.00           162Tb
  65 163  162.930647  162.930864  -64.601404  -64.40      -64.38           163Tb
  65 164  163.933350  163.933526  -62.083294  -61.92      -61.87           164Tb
  65 165  164.934880  164.934911  -60.659000  -60.63      -60.48           165Tb
  65 166  165.937991  165.937928  -57.760118  -57.82      -57.31           166Tb
  65 167  166.940050  166.939742  -55.843000  -56.13      -55.92           167Tb
  65 168  167.943640  167.943274  -52.499000  -52.84      -52.64           168Tb
  65 169  168.946220  168.945754  -50.096000  -50.53      -50.40           169Tb
  65 170  169.950250  169.949844  -46.342000  -46.72      -46.18           170Tb
  65 171  170.953300  170.952624  -43.501000  -44.13      -44.00           171Tb
  65 172              171.957026              -40.03      -40.02           172Tb
  65 173              172.960193              -37.08      -37.07           173Tb
  65 174              173.964938              -32.66      -32.97           174Tb
  65 175              174.968513              -29.33      -29.68           175Tb
  65 176              175.973634              -24.56      -25.33           176Tb
  65 177              176.977541              -20.92      -21.49           177Tb
  65 178              177.982641              -16.17      -16.78           178Tb
  65 179              178.986699              -12.39      -12.85           179Tb
  65 180              179.992131               -7.33       -7.58           180Tb
  65 181              180.996575               -3.19       -4.09           181Tb
  65 182              182.002426                2.26        0.97           182Tb
  65 183              183.007075                6.59        4.58           183Tb
  65 184              184.013323               12.41       10.02           184Tb
  65 185              185.017735               16.52       13.74           185Tb
  65 186              186.023575               21.96       19.12           186Tb
  65 187              187.028374               26.43       22.75           187Tb
  65 188              188.034192               31.85       28.35           188Tb
  65 189              189.038862               36.20       31.95           189Tb
  65 190              190.044627               41.57       36.76           190Tb
  65 191              191.049566               46.17       41.39           191Tb
  65 192              192.057950               53.98       49.17           192Tb
  65 193              193.064917               60.47       54.67           193Tb
  65 194              194.073302               68.28       62.28           194Tb
  65 195              195.080247               74.75       68.63           195Tb
  65 196              196.088632               82.56       76.16           196Tb
  65 197              197.095621               89.07       82.74           197Tb
  65 198              198.103973               96.85       90.23           198Tb
  65 199              199.113302              105.54       96.54           199Tb
  65 200              200.118831              110.69      104.01           200Tb
  65 201              201.125648              117.04      109.84           201Tb
  65 202              202.133828              124.66      116.79           202Tb
  65 203              203.140956              131.30      123.22           203Tb
  65 204              204.149341              139.11      130.10           204Tb
  65 205              205.156576              145.85      136.96           205Tb
  65 206              206.165036              153.73      144.13           206Tb
  65 207              207.172540              160.72      150.45           207Tb
  65 208              208.180806              168.42      157.24           208Tb
  65 209              209.188139              175.25      164.71           209Tb
  65 210              210.196770              183.29      172.28           210Tb
  65 211              211.204553              190.54      179.44           211Tb
  65 212              212.213582              198.95      187.26           212Tb
  65 213              213.221730              206.54      194.31           213Tb
  65 214              214.231177              215.34      202.28           214Tb
  65 215              215.239594              223.18      209.65           215Tb
  65 216              216.248933              231.88      217.71           216Tb
  65 217              217.257457              239.82      225.54           217Tb
  65 218              218.267216              248.91      233.68           218Tb
