  67 136              135.987901              -11.27                       136Ho
  67 137              136.980988              -17.71                       137Ho
  67 138              137.976650              -21.75                       138Ho
  67 139              138.970843              -27.16                       139Ho
  67 140              139.967235              -30.52                       140Ho
  67 141              140.962125              -35.28                       141Ho
  67 142  141.959860  141.958744  -37.390002  -38.43                       142Ho
  67 143  142.954690  142.953999  -42.206002  -42.85                       143Ho
  67 144  143.951640  143.952506  -45.047002  -44.24                       144Ho
  67 145  144.946880  144.947407  -49.481002  -48.99                       145Ho
  67 146  145.944100  145.944637  -52.071002  -51.57                       146Ho
  67 147  146.939840  146.940139  -56.039003  -55.76                       147Ho
  67 148  147.937269  147.937734  -58.433003  -58.00                       148Ho
  67 149  148.933789  148.933258  -61.674264  -62.17                       149Ho
  67 150  149.933352  149.933183  -62.082003  -62.24                       150Ho
  67 151  150.931680  150.931336  -63.638926  -63.96                       151Ho
  67 152  151.931740  151.931680  -63.583217  -63.64                       152Ho
  67 153  152.930194  152.929951  -65.023392  -65.25                       153Ho
  67 154  153.930596  153.930134  -64.649154  -65.08                       154Ho
  67 155  154.929079  154.928459  -66.062401  -66.64                       155Ho
  67 156  155.929710  155.928835  -65.474003  -66.29                       156Ho
  67 157  156.928188  156.927450  -66.892385  -67.58                       157Ho
  67 158  157.928945  157.928040  -66.186619  -67.03                       158Ho
  67 159  158.927708  158.927160  -67.339057  -67.85                       159Ho
  67 160  159.928725  159.928094  -66.391595  -66.98                       160Ho
  67 161  160.927851  160.927568  -67.205737  -67.47                       161Ho
  67 162  161.929092  161.928867  -66.049978  -66.26                       162Ho
  67 163  162.928730  162.928684  -66.387304  -66.43                       163Ho
  67 164  163.930230  163.930338  -64.989792  -64.89                       164Ho
  67 165  164.930319  164.930520  -64.907269  -64.72                       165Ho
  67 166  165.932281  165.932496  -63.079587  -62.88                       166Ho
  67 167  166.933126  166.933215  -62.292541  -62.21                       167Ho
  67 168  167.935496  167.935566  -60.084688  -60.02                       168Ho
  67 169  168.936868  168.936661  -58.806788  -59.00                       169Ho
  67 170  169.939614  169.939517  -56.248305  -56.34                       170Ho
  67 171  170.941461  170.941320  -54.528511  -54.66                       171Ho
  67 172  171.944820  171.944680  -51.400002  -51.53                       172Ho
  67 173  172.947290  172.946741  -49.099002  -49.61                       173Ho
  67 174  173.951150  173.950413  -45.503002  -46.19                       174Ho
  67 175  174.954050  174.952936  -42.802002  -43.84                       175Ho
  67 176              175.957112              -39.95                       176Ho
  67 177              176.960096              -37.17                       177Ho
  67 178              177.964605              -32.97                       178Ho
  67 179              178.967944              -29.86                       179Ho
  67 180              179.972625              -25.50                       180Ho
  67 181              180.976178              -22.19                       181Ho
  67 182              181.981149              -17.56                       182Ho
  67 183              182.985099              -13.88                       183Ho
  67 184              183.990445               -8.90                       184Ho
  67 185              184.994783               -4.86                       185Ho
  67 186              186.000429                0.40                       186Ho
  67 187              187.004316                4.02                       187Ho
  67 188              188.009823                9.15                       188Ho
  67 189              189.014128               13.16                       189Ho
  67 190              190.019474               18.14                       190Ho
  67 191              191.023725               22.10                       191Ho
  67 192              192.029125               27.13                       192Ho
  67 193              193.033656               31.35                       193Ho
  67 194              194.041557               38.71                       194Ho
  67 195              195.047902               44.62                       195Ho
  67 196              196.056243               52.39                       196Ho
  67 197              197.062813               58.51                       197Ho
  67 198              198.070693               65.85                       198Ho
  67 199              199.077166               71.88                       199Ho
  67 200              200.085057               79.23                       200Ho
  67 201              201.091487               85.22                       201Ho
  67 202              202.099002               92.22                       202Ho
  67 203              203.105390               98.17                       203Ho
  67 204              204.113130              105.38                       204Ho
  67 205              205.119797              111.59                       205Ho
  67 206              206.127709              118.96                       206Ho
  67 207              207.134483              125.27                       207Ho
  67 208              208.142534              132.77                       208Ho
  67 209              209.149620              139.37                       209Ho
  67 210              210.157671              146.87                       210Ho
  67 211              211.164488              153.22                       211Ho
  67 212              212.172669              160.84                       212Ho
  67 213              213.180033              167.70                       213Ho
  67 214              214.188536              175.62                       214Ho
  67 215              215.196169              182.73                       215Ho
  67 216              216.205015              190.97                       216Ho
  67 217              217.212895              198.31                       217Ho
  67 218              218.221741              206.55                       218Ho
  67 219              219.229749              214.01                       219Ho
  67 220              220.239068              222.69                       220Ho
  67 221              221.247602              230.64                       221Ho
  67 222              222.257221              239.60                       222Ho
  67 223              223.265842              247.63                       223Ho
  67 224              224.275493              256.62                       224Ho
