  69 141              140.988878              -10.36      -11.94           141Tm
  69 142              141.984562              -14.38      -15.49           142Tm
  69 143              142.978765              -19.78      -20.46           143Tm
  69 144              143.974664              -23.60      -23.74           144Tm
  69 145              144.969264              -28.63      -28.73           145Tm
  69 146  145.966495  145.967128  -31.210001  -30.62      -32.03           146Tm
  69 147  146.961081  146.961352  -36.253002  -36.00      -37.12           147Tm
  69 148  147.957550  147.957896  -39.542002  -39.22      -39.83           148Tm
  69 149  148.952650  148.952743  -44.106002  -44.02      -44.49           149Tm
  69 150  149.949670  149.949951  -46.882002  -46.62      -48.08           150Tm
  69 151  150.945434  150.944927  -50.828002  -51.30      -51.89           151Tm
  69 152  151.944300  151.944154  -51.884002  -52.02      -52.88           152Tm
  69 153  152.942027  152.941696  -54.000908  -54.31      -54.48           153Tm
  69 154  153.941424  153.941213  -54.564003  -54.76      -54.53           154Tm
  69 155  154.939191  154.939001  -56.642690  -56.82      -56.81           155Tm
  69 156  155.939006  155.938636  -56.814706  -57.16      -56.86           156Tm
  69 157  156.936756  156.936468  -58.911336  -59.18      -59.11           157Tm
  69 158  157.936996  157.936339  -58.687003  -59.30      -59.07           158Tm
  69 159  158.934808  158.934471  -60.725051  -61.04      -60.84           159Tm
  69 160  159.935090  159.934610  -60.462550  -60.91      -60.58           160Tm
  69 161  160.933398  160.933011  -62.039318  -62.40      -62.05           161Tm
  69 162  161.933970  161.933376  -61.506405  -62.06      -61.73           162Tm
  69 163  162.932647  162.932238  -62.738306  -63.12      -62.97           163Tm
  69 164  163.933450  163.932871  -61.990014  -62.53      -62.31           164Tm
  69 165  164.932432  164.932077  -62.938749  -63.27      -63.02           165Tm
  69 166  165.933553  165.933065  -61.894852  -62.35      -61.84           166Tm
  69 167  166.932848  166.932592  -62.550893  -62.79      -62.41           167Tm
  69 168  167.934170  167.933891  -61.319894  -61.58      -60.99           168Tm
  69 169  168.934211  168.933945  -61.281943  -61.53      -61.09           169Tm
  69 170  169.935797  169.935652  -59.803886  -59.94      -59.19           170Tm
  69 171  170.936425  170.936135  -59.218964  -59.49      -58.79           171Tm
  69 172  171.938396  171.938336  -57.383641  -57.44      -56.69           172Tm
  69 173  172.939600  172.939398  -56.261919  -56.45      -55.80           173Tm
  69 174  173.942164  173.942072  -53.873306  -53.96      -53.09           174Tm
  69 175  174.943832  174.943424  -52.319313  -52.70      -51.92           175Tm
  69 176  175.946991  175.946355  -49.377176  -49.97      -48.93           176Tm
  69 177  176.949040  176.948244  -47.469002  -48.21      -47.29           177Tm
  69 178  177.952640  177.951766  -44.116002  -44.93      -44.15           178Tm
  69 179  178.955340  178.954138  -41.601002  -42.72      -42.01           179Tm
  69 180              179.958046              -39.08      -38.17           180Tm
  69 181              180.960794              -36.52      -35.71           181Tm
  69 182              181.964927              -32.67      -31.61           182Tm
  69 183              182.967944              -29.86      -28.44           183Tm
  69 184              183.972431              -25.68      -24.22           184Tm
  69 185              184.975824              -22.52      -21.73           185Tm
  69 186              185.980698              -17.98      -17.39           186Tm
  69 187              186.984573              -14.37      -14.52           187Tm
  69 188              187.989726               -9.57      -10.14           188Tm
  69 189              188.993086               -6.44       -7.27           189Tm
  69 190              189.998154               -1.72       -2.78           190Tm
  69 191              191.001986                1.85        0.29           191Tm
  69 192              192.006828                6.36        5.27           192Tm
  69 193              193.010650                9.92        8.26           193Tm
  69 194              194.015481               14.42       12.37           194Tm
  69 195              195.019624               18.28       15.70           195Tm
  69 196              196.027139               25.28       22.23           196Tm
  69 197              197.032915               30.66       27.81           197Tm
  69 198              198.040913               38.11       34.69           198Tm
  69 199              199.047257               44.02       40.15           199Tm
  69 200              200.054536               50.80       47.16           200Tm
  69 201              201.060623               56.47       52.56           201Tm
  69 202              202.068116               63.45       59.19           202Tm
  69 203              203.074160               69.08       64.58           203Tm
  69 204              204.081375               75.80       71.19           204Tm
  69 205              205.087387               81.40       76.58           205Tm
  69 206              206.094676               88.19       83.37           206Tm
  69 207              207.100892               93.98       88.71           207Tm
  69 208              208.108385              100.96       95.46           208Tm
  69 209              209.114719              106.86      101.10           209Tm
  69 210              210.122298              113.92      107.79           210Tm
  69 211              211.128900              120.07      113.71           211Tm
  69 212              212.136641              127.28      120.82           212Tm
  69 213              213.143200              133.39      126.57           213Tm
  69 214              214.151144              140.79      133.72           214Tm
  69 215              215.157704              146.90      139.81           215Tm
  69 216              216.165669              154.32      147.22           216Tm
  69 217              217.172884              161.04      153.62           217Tm
  69 218              218.181225              168.81      161.37           218Tm
  69 219              219.188590              175.67      167.64           219Tm
  69 220              220.196985              183.49      175.27           220Tm
  69 221              221.204521              190.51      181.99           221Tm
  69 222              222.213421              198.80      190.26           222Tm
  69 223              223.221376              206.21      197.29           223Tm
  69 224              224.230447              214.66      204.83           224Tm
  69 225              225.238574              222.23      212.33           225Tm
  69 226              226.247763              230.79      220.27           226Tm
  69 227              227.255954              238.42      227.81           227Tm
  69 228              228.265219              247.05      235.35           228Tm
  69 229              229.273485              254.75      243.62           229Tm
  69 230              230.282847              263.47      252.02           230Tm
