  70 143              142.993247               -6.29       -7.53           143Yb
  70 144              143.986817              -12.28      -13.10           144Yb
  70 145              144.982694              -16.12      -17.17           145Yb
  70 146              145.978347              -20.17      -22.58           146Yb
  70 147              146.974289              -23.95      -26.05           147Yb
  70 148  147.966760  147.967858  -30.963001  -29.94      -31.42           148Yb
  70 149  148.963480  148.964348  -34.018002  -33.21      -34.24           149Yb
  70 150  149.957990  149.958540  -39.132002  -38.62      -39.54           150Yb
  70 151  150.955249  150.955684  -41.685002  -41.28      -43.11           151Yb
  70 152  151.950167  151.950037  -46.419002  -46.54      -47.35           152Yb
  70 153  152.949210  152.949221  -47.311002  -47.30      -48.66           153Yb
  70 154  153.946242  153.946183  -50.075002  -50.13      -50.66           154Yb
  70 155  154.945792  154.946044  -50.494002  -50.26      -50.98           155Yb
  70 156  155.942847  155.943048  -53.237570  -53.05      -53.28           156Yb
  70 157  156.942658  156.942619  -53.413118  -53.45      -53.69           157Yb
  70 158  157.939857  157.940085  -56.022003  -55.81      -56.06           158Yb
  70 159  158.940153  158.939957  -55.746431  -55.93      -56.35           159Yb
  70 160  159.937560  159.937584  -58.163003  -58.14      -58.33           160Yb
  70 161  160.937853  160.937724  -57.889003  -58.01      -58.29           161Yb
  70 162  161.935750  161.935695  -59.848003  -59.90      -59.94           162Yb
  70 163  162.936265  162.935974  -59.368306  -59.64      -59.78           163Yb
  70 164  163.934520  163.934245  -60.994003  -61.25      -61.18           164Yb
  70 165  164.935397  164.934890  -60.176749  -60.65      -60.60           165Yb
  70 166  165.933879  165.933494  -61.590728  -61.95      -61.82           166Yb
  70 167  166.934946  166.934482  -60.596601  -61.03      -60.85           167Yb
  70 168  167.933894  167.933451  -61.576903  -61.99      -61.62           168Yb
  70 169  168.935187  168.934728  -60.372803  -60.80      -60.47           169Yb
  70 170  169.934758  169.934202  -60.771919  -61.29      -60.67           170Yb
  70 171  170.936322  170.935877  -59.315392  -59.73      -59.09           171Yb
  70 172  171.936377  171.935802  -59.263789  -59.80      -58.98           172Yb
  70 173  172.938206  172.937917  -57.560030  -57.83      -57.15           173Yb
  70 174  173.938858  173.938432  -56.953306  -57.35      -56.55           174Yb
  70 175  174.941272  174.940891  -54.704314  -55.06      -54.16           175Yb
  70 176  175.942568  175.941717  -53.497177  -54.29      -53.27           176Yb
  70 177  176.945257  176.944551  -50.992653  -51.65      -50.62           177Yb
  70 178  177.946643  177.945807  -49.701351  -50.48      -49.23           178Yb
  70 179  178.950170  178.949232  -46.416002  -47.29      -46.24           179Yb
  70 180  179.952330  179.951036  -44.404002  -45.61      -44.31           180Yb
  70 181  180.956150  180.954825  -40.846002  -42.08      -40.88           181Yb
  70 182              181.956951              -40.10      -38.68           182Yb
  70 183              182.961148              -36.19      -34.76           183Yb
  70 184              183.963532              -33.97      -32.20           184Yb
  70 185              184.967901              -29.90      -28.26           185Yb
  70 186              185.970885              -27.12      -25.84           186Yb
  70 187              186.975684              -22.65      -22.07           187Yb
  70 188              187.979023              -19.54      -19.34           188Yb
  70 189              188.984187              -14.73      -15.14           189Yb
  70 190              189.987075              -12.04      -12.56           190Yb
  70 191              190.992067               -7.39       -8.24           191Yb
  70 192              191.995405               -4.28       -5.38           192Yb
  70 193              193.000172                0.16       -0.77           193Yb
  70 194              194.003532                3.29        1.98           194Yb
  70 195              195.008320                7.75        6.08           195Yb
  70 196              196.012077               11.25        9.04           196Yb
  70 197              197.019377               18.05       15.71           197Yb
  70 198              198.024831               23.13       20.77           198Yb
  70 199              199.032947               30.69       27.59           199Yb
  70 200              200.038787               36.13       32.81           200Yb
  70 201              201.046173               43.01       39.66           201Yb
  70 202              202.051884               48.33       44.82           202Yb
  70 203              203.059238               55.18       51.37           203Yb
  70 204              204.065078               60.62       56.37           204Yb
  70 205              205.072400               67.44       62.98           205Yb
  70 206              206.078025               72.68       68.25           206Yb
  70 207              207.085315               79.47       74.90           207Yb
  70 208              208.091122               84.88       80.02           208Yb
  70 209              209.098594               91.84       86.66           209Yb
  70 210              210.104520               97.36       92.07           210Yb
  70 211              211.112142              104.46       98.49           211Yb
  70 212              212.118283              110.18      104.26           212Yb
  70 213              213.126002              117.37      111.23           213Yb
  70 214              214.132314              123.25      116.78           214Yb
  70 215              215.140087              130.49      123.85           215Yb
  70 216              216.146281              136.26      129.79           216Yb
  70 217              217.154354              143.78      137.06           217Yb
  70 218              218.161053              150.02      143.22           218Yb
  70 219              219.169309              157.71      150.45           219Yb
  70 220              220.176255              164.18      156.92           220Yb
  70 221              221.184628              171.98      164.21           221Yb
  70 222              222.191767              178.63      170.91           222Yb
  70 223              223.200656              186.91      178.51           223Yb
  70 224              224.208203              193.94      185.32           224Yb
  70 225              225.217242              202.36      193.28           225Yb
  70 226              226.224908              209.50      200.28           226Yb
  70 227              227.234022              217.99      207.90           227Yb
  70 228              228.241805              225.24      215.48           228Yb
  70 229              229.250909              233.72      223.05           229Yb
  70 230              230.258713              240.99      230.73           230Yb
  70 231              231.267989              249.63      239.16           231Yb
  70 232              232.276008              257.10      246.81           232Yb
  70 233              233.285939              266.35      255.12           233Yb
  70 234              234.294656              274.47      262.89           234Yb
