  72 149              148.992206               -7.26                       149Hf
  72 150              149.984992              -13.98                       150Hf
  72 151              150.980837              -17.85                       151Hf
  72 152              151.974342              -23.90                       152Hf
  72 153              152.970735              -27.26                       153Hf
  72 154  153.964250  153.964305  -33.301002  -33.25                       154Hf
  72 155  154.962760  154.962931  -34.689002  -34.53                       155Hf
  72 156  155.959247  155.959216  -37.961002  -37.99                       156Hf
  72 157  156.958127  156.958325  -39.004002  -38.82                       157Hf
  72 158  157.954647  157.955126  -42.246002  -41.80                       158Hf
  72 159  158.954003  158.954020  -42.846002  -42.83                       159Hf
  72 160  159.950713  159.950896  -45.909992  -45.74                       160Hf
  72 161  160.950330  160.950273  -46.266508  -46.32                       161Hf
  72 162  161.947202  161.947418  -49.180105  -48.98                       162Hf
  72 163  162.947057  162.947053  -49.316002  -49.32                       163Hf
  72 164  163.944422  163.944573  -51.770002  -51.63                       164Hf
  72 165  164.944540  164.944466  -51.661002  -51.73                       165Hf
  72 166  165.942250  165.942222  -53.794003  -53.82                       166Hf
  72 167  166.942600  166.942308  -53.468003  -53.74                       167Hf
  72 168  167.940630  167.940365  -55.303003  -55.55                       168Hf
  72 169  168.941158  168.940837  -54.810437  -55.11                       169Hf
  72 170  169.939650  169.939259  -56.216003  -56.58                       170Hf
  72 171  170.940490  170.940043  -55.433003  -55.85                       171Hf
  72 172  171.939457  171.938926  -56.394523  -56.89                       172Hf
  72 173  172.940650  172.940075  -55.284003  -55.82                       173Hf
  72 174  173.940040  173.939377  -55.852227  -56.47                       174Hf
  72 175  174.941502  174.940858  -54.489608  -55.09                       175Hf
  72 176  175.941401  175.940676  -54.583841  -55.26                       176Hf
  72 177  176.943220  176.942522  -52.890212  -53.54                       177Hf
  72 178  177.943697  177.942619  -52.445218  -53.45                       178Hf
  72 179  178.945815  178.944820  -50.472929  -51.40                       179Hf
  72 180  179.946548  179.945475  -49.789504  -50.79                       180Hf
  72 181  180.949099  180.948287  -47.413855  -48.17                       181Hf
  72 182  181.950552  181.949372  -46.059679  -47.16                       182Hf
  72 183  182.953531  182.952517  -43.285579  -44.23                       183Hf
  72 184  183.955447  183.954031  -41.500028  -42.82                       184Hf
  72 185  184.958780  184.957595  -38.396002  -39.50                       185Hf
  72 186  185.960920  185.959291  -36.403002  -37.92                       186Hf
  72 187              186.963049              -34.42                       187Hf
  72 188              187.965335              -32.29                       188Hf
  72 189              188.969619              -28.30                       189Hf
  72 190              189.972077              -26.01                       190Hf
  72 191              190.976951              -21.47                       191Hf
  72 192              191.979270              -19.31                       192Hf
  72 193              192.983661              -15.22                       193Hf
  72 194              193.986291              -12.77                       194Hf
  72 195              194.990617               -8.74                       195Hf
  72 196              195.993462               -6.09                       196Hf
  72 197              196.997853               -2.00                       197Hf
  72 198              198.001138                1.06                       198Hf
  72 199              199.007837                7.30                       199Hf
  72 200              200.012807               11.93                       200Hf
  72 201              201.020172               18.79                       201Hf
  72 202              202.025744               23.98                       202Hf
  72 203              203.033044               30.78                       203Hf
  72 204              204.038336               35.71                       204Hf
  72 205              205.045454               42.34                       205Hf
  72 206              206.050650               47.18                       206Hf
  72 207              207.057853               53.89                       207Hf
  72 208              208.063135               58.81                       208Hf
  72 209              209.070070               65.27                       209Hf
  72 210              210.075470               70.30                       210Hf
  72 211              211.082513               76.86                       211Hf
  72 212              212.087988               81.96                       212Hf
  72 213              213.095191               88.67                       213Hf
  72 214              214.100902               93.99                       214Hf
  72 215              215.108224              100.81                       215Hf
  72 216              216.114064              106.25                       216Hf
  72 217              217.121504              113.18                       217Hf
  72 218              218.127559              118.82                       218Hf
  72 219              219.135234              125.97                       219Hf
  72 220              220.141461              131.77                       220Hf
  72 221              221.149062              138.85                       221Hf
  72 222              222.155503              144.85                       222Hf
  72 223              223.163522              152.32                       223Hf
  72 224              224.170135              158.48                       224Hf
  72 225              225.178724              166.48                       225Hf
  72 226              226.185734              173.01                       226Hf
  72 227              227.194666              181.33                       227Hf
  72 228              228.201816              187.99                       228Hf
  72 229              229.210436              196.02                       229Hf
  72 230              230.217457              202.56                       230Hf
  72 231              231.226088              210.60                       231Hf
  72 232              232.233389              217.40                       232Hf
  72 233              233.242181              225.59                       233Hf
  72 234              234.249706              232.60                       234Hf
  72 235              235.259197              241.44                       235Hf
  72 236              236.267431              249.11                       236Hf
  72 237              237.276996              258.02                       237Hf
  72 238              238.285327              265.78                       238Hf
  72 239              239.295031              274.82                       239Hf
  72 240              240.305338              284.42                       240Hf
