  73 151              150.995352               -4.33                       151Ta
  73 152              151.990574               -8.78      -10.71           152Ta
  73 153              152.983983              -14.92      -16.75           153Ta
  73 154              153.979839              -18.78      -21.16           154Ta
  73 155              154.973301              -24.87      -26.77           155Ta
  73 156  155.971689  155.971401  -26.371001  -26.64      -28.18           156Ta
  73 157  156.968145  156.967557  -29.673001  -30.22      -31.10           157Ta
  73 158  157.966368  157.966248  -31.328001  -31.44      -32.19           158Ta
  73 159  158.962914  158.962834  -34.545002  -34.62      -35.20           159Ta
  73 160  159.961358  159.961256  -35.995002  -36.09      -36.38           160Ta
  73 161  160.958372  160.958164  -38.775304  -38.97      -39.36           161Ta
  73 162  161.957148  161.956962  -39.917002  -40.09      -40.44           162Ta
  73 163  162.954316  162.954106  -42.553762  -42.75      -43.05           163Ta
  73 164  163.953570  163.953247  -43.249002  -43.55      -43.72           164Ta
  73 165  164.950817  164.950746  -45.813002  -45.88      -46.15           165Ta
  73 166  165.950470  165.950166  -46.137002  -46.42      -46.58           166Ta
  73 167  166.947973  166.947912  -48.463002  -48.52      -48.71           167Ta
  73 168  167.947787  167.947611  -48.636002  -48.80      -48.92           168Ta
  73 169  168.945920  168.945604  -50.375002  -50.67      -50.81           169Ta
  73 170  169.946090  169.945582  -50.217002  -50.69      -50.61           170Ta
  73 171  170.944460  170.943972  -51.735002  -52.19      -52.19           171Ta
  73 172  171.944739  171.944294  -51.474522  -51.89      -51.88           172Ta
  73 173  172.943538  172.943134  -52.594002  -52.97      -52.70           173Ta
  73 174  173.944167  173.943832  -52.007226  -52.32      -51.97           174Ta
  73 175  174.943650  174.943059  -52.490002  -53.04      -52.76           175Ta
  73 176  175.944740  175.944025  -51.473840  -52.14      -51.56           176Ta
  73 177  176.944471  176.943757  -51.724211  -52.39      -51.68           177Ta
  73 178  177.945750  177.945110  -50.533218  -51.13      -50.04           178Ta
  73 179  178.945934  178.945024  -50.362043  -51.21      -50.13           179Ta
  73 180  179.947465  179.946763  -48.935422  -49.59      -48.15           180Ta
  73 181  180.947996  180.947300  -48.441087  -49.09      -47.78           181Ta
  73 182  181.950152  181.949543  -46.432722  -47.00      -45.70           182Ta
  73 183  182.951373  182.950617  -45.295579  -46.00      -44.61           183Ta
  73 184  183.954009  183.953151  -42.840028  -43.64      -41.96           184Ta
  73 185  184.955559  184.954557  -41.396441  -42.33      -40.57           185Ta
  73 186  185.958550  185.957445  -38.610329  -39.64      -37.69           186Ta
  73 187  186.960410  186.959044  -36.878002  -38.15      -36.00           187Ta
  73 188  187.963710  187.962394  -33.804002  -35.03      -32.94           188Ta
  73 189              188.964541              -33.03      -31.39           189Ta
  73 190              189.968298              -29.53      -28.01           190Ta
  73 191              190.970510              -27.47      -26.41           191Ta
  73 192              191.975147              -23.15      -23.03           192Ta
  73 193              192.977402              -21.05      -21.11           193Ta
  73 194              193.981277              -17.44      -17.56           194Ta
  73 195              194.983822              -15.07      -15.42           195Ta
  73 196              195.987686              -11.47      -11.44           196Ta
  73 197              196.990488               -8.86       -9.40           197Ta
  73 198              197.994450               -5.17       -5.86           198Ta
  73 199              198.997724               -2.12       -3.53           199Ta
  73 200              200.003961                3.69        2.34           200Ta
  73 201              201.008878                8.27        7.02           201Ta
  73 202              202.015899               14.81       13.28           202Ta
  73 203              203.021342               19.88       17.77           203Ta
  73 204              204.028148               26.22       23.84           204Ta
  73 205              205.033505               31.21       28.46           205Ta
  73 206              206.040151               37.40       34.46           206Ta
  73 207              207.045400               42.29       39.27           207Ta
  73 208              208.052239               48.66       45.07           208Ta
  73 209              209.057521               53.58       49.78           209Ta
  73 210              210.064101               59.71       55.92           210Ta
  73 211              211.069544               64.78       60.55           211Ta
  73 212              212.076125               70.91       66.59           212Ta
  73 213              213.081600               76.01       71.47           213Ta
  73 214              214.088396               82.34       77.52           214Ta
  73 215              215.094085               87.64       82.51           215Ta
  73 216              216.101063               94.14       88.89           216Ta
  73 217              217.106871               99.55       94.00           217Ta
  73 218              218.114032              106.22      100.47           218Ta
  73 219              219.120054              111.83      105.91           219Ta
  73 220              220.127279              118.56      112.54           220Ta
  73 221              221.133485              124.34      118.13           221Ta
  73 222              222.140903              131.25      124.91           222Ta
  73 223              223.147322              137.23      130.69           223Ta
  73 224              224.154977              144.36      137.65           224Ta
  73 225              225.161311              150.26      143.62           225Ta
  73 226              226.169749              158.12      150.98           226Ta
  73 227              227.176673              164.57      157.03           227Ta
  73 228              228.185047              172.37      164.67           228Ta
  73 229              229.192143              178.98      170.79           229Ta
  73 230              230.200345              186.62      178.48           230Ta
  73 231              231.207495              193.28      184.84           231Ta
  73 232              232.215546              200.78      192.61           232Ta
  73 233              233.222771              207.51      199.16           233Ta
  73 234              234.231188              215.35      207.37           234Ta
  73 235              235.238649              222.30      214.09           235Ta
  73 236              236.247731              230.76      221.78           236Ta
  73 237              237.255761              238.24      229.06           237Ta
  73 238              238.265015              246.86      237.06           238Ta
  73 239              239.273292              254.57      244.76           239Ta
  73 240              240.283265              263.86      253.01           240Ta
  73 241              241.292595              272.55      260.49           241Ta
  73 242              242.302192              281.49      268.64           242Ta
  73 243              243.310480              289.21      276.37           243Ta
