  75 156              155.997359               -2.46                       156Re
  75 157              156.990274               -9.06                       157Re
  75 158              157.987665              -11.49                       158Re
  75 159              158.983135              -15.71                       159Re
  75 160  159.981485  159.981234  -17.247001  -17.48                       160Re
  75 161  160.977661  160.977423  -20.809001  -21.03                       161Re
  75 162  161.975707  161.975351  -22.629001  -22.96                       162Re
  75 163  162.971967  162.971734  -26.112001  -26.33                       163Re
  75 164  163.970319  163.970059  -27.647001  -27.89                       164Re
  75 165  164.967050  164.966688  -30.692474  -31.03                       165Re
  75 166  165.965803  165.965325  -31.855002  -32.30                       166Re
  75 167  166.962564  166.962383  -34.872002  -35.04                       167Re
  75 168  167.961609  167.961234  -35.761002  -36.11                       168Re
  75 169  168.958830  168.958529  -38.350002  -38.63                       169Re
  75 170  169.958163  169.957745  -38.971002  -39.36                       170Re
  75 171  170.955547  170.955287  -41.408002  -41.65                       171Re
  75 172  171.955285  171.954782  -41.651002  -42.12                       172Re
  75 173  172.953062  172.952743  -43.722002  -44.02                       173Re
  75 174  173.953112  173.952506  -43.676002  -44.24                       174Re
  75 175  174.951393  174.950821  -45.277002  -45.81                       175Re
  75 176  175.951570  175.950950  -45.112002  -45.69                       176Re
  75 177  176.950270  176.949629  -46.323002  -46.92                       177Re
  75 178  177.950851  177.950112  -45.781918  -46.47                       178Re
  75 179  178.949981  178.949103  -46.592358  -47.41                       179Re
  75 180  179.950787  179.949951  -45.840976  -46.62                       180Re
  75 181  180.950064  180.949286  -46.514524  -47.24                       181Re
  75 182  181.951211  181.950424  -45.446243  -46.18                       182Re
  75 183  182.950821  182.950263  -45.809613  -46.33                       183Re
  75 184  183.952524  183.951970  -44.223336  -44.74                       184Re
  75 185  184.952955  184.952410  -43.821435  -44.33                       185Re
  75 186  185.954986  185.954439  -41.929773  -42.44                       186Re
  75 187  186.955750  186.955222  -41.217873  -41.71                       187Re
  75 188  187.958112  187.957477  -39.018150  -39.61                       188Re
  75 189  188.959228  188.958658  -37.978536  -38.51                       189Re
  75 190  189.961816  189.961213  -35.568034  -36.13                       190Re
  75 191  190.963123  190.962480  -34.350150  -34.95                       191Re
  75 192  191.965960  191.965121  -31.708002  -32.49                       192Re
  75 193              192.966827              -30.90                       193Re
  75 194              193.970370              -27.60                       194Re
  75 195              194.972721              -25.41                       195Re
  75 196              195.976017              -22.34                       196Re
  75 197              196.977821              -20.66                       197Re
  75 198              197.981181              -17.53                       198Re
  75 199              198.983360              -15.50                       199Re
  75 200              199.986978              -12.13                       200Re
  75 201              200.989769               -9.53                       201Re
  75 202              201.995502               -4.19                       202Re
  75 203              203.000000                                           203Re
  75 204              204.006495                6.05                       204Re
  75 205              205.011337               10.56                       205Re
  75 206              206.017789               16.57                       206Re
  75 207              207.022738               21.18                       207Re
  75 208              208.029157               27.16                       208Re
  75 209              209.034053               31.72                       209Re
  75 210              210.040376               37.61                       210Re
  75 211              211.045518               42.40                       211Re
  75 212              212.051809               48.26                       212Re
  75 213              213.056844               52.95                       213Re
  75 214              214.063157               58.83                       214Re
  75 215              215.068234               63.56                       215Re
  75 216              216.074622               69.51                       216Re
  75 217              217.079915               74.44                       217Re
  75 218              218.086485               80.56                       218Re
  75 219              219.091885               85.59                       219Re
  75 220              220.098594               91.84                       220Re
  75 221              221.104187               97.05                       221Re
  75 222              222.111069              103.46                       222Re
  75 223              223.116866              108.86                       223Re
  75 224              224.123855              115.37                       224Re
  75 225              225.129910              121.01                       225Re
  75 226              226.137113              127.72                       226Re
  75 227              227.143372              133.55                       227Re
  75 228              228.151101              140.75                       228Re
  75 229              229.157618              146.82                       229Re
  75 230              230.165380              154.05                       230Re
  75 231              231.172046              160.26                       231Re
  75 232              232.179937              167.61                       232Re
  75 233              233.186636              173.85                       233Re
  75 234              234.194473              181.15                       234Re
  75 235              235.201204              187.42                       235Re
  75 236              236.209277              194.94                       236Re
  75 237              237.216233              201.42                       237Re
  75 238              238.224800              209.40                       238Re
  75 239              239.232562              216.63                       239Re
  75 240              240.241440              224.90                       240Re
  75 241              241.249921              232.80                       241Re
  75 242              242.259250              241.49                       242Re
  75 243              243.267098              248.80                       243Re
  75 244              244.275998              257.09                       244Re
  75 245              245.284640              265.14                       245Re
  75 246              246.295246              275.02                       246Re
  75 247              247.303158              282.39                       247Re
  75 248              248.312766              291.34                       248Re
  75 249              249.320689              298.72                       249Re
  75 250              250.329814              307.22                       250Re
