  76 159              158.995352               -4.33       -6.46           159Os
  76 160              159.990263               -9.07      -10.27           160Os
  76 161              160.988502              -10.71      -11.84           161Os
  76 162  161.984431  161.984230  -14.503000  -14.69      -15.76           162Os
  76 163  162.982690  162.982383  -16.124000  -16.41      -17.50           163Os
  76 164  163.978035  163.978271  -20.459661  -20.24      -20.92           164Os
  76 165  164.976762  164.976554  -21.646000  -21.84      -22.46           165Os
  76 166  165.972690  165.972689  -25.438400  -25.44      -25.77           166Os
  76 167  166.971547  166.971261  -26.502896  -26.77      -26.95           167Os
  76 168  167.967803  167.967772  -29.990680  -30.02      -30.11           168Os
  76 169  168.967019  168.966752  -30.721352  -30.97      -31.21           169Os
  76 170  169.963577  169.963521  -33.927780  -33.98      -33.84           170Os
  76 171  170.963184  170.962673  -34.293120  -34.77      -34.74           171Os
  76 172  171.960023  171.959796  -37.238053  -37.45      -37.21           172Os
  76 173  172.959808  172.959291  -37.438225  -37.92      -37.87           173Os
  76 174  173.957062  173.956693  -39.996301  -40.34      -40.33           174Os
  76 175  174.956945  174.956682  -40.104697  -40.35      -40.69           175Os
  76 176  175.954806  175.954428  -42.097940  -42.45      -42.52           176Os
  76 177  176.954965  176.954589  -41.949530  -42.30      -42.47           177Os
  76 178  177.953251  177.952721  -43.546189  -44.04      -44.03           178Os
  76 179  178.953816  178.953236  -43.020103  -43.56      -43.77           179Os
  76 180  179.952378  179.951626  -44.358859  -45.06      -44.44           180Os
  76 181  180.953244  180.952485  -43.552934  -44.26      -43.58           181Os
  76 182  181.952110  181.951272  -44.609074  -45.39      -44.42           182Os
  76 183  182.953126  182.952410  -43.662754  -44.33      -43.26           183Os
  76 184  183.952489  183.951669  -44.256145  -45.02      -43.83           184Os
  76 185  184.954042  184.953354  -42.809355  -43.45      -42.36           185Os
  76 186  185.953838  185.953236  -42.999479  -43.56      -42.26           186Os
  76 187  186.955750  186.955212  -41.218183  -41.72      -40.54           187Os
  76 188  187.955838  187.955609  -41.136426  -41.35      -39.70           188Os
  76 189  188.958147  188.957853  -38.985380  -39.26      -38.10           189Os
  76 190  189.958447  189.958465  -38.706326  -38.69      -37.59           190Os
  76 191  190.960929  190.960783  -36.393733  -36.53      -35.49           191Os
  76 192  191.961480  191.961331  -35.880506  -36.02      -34.81           192Os
  76 193  192.964151  192.963907  -33.392604  -33.62      -32.44           193Os
  76 194  193.965182  193.964981  -32.432681  -32.62      -31.70           194Os
  76 195  194.968126  194.968212  -29.689824  -29.61      -29.01           195Os
  76 196  195.969639  195.969973  -28.280779  -27.97      -27.86           196Os
  76 197              196.973065              -25.09      -25.09           197Os
  76 198              197.974342              -23.90      -23.68           198Os
  76 199              198.977617              -20.85      -20.25           199Os
  76 200              199.979291              -19.29      -18.41           200Os
  76 201              200.982673              -16.14      -15.58           201Os
  76 202              201.985078              -13.90      -14.30           202Os
  76 203              202.990725               -8.64       -8.43           203Os
  76 204              203.994750               -4.89       -4.72           204Os
  76 205              205.001192                1.11        0.94           205Os
  76 206              206.005636                5.25        4.26           206Os
  76 207              207.012228               11.39        9.66           207Os
  76 208              208.016812               15.66       13.95           208Os
  76 209              209.023425               21.82       19.47           209Os
  76 210              210.027955               26.04       23.73           210Os
  76 211              211.034289               31.94       29.06           211Os
  76 212              212.038927               36.26       33.30           212Os
  76 213              213.045443               42.33       39.02           213Os
  76 214              214.050113               46.68       43.33           214Os
  76 215              215.056468               52.60       48.80           215Os
  76 216              216.061192               57.00       53.24           216Os
  76 217              217.067666               63.03       58.63           217Os
  76 218              218.072550               67.58       63.04           218Os
  76 219              219.079163               73.74       68.42           219Os
  76 220              220.084123               78.36       73.07           220Os
  76 221              221.090843               84.62       78.77           221Os
  76 222              222.096061               89.48       83.60           222Os
  76 223              223.102888               95.84       89.73           223Os
  76 224              224.108267              100.85       94.65           224Os
  76 225              225.115299              107.40      100.84           225Os
  76 226              226.120924              112.64      105.98           226Os
  76 227              227.128170              119.39      112.17           227Os
  76 228              228.134043              124.86      117.76           228Os
  76 229              229.141751              132.04      123.94           229Os
  76 230              230.147891              137.76      129.91           230Os
  76 231              231.155664              145.00      136.51           231Os
  76 232              232.161987              150.89      142.49           232Os
  76 233              233.169942              158.30      149.40           233Os
  76 234              234.176265              164.19      155.46           234Os
  76 235              235.184102              171.49      162.52           235Os
  76 236              236.190479              177.43      168.61           236Os
  76 237              237.198498              184.90      176.00           237Os
  76 238              238.205036              190.99      182.27           238Os
  76 239              239.213657              199.02      189.47           239Os
  76 240              240.221139              205.99      196.12           240Os
  76 241              241.230232              214.46      203.91           241Os
  76 242              242.238252              221.93      210.58           242Os
  76 243              243.247119              230.19      218.50           243Os
  76 244              244.254827              237.37      224.96           244Os
  76 245              245.265327              247.15      232.95           245Os
  76 246              246.273689              254.94      239.71           246Os
  76 247              247.281655              262.36      247.42           247Os
  76 248              248.289138              269.33      254.19           248Os
  76 249              249.299154              278.66      261.73           249Os
  76 250              250.306722              285.71      268.65           250Os
  76 251              251.315762              294.13      276.85           251Os
  76 252              252.323738              301.56      283.21           252Os
  76 253              253.332638              309.85      291.23           253Os
