  77 162              161.997638               -2.20       -3.28           162Ir
  77 163              162.993430               -6.12       -7.31           163Ir
  77 164              163.991240               -8.16       -9.20           164Ir
  77 165  164.987580  164.987246  -11.569001  -11.88      -13.01           165Ir
  77 166  165.985506  165.985153  -13.501001  -13.83      -14.71           166Ir
  77 167  166.981543  166.981353  -17.193001  -17.37      -18.21           167Ir
  77 168  167.979966  167.979442  -18.662001  -19.15      -19.61           168Ir
  77 169  168.976390  168.976017  -21.991763  -22.34      -22.95           169Ir
  77 170  169.975033  169.974493  -23.257001  -23.76      -24.16           170Ir
  77 171  170.971779  170.971336  -26.288001  -26.70      -26.91           171Ir
  77 172  171.970643  171.970145  -27.346001  -27.81      -27.90           172Ir
  77 173  172.967707  172.967364  -30.080001  -30.40      -30.66           173Ir
  77 174  173.966804  173.966409  -30.922001  -31.29      -31.50           174Ir
  77 175  174.964279  174.963864  -33.274002  -33.66      -34.04           175Ir
  77 176  175.963511  175.962952  -33.989002  -34.51      -34.66           176Ir
  77 177  176.961170  176.960998  -36.170002  -36.33      -36.72           177Ir
  77 178  177.961083  177.960483  -36.251002  -36.81      -36.68           178Ir
  77 179  178.959150  178.958454  -38.052002  -38.70      -38.47           179Ir
  77 180  179.959253  179.958529  -37.955002  -38.63      -38.37           180Ir
  77 181  180.957642  180.956876  -39.456074  -40.17      -39.58           181Ir
  77 182  181.958127  181.957412  -39.003803  -39.67      -38.97           182Ir
  77 183  182.956814  182.956071  -40.228002  -40.92      -40.01           183Ir
  77 184  183.957388  183.956779  -39.692523  -40.26      -39.15           184Ir
  77 185  184.956590  184.955877  -40.436002  -41.10      -39.66           185Ir
  77 186  185.957951  185.957090  -39.168291  -39.97      -38.38           186Ir
  77 187  186.957360  186.957144  -39.718127  -39.92      -38.49           187Ir
  77 188  187.958851  187.958765  -38.329146  -38.41      -37.21           188Ir
  77 189  188.958716  188.958905  -38.455354  -38.28      -37.53           189Ir
  77 190  189.960592  189.960472  -36.708034  -36.82      -35.82           190Ir
  77 191  190.960591  190.960783  -36.709065  -36.53      -35.84           191Ir
  77 192  191.962602  191.962641  -34.835825  -34.80      -33.96           192Ir
  77 193  192.962923  192.963059  -34.536348  -34.41      -33.49           193Ir
  77 194  193.965075  193.965228  -32.531857  -32.39      -31.37           194Ir
  77 195  194.965976  194.965990  -31.692404  -31.68      -30.88           195Ir
  77 196  195.968379  195.968631  -29.453924  -29.22      -28.43           196Ir
  77 197  196.969636  196.970027  -28.283418  -27.92      -27.51           197Ir
  77 198  197.972280  197.972335  -25.821001  -25.77      -24.99           198Ir
  77 199  198.973787  198.973677  -24.417101  -24.52      -23.93           199Ir
  77 200              199.976500              -21.89      -20.89           200Ir
  77 201              200.978110              -20.39      -19.99           201Ir
  77 202              201.981084              -17.62      -17.44           202Ir
  77 203              202.983435              -15.43      -16.00           203Ir
  77 204              203.988803              -10.43      -10.88           204Ir
  77 205              204.992614               -6.88       -7.09           205Ir
  77 206              205.998658               -1.25       -1.62           206Ir
  77 207              207.003006                2.80        2.07           207Ir
  77 208              208.009275                8.64        7.35           208Ir
  77 209              209.013838               12.89       11.57           209Ir
  77 210              210.020086               18.71       16.79           210Ir
  77 211              211.024616               22.93       20.81           211Ir
  77 212              212.030596               28.50       26.42           212Ir
  77 213              213.035212               32.80       30.49           213Ir
  77 214              214.041450               38.61       36.08           214Ir
  77 215              215.046087               42.93       40.06           215Ir
  77 216              216.052185               48.61       45.59           216Ir
  77 217              217.056866               52.97       49.68           217Ir
  77 218              218.062931               58.62       55.15           218Ir
  77 219              219.067805               63.16       59.54           219Ir
  77 220              220.074032               68.96       64.91           220Ir
  77 221              221.079099               73.68       69.41           221Ir
  77 222              222.085422               79.57       75.12           222Ir
  77 223              223.090650               84.44       79.76           223Ir
  77 224              224.097059               90.41       85.79           224Ir
  77 225              225.102448               95.43       90.49           225Ir
  77 226              226.109029              101.56       96.52           226Ir
  77 227              227.114644              106.79      101.66           227Ir
  77 228              228.121504              113.18      107.94           228Ir
  77 229              229.127398              118.67      113.24           229Ir
  77 230              230.134741              125.51      119.41           230Ir
  77 231              231.140967              131.31      125.31           231Ir
  77 232              232.148525              138.35      131.81           232Ir
  77 233              233.154805              144.20      137.62           233Ir
  77 234              234.162481              151.35      144.41           234Ir
  77 235              235.168783              157.22      150.35           235Ir
  77 236              236.176297              164.22      157.31           236Ir
  77 237              237.182642              170.13      163.54           237Ir
  77 238              238.190168              177.14      170.88           238Ir
  77 239              239.196759              183.28      177.07           239Ir
  77 240              240.205015              190.97      184.26           240Ir
  77 241              241.212433              197.88      190.78           241Ir
  77 242              242.221376              206.21      198.11           242Ir
  77 243              243.228837              213.16      204.56           243Ir
  77 244              244.237382              221.12      212.01           244Ir
  77 245              245.246271              229.40      218.51           245Ir
  77 246              246.255063              237.59      226.10           246Ir
  77 247              247.263051              245.03      232.52           247Ir
  77 248              248.270340              251.82      240.08           248Ir
  77 249              249.277833              258.80      246.66           249Ir
  77 250              250.287442              267.75      254.28           250Ir
  77 251              251.295289              275.06      261.06           251Ir
  77 252              252.303974              283.15      268.78           252Ir
  77 253              253.311736              290.38      275.62           253Ir
  77 254              254.320217              298.28      283.73           254Ir
  77 255              255.328462              305.96      290.39           255Ir
  77 256              256.338413              315.23      298.36           256Ir
