  78 165              164.999130               -0.81       -2.46           165Pt
  78 166              165.994632               -5.00       -6.40           166Pt
  78 167              166.992732               -6.77       -8.20           167Pt
  78 168  167.988035  167.988588  -11.146001  -10.63      -12.02           168Pt
  78 169  168.986421  168.986548  -12.649001  -12.53      -13.47           169Pt
  78 170  169.982326  169.982705  -16.463001  -16.11      -17.03           170Pt
  78 171  170.981251  170.981181  -17.465001  -17.53      -18.37           171Pt
  78 172  171.977376  171.977531  -21.073990  -20.93      -21.61           172Pt
  78 173  172.976499  172.976189  -21.890440  -22.18      -22.58           173Pt
  78 174  173.972811  173.972893  -25.326130  -25.25      -25.63           174Pt
  78 175  174.972276  174.971819  -25.825001  -26.25      -26.73           175Pt
  78 176  175.969000  175.968867  -28.876001  -29.00      -29.60           176Pt
  78 177  176.968453  176.968245  -29.386001  -29.58      -30.40           177Pt
  78 178  177.965710  177.965453  -31.941002  -32.18      -32.65           178Pt
  78 179  178.965475  178.965206  -32.160002  -32.41      -33.01           179Pt
  78 180  179.963215  179.962877  -34.265002  -34.58      -35.00           180Pt
  78 181  180.963177  180.962812  -34.300002  -34.64      -35.16           181Pt
  78 182  181.961267  181.960848  -36.078961  -36.47      -36.45           182Pt
  78 183  182.961729  182.961138  -35.650002  -36.20      -36.05           183Pt
  78 184  183.959895  183.959441  -37.358002  -37.78      -37.30           184Pt
  78 185  184.960753  184.960118  -36.557613  -37.15      -36.62           185Pt
  78 186  185.959432  185.958969  -37.788523  -38.22      -37.55           186Pt
  78 187  186.960558  186.960010  -36.740002  -37.25      -36.62           187Pt
  78 188  187.959395  187.960129  -37.822661  -37.14      -37.41           188Pt
  78 189  188.960831  188.961481  -36.484847  -35.88      -36.41           189Pt
  78 190  189.959930  189.960751  -37.324893  -36.56      -36.79           190Pt
  78 191  190.961684  190.962329  -35.690513  -35.09      -35.51           191Pt
  78 192  191.961035  191.961846  -36.295513  -35.54      -35.69           192Pt
  78 193  192.962984  192.963628  -34.479709  -33.88      -34.10           193Pt
  78 194  193.962663  193.963360  -34.778647  -34.13      -34.05           194Pt
  78 195  194.964774  194.965335  -32.812387  -32.29      -32.14           195Pt
  78 196  195.964934  195.965357  -32.662942  -32.27      -31.82           196Pt
  78 197  196.967323  196.967783  -30.438052  -30.01      -29.67           197Pt
  78 198  197.967876  197.968180  -29.923301  -29.64      -29.17           198Pt
  78 199  198.970576  198.970488  -27.408078  -27.49      -26.73           199Pt
  78 200  199.971423  199.971304  -26.618476  -26.73      -25.96           200Pt
  78 201  200.974496  200.974063  -23.756386  -24.16      -22.64           201Pt
  78 202  201.975740  201.975244  -22.598001  -23.06      -22.76           202Pt
  78 203              202.978153              -20.35      -20.33           203Pt
  78 204              203.980096              -18.54      -19.16           204Pt
  78 205              204.985282              -13.71      -13.87           205Pt
  78 206              205.988803              -10.43      -10.65           206Pt
  78 207              206.994847               -4.80       -5.24           207Pt
  78 208              207.998798               -1.12       -1.85           208Pt
  78 209              209.004863                4.53        3.37           209Pt
  78 210              210.009061                8.44        7.23           210Pt
  78 211              211.015277               14.23       12.53           211Pt
  78 212              212.019549               18.21       16.43           212Pt
  78 213              213.025604               23.85       22.15           213Pt
  78 214              214.029898               27.85       25.78           214Pt
  78 215              215.036007               33.54       31.44           215Pt
  78 216              216.040290               37.53       35.18           216Pt
  78 217              217.046474               43.29       40.56           217Pt
  78 218              218.050832               47.35       44.53           218Pt
  78 219              219.056962               53.06       49.92           219Pt
  78 220              220.061482               57.27       54.06           220Pt
  78 221              221.067719               63.08       59.28           221Pt
  78 222              222.072346               67.39       63.60           222Pt
  78 223              223.078659               73.27       69.15           223Pt
  78 224              224.083511               77.79       73.55           224Pt
  78 225              225.089984               83.82       79.54           225Pt
  78 226              226.094987               88.48       83.99           226Pt
  78 227              227.101643               94.68       89.78           227Pt
  78 228              228.106882               99.56       94.75           228Pt
  78 229              229.113731              105.94      100.73           229Pt
  78 230              230.119249              111.08      105.95           230Pt
  78 231              231.126603              117.93      111.91           231Pt
  78 232              232.132432              123.36      117.74           232Pt
  78 233              233.139840              130.26      124.05           233Pt
  78 234              234.145895              135.90      129.62           234Pt
  78 235              235.153495              142.98      136.34           235Pt
  78 236              236.159518              148.59      142.15           236Pt
  78 237              237.167033              155.59      149.16           237Pt
  78 238              238.173034              161.18      154.86           238Pt
  78 239              239.180570              168.20      162.10           239Pt
  78 240              240.186807              174.01      168.07           240Pt
  78 241              241.195042              181.68      175.02           241Pt
  78 242              242.201987              188.15      181.37           242Pt
  78 243              243.210941              196.49      188.76           243Pt
  78 244              244.218048              203.11      194.86           244Pt
  78 245              245.228837              213.16      202.30           245Pt
  78 246              246.234892              218.80      208.41           246Pt
  78 247              247.243727              227.03      215.67           247Pt
  78 248              248.251048              233.85      221.92           248Pt
  78 249              249.259540              241.76      229.04           249Pt
  78 250              250.266389              248.14      235.87           250Pt
  78 251              251.275021              256.18      243.05           251Pt
  78 252              252.282224              262.89      249.67           252Pt
  78 253              253.290995              271.06      257.32           253Pt
  78 254              254.298370              277.93      263.92           254Pt
  78 255              255.306347              285.36      271.89           255Pt
  78 256              256.314205              292.68      278.16           256Pt
  78 257              257.324125              301.92      285.98           257Pt
  78 258              258.331951              309.21      292.84           258Pt
  78 259              259.341344              317.96      300.70           259Pt
  78 260              260.349535              325.59      307.18           260Pt
