  79 167              167.004004                3.73                       167Au
  79 168              168.001621                1.51                       168Au
  79 169              168.997477               -2.35                       169Au
  79 170              169.995394               -4.29                       170Au
  79 171  170.991774  170.991530   -7.662000   -7.89                       171Au
  79 172  171.990109  171.989748   -9.213000   -9.55                       172Au
  79 173  172.986398  172.986183  -12.670052  -12.87                       173Au
  79 174  173.984917  173.984648  -14.050001  -14.30                       174Au
  79 175  174.981552  174.981385  -17.185001  -17.34                       175Au
  79 176  175.980269  175.980118  -18.379001  -18.52                       176Au
  79 177  176.977215  176.977112  -21.224001  -21.32                       177Au
  79 178  177.975975  177.976081  -22.379001  -22.28                       178Au
  79 179  178.973412  178.973355  -24.767001  -24.82                       179Au
  79 180  179.972396  179.972592  -25.713001  -25.53                       180Au
  79 181  180.969948  180.970145  -27.993001  -27.81                       181Au
  79 182  181.969620  181.969683  -28.299001  -28.24                       182Au
  79 183  182.967620  182.967525  -30.161001  -30.25                       183Au
  79 184  183.967474  183.967396  -30.298001  -30.37                       184Au
  79 185  184.965806  184.965636  -31.850613  -32.01                       185Au
  79 186  185.965997  185.965840  -31.672963  -31.82                       186Au
  79 187  186.964562  186.964433  -33.010002  -33.13                       187Au
  79 188  187.965085  187.965056  -32.523002  -32.55                       188Au
  79 189  188.963892  188.963961  -33.635002  -33.57                       189Au
  79 190  189.964698  189.964788  -32.882893  -32.80                       190Au
  79 191  190.963649  190.963972  -33.860513  -33.56                       191Au
  79 192  191.964810  191.965056  -32.779172  -32.55                       192Au
  79 193  192.964131  192.964466  -33.411062  -33.10                       193Au
  79 194  193.965338  193.965797  -32.286613  -31.86                       194Au
  79 195  194.965017  194.965443  -32.585587  -32.19                       195Au
  79 196  195.966551  195.966978  -31.157246  -30.76                       196Au
  79 197  196.966551  196.966924  -31.156972  -30.81                       197Au
  79 198  197.968225  197.968760  -29.597991  -29.10                       198Au
  79 199  198.968748  198.969168  -29.111032  -28.72                       199Au
  79 200  199.970717  199.970971  -27.276110  -27.04                       200Au
  79 201  200.971640  200.971744  -26.416386  -26.32                       201Au
  79 202  201.973788  201.974085  -24.415917  -24.14                       202Au
  79 203  202.975137  202.975158  -23.159494  -23.14                       203Au
  79 204  203.977705  203.977606  -20.767001  -20.86                       204Au
  79 205  204.979610  204.979409  -18.993001  -19.18                       205Au
  79 206              205.984305              -14.62                       206Au
  79 207              206.987686              -11.47                       207Au
  79 208              207.993140               -6.39                       208Au
  79 209              208.997209               -2.60                       209Au
  79 210              210.002888                2.69                       210Au
  79 211              211.007032                6.55                       211Au
  79 212              212.012700               11.83                       212Au
  79 213              213.016951               15.79                       213Au
  79 214              214.022802               21.24                       214Au
  79 215              215.027086               25.23                       215Au
  79 216              216.032969               30.71                       216Au
  79 217              217.037263               34.71                       217Au
  79 218              218.043124               40.17                       218Au
  79 219              219.047483               44.23                       219Au
  79 220              220.053248               49.60                       220Au
  79 221              221.057821               53.86                       221Au
  79 222              222.063704               59.34                       222Au
  79 223              223.068299               63.62                       223Au
  79 224              224.074279               69.19                       224Au
  79 225              225.079109               73.69                       225Au
  79 226              226.085239               79.40                       226Au
  79 227              227.090242               84.06                       227Au
  79 228              228.096522               89.91                       228Au
  79 229              229.101740               94.77                       229Au
  79 230              230.108256              100.84                       230Au
  79 231              231.113731              105.94                       231Au
  79 232              232.120742              112.47                       232Au
  79 233              233.126560              117.89                       233Au
  79 234              234.133603              124.45                       234Au
  79 235              235.139604              130.04                       235Au
  79 236              236.146818              136.76                       236Au
  79 237              237.152776              142.31                       237Au
  79 238              238.160194              149.22                       238Au
  79 239              239.166002              154.63                       239Au
  79 240              240.173281              161.41                       240Au
  79 241              241.179475              167.18                       241Au
  79 242              242.187387              174.55                       242Au
  79 243              243.194644              181.31                       243Au
  79 244              244.205315              191.25                       244Au
  79 245              245.211907              197.39                       245Au
  79 246              246.219744              204.69                       246Au
  79 247              247.226046              210.56                       247Au
  79 248              248.234247              218.20                       248Au
  79 249              249.241054              224.54                       249Au
  79 250              250.247796              230.82                       250Au
  79 251              251.254913              237.45                       251Au
  79 252              252.263201              245.17                       252Au
  79 253              253.271639              253.03                       253Au
  79 254              254.280034              260.85                       254Au
  79 255              255.286389              266.77                       255Au
  79 256              256.294946              274.74                       256Au
  79 257              257.302707              281.97                       257Au
  79 258              258.312230              290.84                       258Au
  79 259              259.320067              298.14                       259Au
  79 260              260.329106              306.56                       260Au
  79 261              261.337275              314.17                       261Au
  79 262              262.346551              322.81                       262Au
  79 263              263.355236              330.90                       263Au
