  83 178              178.019657               18.31       16.81           178Bi
  83 179              179.015319               14.27       12.57           179Bi
  83 180              180.012990               12.10       10.38           180Bi
  83 181              181.009157                8.53        6.42           181Bi
  83 182              182.006881                6.41        4.39           182Bi
  83 183              183.003242                3.02        0.81           183Bi
  83 184              184.001492                1.39       -0.28           184Bi
  83 185  184.997708  184.997928   -2.135000   -1.93       -3.71           185Bi
  83 186  185.996480  185.996457   -3.279000   -3.30       -5.14           186Bi
  83 187  186.993458  186.993258   -6.094000   -6.28       -7.58           187Bi
  83 188  187.992173  187.992109   -7.291000   -7.35       -8.33           188Bi
  83 189  188.989505  188.989211   -9.776000  -10.05      -10.66           189Bi
  83 190  189.988518  189.988320  -10.695001  -10.88      -11.55           190Bi
  83 191  190.986053  190.985711  -12.991001  -13.31      -13.73           191Bi
  83 192  191.985368  191.985121  -13.629001  -13.86      -14.14           192Bi
  83 193  192.983061  192.982770  -15.779001  -16.05      -16.14           193Bi
  83 194  193.982748  193.982480  -16.070001  -16.32      -16.60           194Bi
  83 195  194.980751  194.980408  -17.930001  -18.25      -18.23           195Bi
  83 196  195.980608  195.980429  -18.064001  -18.23      -18.17           196Bi
  83 197  196.978934  196.978594  -19.622583  -19.94      -19.69           197Bi
  83 198  197.979024  197.978797  -19.538647  -19.75      -18.80           198Bi
  83 199  198.977576  198.977305  -20.886931  -21.14      -20.00           199Bi
  83 200  199.978141  199.977799  -20.360610  -20.68      -19.93           200Bi
  83 201  200.976970  200.976672  -21.451633  -21.73      -20.93           201Bi
  83 202  201.977674  201.977391  -20.796063  -21.06      -20.50           202Bi
  83 203  202.976868  202.976586  -21.547207  -21.81      -21.31           203Bi
  83 204  203.977805  203.977563  -20.674357  -20.90      -20.34           204Bi
  83 205  204.977374  204.977123  -21.075340  -21.31      -21.12           205Bi
  83 206  205.978482  205.978411  -20.043091  -20.11      -19.53           206Bi
  83 207  206.978455  206.978314  -20.068834  -20.20      -20.32           207Bi
  83 208  207.979726  207.979882  -18.884456  -18.74      -19.00           208Bi
  83 209  208.980383  208.980687  -18.272892  -17.99      -18.83           209Bi
  83 210  209.984104  209.984509  -14.806148  -14.43      -14.63           210Bi
  83 211  210.987258  210.987064  -11.868966  -12.05      -12.60           211Bi
  83 212  211.991271  211.991551   -8.130505   -7.87       -8.45           212Bi
  83 213  212.994374  212.994439   -5.239806   -5.18       -5.90           213Bi
  83 214  213.998698  213.999291   -1.212186   -0.66       -1.74           214Bi
  83 215  215.001832  215.002297    1.706821    2.14        1.17           215Bi
  83 216  216.006199  216.007032    5.775000    6.55        5.37           216Bi
  83 217              217.010177                9.48        7.91           217Bi
  83 218              218.014965               13.94       12.25           218Bi
  83 219              219.018433               17.17       15.54           219Bi
  83 220              220.023414               21.81       19.93           220Bi
  83 221              221.026924               25.08       23.40           221Bi
  83 222              222.032088               29.89       27.95           222Bi
  83 223              223.035631               33.19       31.07           223Bi
  83 224              224.040516               37.74       35.62           224Bi
  83 225              225.044327               41.29       38.71           225Bi
  83 226              226.049415               46.03       43.13           226Bi
  83 227              227.053183               49.54       46.58           227Bi
  83 228              228.058336               54.34       51.35           228Bi
  83 229              229.062405               58.13       54.88           229Bi
  83 230              230.067676               63.04       59.98           230Bi
  83 231              231.071917               66.99       63.52           231Bi
  83 232              232.077392               72.09       68.61           232Bi
  83 233              233.081879               76.27       72.58           233Bi
  83 234              234.087612               81.61       77.87           234Bi
  83 235              235.092368               86.04       82.00           235Bi
  83 236              236.098648               91.89       87.49           236Bi
  83 237              237.103737               96.63       91.94           237Bi
  83 238              238.110146              102.60       97.50           238Bi
  83 239              239.115352              107.45      102.22           239Bi
  83 240              240.121815              113.47      108.08           240Bi
  83 241              241.127086              118.38      112.94           241Bi
  83 242              242.133592              124.44      119.00           242Bi
  83 243              243.140430              130.81      124.00           243Bi
  83 244              244.147269              137.18      129.94           244Bi
  83 245              245.152572              142.12      134.97           245Bi
  83 246              246.159432              148.51      140.84           246Bi
  83 247              247.165025              153.72      146.18           247Bi
  83 248              248.171960              160.18      152.54           248Bi
  83 249              249.177779              165.60      157.45           249Bi
  83 250              250.184746              172.09      163.85           250Bi
  83 251              251.190619              177.56      169.25           251Bi
  83 252              252.197940              184.38      175.48           252Bi
  83 253              253.204102              190.12      181.00           253Bi
  83 254              254.211531              197.04      187.40           254Bi
  83 255              255.217801              202.88      193.15           255Bi
  83 256              256.225444              210.00      199.51           256Bi
  83 257              257.231961              216.07      205.36           257Bi
  83 258              258.239680              223.26      211.91           258Bi
  83 259              259.246067              229.21      217.55           259Bi
  83 260              260.254054              236.65      224.27           260Bi
  83 261              261.260925              243.05      229.96           261Bi
  83 262              262.268805              250.39      236.72           262Bi
  83 263              263.275944              257.04      242.62           263Bi
  83 264              264.284242              264.77      249.77           264Bi
  83 265              265.291703              271.72      255.53           265Bi
  83 266              266.300367              279.79      262.57           266Bi
  83 267              267.308419              287.29      268.72           267Bi
  83 268              268.318617              296.79      278.84           268Bi
  83 269              269.327291              304.87      285.34           269Bi
  83 270              270.337866              314.72      294.97           270Bi
  83 271              271.346841              323.08      302.26           271Bi
  83 272              272.357029              332.57      311.70           272Bi
  83 273              273.365993              340.92      319.41           273Bi
  83 274              274.375987              350.23      328.31           274Bi
  83 275              275.385091              358.71      336.77           275Bi
  83 276              276.397877              370.62      345.71           276Bi
