  85 184              184.024294               22.63       21.35           184At
  85 185              185.019667               18.32       17.25           185At
  85 186              186.017145               15.97       15.15           186At
  85 187              187.013248               12.34       11.68           187At
  85 188              188.011369               10.59        9.63           188At
  85 189              189.007987                7.44        6.74           189At
  85 190              190.006592                6.14        5.58           190At
  85 191              191.003854                3.59        2.84           191At
  85 192              192.002448                2.28        1.68           192At
  85 193  192.999843  192.999495   -0.146140   -0.47       -0.55           193At
  85 194  193.998725  193.998465   -1.187575   -1.43       -1.35           194At
  85 195  194.996268  194.995942   -3.476244   -3.78       -3.69           195At
  85 196  195.995788  195.995384   -3.923380   -4.30       -4.59           196At
  85 197  196.993189  196.993162   -6.344205   -6.37       -6.51           197At
  85 198  197.992837  197.992818   -6.672103   -6.69       -6.90           198At
  85 199  198.990532  198.990725   -8.819148   -8.64       -8.77           199At
  85 200  199.990351  199.990445   -8.987739   -8.90       -9.25           200At
  85 201  200.988416  200.988599  -10.789496  -10.62      -10.49           201At
  85 202  201.988630  201.988556  -10.590867  -10.66      -10.40           202At
  85 203  202.986941  202.987021  -12.163464  -12.09      -11.72           203At
  85 204  203.987251  203.987053  -11.875313  -12.06      -11.86           204At
  85 205  204.986074  204.986087  -12.971536  -12.96      -12.84           205At
  85 206  205.986667  205.986291  -12.419576  -12.77      -11.74           206At
  85 207  206.985783  206.985421  -13.242582  -13.58      -13.59           207At
  85 208  207.986589  207.986291  -12.491356  -12.77      -12.07           208At
  85 209  208.986173  208.985743  -12.879634  -13.28      -13.37           209At
  85 210  209.987147  209.986828  -11.971830  -12.27      -12.61           210At
  85 211  210.987496  210.987257  -11.647148  -11.87      -12.92           211At
  85 212  211.990744  211.990606   -8.621190   -8.75       -8.80           212At
  85 213  212.992936  212.992496   -6.579472   -6.99       -7.46           213At
  85 214  213.996371  213.996532   -3.379708   -3.23       -3.64           214At
  85 215  214.998652  214.998969   -1.255123   -0.96       -1.50           215At
  85 216  216.002423  216.003156    2.257250    2.94        2.21           216At
  85 217  217.004718  217.005250    4.395555    4.89        4.84           217At
  85 218  218.008694  218.009082    8.098722    8.46        7.78           218At
  85 219  219.011161  219.011745   10.397048   10.94       10.30           219At
  85 220  220.015407  220.015684   14.352164   14.61       13.89           220At
  85 221  221.018050  221.018465   16.813000   17.20       16.25           221At
  85 222  222.022330  222.022920   20.800000   21.35       19.97           222At
  85 223  223.025190  223.025915   23.464000   24.14       22.55           223At
  85 224              224.030156               28.09       26.28           224At
  85 225              225.033173               30.90       28.87           225At
  85 226              226.037520               34.95       32.85           226At
  85 227              227.040773               37.98       35.63           227At
  85 228              228.045357               42.25       39.54           228At
  85 229              229.048664               45.33       42.56           229At
  85 230              230.053366               49.71       46.65           230At
  85 231              231.056973               53.07       50.06           231At
  85 232              232.061772               57.54       54.51           232At
  85 233              233.065637               61.14       57.66           233At
  85 234              234.070704               65.86       62.37           234At
  85 235              235.074805               69.68       65.97           235At
  85 236              236.080086               74.60       70.67           236At
  85 237              237.084327               78.55       74.65           237At
  85 238              238.090414               84.22       79.26           238At
  85 239              239.095127               88.61       83.73           239At
  85 240              240.101289               94.35       88.59           240At
  85 241              241.106131               98.86       93.17           241At
  85 242              242.112250              104.56       98.24           242At
  85 243              243.117167              109.14      102.89           243At
  85 244              244.123318              114.87      108.42           244At
  85 245              245.128310              119.52      113.13           245At
  85 246              246.134622              125.40      119.06           246At
  85 247              247.139851              130.27      123.83           247At
  85 248              248.147816              137.69      129.25           248At
  85 249              249.153087              142.60      134.72           249At
  85 250              250.159776              148.83      140.34           250At
  85 251              251.165186              153.87      145.64           251At
  85 252              252.171842              160.07      151.23           252At
  85 253              253.177285              165.14      156.47           253At
  85 254              254.184209              171.59      162.25           254At
  85 255              255.190039              177.02      167.40           255At
  85 256              256.197113              183.61      173.40           256At
  85 257              257.202138              188.29      178.55           257At
  85 258              258.210361              195.95      184.66           258At
  85 259              259.216512              201.68      190.19           259At
  85 260              260.223866              208.53      196.96           260At
  85 261              261.229975              214.22      201.71           261At
  85 262              262.237597              221.32      208.57           262At
  85 263              263.244124              227.40      213.97           263At
  85 264              264.251864              234.61      220.02           264At
  85 265              265.258606              240.89      225.71           265At
  85 266              266.266572              248.31      232.03           266At
  85 267              267.273711              254.96      237.70           267At
  85 268              268.282020              262.70      244.59           268At
  85 269              269.289750              269.90      250.04           269At
  85 270              270.299605              279.08      260.62           270At
  85 271              271.307871              286.78      266.23           271At
  85 272              272.318070              296.28      274.96           272At
  85 273              273.326701              304.32      282.70           273At
  85 274              274.336492              313.44      291.27           274At
  85 275              275.344930              321.30      299.38           275At
  85 276              276.356578              332.15      307.84           276At
  85 277              277.364780              339.79      316.23           277At
  85 278              278.374109              348.48      324.60           278At
  85 279              279.382429              356.23      332.05           279At
  85 280              280.391854              365.01      340.33           280At
  85 281              281.400496              373.06                       281At
  85 282              282.410126              382.03                       282At
