  86 186              186.027816               25.91                       186Rn
  86 187              187.025218               23.49                       187Rn
  86 188              188.020859               19.43                       188Rn
  86 189              189.018862               17.57                       189Rn
  86 190              190.015073               14.04                       190Rn
  86 191              191.013731               12.79                       191Rn
  86 192              192.010403                9.69                       192Rn
  86 193              193.009340                8.70                       193Rn
  86 194              194.006173                5.75                       194Rn
  86 195              195.005089                4.74                       195Rn
  86 196  196.002309  196.002072    2.151000    1.93                       196Rn
  86 197  197.001661  197.001363    1.547000    1.27                       197Rn
  86 198  197.998779  197.998787   -1.136443   -1.13                       198Rn
  86 199  198.998309  198.998357   -1.575000   -1.53                       199Rn
  86 200  199.995677  199.996071   -4.027000   -3.66                       200Rn
  86 201  200.995535  200.995899   -4.159000   -3.82                       201Rn
  86 202  201.993218  201.993451   -6.318000   -6.10                       202Rn
  86 203  202.993316  202.993408   -6.226000   -6.14                       203Rn
  86 204  203.991365  203.991347   -8.044000   -8.06                       204Rn
  86 205  204.991668  204.991498   -7.761000   -7.92                       205Rn
  86 206  205.990160  205.990038   -9.166000   -9.28                       206Rn
  86 207  206.990726  206.990413   -8.637905   -8.93                       207Rn
  86 208  207.989631  207.989200   -9.658440  -10.06                       208Rn
  86 209  208.990376  208.990016   -8.964106   -9.30                       209Rn
  86 210  209.989679  209.988975   -9.613145  -10.27                       210Rn
  86 211  210.990585  210.990038   -8.769633   -9.28                       211Rn
  86 212  211.990688  211.990059   -8.673233   -9.26                       212Rn
  86 213  212.993868  212.993376   -5.711591   -6.17                       213Rn
  86 214  213.995346  213.994879   -4.334917   -4.77                       214Rn
  86 215  214.998729  214.998884   -1.183747   -1.04                       215Rn
  86 216  216.000258  216.000751    0.240468    0.70                       216Rn
  86 217  217.003914  217.004444    3.646384    4.14                       217Rn
  86 218  218.005586  218.006355    5.203618    5.92                       218Rn
  86 219  219.009474  219.009877    8.825747    9.20                       219Rn
  86 220  220.011384  220.011884   10.604266   11.07                       220Rn
  86 221  221.015455  221.015674   14.396001   14.60                       221Rn
  86 222  222.017570  222.018175   16.366788   16.93                       222Rn
  86 223  223.021790  223.022469   20.297001   20.93                       223Rn
  86 224  224.024090  224.024938   22.440001   23.23                       224Rn
  86 225  225.028440  225.029072   26.492001   27.08                       225Rn
  86 226  226.030890  226.031637   28.774001   29.47                       226Rn
  86 227  227.035407  227.035889   32.981002   33.43                       227Rn
  86 228  228.038084  228.038648   35.475002   36.00                       228Rn
  86 229              229.043114               40.16                       229Rn
  86 230              230.046023               42.87                       230Rn
  86 231              231.050639               47.17                       231Rn
  86 232              232.053838               50.15                       232Rn
  86 233              233.058616               54.60                       233Rn
  86 234              234.062072               57.82                       234Rn
  86 235              235.067161               62.56                       235Rn
  86 236              236.070854               66.00                       236Rn
  86 237              237.076136               70.92                       237Rn
  86 238              238.079990               74.51                       238Rn
  86 239              239.086120               80.22                       239Rn
  86 240              240.090435               84.24                       240Rn
  86 241              241.096522               89.91                       241Rn
  86 242              242.101074               94.15                       242Rn
  86 243              243.107226               99.88                       243Rn
  86 244              244.111810              104.15                       244Rn
  86 245              245.117961              109.88                       245Rn
  86 246              246.122588              114.19                       246Rn
  86 247              247.128868              120.04                       247Rn
  86 248              248.133753              124.59                       248Rn
  86 249              249.140355              130.74                       249Rn
  86 250              250.146829              136.77                       250Rn
  86 251              251.153710              143.18                       251Rn
  86 252              252.158734              147.86                       252Rn
  86 253              253.165251              153.93                       253Rn
  86 254              254.170404              158.73                       254Rn
  86 255              255.177274              165.13                       255Rn
  86 256              256.182749              170.23                       256Rn
  86 257              257.189824              176.82                       257Rn
  86 258              258.194483              181.16                       258Rn
  86 259              259.202760              188.87                       259Rn
  86 260              260.208600              194.31                       260Rn
  86 261              261.215954              201.16                       261Rn
  86 262              262.221547              206.37                       262Rn
  86 263              263.229137              213.44                       263Rn
  86 264              264.235536              219.40                       264Rn
  86 265              265.243254              226.59                       265Rn
  86 266              266.249706              232.60                       266Rn
  86 267              267.257747              240.09                       267Rn
  86 268              268.264575              246.45                       268Rn
  86 269              269.272884              254.19                       269Rn
  86 270              270.280281              261.08                       270Rn
  86 271              271.290136              270.26                       271Rn
  86 272              272.298027              277.61                       272Rn
  86 273              273.308161              287.05                       273Rn
  86 274              274.316320              294.65                       274Rn
  86 275              275.326014              303.68                       275Rn
  86 276              276.334184              311.29                       276Rn
  86 277              277.344983              321.35                       277Rn
  86 278              278.352853              328.68                       278Rn
  86 279              279.362139              337.33                       279Rn
  86 280              280.370104              344.75                       280Rn
  86 281              281.379680              353.67                       281Rn
  86 282              282.387947              361.37                       282Rn
  86 283              283.397619              370.38                       283Rn
  86 284              284.405607              377.82                       284Rn
  86 285              285.415429              386.97                       285Rn
  86 286              286.423889              394.85                       286Rn
