  87 189              189.031122               28.99       28.42           189Fr
  87 190              190.028674               26.71       26.25           190Fr
  87 191              191.024788               23.09       22.55           191Fr
  87 192              192.022791               21.23       20.92           192Fr
  87 193              193.019453               18.12       17.77           193Fr
  87 194              194.018143               16.90       16.35           194Fr
  87 195              195.014944               13.92       13.52           195Fr
  87 196              196.013967               13.01       12.57           196Fr
  87 197              197.010896               10.15       10.13           197Fr
  87 198              198.009705                9.04        9.09           198Fr
  87 199              199.007000                6.52        6.55           199Fr
  87 200  200.006499  200.006194    6.054000    5.77        5.70           200Fr
  87 201  201.003986  201.003811    3.713000    3.55        3.71           201Fr
  87 202  202.003287  202.003242    3.062000    3.02        2.98           202Fr
  87 203  203.001048  203.001074    0.976000    1.00        1.00           203Fr
  87 204  204.000593  204.000719    0.552000    0.67        0.69           204Fr
  87 205  204.998663  204.998443   -1.244512   -1.45       -1.27           205Fr
  87 206  205.998486  205.998186   -1.409457   -1.69       -1.24           206Fr
  87 207  206.996859  206.996586   -2.925464   -3.18       -2.91           207Fr
  87 208  207.997133  207.996822   -2.669802   -2.96       -2.17           208Fr
  87 209  208.995915  208.995609   -3.804760   -4.09       -3.85           209Fr
  87 210  209.996398  209.996060   -3.354936   -3.67       -3.20           210Fr
  87 211  210.995529  210.995019   -4.164400   -4.64       -4.88           211Fr
  87 212  211.996194  211.995674   -3.544346   -4.03       -4.51           212Fr
  87 213  212.996174  212.995695   -3.563108   -4.01       -5.06           213Fr
  87 214  213.998954  213.998551   -0.973653   -1.35       -1.66           214Fr
  87 215  215.000326  214.999925    0.303694   -0.07       -0.65           215Fr
  87 216  216.003187  216.003478    2.969484    3.24        2.68           216Fr
  87 217  217.004616  217.005368    4.300196    5.00        4.25           217Fr
  87 218  218.007563  218.007998    7.045191    7.45        7.24           218Fr
  87 219  219.009240  219.009490    8.607788    8.84        8.64           219Fr
  87 220  220.012312  220.012582   11.469464   11.72       11.62           220Fr
  87 221  221.014245  221.014385   13.269740   13.40       13.15           221Fr
  87 222  222.017543  222.017960   16.342090   16.73       16.26           222Fr
  87 223  223.019730  223.020183   18.379038   18.80       18.02           223Fr
  87 224  224.023235  224.023919   21.643738   22.28       21.41           224Fr
  87 225  225.025606  225.026205   23.852684   24.41       23.15           225Fr
  87 226  226.029343  226.029973   27.333219   27.92       26.60           226Fr
  87 227  227.031833  227.032507   29.652400   30.28       28.68           227Fr
  87 228  228.035723  228.036393   33.276002   33.90       32.42           228Fr
  87 229  229.038426  229.039045   35.793002   36.37       34.61           229Fr
  87 230  230.042510  230.043092   39.598002   40.14       38.32           230Fr
  87 231  231.045407  231.045969   42.296002   42.82       40.96           231Fr
  87 232  232.049654  232.050177   46.253002   46.74       44.92           232Fr
  87 233              233.053323               49.67       47.64           233Fr
  87 234              234.057746               53.79       52.06           234Fr
  87 235              235.061203               57.01       54.86           235Fr
  87 236              236.065873               61.36       59.41           236Fr
  87 237              237.069587               64.82       62.48           237Fr
  87 238              238.074450               69.35       67.16           238Fr
  87 239              239.078272               72.91       70.44           239Fr
  87 240              240.083930               78.18       75.17           240Fr
  87 241              241.088417               82.36       79.13           241Fr
  87 242              242.094150               87.70       84.02           242Fr
  87 243              243.098669               91.91       87.95           243Fr
  87 244              244.104510               97.35       93.22           244Fr
  87 245              245.109115              101.64       97.31           245Fr
  87 246              246.114869              107.00      102.89           246Fr
  87 247              247.119496              111.31      107.09           247Fr
  87 248              248.125401              116.81      112.63           248Fr
  87 249              249.130307              121.38      117.02           249Fr
  87 250              250.136533              127.18      122.37           250Fr
  87 251              251.143146              133.34      127.06           251Fr
  87 252              252.149555              139.31      132.63           252Fr
  87 253              253.154590              144.00      137.32           253Fr
  87 254              254.160892              149.87      142.96           254Fr
  87 255              255.165948              154.58      147.97           255Fr
  87 256              256.172508              160.69      153.66           256Fr
  87 257              257.177908              165.72      158.31           257Fr
  87 258              258.184617              171.97      164.22           258Fr
  87 259              259.189384              176.41      169.18           259Fr
  87 260              260.197264              183.75      175.03           260Fr
  87 261              261.203200              189.28      180.23           261Fr
  87 262              262.210146              195.75      186.18           262Fr
  87 263              263.215686              200.91      191.39           263Fr
  87 264              264.222964              207.69      197.40           264Fr
  87 265              265.229492              213.77      202.93           265Fr
  87 266              266.236878              220.65      209.20           266Fr
  87 267              267.243394              226.72      214.48           267Fr
  87 268              268.251016              233.82      220.91           268Fr
  87 269              269.257876              240.21      226.37           269Fr
  87 270              270.265831              247.62      232.94           270Fr
  87 271              271.273228              254.51      238.56           271Fr
  87 272              272.282739              263.37      247.18           272Fr
  87 273              273.290619              270.71      253.99           273Fr
  87 274              274.300464              279.88      262.42           274Fr
  87 275              275.308644              287.50      269.72           275Fr
  87 276              276.318993              297.14      278.19           276Fr
  87 277              277.326723              304.34      285.76           277Fr
  87 278              278.335644              312.65      294.16           278Fr
  87 279              279.343481              319.95      301.64           279Fr
  87 280              280.352445              328.30      309.99           280Fr
  87 281              281.360389              335.70      317.40           281Fr
  87 282              282.369772              344.44      325.51           282Fr
  87 283              283.377888              352.00      333.00           283Fr
  87 284              284.387657              361.10      340.49           284Fr
  87 285              285.396331              369.18                       285Fr
  87 286              286.404673              376.95                       286Fr
  87 287              287.413175              384.87                       287Fr
  87 288              288.424802              395.70                       288Fr
  87 289              289.433433              403.74                       289Fr
