  88 192              192.032958               30.70                       192Ra
  88 193              193.031058               28.93                       193Ra
  88 194              194.027236               25.37                       194Ra
  88 195              195.025787               24.02                       195Ra
  88 196              196.022222               20.70                       196Ra
  88 197              197.020870               19.44                       197Ra
  88 198              198.017993               16.76                       198Ra
  88 199              199.016747               15.60                       199Ra
  88 200              200.013698               12.76                       200Ra
  88 201              201.012786               11.91                       201Ra
  88 202              202.010027                9.34                       202Ra
  88 203  203.009210  203.009415    8.579000    8.77                       203Ra
  88 204  204.006477  204.006774    6.034000    6.31                       204Ra
  88 205  205.006187  205.006366    5.763000    5.93                       205Ra
  88 206  206.003782  206.003725    3.523000    3.47                       206Ra
  88 207  207.003727  207.003500    3.472000    3.26                       207Ra
  88 208  208.001776  208.001481    1.654000    1.38                       208Ra
  88 209  209.001944  209.001707    1.811000    1.59                       209Ra
  88 210  210.000446  210.000161    0.416000    0.15                       210Ra
  88 211  211.000893  211.000569    0.832752    0.53                       211Ra
  88 212  211.999783  211.999130   -0.201676   -0.81                       212Ra
  88 213  213.000345  212.999817    0.322155   -0.17                       213Ra
  88 214  214.000091  213.999334    0.084898   -0.62                       214Ra
  88 215  215.002704  215.002072    2.518941    1.93                       215Ra
  88 216  216.003518  216.003060    3.277370    2.85                       216Ra
  88 217  217.006306  217.006495    5.874010    6.05                       217Ra
  88 218  218.007123  218.007901    6.635913    7.36                       218Ra
  88 219  219.010068  219.010048    9.379013    9.36                       219Ra
  88 220  220.011014  220.011251   10.260096   10.48                       220Ra
  88 221  221.013907  221.014096   12.954996   13.13                       221Ra
  88 222  222.015361  222.015395   14.309442   14.34                       222Ra
  88 223  223.018497  223.019045   17.229974   17.74                       223Ra
  88 224  224.020202  224.020805   18.818044   19.38                       224Ra
  88 225  225.023604  225.024123   21.987413   22.47                       225Ra
  88 226  226.025402  226.026023   23.662325   24.24                       226Ra
  88 227  227.029170  227.029716   27.172307   27.68                       227Ra
  88 228  228.031064  228.031798   28.936020   29.62                       228Ra
  88 229  229.034820  229.035556   32.434906   33.12                       229Ra
  88 230  230.037084  230.037735   34.544241   35.15                       230Ra
  88 231  231.041220  231.041718   38.396002   38.86                       231Ra
  88 232  232.043693  232.044166   40.700002   41.14                       232Ra
  88 233  233.047995  233.048331   44.707002   45.02                       233Ra
  88 234  234.050547  234.051133   47.085002   47.63                       234Ra
  88 235              235.055427               51.63                       235Ra
  88 236              236.058465               54.46                       236Ra
  88 237              237.063103               58.78                       237Ra
  88 238              238.066431               61.88                       238Ra
  88 239              239.071401               66.51                       239Ra
  88 240              240.074837               69.71                       240Ra
  88 241              241.080494               74.98                       241Ra
  88 242              242.084649               78.85                       242Ra
  88 243              243.090371               84.18                       243Ra
  88 244              244.094461               87.99                       244Ra
  88 245              245.100280               93.41                       245Ra
  88 246              246.104574               97.41                       246Ra
  88 247              247.110339              102.78                       247Ra
  88 248              248.114644              106.79                       248Ra
  88 249              249.120548              112.29                       249Ra
  88 250              250.125057              116.49                       250Ra
  88 251              251.131337              122.34                       251Ra
  88 252              252.136329              126.99                       252Ra
  88 253              253.144134              134.26                       253Ra
  88 254              254.148976              138.77                       254Ra
  88 255              255.155138              144.51                       255Ra
  88 256              256.159937              148.98                       256Ra
  88 257              257.166378              154.98                       257Ra
  88 258              258.171488              159.74                       258Ra
  88 259              259.178198              165.99                       259Ra
  88 260              260.182438              169.94                       260Ra
  88 261              261.190533              177.48                       261Ra
  88 262              262.196083              182.65                       262Ra
  88 263              263.203072              189.16                       263Ra
  88 264              264.208160              193.90                       264Ra
  88 265              265.215557              200.79                       265Ra
  88 266              266.221644              206.46                       266Ra
  88 267              267.229212              213.51                       267Ra
  88 268              268.235364              219.24                       268Ra
  88 269              269.243061              226.41                       269Ra
  88 270              270.249567              232.47                       270Ra
  88 271              271.257554              239.91                       271Ra
  88 272              272.264618              246.49                       272Ra
  88 273              273.274130              255.35                       273Ra
  88 274              274.281644              262.35                       274Ra
  88 275              275.291414              271.45                       275Ra
  88 276              276.299240              278.74                       276Ra
  88 277              277.308805              287.65                       277Ra
  88 278              278.316213              294.55                       278Ra
  88 279              279.325059              302.79                       279Ra
  88 280              280.332520              309.74                       280Ra
  88 281              281.341494              318.10                       281Ra
  88 282              282.349331              325.40                       282Ra
  88 283              283.358596              334.03                       283Ra
  88 284              284.366422              341.32                       284Ra
  88 285              285.376363              350.58                       285Ra
  88 286              286.384350              358.02                       286Ra
  88 287              287.393830              366.85                       287Ra
  88 288              288.400872              373.41                       288Ra
  88 289              289.412402              384.15                       289Ra
  88 290              290.420679              391.86                       290Ra
  88 291              291.428205              398.87                       291Ra
  88 292              292.436611              406.70                       292Ra
