  89 195              195.037381               34.82       34.27           195Ac
  89 196              196.035320               32.90       32.43           196Ac
  89 197              197.031755               29.58       29.48           197Ac
  89 198              198.030113               28.05       27.90           198Ac
  89 199              199.027247               25.38       25.17           199Ac
  89 200              200.026119               24.33       23.76           200Ac
  89 201              201.022995               21.42       21.06           201Ac
  89 202              202.021653               20.17       19.79           202Ac
  89 203              203.018808               17.52       17.38           203Ac
  89 204              204.017735               16.52       16.41           204Ac
  89 205              205.015083               14.05       14.05           205Ac
  89 206              206.014246               13.27       13.66           206Ac
  89 207  207.012094  207.011820   11.265001   11.01       11.23           207Ac
  89 208  208.011485  208.011272   10.698001   10.50       10.72           208Ac
  89 209  209.009568  209.008953    8.913219    8.34        8.77           209Ac
  89 210  210.009256  210.008846    8.622654    8.24        8.54           210Ac
  89 211  211.007648  211.007365    7.124247    6.86        6.76           211Ac
  89 212  212.007811  212.007440    7.276309    6.93        7.42           212Ac
  89 213  213.006573  213.006012    6.123351    5.60        5.49           213Ac
  89 214  214.006893  214.006227    6.420855    5.80        5.40           214Ac
  89 215  215.006450  215.005668    6.008911    5.28        4.47           215Ac
  89 216  216.008721  216.008030    8.123808    7.48        7.46           216Ac
  89 217  217.009332  217.008964    8.693330    8.35        7.97           217Ac
  89 218  218.011625  218.011702   10.828659   10.90       10.88           218Ac
  89 219  219.012404  219.013140   11.555106   12.24       11.97           219Ac
  89 220  220.014752  220.014418   13.741496   13.43       14.12           220Ac
  89 221  221.015575  221.015395   14.508713   14.34       14.94           221Ac
  89 222  222.017828  222.017746   16.607467   16.53       17.50           222Ac
  89 223  223.019126  223.019238   17.815780   17.92       18.42           223Ac
  89 224  224.021708  224.022212   20.221275   20.69       21.04           224Ac
  89 225  225.023220  225.023672   21.629825   22.05       22.10           225Ac
  89 226  226.026089  226.026559   24.302534   24.74       24.66           226Ac
  89 227  227.027746  227.028342   25.846142   26.40       26.14           227Ac
  89 228  228.031014  228.031562   28.890120   29.40       28.98           228Ac
  89 229  229.032930  229.033580   30.674905   31.28       30.47           229Ac
  89 230  230.036025  230.036844   33.557203   34.32       33.69           230Ac
  89 231  231.038551  231.038970   35.910490   36.30       35.34           231Ac
  89 232  232.042022  232.042545   39.143679   39.63       38.62           232Ac
  89 233  233.044550  233.044939   41.498002   41.86       40.90           233Ac
  89 234  234.048420  234.048750   45.103002   45.41       44.32           234Ac
  89 235  235.051102  235.051530   47.601002   48.00       46.67           235Ac
  89 236  236.055178  236.055438   51.398002   51.64       50.46           236Ac
  89 237              237.058465               54.46       53.18           237Ac
  89 238              238.062695               58.40       57.16           238Ac
  89 239              239.066002               61.48       60.04           239Ac
  89 240              240.070403               65.58       64.19           240Ac
  89 241              241.074010               68.94       67.45           241Ac
  89 242              242.079303               73.87       71.75           242Ac
  89 243              243.083296               77.59       75.41           243Ac
  89 244              244.088825               82.74       79.84           244Ac
  89 245              245.092958               86.59       83.58           245Ac
  89 246              246.098433               91.69       88.20           246Ac
  89 247              247.102663               95.63       92.03           247Ac
  89 248              248.108095              100.69       97.22           248Ac
  89 249              249.112389              104.69      100.99           249Ac
  89 250              250.117972              109.89      106.38           250Ac
  89 251              251.122513              114.12      110.35           251Ac
  89 252              252.128407              119.61      115.48           252Ac
  89 253              253.133399              124.26      119.87           253Ac
  89 254              254.140967              131.31      125.13           254Ac
  89 255              255.145905              135.91      129.69           255Ac
  89 256              256.151853              141.45      135.00           256Ac
  89 257              257.156480              145.76      139.71           257Ac
  89 258              258.162685              151.54      144.76           258Ac
  89 259              259.167720              156.23      149.58           259Ac
  89 260              260.174161              162.23      155.10           260Ac
  89 261              261.178273              166.06      159.93           261Ac
  89 262              262.185992              173.25      165.47           262Ac
  89 263              263.191542              178.42      170.34           263Ac
  89 264              264.198166              184.59      176.18           264Ac
  89 265              265.203404              189.47      180.91           265Ac
  89 266              266.210329              195.92      186.70           266Ac
  89 267              267.216416              201.59      191.85           267Ac
  89 268              268.223727              208.40      197.96           268Ac
  89 269              269.229889              214.14      202.96           269Ac
  89 270              270.237243              220.99      209.06           270Ac
  89 271              271.243791              227.09      214.39           271Ac
  89 272              272.251424              234.20      220.62           272Ac
  89 273              273.258499              240.79      226.12           273Ac
  89 274              274.267635              249.30      234.22           274Ac
  89 275              275.275149              256.30      240.89           275Ac
  89 276              276.284575              265.08      248.86           276Ac
  89 277              277.292380              272.35      256.02           277Ac
  89 278              278.300839              280.23      264.13           278Ac
  89 279              279.308172              287.06      271.33           279Ac
  89 280              280.316760              295.06      279.37           280Ac
  89 281              281.324200              301.99      286.58           281Ac
  89 282              282.332777              309.98      294.27           282Ac
  89 283              283.340496              317.17      301.43           283Ac
  89 284              284.349321              325.39      309.10           284Ac
  89 285              285.357286              332.81      316.20           285Ac
  89 286              286.366530              341.42      324.29           286Ac
  89 287              287.374517              348.86      331.35           287Ac
  89 288              288.382976              356.74      338.87           288Ac
  89 289              289.391124              364.33                       289Ac
  89 290              290.402257              374.70                       290Ac
  89 291              291.410491              382.37                       291Ac
  89 292              292.417791              389.17                       292Ac
  89 293              293.426229              397.03                       293Ac
  89 294              294.435730              405.88                       294Ac
  89 295              295.444372              413.93                       295Ac
