  91 200              200.048245               44.94                       200Pa
  91 201              201.044670               41.61                       201Pa
  91 202              202.043371               40.40                       202Pa
  91 203              203.039914               37.18                       203Pa
  91 204              204.038272               35.65                       204Pa
  91 205              205.035191               32.78                       205Pa
  91 206              206.033645               31.34                       206Pa
  91 207              207.030789               28.68                       207Pa
  91 208              208.029426               27.41                       208Pa
  91 209              209.026484               24.67                       209Pa
  91 210              210.025475               23.73                       210Pa
  91 211              211.022942               21.37                       211Pa
  91 212              212.022469               20.93                       212Pa
  91 213  213.021183  213.020580   19.732031   19.17                       213Pa
  91 214  214.020739  214.020215   19.318466   18.83                       214Pa
  91 215  215.019097  215.018454   17.789309   17.19                       215Pa
  91 216  216.019109  216.018261   17.800521   17.01                       216Pa
  91 217  217.018288  217.017263   17.035692   16.08                       217Pa
  91 218  218.020007  218.019141   18.637243   17.83                       218Pa
  91 219  219.019880  219.019549   18.518423   18.21                       219Pa
  91 220  220.021876  220.022222   20.377820   20.70                       220Pa
  91 221  221.021863  221.023049   20.365942   21.47                       221Pa
  91 222  222.023726  222.022813   22.100001   21.25                       222Pa
  91 223  223.023963  223.023360   22.322085   21.76                       223Pa
  91 224  224.025614  224.025411   23.860081   23.67                       224Pa
  91 225  225.026115  225.026173   24.326124   24.38                       225Pa
  91 226  226.027932  226.028599   26.019187   26.64                       226Pa
  91 227  227.028793  227.029190   26.820645   27.19                       227Pa
  91 228  228.031036  228.031401   28.910722   29.25                       228Pa
  91 229  229.032088  229.032561   29.890336   30.33                       229Pa
  91 230  230.034532  230.034998   32.166871   32.60                       230Pa
  91 231  231.035878  231.036393   33.420975   33.90                       231Pa
  91 232  232.038581  232.039174   35.938637   36.49                       232Pa
  91 233  233.040240  233.040805   37.483534   38.01                       233Pa
  91 234  234.043302  234.043865   40.335852   40.86                       234Pa
  91 235  235.045436  235.045873   42.324064   42.73                       235Pa
  91 236  236.048675  236.049222   45.340629   45.85                       236Pa
  91 237  237.051139  237.051595   47.636067   48.06                       237Pa
  91 238  238.054497  238.055030   50.763666   51.26                       238Pa
  91 239  239.057130  239.057639   53.216003   53.69                       239Pa
  91 240  240.060980  240.061525   56.802003   57.31                       240Pa
  91 241              241.064402               59.99                       241Pa
  91 242              242.068578               63.88                       242Pa
  91 243              243.071520               66.62                       243Pa
  91 244              244.076232               71.01                       244Pa
  91 245              245.080043               74.56                       245Pa
  91 246              246.085282               79.44                       246Pa
  91 247              247.088986               82.89                       247Pa
  91 248              248.094010               87.57                       248Pa
  91 249              249.097907               91.20                       249Pa
  91 250              250.103007               95.95                       250Pa
  91 251              251.106946               99.62                       251Pa
  91 252              252.112164              104.48                       252Pa
  91 253              253.116351              108.38                       253Pa
  91 254              254.121933              113.58                       254Pa
  91 255              255.126625              117.95                       255Pa
  91 256              256.132851              123.75                       256Pa
  91 257              257.137435              128.02                       257Pa
  91 258              258.144048              134.18                       258Pa
  91 259              259.148514              138.34                       259Pa
  91 260              260.154397              143.82                       260Pa
  91 261              261.159089              148.19                       261Pa
  91 262              262.165186              153.87                       262Pa
  91 263              263.169158              157.57                       263Pa
  91 264              264.176501              164.41                       264Pa
  91 265              265.181740              169.29                       265Pa
  91 266              266.188106              175.22                       266Pa
  91 267              267.192970              179.75                       267Pa
  91 268              268.199561              185.89                       268Pa
  91 269              269.205272              191.21                       269Pa
  91 270              270.212347              197.80                       270Pa
  91 271              271.218166              203.22                       271Pa
  91 272              272.225197              209.77                       272Pa
  91 273              273.231413              215.56                       273Pa
  91 274              274.238788              222.43                       274Pa
  91 275              275.245530              228.71                       275Pa
  91 276              276.254344              236.92                       276Pa
  91 277              277.261451              243.54                       277Pa
  91 278              278.270383              251.86                       278Pa
  91 279              279.276685              257.73                       279Pa
  91 280              280.284693              265.19                       280Pa
  91 281              281.291789              271.80                       281Pa
  91 282              282.299981              279.43                       282Pa
  91 283              283.307098              286.06                       283Pa
  91 284              284.315279              293.68                       284Pa
  91 285              285.322600              300.50                       285Pa
  91 286              286.331017              308.34                       286Pa
  91 287              287.338542              315.35                       287Pa
  91 288              288.347163              323.38                       288Pa
  91 289              289.354763              330.46                       289Pa
  91 290              290.363524              338.62                       290Pa
  91 291              291.372724              347.19                       291Pa
  91 292              292.381516              355.38                       292Pa
  91 293              293.389417              362.74                       293Pa
  91 294              294.398478              371.18                       294Pa
  91 295              295.405038              377.29                       295Pa
  91 296              296.414173              385.80                       296Pa
  91 297              297.422665              393.71                       297Pa
  91 298              298.432263              402.65                       298Pa
  91 299              299.440862              410.66                       299Pa
  91 300              300.451093              420.19                       300Pa
  91 301              301.458221              426.83                       301Pa
  91 302              302.467979              435.92                       302Pa
