  93 206              206.056103               52.26       52.33           206Np
  93 207              207.052647               49.04       49.25           207Np
  93 208              208.050897               47.41       47.52           208Np
  93 209              209.047569               44.31       44.66           209Np
  93 210              210.046001               42.85       43.44           210Np
  93 211              211.042867               39.93       40.64           211Np
  93 212              212.041385               38.55       39.37           212Np
  93 213              213.038454               35.82       36.65           213Np
  93 214              214.037445               34.88       35.53           214Np
  93 215              215.035266               32.85       33.15           215Np
  93 216              216.034514               32.15       32.38           216Np
  93 217              217.032432               30.21       31.03           217Np
  93 218              218.031916               29.73       30.01           218Np
  93 219              219.030371               28.29       28.22           219Np
  93 220              220.031884               29.70       30.75           220Np
  93 221              221.031637               29.47       30.00           221Np
  93 222              222.033795               31.48       32.27           222Np
  93 223              223.031992               29.80       31.02           223Np
  93 224              224.033376               31.09       32.87           224Np
  93 225  225.033913  225.033516   31.590626   31.22       32.23           225Np
  93 226  226.035145  226.034837   32.738000   32.45       33.40           226Np
  93 227  227.034956  227.034697   32.562040   32.32       33.27           227Np
  93 228  228.036180  228.036017   33.701000   33.55       34.75           228Np
  93 229  229.036263  229.036168   33.779521   33.69       34.45           229Np
  93 230  230.037827  230.037810   35.236181   35.22       35.73           230Np
  93 231  231.038245  231.038390   35.625068   35.76       36.26           231Np
  93 232  232.040108  232.040301   37.361000   37.54       37.71           232Np
  93 233  233.040740  233.041095   37.949575   38.28       38.61           233Np
  93 234  234.042895  234.043350   39.956471   40.38       40.34           234Np
  93 235  235.044063  235.044466   41.044669   41.42       41.48           235Np
  93 236  236.046569  236.047129   43.379304   43.90       43.56           236Np
  93 237  237.048173  237.048664   44.873275   45.33       45.27           237Np
  93 238  238.050946  238.051616   47.456272   48.08       47.55           238Np
  93 239  239.052939  239.053344   49.312385   49.69       49.52           239Np
  93 240  240.056162  240.056522   52.314736   52.65       52.31           240Np
  93 241  241.058252  241.058701   54.261791   54.68       54.37           241Np
  93 242  242.061641  242.062158   57.418390   57.90       57.56           242Np
  93 243  243.064279  243.064574   59.875000   60.15       59.55           243Np
  93 244  244.067850  244.068353   63.202000   63.67       62.95           244Np
  93 245              245.070865               66.01       65.35           245Np
  93 246              246.075170               70.02       68.82           246Np
  93 247              247.078573               73.19       71.69           247Np
  93 248              248.083189               77.49       75.33           248Np
  93 249              249.086764               80.82       78.54           249Np
  93 250              250.091423               85.16       82.25           250Np
  93 251              251.094944               88.44       85.72           251Np
  93 252              252.099646               92.82       90.02           252Np
  93 253              253.103221               96.15       93.33           253Np
  93 254              254.108063              100.66       97.69           254Np
  93 255              255.111853              104.19      101.44           255Np
  93 256              256.117134              109.11      105.70           256Np
  93 257              257.121472              113.15      109.76           257Np
  93 258              258.127000              118.30      114.17           258Np
  93 259              259.131735              122.71      118.30           259Np
  93 260              260.137253              127.85      122.94           260Np
  93 261              261.141804              132.09      127.09           261Np
  93 262              262.147526              137.42      131.95           262Np
  93 263              263.152218              141.79      136.08           263Np
  93 264              264.157886              147.07      140.75           264Np
  93 265              265.161740              150.66      145.09           265Np
  93 266              266.168536              156.99      149.80           266Np
  93 267              267.173506              161.62      154.13           267Np
  93 268              268.179486              167.19      159.21           268Np
  93 269              269.184167              171.55      163.48           269Np
  93 270              270.190425              177.38      168.65           270Np
  93 271              271.195782              182.37      173.12           271Np
  93 272              272.202653              188.77      179.30           272Np
  93 273              273.208214              193.95      183.94           273Np
  93 274              274.214945              200.22      189.27           274Np
  93 275              275.220892              205.76      193.96           275Np
  93 276              276.227838              212.23      199.92           276Np
  93 277              277.234247              218.20      204.55           277Np
  93 278              278.242707              226.08      212.51           278Np
  93 279              279.249438              232.35      218.06           279Np
  93 280              280.256448              238.88      225.62           280Np
  93 281              281.262943              244.93      231.96           281Np
  93 282              282.270501              251.97      239.30           282Np
  93 283              283.277103              258.12      246.10           283Np
  93 284              284.285015              265.49      253.30           284Np
  93 285              285.291757              271.77      259.21           285Np
  93 286              286.299691              279.16      266.33           286Np
  93 287              287.306712              285.70      272.64           287Np
  93 288              288.314838              293.27      279.72           288Np
  93 289              289.322171              300.10      285.73           289Np
  93 290              290.330877              308.21      292.65           290Np
  93 291              291.338177              315.01      299.02           291Np
  93 292              292.347313              323.52      305.89           292Np
  93 293              293.354474              330.19      312.23           293Np
  93 294              294.362804              337.95      319.04           294Np
  93 295              295.370308              344.94      325.93           295Np
  93 296              296.378832              352.88      332.97           296Np
  93 297              297.386616              360.13      339.93           297Np
  93 298              298.395440              368.35      347.35           298Np
  93 299              299.403470              375.83      354.21           299Np
  93 300              300.411715              383.51      361.82           300Np
  93 301              301.419541              390.80      368.81           301Np
  93 302              302.428505              399.15      376.34           302Np
  93 303              303.436557              406.65      383.75           303Np
  93 304              304.446004              415.45      391.23           304Np
  93 305              305.456450              425.18      399.08           305Np
  93 306              306.464083              432.29      406.76           306Np
  93 307              307.472725              440.34      414.49           307Np
  93 308              308.482687              449.62      422.29           308Np
