  96 215              215.066925               62.34       63.51           215Cm
  96 216              216.063479               59.13       60.23           216Cm
  96 217              217.062051               57.80       58.65           217Cm
  96 218              218.058905               54.87       55.64           218Cm
  96 219              219.057724               53.77       54.67           219Cm
  96 220              220.054804               51.05       51.78           220Cm
  96 221              221.053785               50.10       51.39           221Cm
  96 222              222.051401               47.88       49.05           222Cm
  96 223              223.052400               48.81       50.70           223Cm
  96 224              224.050907               47.42       49.41           224Cm
  96 225              225.052840               49.22       49.48           225Cm
  96 226              226.050360               46.91       48.62           226Cm
  96 227              227.051272               47.76       49.05           227Cm
  96 228              228.050059               46.63       47.84           228Cm
  96 229              229.050671               47.20       48.05           229Cm
  96 230              230.049523               46.13       47.31           230Cm
  96 231              231.050381               46.93       47.95           231Cm
  96 232              232.049576               46.18       47.02           232Cm
  96 233  233.050771  233.050725   47.293098   47.25       47.56           233Cm
  96 234  234.050159  234.050263   46.723592   46.82       47.41           234Cm
  96 235  235.051434  235.051659   47.910000   48.12       48.22           235Cm
  96 236  236.051413  236.051444   47.890000   47.92       48.42           236Cm
  96 237  237.052901  237.053194   49.277000   49.55       49.39           237Cm
  96 238  238.053028  238.053344   49.395914   49.69       50.02           238Cm
  96 239  239.054957  239.055427   51.192000   51.63       51.14           239Cm
  96 240  240.055529  240.055867   51.725434   52.04       52.24           240Cm
  96 241  241.057653  241.058229   53.703425   54.24       53.96           241Cm
  96 242  242.058835  242.059174   54.805218   55.12       55.26           242Cm
  96 243  243.061389  243.061611   57.183593   57.39       57.42           243Cm
  96 244  244.062752  244.062824   58.453651   58.52       58.74           244Cm
  96 245  245.065491  245.065712   61.004706   61.21       61.40           245Cm
  96 246  246.067223  246.067193   62.618439   62.59       62.99           246Cm
  96 247  247.070353  247.070435   65.533901   65.61       65.78           247Cm
  96 248  248.072348  248.072271   67.392202   67.32       67.62           248Cm
  96 249  249.075953  249.076104   70.750150   70.89       70.62           249Cm
  96 250  250.078356  250.078744   72.989038   73.35       72.80           250Cm
  96 251  251.082284  251.082921   76.647617   77.24       76.07           251Cm
  96 252  252.084870  252.085508   79.056000   79.65       78.54           252Cm
  96 253              253.089909               83.75       81.89           253Cm
  96 254              254.092593               86.25       84.70           254Cm
  96 255              255.096887               90.25       88.62           255Cm
  96 256              256.099679               92.85       91.44           256Cm
  96 257              257.104123               96.99       95.47           257Cm
  96 258              258.107161               99.82       98.53           258Cm
  96 259              259.112046              104.37      102.58           259Cm
  96 260              260.115707              107.78      106.05           260Cm
  96 261              261.120935              112.65      110.28           261Cm
  96 262              262.124810              116.26      113.90           262Cm
  96 263              263.130339              121.41      117.99           263Cm
  96 264              264.134032              124.85      121.83           264Cm
  96 265              265.139282              129.74      126.67           265Cm
  96 266              266.143876              134.02      130.39           266Cm
  96 267              267.149180              138.96      134.49           267Cm
  96 268              268.152647              142.19      138.20           268Cm
  96 269              269.158691              147.82      142.67           269Cm
  96 270              270.162986              151.82      146.58           270Cm
  96 271              271.168654              157.10      151.32           271Cm
  96 272              272.172766              160.93      155.32           272Cm
  96 273              273.178670              166.43      160.12           273Cm
  96 274              274.183437              170.87      164.18           274Cm
  96 275              275.189942              176.93      170.02           275Cm
  96 276              276.194838              181.49      174.28           276Cm
  96 277              277.201257              187.47      179.25           277Cm
  96 278              278.206507              192.36      183.56           278Cm
  96 279              279.213260              198.65      189.22           279Cm
  96 280              280.218992              203.99      193.50           280Cm
  96 281              281.226872              211.33      201.06           281Cm
  96 282              282.232863              216.91      206.02           282Cm
  96 283              283.240635              224.15      213.17           283Cm
  96 284              284.246786              229.88      218.95           284Cm
  96 285              285.253797              236.41      225.88           285Cm
  96 286              286.259486              241.71      232.14           286Cm
  96 287              287.266808              248.53      238.20           287Cm
  96 288              288.272734              254.05      243.93           288Cm
  96 289              289.280260              261.06      249.76           289Cm
  96 290              290.286389              266.77      255.69           290Cm
  96 291              291.294130              273.98      261.76           291Cm
  96 292              292.300431              279.85      267.65           292Cm
  96 293              293.308268              287.15      273.06           293Cm
  96 294              294.314710              293.15      279.76           294Cm
  96 295              295.322654              300.55      285.59           295Cm
  96 296              296.329278              306.72      292.17           296Cm
  96 297              297.337361              314.25      298.03           297Cm
  96 298              298.344135              320.56      304.82           298Cm
  96 299              299.352262              328.13      311.25           299Cm
  96 300              300.359294              334.68      317.89           300Cm
  96 301              301.367732              342.54      324.79           301Cm
  96 302              302.374903              349.22      331.22           302Cm
  96 303              303.383416              357.15      338.26           303Cm
  96 304              304.390598              363.84      344.85           304Cm
  96 305              305.399230              371.88      351.87           305Cm
  96 306              306.406637              378.78      358.86           306Cm
  96 307              307.415784              387.30      366.04           307Cm
  96 308              308.423631              394.61      373.43           308Cm
  96 309              309.432821              403.17      380.57           309Cm
  96 310              310.440872              410.67      388.22           310Cm
  96 311              311.450137              419.30      395.41           311Cm
  96 312              312.458221              426.83      403.00           312Cm
  96 313              313.467518              435.49      410.84           313Cm
  96 314              314.475516              442.94      418.27           314Cm
  96 315              315.485060              451.83      426.10           315Cm
  96 316              316.493229              459.44      433.89           316Cm
  96 317              317.502913              468.46      441.55           317Cm
  96 318              318.511522              476.48      449.66           318Cm
