  98 221              221.075653               70.47       71.01           221Cf
  98 222              222.072314               67.36       68.02           222Cf
  98 223              223.070972               66.11       66.18           223Cf
  98 224              224.068041               63.38       63.59           224Cf
  98 225              225.068567               63.87       64.44           225Cf
  98 226              226.066474               61.92       62.81           226Cf
  98 227              227.067912               63.26       62.35           227Cf
  98 228              228.065390               60.91       60.92           228Cf
  98 229              229.065347               60.87       61.91           229Cf
  98 230              230.063522               59.17       60.45           230Cf
  98 231              231.063747               59.38       60.16           231Cf
  98 232              232.062180               57.92       59.06           232Cf
  98 233              233.062684               58.39       59.03           233Cf
  98 234              234.061417               57.21       58.24           234Cf
  98 235              235.062105               57.85       58.16           235Cf
  98 236              236.061160               56.97       57.52           236Cf
  98 237  237.062070  237.062094   57.818003   57.84       58.00           237Cf
  98 238  238.061410  238.061407   57.203003   57.20       57.83           238Cf
  98 239  239.062579  239.062716   58.292003   58.42       58.63           239Cf
  98 240  240.062295  240.062319   58.027003   58.05       58.65           240Cf
  98 241  241.063716  241.063758   59.351003   59.39       59.62           241Cf
  98 242  242.063688  242.063811   59.325648   59.44       60.06           242Cf
  98 243  243.065421  243.065497   60.939003   61.01       61.59           243Cf
  98 244  244.065990  244.065883   61.469646   61.37       62.18           244Cf
  98 245  245.068039  245.068031   63.378003   63.37       63.77           245Cf
  98 246  246.068798  246.068750   64.085670   64.04       64.88           246Cf
  98 247  247.070992  247.071133   66.128655   66.26       67.10           247Cf
  98 248  248.072178  248.072153   67.233442   67.21       68.12           248Cf
  98 249  249.074846  249.074869   69.719354   69.74       70.63           249Cf
  98 250  250.076399  250.076104   71.166088   70.89       71.93           250Cf
  98 251  251.079580  251.079636   74.128337   74.18       74.70           251Cf
  98 252  252.081619  252.081589   76.028143   76.00       76.57           252Cf
  98 253  253.085126  253.085626   79.295087   79.76       79.52           253Cf
  98 254  254.087316  254.087784   81.334507   81.77       81.71           254Cf
  98 255  255.091039  255.091573   84.803004   85.30       84.81           255Cf
  98 256  256.093440  256.094032   87.039004   87.59       87.19           256Cf
  98 257              257.097918               91.21       90.67           257Cf
  98 258              258.100291               93.42       93.06           258Cf
  98 259              259.104338               97.19       96.80           259Cf
  98 260              260.106936               99.61       99.45           260Cf
  98 261              261.111391              103.76      103.57           261Cf
  98 262              262.114697              106.84      106.45           262Cf
  98 263              263.119636              111.44      110.54           263Cf
  98 264              264.123125              114.69      113.87           264Cf
  98 265              265.128460              119.66      118.07           265Cf
  98 266              266.131745              122.72      121.31           266Cf
  98 267              267.136737              127.37      125.79           267Cf
  98 268              268.140903              131.25      129.51           268Cf
  98 269              269.146034              136.03      133.78           269Cf
  98 270              270.149394              139.16      136.94           270Cf
  98 271              271.154805              144.20      141.30           271Cf
  98 272              272.158691              147.82      144.88           272Cf
  98 273              273.164081              152.84      149.33           273Cf
  98 274              274.168020              156.51      153.13           274Cf
  98 275              275.173571              161.68      157.88           275Cf
  98 276              276.177983              165.79      161.70           276Cf
  98 277              277.184145              171.53      166.58           277Cf
  98 278              278.188708              175.78      170.72           278Cf
  98 279              279.194805              181.46      175.81           279Cf
  98 280              280.199754              186.07      179.87           280Cf
  98 281              281.206217              192.09      185.49           281Cf
  98 282              282.211628              197.13      189.51           282Cf
  98 283              283.219003              204.00      196.65           283Cf
  98 284              284.224585              209.20      201.09           284Cf
  98 285              285.231800              215.92      208.10           285Cf
  98 286              286.237275              221.02      213.34           286Cf
  98 287              287.244070              227.35      220.16           287Cf
  98 288              288.249406              232.32      225.69           288Cf
  98 289              289.256373              238.81      231.07           289Cf
  98 290              290.261956              244.01      236.65           290Cf
  98 291              291.269105              250.67      242.69           291Cf
  98 292              292.274870              256.04      248.09           292Cf
  98 293              293.282213              262.88      253.60           293Cf
  98 294              294.288161              268.42      259.61           294Cf
  98 295              295.295654              275.40      265.20           295Cf
  98 296              296.301677              281.01      271.28           296Cf
  98 297              297.309234              288.05      277.15           297Cf
  98 298              298.315407              293.80      283.38           298Cf
  98 299              299.323094              300.96      289.50           299Cf
  98 300              300.329557              306.98      295.72           300Cf
  98 301              301.337426              314.31      302.48           301Cf
  98 302              302.344146              320.57      308.47           302Cf
  98 303              303.352155              328.03      314.98           303Cf
  98 304              304.359111              334.51      321.28           304Cf
  98 305              305.367431              342.26      328.31           305Cf
  98 306              306.374560              348.90      334.67           306Cf
  98 307              307.382751              356.53      341.77           307Cf
  98 308              308.389933              363.22      348.35           308Cf
  98 309              309.398543              371.24      355.39           309Cf
  98 310              310.406047              378.23      362.26           310Cf
  98 311              311.415032              386.60      369.50           311Cf
  98 312              312.422687              393.73      376.59           312Cf
  98 313              313.431640              402.07      384.07           313Cf
  98 314              314.439402              409.30      391.28           314Cf
  98 315              315.448216              417.51      399.07           315Cf
  98 316              316.456181              424.93      406.23           316Cf
  98 317              317.465145              433.28      414.05           317Cf
  98 318              318.472950              440.55      421.29           318Cf
  98 319              319.482301              449.26      429.11           319Cf
  98 320              320.490653              457.04      436.52           320Cf
  98 321              321.500175              465.91      444.49           321Cf
  98 322              322.508678              473.83      452.13           322Cf
  98 323              323.518458              482.94      460.33           323Cf
  98 324              324.530567              494.22      468.09           324Cf
  98 325              325.539660              502.69      476.02           325Cf
