  99 224              224.081138               75.58                       224Es
  99 225              225.078208               72.85                       225Es
  99 226              226.078294               72.93                       226Es
  99 227              227.075953               70.75                       227Es
  99 228              228.077080               71.80                       228Es
  99 229              229.074096               69.02                       229Es
  99 230              230.073645               68.60                       230Es
  99 231              231.071799               66.88                       231Es
  99 232              232.071627               66.72                       232Es
  99 233              233.070092               65.29                       233Es
  99 234              234.070145               65.34                       234Es
  99 235              235.068846               64.13                       235Es
  99 236              236.069158               64.42                       236Es
  99 237              237.068106               63.44                       237Es
  99 238              238.068664               63.96                       238Es
  99 239              239.067869               63.22                       239Es
  99 240  240.068920  240.068761   64.199003   64.05                       240Es
  99 241  241.068662  241.068256   63.959003   63.58                       241Es
  99 242  242.069699  242.069426   64.924003   64.67                       242Es
  99 243  243.069631  243.069448   64.861003   64.69                       243Es
  99 244  244.070969  244.070661   66.107003   65.82                       244Es
  99 245  245.071317  245.070993   66.432003   66.13                       245Es
  99 246  246.072965  246.072711   67.966003   67.73                       246Es
  99 247  247.073650  247.073366   68.604003   68.34                       247Es
  99 248  248.075458  248.075341   70.289003   70.18                       248Es
  99 249  249.076405  249.076254   71.170003   71.03                       249Es
  99 250  250.078654  250.078379   73.266003   73.01                       250Es
  99 251  251.079983  251.079743   74.504229   74.28                       251Es
  99 252  252.082972  252.082910   77.288143   77.23                       252Es
  99 253  253.084817  253.084810   79.007426   79.00                       253Es
  99 254  254.088016  254.088449   81.986392   82.39                       254Es
  99 255  255.090266  255.090596   84.082588   84.39                       255Es
  99 256  256.093592  256.093978   87.180004   87.54                       256Es
  99 257  257.095979  257.096275   89.403004   89.68                       257Es
  99 258              258.099936               93.09                       258Es
  99 259              259.102287               95.28                       259Es
  99 260              260.105916               98.66                       260Es
  99 261              261.108492              101.06                       261Es
  99 262              262.112626              104.91                       262Es
  99 263              263.115846              107.91                       263Es
  99 264              264.120462              112.21                       264Es
  99 265              265.123908              115.42                       265Es
  99 266              266.129040              120.20                       266Es
  99 267              267.132314              123.25                       267Es
  99 268              268.136974              127.59                       268Es
  99 269              269.140989              131.33                       269Es
  99 270              270.145798              135.81                       270Es
  99 271              271.149641              139.39                       271Es
  99 272              272.154440              143.86                       272Es
  99 273              273.158326              147.48                       273Es
  99 274              274.163340              152.15                       274Es
  99 275              275.167634              156.15                       275Es
  99 276              276.172615              160.79                       276Es
  99 277              277.177017              164.89                       277Es
  99 278              278.182814              170.29                       278Es
  99 279              279.187452              174.61                       279Es
  99 280              280.193217              179.98                       280Es
  99 281              281.198230              184.65                       281Es
  99 282              282.204306              190.31                       282Es
  99 283              283.209695              195.33                       283Es
  99 284              284.216491              201.66                       284Es
  99 285              285.222116              206.90                       285Es
  99 286              286.229202              213.50                       286Es
  99 287              287.234269              218.22                       287Es
  99 288              288.240732              224.24                       288Es
  99 289              289.246056              229.20                       289Es
  99 290              290.252691              235.38                       290Es
  99 291              291.258230              240.54                       291Es
  99 292              292.265037              246.88                       292Es
  99 293              293.270791              252.24                       293Es
  99 294              294.277790              258.76                       294Es
  99 295              295.283706              264.27                       295Es
  99 296              296.290770              270.85                       296Es
  99 297              297.296846              276.51                       297Es
  99 298              298.303996              283.17                       298Es
  99 299              299.310201              288.95                       299Es
  99 300              300.317511              295.76                       300Es
  99 301              301.323953              301.76                       301Es
  99 302              302.331500              308.79                       302Es
  99 303              303.338209              315.04                       303Es
  99 304              304.346046              322.34                       304Es
  99 305              305.352981              328.80                       305Es
  99 306              306.361044              336.31                       306Es
  99 307              307.368097              342.88                       307Es
  99 308              308.376063              350.30                       308Es
  99 309              309.383277              357.02                       309Es
  99 310              310.391522              364.70                       310Es
  99 311              311.399015              371.68                       311Es
  99 312              312.407539              379.62                       312Es
  99 313              313.415022              386.59                       313Es
  99 314              314.423803              394.77                       314Es
  99 315              315.431511              401.95                       315Es
  99 316              316.440035              409.89                       316Es
  99 317              317.448022              417.33                       317Es
  99 318              318.456697              425.41                       318Es
  99 319              319.464490              432.67                       319Es
  99 320              320.473508              441.07                       320Es
  99 321              321.481817              448.81                       321Es
  99 322              322.491082              457.44                       322Es
  99 323              323.499563              465.34                       323Es
  99 324              324.509010              474.14                       324Es
  99 325              325.517652              482.19                       325Es
  99 326              326.530245              493.92                       326Es
  99 327              327.537792              500.95                       327Es
  99 328              328.547132              509.65                       328Es
