 102 232              232.099872               93.03       94.46           232No
 102 233              233.098369               91.63       90.32           233No
 102 234              234.095674               89.12       89.98           234No
 102 235              235.094976               88.47       89.03           235No
 102 236              236.092561               86.22       87.06           236No
 102 237              237.092207               85.89       86.55           237No
 102 238              238.090156               83.98       84.77           238No
 102 239              239.090210               84.03       84.50           239No
 102 240              240.088342               82.29       83.05           240No
 102 241              241.088492               82.43       82.70           241No
 102 242              242.086936               80.98       81.53           242No
 102 243              243.087354               81.37       81.38           243No
 102 244              244.086023               80.13       80.98           244No
 102 245              245.086699               80.76       80.90           245No
 102 246              246.085830               79.95       80.41           246No
 102 247              247.086807               80.86       81.30           247No
 102 248              248.085969               80.08       80.91           248No
 102 249  249.087823  249.087183   81.807004   81.21       81.89           249No
 102 250  250.087493  250.086882   81.499004   80.93       81.77           250No
 102 251  251.088960  251.088353   82.866004   82.30       83.19           251No
 102 252  252.088965  252.088245   82.871202   82.20       83.26           252No
 102 253  253.090649  253.090006   84.439004   83.84       85.00           253No
 102 254  254.090948  254.090231   84.718202   84.05       85.49           254No
 102 255  255.093232  255.092915   86.845458   86.55       87.53           255No
 102 256  256.094275  256.093849   87.817406   87.42       88.29           256No
 102 257  257.096852  257.096651   90.217772   90.03       90.62           257No
 102 258  258.098200  258.098165   91.473004   91.44       91.92           258No
 102 259  259.101024  259.100967   94.103004   94.05       94.23           259No
 102 260  260.102636  260.102330   95.605005   95.32       95.77           260No
 102 261  261.105743  261.105390   98.499005   98.17       98.61           261No
 102 262  262.107520  262.106839  100.154005   99.52      100.30           262No
 102 263              263.109985              102.45      103.25           263No
 102 264              264.111692              104.04      105.18           264No
 102 265              265.115352              107.45      108.73           265No
 102 266              266.117811              109.74      110.76           266No
 102 267              267.122105              113.74      114.62           267No
 102 268              268.124757              116.21      116.98           268No
 102 269              269.129201              120.35      120.66           269No
 102 270              270.132261              123.20      123.43           270No
 102 271              271.136533              127.18      127.52           271No
 102 272              272.139475              129.92      130.47           272No
 102 273              273.144295              134.41      134.29           273No
 102 274              274.147226              137.14      137.05           274No
 102 275              275.151788              141.39      140.62           275No
 102 276              276.154945              144.33      143.64           276No
 102 277              277.159593              148.66      147.65           277No
 102 278              278.163189              152.01      150.80           278No
 102 279              279.168181              156.66      155.04           279No
 102 280              280.171864              160.09      158.48           280No
 102 281              281.177156              165.02      162.87           281No
 102 282              282.181096              168.69      166.41           282No
 102 283              283.186593              173.81      171.07           283No
 102 284              284.190908              177.83      174.60           284No
 102 285              285.196695              183.22      179.54           285No
 102 286              286.201418              187.62      183.28           286No
 102 287              287.207785              193.55      189.73           287No
 102 288              288.212734              198.16      193.70           288No
 102 289              289.219239              204.22      198.91           289No
 102 290              290.226153              210.66      203.78           290No
 102 291              291.230479              214.69      208.65           291No
 102 292              292.235085              218.98      213.56           292No
 102 293              293.241344              224.81      218.66           293No
 102 294              294.246185              229.32      223.53           294No
 102 295              295.252626              235.32      228.62           295No
 102 296              296.257704              240.05      233.75           296No
 102 297              297.264328              246.22      239.20           297No
 102 298              298.269546              251.08      244.25           298No
 102 299              299.276212              257.29      249.36           299No
 102 300              300.281548              262.26      255.03           300No
 102 301              301.288311              268.56      260.33           301No
 102 302              302.293765              273.64      265.99           302No
 102 303              303.300711              280.11      271.90           303No
 102 304              304.306497              285.50      277.31           304No
 102 305              305.313776              292.28      282.82           305No
 102 306              306.319863              297.95      288.70           306No
 102 307              307.327624              305.18      294.53           307No
 102 308              308.334108              311.22      300.66           308No
 102 309              309.341849              318.43      306.52           309No
 102 310              310.348354              324.49      312.67           310No
 102 311              311.356234              331.83      318.97           311No
 102 312              312.362826              337.97      325.21           312No
 102 313              313.370759              345.36      331.79           313No
 102 314              314.377405              351.55      337.96           314No
 102 315              315.385392              358.99      344.43           315No
 102 316              316.392112              365.25      351.22           316No
 102 317              317.400357              372.93      357.95           317No
 102 318              318.407281              379.38      364.34           318No
 102 319              319.415451              386.99      371.59           319No
 102 320              320.422408              393.47      378.11           320No
 102 321              321.430964              401.44      385.28           321No
 102 322              322.437845              407.85      392.19           322No
 102 323              323.446702              416.10      399.40           323No
 102 324              324.454152              423.04      406.27           324No
 102 325              325.463106              431.38      413.84           325No
 102 326              326.470964              438.70      421.16           326No
 102 327              327.480035              447.15      428.67           327No
 102 328              328.488023              454.59      435.90           328No
 102 329              329.500207              465.94      443.50           329No
 102 330              330.507207              472.46      451.06           330No
 102 331              331.516310              480.94      459.08           331No
 102 332              332.524222              488.31      466.48           332No
 102 333              333.533766              497.20      474.12           333No
 102 334              334.541925              504.80      482.15           334No
 102 335              335.551329              513.56      489.92           335No
 102 336              336.559649              521.31      498.07           336No
 102 337              337.569097              530.11      505.86           337No
 102 338              338.577556              537.99      514.02           338No
