 103 235              235.105819               98.57                       235Lr
 103 236              236.104714               97.54                       236Lr
 103 237              237.102244               95.24                       237Lr
 103 238              238.101493               94.54                       238Lr
 103 239              239.099357               92.55                       239Lr
 103 240              240.098906               92.13                       240Lr
 103 241              241.097134               90.48                       241Lr
 103 242              242.096973               90.33                       242Lr
 103 243              243.095406               88.87                       243Lr
 103 244              244.095395               88.86                       244Lr
 103 245              245.094064               87.62                       245Lr
 103 246              246.094354               87.89                       246Lr
 103 247              247.093409               87.01                       247Lr
 103 248              248.093989               87.55                       248Lr
 103 249              249.093119               86.74                       249Lr
 103 250              250.093892               87.46                       250Lr
 103 251  251.094360  251.093495   87.896004   87.09                       251Lr
 103 252  252.095330  252.094569   88.799004   88.09                       252Lr
 103 253  253.095258  253.094354   88.732004   87.89                       253Lr
 103 254  254.096587  254.095706   89.971004   89.15                       254Lr
 103 255  255.096769  255.095868   90.140004   89.30                       255Lr
 103 256  256.098763  256.098143   91.997004   91.42                       256Lr
 103 257  257.099606  257.098981   92.782004   92.20                       257Lr
 103 258  258.101883  258.101364   94.903005   94.42                       258Lr
 103 259  259.102990  259.102749   95.935005   95.71                       259Lr
 103 260  260.105572  260.105164   98.340005   97.96                       260Lr
 103 261  261.106941  261.106453   99.615005   99.16                       261Lr
 103 262  262.109692  262.109115  102.177005  101.64                       262Lr
 103 263  263.111394  263.110478  103.762005  102.91                       263Lr
 103 264              264.113270              105.51                       264Lr
 103 265              265.114912              107.04                       265Lr
 103 266              266.118144              110.05                       266Lr
 103 267              267.120581              112.32                       267Lr
 103 268              268.124520              115.99                       268Lr
 103 269              269.127215              118.50                       269Lr
 103 270              270.131391              122.39                       270Lr
 103 271              271.134451              125.24                       271Lr
 103 272              272.138337              128.86                       272Lr
 103 273              273.141214              131.54                       273Lr
 103 274              274.145594              135.62                       274Lr
 103 275              275.148557              138.38                       275Lr
 103 276              276.152980              142.50                       276Lr
 103 277              277.156126              145.43                       277Lr
 103 278              278.160441              149.45                       278Lr
 103 279              279.164027              152.79                       279Lr
 103 280              280.168783              157.22                       280Lr
 103 281              281.172433              160.62                       281Lr
 103 282              282.177403              165.25                       282Lr
 103 283              283.181343              168.92                       283Lr
 103 284              284.186507              173.73                       284Lr
 103 285              285.190833              177.76                       285Lr
 103 286              286.196287              182.84                       286Lr
 103 287              287.200892              187.13                       287Lr
 103 288              288.206904              192.73                       288Lr
 103 289              289.211821              197.31                       289Lr
 103 290              290.219722              204.67                       290Lr
 103 291              291.225047              209.63                       291Lr
 103 292              292.229041              213.35                       292Lr
 103 293              293.233603              217.60                       293Lr
 103 294              294.239518              223.11                       294Lr
 103 295              295.244360              227.62                       295Lr
 103 296              296.250490              233.33                       296Lr
 103 297              297.255557              238.05                       297Lr
 103 298              298.261784              243.85                       298Lr
 103 299              299.266980              248.69                       299Lr
 103 300              300.273389              254.66                       300Lr
 103 301              301.278585              259.50                       301Lr
 103 302              302.285080              265.55                       302Lr
 103 303              303.290426              270.53                       303Lr
 103 304              304.297060              276.71                       304Lr
 103 305              305.302740              282.00                       305Lr
 103 306              306.309707              288.49                       306Lr
 103 307              307.315869              294.23                       307Lr
 103 308              308.323287              301.14                       308Lr
 103 309              309.329610              307.03                       309Lr
 103 310              310.337093              314.00                       310Lr
 103 311              311.343523              319.99                       311Lr
 103 312              312.351167              327.11                       312Lr
 103 313              313.357662              333.16                       313Lr
 103 314              314.365392              340.36                       314Lr
 103 315              315.372112              346.62                       315Lr
 103 316              316.379841              353.82                       316Lr
 103 317              317.386519              360.04                       317Lr
 103 318              318.394442              367.42                       318Lr
 103 319              319.401312              373.82                       319Lr
 103 320              320.409149              381.12                       320Lr
 103 321              321.416084              387.58                       321Lr
 103 322              322.424039              394.99                       322Lr
 103 323              323.431221              401.68                       323Lr
 103 324              324.439520              409.41                       324Lr
 103 325              325.447174              416.54                       325Lr
 103 326              326.455752              424.53                       326Lr
 103 327              327.463610              431.85                       327Lr
 103 328              328.472370              440.01                       328Lr
 103 329              329.480357              447.45                       329Lr
 103 330              330.492349              458.62                       330Lr
 103 331              331.499370              465.16                       331Lr
 103 332              332.508162              473.35                       332Lr
 103 333              333.516096              480.74                       333Lr
 103 334              334.525317              489.33                       334Lr
 103 335              335.533498              496.95                       335Lr
 103 336              336.542677              505.50                       336Lr
 103 337              337.550868              513.13                       337Lr
 103 338              338.560068              521.70                       338Lr
 103 339              339.568538              529.59                       339Lr
