 105 241              241.117306              109.27                       241Db
 105 242              242.116383              108.41                       242Db
 105 243              243.114279              106.45                       243Db
 105 244              244.113742              105.95                       244Db
 105 245              245.111735              104.08                       245Db
 105 246              246.111327              103.70                       246Db
 105 247              247.109566              102.06                       247Db
 105 248              248.109405              101.91                       248Db
 105 249              249.107999              100.60                       249Db
 105 250              250.108127              100.72                       250Db
 105 251              251.106818               99.50                       251Db
 105 252              252.107140               99.80                       252Db
 105 253              253.106216               98.94                       253Db
 105 254              254.106861               99.54                       254Db
 105 255  255.107398  255.106098  100.041005   98.83                       255Db
 105 256  256.108110  256.106871  100.704005   99.55                       256Db
 105 257  257.107858  257.106710  100.469005   99.40                       257Db
 105 258  258.109438  258.108396  101.941005  100.97                       258Db
 105 259  259.109721  259.108793  102.205005  101.34                       259Db
 105 260  260.111427  260.110650  103.794005  103.07                       260Db
 105 261  261.112106  261.111488  104.426005  103.85                       261Db
 105 262  262.114153  262.113431  106.333005  105.66                       262Db
 105 263  263.115078  263.114236  107.194005  106.41                       263Db
 105 264  264.117473  264.116297  109.425005  108.33                       264Db
 105 265  265.118659  265.117188  110.530005  109.16                       265Db
 105 266              266.119614              111.42                       266Db
 105 267              267.120688              112.42                       267Db
 105 268              268.123586              115.12                       268Db
 105 269              269.125648              117.04                       269Db
 105 270              270.129169              120.32                       270Db
 105 271              271.131541              122.53                       271Db
 105 272              272.135320              126.05                       272Db
 105 273              273.138144              128.68                       273Db
 105 274              274.141643              131.94                       274Db
 105 275              275.144134              134.26                       275Db
 105 276              276.148095              137.95                       276Db
 105 277              277.150790              140.46                       277Db
 105 278              278.154623              144.03                       278Db
 105 279              279.157349              146.57                       279Db
 105 280              280.161322              150.27                       280Db
 105 281              281.164531              153.26                       281Db
 105 282              282.169212              157.62                       282Db
 105 283              283.172497              160.68                       283Db
 105 284              284.177006              164.88                       284Db
 105 285              285.180538              168.17                       285Db
 105 286              286.185508              172.80                       286Db
 105 287              287.189438              176.46                       287Db
 105 288              288.194537              181.21                       288Db
 105 289              289.198853              185.23                       289Db
 105 290              290.205348              191.28                       290Db
 105 291              291.209889              195.51                       291Db
 105 292              292.214934              200.21                       292Db
 105 293              293.219744              204.69                       293Db
 105 294              294.225960              210.48                       294Db
 105 295              295.230136              214.37                       295Db
 105 296              296.235697              219.55                       296Db
 105 297              297.240173              223.72                       297Db
 105 298              298.245928              229.08                       298Db
 105 299              299.250597              233.43                       299Db
 105 300              300.256513              238.94                       300Db
 105 301              301.261311              243.41                       301Db
 105 302              302.267280              248.97                       302Db
 105 303              303.272176              253.53                       303Db
 105 304              304.278316              259.25                       304Db
 105 305              305.283319              263.91                       305Db
 105 306              306.289610              269.77                       306Db
 105 307              307.295031              274.82                       307Db
 105 308              308.301741              281.07                       308Db
 105 309              309.307442              286.38                       309Db
 105 310              310.314387              292.85                       310Db
 105 311              311.320421              298.47                       311Db
 105 312              312.327538              305.10                       312Db
 105 313              313.333615              310.76                       313Db
 105 314              314.340797              317.45                       314Db
 105 315              315.346970              323.20                       315Db
 105 316              316.354195              329.93                       316Db
 105 317              317.360614              335.91                       317Db
 105 318              318.367979              342.77                       318Db
 105 319              319.374356              348.71                       319Db
 105 320              320.381870              355.71                       320Db
 105 321              321.388376              361.77                       321Db
 105 322              322.396020              368.89                       322Db
 105 323              323.402901              375.30                       323Db
 105 324              324.410545              382.42                       324Db
 105 325              325.417362              388.77                       325Db
 105 326              326.425338              396.20                       326Db
 105 327              327.432617              402.98                       327Db
 105 328              328.440980              410.77                       328Db
 105 329              329.448387              417.67                       329Db
 105 330              330.456836              425.54                       330Db
 105 331              331.464480              432.66                       331Db
 105 332              332.475741              443.15                       332Db
 105 333              333.482515              449.46                       333Db
 105 334              334.491039              457.40                       334Db
 105 335              335.498726              464.56                       335Db
 105 336              336.507668              472.89                       336Db
 105 337              337.515623              480.30                       337Db
 105 338              338.524448              488.52                       338Db
 105 339              339.532499              496.02                       339Db
