 106 244              244.122363              113.98                       244Sg
 106 245              245.122019              113.66                       245Sg
 106 246              246.119636              111.44                       246Sg
 106 247              247.119174              111.01                       247Sg
 106 248              248.117038              109.02                       248Sg
 106 249              249.116877              108.87                       249Sg
 106 250              250.115041              107.16                       250Sg
 106 251              251.115148              107.26                       251Sg
 106 252              252.113409              105.64                       252Sg
 106 253              253.113678              105.89                       253Sg
 106 254              254.112357              104.66                       254Sg
 106 255              255.112851              105.12                       255Sg
 106 256              256.111649              104.00                       256Sg
 106 257              257.112497              104.79                       257Sg
 106 258  258.113151  258.111938  105.399005  104.27                       258Sg
 106 259  259.114652  259.113441  106.798005  105.67                       259Sg
 106 260  260.114435  260.113506  106.595921  105.73                       260Sg
 106 261  261.116199  261.115331  108.238005  107.43                       261Sg
 106 262  262.116477  262.115760  108.498005  107.83                       262Sg
 106 263  263.118313  263.117628  110.208005  109.57                       263Sg
 106 264  264.118924  264.118025  110.777005  109.94                       264Sg
 106 265  265.121066  265.120001  112.772005  111.78                       265Sg
 106 266  266.121928  266.120495  113.575005  112.24                       266Sg
 106 267              267.122760              114.35                       267Sg
 106 268              268.123554              115.09                       268Sg
 106 269              269.126399              117.74                       269Sg
 106 270              270.128031              119.26                       270Sg
 106 271              271.131552              122.54                       271Sg
 106 272              272.133581              124.43                       272Sg
 106 273              273.137360              127.95                       273Sg
 106 274              274.139765              130.19                       274Sg
 106 275              275.143243              133.43                       275Sg
 106 276              276.145444              135.48                       276Sg
 106 277              277.149545              139.30                       277Sg
 106 278              278.151627              141.24                       278Sg
 106 279              279.155256              144.62                       279Sg
 106 280              280.157586              146.79                       280Sg
 106 281              281.161483              150.42                       281Sg
 106 282              282.164360              153.10                       282Sg
 106 283              283.169040              157.46                       283Sg
 106 284              284.171874              160.10                       284Sg
 106 285              285.176351              164.27                       285Sg
 106 286              286.179690              167.38                       286Sg
 106 287              287.184435              171.80                       287Sg
 106 288              288.188042              175.16                       288Sg
 106 289              289.193120              179.89                       289Sg
 106 290              290.197189              183.68                       290Sg
 106 291              291.203608              189.66                       291Sg
 106 292              292.207334              193.13                       292Sg
 106 293              293.213195              198.59                       293Sg
 106 294              294.217726              202.81                       294Sg
 106 295              295.223619              208.30                       295Sg
 106 296              296.228193              212.56                       296Sg
 106 297              297.233797              217.78                       297Sg
 106 298              298.237887              221.59                       298Sg
 106 299              299.243630              226.94                       299Sg
 106 300              300.247967              230.98                       300Sg
 106 301              301.253840              236.45                       301Sg
 106 302              302.258284              240.59                       302Sg
 106 303              303.264253              246.15                       303Sg
 106 304              304.268805              250.39                       304Sg
 106 305              305.274881              256.05                       305Sg
 106 306              306.279551              260.40                       306Sg
 106 307              307.285885              266.30                       307Sg
 106 308              308.290888              270.96                       308Sg
 106 309              309.297608              277.22                       309Sg
 106 310              310.302965              282.21                       310Sg
 106 311              311.309932              288.70                       311Sg
 106 312              312.315579              293.96                       312Sg
 106 313              313.322654              300.55                       313Sg
 106 314              314.328408              305.91                       314Sg
 106 315              315.335504              312.52                       315Sg
 106 316              316.341323              317.94                       316Sg
 106 317              317.348548              324.67                       317Sg
 106 318              318.354452              330.17                       318Sg
 106 319              319.361870              337.08                       319Sg
 106 320              320.368118              342.90                       320Sg
 106 321              321.375794              350.05                       321Sg
 106 322              322.382117              355.94                       322Sg
 106 323              323.390029              363.31                       323Sg
 106 324              324.396106              368.97                       324Sg
 106 325              325.403663              376.01                       325Sg
 106 326              326.410319              382.21                       326Sg
 106 327              327.418296              389.64                       327Sg
 106 328              328.425403              396.26                       328Sg
 106 329              329.433562              403.86                       329Sg
 106 330              330.440722              410.53                       330Sg
 106 331              331.449160              418.39                       331Sg
 106 332              332.459434              427.96                       332Sg
 106 333              333.467121              435.12                       333Sg
 106 334              334.473487              441.05                       334Sg
 106 335              335.482086              449.06                       335Sg
 106 336              336.489483              455.95                       336Sg
 106 337              337.498350              464.21                       337Sg
 106 338              338.506187              471.51                       338Sg
 106 339              339.515108              479.82                       339Sg
