 107 247              247.129480              120.61                       247Bh
 107 248              248.128890              120.06                       248Bh
 107 249              249.126689              118.01                       249Bh
 107 250              250.126141              117.50                       250Bh
 107 251              251.124112              115.61                       251Bh
 107 252              252.123801              115.32                       252Bh
 107 253              253.122159              113.79                       253Bh
 107 254              254.122051              113.69                       254Bh
 107 255              255.120602              112.34                       255Bh
 107 256              256.120784              112.51                       256Bh
 107 257              257.119571              111.38                       257Bh
 107 258              258.119990              111.77                       258Bh
 107 259              259.119303              111.13                       259Bh
 107 260  260.121803  260.120495  113.459005  112.24                       260Bh
 107 261  261.121800  261.120398  113.456005  112.15                       261Bh
 107 262  262.123009  262.121794  114.582005  113.45                       262Bh
 107 263  263.123146  263.122041  114.710005  113.68                       263Bh
 107 264  264.124730  264.123608  116.186006  115.14                       264Bh
 107 265  265.125198  265.123919  116.621006  115.43                       265Bh
 107 266  266.127009  266.125497  118.308006  116.90                       266Bh
 107 267  267.127740  267.125927  118.989006  117.30                       267Bh
 107 268              268.127795              119.04                       268Bh
 107 269              269.128514              119.71                       269Bh
 107 270              270.131005              122.03                       270Bh
 107 271              271.132583              123.50                       271Bh
 107 272              272.135728              126.43                       272Bh
 107 273              273.137736              128.30                       273Bh
 107 274              274.141117              131.45                       274Bh
 107 275              275.143597              133.76                       275Bh
 107 276              276.146732              136.68                       276Bh
 107 277              277.148825              138.63                       277Bh
 107 278              278.152658              142.20                       278Bh
 107 279              279.154719              144.12                       279Bh
 107 280              280.157994              147.17                       280Bh
 107 281              281.160323              149.34                       281Bh
 107 282              282.163855              152.63                       282Bh
 107 283              283.166732              155.31                       283Bh
 107 284              284.170855              159.15                       284Bh
 107 285              285.173957              162.04                       285Bh
 107 286              286.178047              165.85                       286Bh
 107 287              287.181397              168.97                       287Bh
 107 288              288.185788              173.06                       288Bh
 107 289              289.189362              176.39                       289Bh
 107 290              290.194118              180.82                       290Bh
 107 291              291.198166              184.59                       291Bh
 107 292              292.203748              189.79                       292Bh
 107 293              293.208010              193.76                       293Bh
 107 294              294.213560              198.93                       294Bh
 107 295              295.218091              203.15                       295Bh
 107 296              296.223673              208.35                       296Bh
 107 297              297.228579              212.92                       297Bh
 107 298              298.233775              217.76                       298Bh
 107 299              299.237876              221.58                       299Bh
 107 300              300.243276              226.61                       300Bh
 107 301              301.247624              230.66                       301Bh
 107 302              302.253142              235.80                       302Bh
 107 303              303.257586              239.94                       303Bh
 107 304              304.263212              245.18                       304Bh
 107 305              305.267721              249.38                       305Bh
 107 306              306.273485              254.75                       306Bh
 107 307              307.278166              259.11                       307Bh
 107 308              308.284135              264.67                       308Bh
 107 309              309.289148              269.34                       309Bh
 107 310              310.295558              275.31                       310Bh
 107 311              311.300904              280.29                       311Bh
 107 312              312.307517              286.45                       312Bh
 107 313              313.313153              291.70                       313Bh
 107 314              314.319863              297.95                       314Bh
 107 315              315.325574              303.27                       315Bh
 107 316              316.332326              309.56                       316Bh
 107 317              317.338113              314.95                       317Bh
 107 318              318.344930              321.30                       318Bh
 107 319              319.350877              326.84                       319Bh
 107 320              320.357973              333.45                       320Bh
 107 321              321.364254              339.30                       321Bh
 107 322              322.371704              346.24                       322Bh
 107 323              323.378027              352.13                       323Bh
 107 324              324.385628              359.21                       324Bh
 107 325              325.392015              365.16                       325Bh
 107 326              326.399047              371.71                       326Bh
 107 327              327.405671              377.88                       327Bh
 107 328              328.413304              384.99                       328Bh
 107 329              329.420325              391.53                       329Bh
 107 330              330.428205              398.87                       330Bh
 107 331              331.435279              405.46                       331Bh
 107 332              332.443363              412.99                       332Bh
 107 333              333.453315              422.26                       333Bh
 107 334              334.460701              429.14                       334Bh
 107 335              335.467045              435.05                       335Bh
 107 336              336.475365              442.80                       336Bh
 107 337              337.482784              449.71                       337Bh
 107 338              338.491372              457.71                       338Bh
 107 339              339.499295              465.09                       339Bh
