 109 253              253.142416              132.66      133.27           253Mt
 109 254              254.141697              131.99      132.55           254Mt
 109 255              255.139614              130.05      130.93           255Mt
 109 256              256.139142              129.61      130.36           256Mt
 109 257              257.137145              127.75      129.13           257Mt
 109 258              258.136931              127.55      128.91           258Mt
 109 259              259.135277              126.01      127.76           259Mt
 109 260              260.135310              126.04      128.10           260Mt
 109 261              261.134215              125.02      127.23           261Mt
 109 262              262.135073              125.82      127.47           262Mt
 109 263              263.134440              125.23      127.02           263Mt
 109 264              264.135299              126.03      127.46           264Mt
 109 265  265.136151  265.134966  126.824000  125.72      127.60           265Mt
 109 266  266.137299  266.135964  127.893000  126.65      128.54           266Mt
 109 267  267.137307  267.135900  127.901000  126.59      128.71           267Mt
 109 268  268.138728  268.136984  129.224000  127.60      129.82           268Mt
 109 269  269.139055  269.136855  129.529000  127.48      130.27           269Mt
 109 270  270.140657  270.138326  131.021000  128.85      131.77           270Mt
 109 271  271.141139  271.138519  131.470000  129.03      132.20           271Mt
 109 272  272.143738  272.140516  133.891000  130.89      134.16           272Mt
 109 273  273.144913  273.141665  134.986000  131.96      135.19           273Mt
 109 274  274.147492  274.144402  137.388000  134.51      137.23           274Mt
 109 275  275.148647  275.145991  138.463000  135.99      138.66           275Mt
 109 276  276.151156  276.148986  140.801000  138.78      141.03           276Mt
 109 277  277.152420  277.150908  141.978000  140.57      142.90           277Mt
 109 278  278.154812  278.153785  144.207000  143.25      145.26           278Mt
 109 279  279.156193  279.155793  145.493000  145.12      147.25           279Mt
 109 280              280.158401              147.55      150.09           280Mt
 109 281              281.160108              149.14      151.99           281Mt
 109 282              282.163018              151.85      154.79           282Mt
 109 283              283.164929              153.63      156.56           283Mt
 109 284              284.168117              156.60      159.21           284Mt
 109 285              285.170629              158.94      161.46           285Mt
 109 286              286.174365              162.42      164.58           286Mt
 109 287              287.176974              164.85      167.00           287Mt
 109 288              288.180549              168.18      170.35           288Mt
 109 289              289.183522              170.95      172.64           289Mt
 109 290              290.187527              174.68      176.35           290Mt
 109 291              291.190833              177.76      178.84           291Mt
 109 292              292.195256              181.88      182.16           292Mt
 109 293              293.198971              185.34      185.20           293Mt
 109 294              294.204499              190.49      189.07           294Mt
 109 295              295.208472              194.19      192.58           295Mt
 109 296              296.213893              199.24      196.53           296Mt
 109 297              297.218155              203.21      200.21           297Mt
 109 298              298.224875              209.47      203.89           298Mt
 109 299              299.227881              212.27      207.29           299Mt
 109 300              300.233313              217.33      211.33           300Mt
 109 301              301.237361              221.10      214.97           301Mt
 109 302              302.242449              225.84      219.55           302Mt
 109 303              303.246400              229.52      223.62           303Mt
 109 304              304.251596              234.36      228.00           304Mt
 109 305              305.255718              238.20      231.72           305Mt
 109 306              306.261054              243.17      236.18           306Mt
 109 307              307.265251              247.08      240.78           307Mt
 109 308              308.270694              252.15      245.11           308Mt
 109 309              309.275128              256.28      249.82           309Mt
 109 310              310.280678              261.45      253.92           310Mt
 109 311              311.285509              265.95      259.16           311Mt
 109 312              312.291585              271.61      263.28           312Mt
 109 313              313.296620              276.30      268.96           313Mt
 109 314              314.302879              282.13      272.96           314Mt
 109 315              315.308161              287.05      278.65           315Mt
 109 316              316.314516              292.97      283.32           316Mt
 109 317              317.319884              297.97      288.83           317Mt
 109 318              318.326261              303.91      293.54           318Mt
 109 319              319.331693              308.97      299.00           319Mt
 109 320              320.338199              315.03      304.09           320Mt
 109 321              321.343824              320.27      309.85           321Mt
 109 322              322.350609              326.59      314.72           322Mt
 109 323              323.356621              332.19      320.69           323Mt
 109 324              324.363738              338.82      325.92           324Mt
 109 325              325.369804              344.47      331.82           325Mt
 109 326              326.376857              351.04      337.46           326Mt
 109 327              327.383041              356.80      343.30           327Mt
 109 328              328.392831              365.92      349.37           328Mt
 109 329              329.399176              371.83      355.40           329Mt
 109 330              330.406680              378.82      361.24           330Mt
 109 331              331.412907              384.62      367.21           331Mt
 109 332              332.420271              391.48      373.50           332Mt
 109 333              333.426648              397.42      380.02           333Mt
 109 334              334.434184              404.44      385.89           334Mt
 109 335              335.440067              409.92      392.53           335Mt
 109 336              336.447131              416.50      398.94           336Mt
 109 337              337.453154              422.11      405.50           337Mt
 109 338              338.461195              429.60      412.66           338Mt
 109 339              339.468377              436.29      419.30           339Mt
