   8  16   15.997188   -2.619000  0.0000  0.0000                     0.0 1  16O 
   8  17   17.001200    1.118000  0.0000  0.0000                     2.5 1  17O 
   8  18   18.001101    1.026000  0.0000  0.0000                     0.0 1  18O 
   8  19   19.003667    3.416000 -0.0700  0.0100                     2.5 1  19O 
   8  20   20.003682    3.430000  0.0700  0.0000                     0.0 1  20O 
   8  21   21.009836    9.162000  0.1300  0.0000                     2.5 1  21O 
   8  22   22.011581   10.788000  0.0700  0.0100                     0.0 1  22O 
   8  23   23.017271   16.088000  0.0500  0.0000                     0.5 1  23O 
   8  24   24.021347   19.885000 -0.0400  0.0000                     0.0 1  24O 
   8  25   25.031622   29.456000 -0.0900  0.0200                     1.5 1  25O 
   8  26   26.037923   35.325000 -0.0600  0.0100                     0.0 1  26O 
   8  27   27.050110   46.677000  0.0700  0.0200                     1.5 1  27O 
   8  28   28.054183   50.471000 -0.0600  0.0200                     0.0 1  28O 
   8  29   29.066208   61.672000  0.2000  0.3000                     1.5-1  29O 
   8  30   30.073530   68.493000  0.1700  0.1900                     0.0 1  30O 
   8  31   31.084443   78.658000  0.1600  0.1500                     1.5-1  31O 
   8  32   32.093334   86.940000  0.2100  0.2300                     0.0 1  32O 
   8  33   33.102841   95.796000  0.1400  0.0900                     0.5-1  33O 
   8  34   34.113861  106.061000 -0.1700  0.1000                     0.0 1  34O 
