   9  17   17.004361    4.062000  0.0000  0.0000                     2.5 1  17F 
   9  18   18.002630    2.450000  0.0000  0.0000                     1.0 1  18F 
   9  19   18.994968   -4.687000  0.2100  0.0900                     0.5 1  19F 
   9  20   19.999339   -0.616000  0.1700  0.0600                     2.0 1  20F 
   9  21   20.997711   -2.132000  0.1900  0.0700                     0.5 1  21F 
   9  22   22.002554    2.379000  0.2000  0.0600                     3.0 1  22F 
   9  23   23.002094    1.951000  0.1900  0.0600                     0.5 1  23F 
   9  24   24.006229    5.802000  0.1600  0.0500                     3.0 1  24F 
   9  25   25.010097    9.405000  0.1300  0.0300                     2.5 1  25F 
   9  26   26.018858   17.566000  0.1500  0.0300                     1.0 1  26F 
   9  27   27.024252   22.591000  0.1500  0.0400                     2.5 1  27F 
   9  28   28.034499   32.136000  0.1300  0.0300                     1.0 1  28F 
   9  29   29.040112   37.364000 -0.1100  0.0200                     2.5 1  29F 
   9  30   30.051460   47.935000  0.1700  0.1300                     1.0-1  30F 
   9  31   31.057587   53.642000  0.1900  0.1000                     0.5 1  31F 
   9  32   32.068510   63.817000  0.1900  0.0600                     2.0-1  32F 
   9  33   33.076316   71.088000  0.1900  0.0600                     0.5 1  33F 
   9  34   34.087190   81.217000  0.2900  0.1000                     0.0-1  34F 
   9  35   35.095937   89.365000  0.2000  0.0400                     0.5 1  35F 
   9  36   36.105150   97.947000  0.1600  0.1100                     3.0-1  36F 
   9  37   37.115898  107.958000 -0.1900  0.0500                     2.5 1  37F 
   9  38   38.127934  119.170000 -0.1300  0.0200                     4.0-1  38F 
