  12  20   20.017941   16.712000  0.0800  0.0100                     0.0 1  20Mg
  12  21   21.009902    9.224000  0.1500  0.0600                     2.5 1  21Mg
  12  22   21.999735   -0.247000  0.2300  0.0600                     0.0 1  22Mg
  12  23   22.994881   -4.768000 -0.2400  0.0700                     1.5 1  23Mg
  12  24   23.984612  -14.334000 -0.2500  0.0700                     0.0 1  24Mg
  12  25   24.986267  -12.792000  0.3800  0.0900                     2.5 1  25Mg
  12  26   25.982898  -15.930000 -0.2700  0.0800                     0.0 1  26Mg
  12  27   26.983628  -15.250000 -0.2200  0.0400                     0.5 1  27Mg
  12  28   27.983025  -15.812000 -0.2000  0.0300                     0.0 1  28Mg
  12  29   28.988660  -10.563000  0.2100  0.0000                     0.5 1  29Mg
  12  30   29.989750   -9.548000  0.1800  0.0100                     0.0 1  30Mg
  12  31   30.997218   -2.591000 -0.1100  0.0000                     1.5 1  31Mg
  12  32   31.999008   -0.924000 -0.0800  0.0000                     0.0 1  32Mg
  12  33   33.006108    5.690000  0.3000  0.1200                     0.5-1  33Mg
  12  34   34.009690    9.026000  0.2400  0.0800                     0.0 1  34Mg
  12  35   35.018151   16.908000  0.3700  0.2000                     1.5-1  35Mg
  12  36   36.022517   20.974000  0.3100  0.1200                     0.0 1  36Mg
  12  37   37.031337   29.190000  0.3800  0.1200                     2.5-1  37Mg
  12  38   38.037029   34.492000  0.3400  0.0700                     0.0 1  38Mg
  12  39   39.046409   43.230000  0.3600  0.0400                     0.5-1  39Mg
  12  40   40.053505   49.840000  0.3400  0.0200                     0.0 1  40Mg
  12  41   41.063634   59.275000  0.1700  0.0100                     0.5 1  41Mg
  12  42   42.070345   65.526000 -0.2700  0.0800                     0.0 1  42Mg
  12  43   43.080535   75.018000 -0.2600  0.0600                     0.5 1  43Mg
  12  44   44.088163   82.123000 -0.2000  0.0200                     0.0 1  44Mg
  12  45   45.098519   91.770000 -0.1000  0.0000                     0.5 1  45Mg
  12  46   46.106433   99.142000 -0.0900  0.0100                     0.0 1  46Mg
