  14  22   22.035717   33.270000  0.1800  0.0400                     0.0 1  22Si
  14  23   23.024847   23.145000  0.1900  0.0700                     0.5 1  23Si
  14  24   24.012190   11.355000  0.2400  0.0400                     0.0 1  24Si
  14  25   25.005232    4.874000 -0.2700  0.0900                     1.5 1  25Si
  14  26   25.992819   -6.689000  0.2600  0.0500                     0.0 1  26Si
  14  27   26.986573  -12.507000 -0.3300  0.1100                     1.5 1  27Si
  14  28   27.977556  -20.906000 -0.3100  0.1100                     0.0 1  28Si
  14  29   28.975850  -22.496000 -0.2500  0.0600                     0.5 1  29Si
  14  30   29.974017  -24.203000 -0.2200  0.0400                     0.0 1  30Si
  14  31   30.976461  -21.926000 -0.2300  0.0300                     1.5 1  31Si
  14  32   31.974897  -23.383000  0.2100  0.0200                     0.0 1  32Si
  14  33   32.978619  -19.916000  0.1600  0.0200                     1.5 1  33Si
  14  34   33.979140  -19.431000  0.0900  0.0100                     0.0 1  34Si
  14  35   34.984791  -14.167000  0.1800  0.0700                     0.5-1  35Si
  14  36   35.985739  -13.284000  0.1600  0.0400                     0.0 1  36Si
  14  37   36.992656   -6.841000 -0.2100  0.0700                     2.5-1  37Si
  14  38   37.994623   -5.009000  0.2600  0.0600                     0.0 1  38Si
  14  39   39.002528    2.355000  0.3300  0.0900                     2.5-1  39Si
  14  40   40.004675    4.355000 -0.2800  0.1200                     0.0 1  40Si
  14  41   41.013613   12.680000  0.3300  0.0200                     0.5-1  41Si
  14  42   42.016674   15.532000 -0.3300  0.1700                     0.0 1  42Si
  14  43   43.024587   22.903000 -0.3000  0.1200                     1.5-1  43Si
  14  44   44.030568   28.474000 -0.2800  0.1000                     0.0 1  44Si
  14  45   45.039714   36.993000 -0.2500  0.0500                     0.5-1  45Si
  14  46   46.046610   43.417000 -0.2300  0.0300                     0.0 1  46Si
  14  47   47.056054   52.214000  0.0900  0.0100                     0.5-1  47Si
  14  48   48.063521   59.169000 -0.1600  0.0100                     0.0 1  48Si
  14  49   49.073448   68.416000 -0.1500  0.0200                     0.5 1  49Si
  14  50   50.082196   76.565000 -0.1800  0.0300                     0.0 1  50Si
  14  58   58.162115  151.009000  0.0000-10.0000                     0.0 1  58Si
