  15  23   23.049559   46.164000 -0.1200  0.0300                     0.5 1  23P 
  15  24   24.035374   32.951000  0.1600  0.0600                     1.0 1  24P 
  15  25   25.021997   20.490000  0.1700  0.0200                     0.5 1  25P 
  15  26   26.013169   12.267000  0.2200  0.0400                     2.0 1  26P 
  15  27   26.999696   -0.283000 -0.2500  0.0600                     0.5 1  27P 
  15  28   27.992584   -6.908000 -0.2600  0.0600                     1.0 1  28P 
  15  29   28.981744  -17.005000 -0.2900  0.0800                     0.5 1  29P 
  15  30   29.976906  -21.512000 -0.2100  0.0400                     1.0 1  30P 
  15  31   30.973226  -24.940000 -0.2400  0.0400                     0.5 1  31P 
  15  32   31.974547  -23.709000 -0.2300  0.0200                     1.0 1  32P 
  15  33   32.972143  -25.949000 -0.2100  0.0200                     0.5 1  33P 
  15  34   33.974473  -23.778000 -0.1500  0.0100                     1.0 1  34P 
  15  35   34.973317  -24.855000 -0.1600  0.0200                     0.5 1  35P 
  15  36   35.978203  -20.304000 -0.1700  0.0300                     4.0-1  36P 
  15  37   36.978433  -20.090000  0.2600  0.0700                     0.5 1  37P 
  15  38   37.984212  -14.706000  0.2400  0.0800                     2.0-1  38P 
  15  39   38.985010  -13.963000  0.2300  0.0400                     0.5 1  39P 
  15  40   39.991452   -7.962000  0.2900  0.0700                     3.0-1  40P 
  15  41   40.993092   -6.435000  0.2700  0.0300                     0.5 1  41P 
  15  42   42.000830    0.773000  0.2800  0.0200                     1.0-1  42P 
  15  43   43.003810    3.549000  0.2500  0.0100                     0.5 1  43P 
  15  44   44.011011   10.257000 -0.2800  0.0900                     2.0-1  44P 
  15  45   45.015730   14.652000 -0.2400  0.0600                     0.5 1  45P 
  15  46   46.024331   22.664000 -0.2100  0.0300                     1.0-1  46P 
  15  47   47.030131   28.067000 -0.2000  0.0200                     0.5 1  47P 
  15  48   48.039308   36.615000  0.0800 -0.0100                     1.0 1  48P 
  15  49   49.045907   42.762000 -0.1100  0.0000                     0.5 1  49P 
  15  50   50.057108   53.196000 -0.1200  0.0000                     1.0 1  50P 
  15  51   51.064015   59.630000  0.1300  0.0300                     0.5 1  51P 
  15  52   52.074499   69.395000 -0.2100  0.0400                     1.0 1  52P 
  15  58   58.131871  122.837000  0.0000-10.0000                     0.0 1  58P 
  15  59   59.141651  131.947000  0.0000-10.0000                     0.5 1  59P 
  15  60   60.151256  140.894000  0.0000-10.0000                     0.0 1  60P 
