  16  24   24.056352   52.492000 -0.1100  0.0500                     0.0 1  24S 
  16  25   25.045077   41.989000 -0.1400  0.0300                     2.5 1  25S 
  16  26   26.029590   27.563000 -0.2000  0.0500                     0.0 1  26S 
  16  27   27.021970   20.465000  0.3500  0.0800                     1.5 1  27S 
  16  28   28.005090    4.741000 -0.2100  0.0400                     0.0 1  28S 
  16  29   28.997554   -2.278000 -0.2500  0.0500                     0.5 1  29S 
  16  30   29.985520  -13.488000 -0.2700  0.0700                     0.0 1  30S 
  16  31   30.978646  -19.891000 -0.2000  0.0200                     0.5 1  31S 
  16  32   31.971215  -26.813000 -0.2000  0.0100                     0.0 1  32S 
  16  33   32.971633  -26.424000 -0.2200  0.0100                     1.5 1  33S 
  16  34   33.968169  -29.650000 -0.1700  0.0000                     0.0 1  34S 
  16  35   34.969347  -28.553000 -0.1600  0.0100                     0.5 1  35S 
  16  36   35.967744  -30.046000 -0.0900  0.0000                     0.0 1  36S 
  16  37   36.971431  -26.612000 -0.1400  0.0100                     3.5-1  37S 
  16  38   37.970414  -27.559000  0.1300  0.0100                     0.0 1  38S 
  16  39   38.975237  -23.067000  0.1900  0.0300                     1.5-1  39S 
  16  40   39.974888  -23.392000  0.2200  0.0300                     0.0 1  40S 
  16  41   40.980071  -18.564000 -0.2000  0.0400                     1.5-1  41S 
  16  42   41.981552  -17.184000  0.3100  0.0300                     0.0 1  42S 
  16  43   42.987475  -11.667000  0.2700 -0.0200                     0.5-1  43S 
  16  44   43.990141   -9.184000 -0.2600  0.0900                     0.0 1  44S 
  16  45   44.996452   -3.305000 -0.2400  0.0600                     1.5-1  45S 
  16  46   46.000530    0.494000 -0.2300  0.0500                     0.0 1  46S 
  16  47   47.008484    7.903000 -0.2100  0.0200                     0.5-1  47S 
  16  48   48.013830   12.883000 -0.2100  0.0200                     0.0 1  48S 
  16  49   49.022447   20.909000  0.1300 -0.0100                     0.5-1  49S 
  16  50   50.028367   26.424000 -0.1700  0.0100                     0.0 1  50S 
  16  51   51.039818   37.090000 -0.1900  0.0100                     2.5-1  51S 
  16  52   52.045174   42.079000 -0.1700  0.0100                     0.0 1  52S 
  16  53   53.056079   52.237000 -0.1400 -0.0100                     2.5-1  53S 
  16  54   54.063254   58.921000 -0.1800  0.0100                     0.0 1  54S 
  16  58   58.101140   94.211000  0.0000-10.0000                     0.0 1  58S 
  16  59   59.111065  103.456000  0.0000-10.0000                     0.5 1  59S 
  16  60   60.120009  111.788000  0.0000-10.0000                     0.0 1  60S 
  16  61   61.129257  120.402000  0.0000-10.0000                     0.5 1  61S 
  16  62   62.139385  129.836000  0.0000-10.0000                     0.0 1  62S 
