  18  27   27.067502   62.878000  0.1700  0.1400                     0.5 1  27Ar
  18  28   28.052284   48.702000  0.1800  0.0500                     0.0 1  28Ar
  18  29   29.041555   38.708000  0.2100  0.0300                     0.5 1  29Ar
  18  30   30.023738   22.112000  0.2400  0.0300                     0.0 1  30Ar
  18  31   31.013214   12.309000 -0.2100  0.0200                     0.5 1  31Ar
  18  32   31.998284   -1.598000  0.2100  0.0200                     0.0 1  32Ar
  18  33   32.990333   -9.005000 -0.2000  0.0100                     0.5 1  33Ar
  18  34   33.980583  -18.087000 -0.2100  0.0100                     0.0 1  34Ar
  18  35   34.976364  -22.017000 -0.1800 -0.0100                     1.5 1  35Ar
  18  36   35.966877  -30.854000  0.2100  0.0200                     0.0 1  36Ar
  18  37   36.965877  -31.785000  0.1800  0.0200                     1.5 1  37Ar
  18  38   37.961483  -35.878000  0.1700  0.0300                     0.0 1  38Ar
  18  39   38.964245  -33.306000 -0.1100  0.0100                     3.5-1  39Ar
  18  40   39.961432  -35.926000  0.0900  0.0000                     0.0 1  40Ar
  18  41   40.964108  -33.433000  0.1100  0.0000                     3.5-1  41Ar
  18  42   41.961481  -35.880000  0.1500  0.0100                     0.0 1  42Ar
  18  43   42.966017  -31.655000  0.2600  0.0600                     2.5-1  43Ar
  18  44   43.964629  -32.948000 -0.1600  0.0200                     0.0 1  44Ar
  18  45   44.968143  -29.675000  0.2100  0.0200                     3.5-1  45Ar
  18  46   45.968898  -28.971000 -0.2000  0.0400                     0.0 1  46Ar
  18  47   46.973512  -24.673000 -0.1900  0.0200                     1.5-1  47Ar
  18  48   47.976481  -21.908000 -0.1900  0.0100                     0.0 1  48Ar
  18  49   48.982654  -16.158000 -0.2100  0.0100                     0.5-1  49Ar
  18  50   49.986712  -12.378000 -0.2000  0.0000                     0.0 1  50Ar
  18  51   50.993886   -5.695000 -0.2200  0.0000                     0.5-1  51Ar
  18  52   51.998862   -1.060000 -0.2100  0.0000                     0.0 1  52Ar
  18  53   53.007182    6.690000 -0.1900  0.0000                     0.5-1  53Ar
  18  54   54.012971   12.082000 -0.1700 -0.0100                     0.0 1  54Ar
  18  55   55.021698   20.212000 -0.2200  0.0100                     0.5 1  55Ar
  18  56   56.028252   26.317000 -0.1500 -0.0100                     0.0 1  56Ar
  18  57   57.037573   34.999000 -0.1900  0.0000                     0.5 1  57Ar
  18  58   58.044282   41.248000  0.1300  0.0300                     0.0 1  58Ar
  18  59   59.054690   50.943000 -0.1500  0.0100                     0.5 1  59Ar
  18  60   60.061382   57.177000  0.1500  0.0300                     0.0 1  60Ar
  18  61   61.072312   67.358000  0.1600  0.0400                     0.5 1  61Ar
  18  62   62.079027   73.613000  0.1800  0.0400                     0.0 1  62Ar
  18  63   63.090522   84.321000  0.2300  0.0700                     0.5 1  63Ar
  18  64   64.097239   90.578000  0.2100  0.0600                     0.0 1  64Ar
  18  65   65.107833  100.446000  0.2100  0.0800                     0.5 1  65Ar
  18  66   66.116326  108.357000 -0.2300  0.0700                     0.0 1  66Ar
  18  74   74.194179  180.877000  0.0000-10.0000                     0.0 1  74Ar
