  19  29   29.067417   62.799000  0.1200  0.0200                     0.5 1  29K 
  19  30   30.054481   50.749000  0.1600  0.0300                     1.0 1  30K 
  19  31   31.037766   35.179000 -0.1300  0.0100                     0.5 1  31K 
  19  32   32.025267   23.536000  0.1600  0.0100                     1.0 1  32K 
  19  33   33.010258    9.555000 -0.2700  0.0600                     3.5-1  33K 
  19  34   33.999466   -0.497000 -0.1600  0.0100                     1.0 1  34K 
  19  35   34.989324   -9.945000  0.2000  0.0200                     0.5 1  35K 
  19  36   35.983955  -14.946000 -0.2700  0.0300                     3.0 1  36K 
  19  37   36.972566  -25.555000  0.1900  0.0300                     1.5 1  37K 
  19  38   37.970016  -27.930000 -0.0800  0.0000                     3.0 1  38K 
  19  39   38.962935  -34.526000  0.1700  0.0400                     1.5 1  39K 
  19  40   39.964424  -33.139000  0.1000  0.0300                     2.0-1  40K 
  19  41   40.961145  -36.193000 -0.0800  0.0000                     1.5 1  41K 
  19  42   41.962388  -35.035000 -0.0700 -0.0100                     2.0-1  42K 
  19  43   42.959699  -37.540000 -0.0800  0.0000                     1.5 1  43K 
  19  44   43.961589  -35.780000 -0.0900  0.0000                     2.0-1  44K 
  19  45   44.960061  -37.203000 -0.1000  0.0100                     1.5 1  45K 
  19  46   45.962939  -34.522000 -0.1200  0.0100                     0.0-1  46K 
  19  47   46.962333  -35.087000 -0.1100  0.0100                     1.5 1  47K 
  19  48   47.965644  -32.002000 -0.1200  0.0100                     0.0-1  48K 
  19  49   48.968164  -29.655000 -0.1200  0.0000                     1.5 1  49K 
  19  50   49.973077  -25.079000 -0.1100  0.0000                     0.0-1  50K 
  19  51   50.976351  -22.029000 -0.1000  0.0000                     1.5 1  51K 
  19  52   51.982495  -16.306000 -0.0900 -0.0100                     2.0-1  52K 
  19  53   52.986944  -12.162000 -0.0900  0.0000                     1.5 1  53K 
  19  54   53.994713   -4.925000 -0.1100 -0.0100                     4.0-1  54K 
  19  55   54.999196   -0.749000 -0.1000 -0.0100                     1.5 1  55K 
  19  56   56.007491    6.978000 -0.1000 -0.0100                     4.0-1  56K 
  19  57   57.012774   11.899000 -0.1000  0.0000                     0.5 1  57K 
  19  58   58.021547   20.071000 -0.0800  0.0000                     1.0 1  58K 
  19  59   59.027660   25.765000 -0.0800  0.0000                     0.5 1  59K 
  19  60   60.037906   35.309000 -0.1000  0.0100                     1.0 1  60K 
  19  61   61.043686   40.693000 -0.0900  0.0100                     0.5 1  61K 
  19  62   62.052129   48.558000 -0.0900  0.0000                     1.0 1  62K 
  19  63   63.060041   55.928000 -0.1000  0.0100                     0.5 1  63K 
  19  64   64.068794   64.081000 -0.1100  0.0300                     1.0 1  64K 
  19  65   65.077443   72.138000 -0.1100  0.0200                     0.5 1  65K 
  19  66   66.086251   80.342000 -0.1400  0.0400                     1.0 1  66K 
  19  67   67.095368   88.835000 -0.1100  0.0200                     0.5 1  67K 
  19  68   68.104617   97.450000 -0.1300  0.0300                     1.0 1  68K 
  19  74   74.173821  161.913000  0.0000-10.0000                     0.0 1  74K 
  19  75   75.182180  169.700000  0.0000-10.0000                     0.5 1  75K 
  19  76   76.192678  179.478000  0.0000-10.0000                     0.0 1  76K 
