  20  31   31.065277   60.805000  0.2100  0.0700                     0.5 1  31Ca
  20  32   32.045629   42.503000 -0.1700  0.0300                     0.0 1  32Ca
  20  33   33.033259   30.981000  0.2000  0.0400                     0.5 1  33Ca
  20  34   34.016328   15.209000  0.1900  0.0400                     0.0 1  34Ca
  20  35   35.005634    5.248000 -0.1800  0.0200                     0.5 1  35Ca
  20  36   35.993763   -5.810000 -0.1900  0.0100                     0.0 1  36Ca
  20  37   36.987549  -11.598000  0.2300  0.0300                     0.5 1  37Ca
  20  38   37.975446  -22.872000  0.1700  0.0200                     0.0 1  38Ca
  20  39   38.970790  -27.209000  0.1400  0.0200                     1.5 1  39Ca
  20  40   39.962513  -34.919000  0.0300  0.0000                     0.0 1  40Ca
  20  41   40.962018  -35.380000 -0.0500  0.0200                     3.5-1  41Ca
  20  42   41.957331  -39.746000  0.0400  0.0000                     0.0 1  42Ca
  20  43   42.958473  -38.682000  0.0700  0.0100                     3.5-1  43Ca
  20  44   43.954466  -42.415000  0.0600  0.0000                     0.0 1  44Ca
  20  45   44.955939  -41.043000  0.1200  0.0200                     3.5-1  45Ca
  20  46   45.953402  -43.406000 -0.0500  0.0000                     0.0 1  46Ca
  20  47   46.955192  -41.738000  0.1100  0.0100                     3.5-1  47Ca
  20  48   47.953190  -43.603000  0.1200  0.0200                     0.0 1  48Ca
  20  49   48.957230  -39.840000 -0.1100  0.0100                     1.5-1  49Ca
  20  50   49.957916  -39.201000 -0.1100  0.0100                     0.0 1  50Ca
  20  51   50.963198  -34.281000 -0.0800  0.0100                     1.5-1  51Ca
  20  52   51.964598  -32.977000  0.1100  0.0100                     0.0 1  52Ca
  20  53   52.971710  -26.352000  0.0000  0.0000                     0.5-1  53Ca
  20  54   53.975599  -22.729000  0.0000  0.0000                     0.0 1  54Ca
  20  55   54.981538  -17.197000 -0.0500  0.0000                     2.5-1  55Ca
  20  56   55.986438  -12.633000  0.0000  0.0000                     0.0 1  56Ca
  20  57   56.993634   -5.930000  0.0000  0.0000                     2.5-1  57Ca
  20  58   57.998426   -1.466000  0.0000  0.0000                     0.0 1  58Ca
  20  59   59.005622    5.237000 -0.0400  0.0000                     0.5 1  59Ca
  20  60   60.011556   10.764000  0.0000  0.0000                     0.0 1  60Ca
  20  61   61.019445   18.113000 -0.0500  0.0100                     0.5 1  61Ca
  20  62   62.026111   24.322000  0.0000  0.0000                     0.0 1  62Ca
  20  63   63.034804   32.420000  0.0400  0.0000                     0.5 1  63Ca
  20  64   64.040521   37.745000  0.0400  0.0000                     0.0 1  64Ca
  20  65   65.051173   47.667000  0.0000  0.0000                     0.5 1  65Ca
  20  66   66.056771   52.882000  0.0500  0.0100                     0.0 1  66Ca
  20  67   67.066727   62.156000  0.0700  0.0200                     0.5 1  67Ca
  20  68   68.073449   68.417000  0.0700  0.0200                     0.0 1  68Ca
  20  69   69.083765   78.027000  0.0800  0.0100                     0.5 1  69Ca
  20  70   70.090765   84.547000  0.0800  0.0300                     0.0 1  70Ca
  20  74   74.126955  118.258000  0.0000-10.0000                     0.0 1  74Ca
  20  75   75.136731  127.364000  0.0000-10.0000                     0.5 1  75Ca
  20  76   76.145267  135.315000  0.0000-10.0000                     0.0 1  76Ca
  20  77   77.155831  145.156000  0.0000-10.0000                     0.5 1  77Ca
  20  78   78.165696  154.345000  0.0000-10.0000                     0.0 1  78Ca
