  22  34   34.069852   65.067000  0.2500  0.1000                     0.0 1  34Ti
  22  35   35.056216   52.365000  0.3400  0.1400                     2.5 1  35Ti
  22  36   36.037992   35.389000  0.2200  0.0700                     0.0 1  36Ti
  22  37   37.025760   23.995000  0.1800  0.0400                     0.5 1  37Ti
  22  38   38.011638   10.841000  0.2200  0.0400                     0.0 1  38Ti
  22  39   39.002138    1.992000  0.2400  0.0500                     0.5 1  39Ti
  22  40   39.990177   -9.150000  0.1000  0.0100                     0.0 1  40Ti
  22  41   40.982795  -16.026000 -0.0700  0.0000                     1.5 1  41Ti
  22  42   41.973729  -24.471000  0.0000  0.0000                     0.0 1  42Ti
  22  43   42.967216  -30.538000 -0.0600  0.0100                     3.5-1  43Ti
  22  44   43.958170  -38.964000  0.0700  0.0100                     0.0 1  44Ti
  22  45   44.957341  -39.737000  0.2400  0.1200                     1.5-1  45Ti
  22  46   45.950551  -46.061000  0.1400  0.0300                     0.0 1  46Ti
  22  47   46.952029  -44.685000 -0.0800  0.0100                     3.5-1  47Ti
  22  48   47.946524  -49.813000  0.1600  0.0500                     0.0 1  48Ti
  22  49   48.947752  -48.669000  0.1400  0.0400                     3.5-1  49Ti
  22  50   49.944803  -51.416000  0.0800  0.0100                     0.0 1  50Ti
  22  51   50.946647  -49.698000  0.1200  0.0200                     1.5-1  51Ti
  22  52   51.946400  -49.928000 -0.0900  0.0100                     0.0 1  52Ti
  22  53   52.950108  -46.474000  0.0900  0.0200                     1.5-1  53Ti
  22  54   53.950367  -46.233000  0.0900  0.0100                     0.0 1  54Ti
  22  55   54.954962  -41.953000  0.1100  0.0100                     0.5-1  55Ti
  22  56   55.956460  -40.557000  0.1000  0.0100                     0.0 1  56Ti
  22  57   56.962948  -34.514000 -0.0900  0.0100                     2.5-1  57Ti
  22  58   57.964540  -33.031000  0.1100  0.0000                     0.0 1  58Ti
  22  59   58.970348  -27.621000  0.1400  0.0300                     2.5-1  59Ti
  22  60   59.973757  -24.445000  0.1400  0.0300                     0.0 1  60Ti
  22  61   60.981029  -17.671000  0.1700  0.0600                     2.5-1  61Ti
  22  62   61.984379  -14.551000  0.1200  0.0300                     0.0 1  62Ti
  22  63   62.992313   -7.160000 -0.1100  0.0100                     4.5 1  63Ti
  22  64   63.996091   -3.641000  0.1500  0.0400                     0.0 1  64Ti
  22  65   65.004102    3.821000  0.1900  0.0900                     4.5 1  65Ti
  22  66   66.009003    8.386000  0.1700  0.0600                     0.0 1  66Ti
  22  67   67.017780   16.562000  0.2400  0.1000                     2.5 1  67Ti
  22  68   68.022806   21.244000  0.1600  0.0700                     0.0 1  68Ti
  22  69   69.031481   29.324000  0.2200  0.0900                     3.5 1  69Ti
  22  70   70.037534   34.963000  0.1700  0.0600                     0.0 1  70Ti
  22  71   71.046240   43.072000  0.1700  0.0700                     0.5 1  71Ti
  22  72   72.053382   49.725000  0.1500  0.0400                     0.0 1  72Ti
  22  73   73.062378   58.105000  0.1300  0.0200                     0.5 1  73Ti
  22  74   74.070027   65.230000  0.1500  0.0300                     0.0 1  74Ti
  22  75   75.079627   74.172000 -0.1300  0.0300                     2.5 1  75Ti
  22  76   76.087496   81.502000 -0.1200  0.0300                     0.0 1  76Ti
  22  77   77.097670   90.979000 -0.1200  0.0200                     2.5 1  77Ti
  22  78   78.105129   97.927000  0.1200  0.0300                     0.0 1  78Ti
  22  79   79.115408  107.502000  0.0900  0.0400                     2.5 1  79Ti
  22  80   80.123547  115.083000  0.0800  0.0300                     0.0 1  80Ti
  22  81   81.134397  125.190000  0.0700  0.0100                     1.5 1  81Ti
  22  82   82.142976  133.181000  0.0900  0.0200                     0.0 1  82Ti
