  23  36   36.070438   65.613000  0.4300  0.2000                     4.0-1  36V 
  23  37   37.054917   51.155000  0.2000  0.0500                     1.5-1  37V 
  23  38   38.043087   40.135000  0.2400  0.0700                     2.0-1  38V 
  23  39   39.024226   22.566000  0.2500  0.0700                     1.5-1  39V 
  23  40   40.013388   12.471000  0.2000  0.0300                     1.0-1  40V 
  23  41   41.000345    0.321000  0.1500  0.0200                     3.5-1  41V 
  23  42   41.991695   -7.736000 -0.1000 -0.0100                     2.0-1  42V 
  23  43   42.980181  -18.461000  0.1200  0.0300                     3.5-1  43V 
  23  44   43.974201  -24.032000  0.0800  0.0300                     7.0 1  44V 
  23  45   44.964547  -33.024000  0.1300  0.0300                     3.5-1  45V 
  23  46   45.961078  -36.256000  0.2000  0.0700                     3.0 1  46V 
  23  47   46.954004  -42.845000  0.2400  0.1100                     1.5-1  47V 
  23  48   47.952950  -43.827000  0.3000  0.1400                     4.0 1  48V 
  23  49   48.948152  -48.296000  0.2400  0.0900                     1.5-1  49V 
  23  50   49.947981  -48.455000  0.2200  0.0600                     2.0 1  50V 
  23  51   50.944498  -51.700000 -0.1400  0.0300                     3.5-1  51V 
  23  52   51.945257  -50.993000 -0.1100  0.0100                     5.0 1  52V 
  23  53   52.944492  -51.705000  0.1600  0.0300                     1.5-1  53V 
  23  54   53.946866  -49.494000  0.1700  0.0500                     3.0 1  54V 
  23  55   54.947015  -49.355000  0.1300  0.0100                     3.5-1  55V 
  23  56   55.950791  -45.838000  0.1600  0.0200                     3.0 1  56V 
  23  57   56.951764  -44.932000  0.1300  0.0100                     3.5-1  57V 
  23  58   57.957011  -40.044000  0.1300  0.0000                     1.0 1  58V 
  23  59   58.958663  -38.505000  0.0900 -0.0200                     3.5-1  59V 
  23  60   59.963794  -33.726000  0.1100 -0.0100                     1.0 1  60V 
  23  61   60.966451  -31.251000  0.1200  0.0000                     3.5-1  61V 
  23  62   61.972476  -25.638000  0.2900  0.1700                     1.0 1  62V 
  23  63   62.975753  -22.586000  0.1500  0.0400                     3.5-1  63V 
  23  64   63.982580  -16.227000 -0.1000  0.0100                     8.0-1  64V 
  23  65   64.985666  -13.352000  0.2900  0.1500                     1.5-1  65V 
  23  66   65.992461   -7.023000  0.2500  0.1500                     4.0-1  66V 
  23  67   66.996859   -2.926000  0.2600  0.1400                     1.5-1  67V 
  23  68   68.004311    4.016000  0.2700  0.1200                     4.0-1  68V 
  23  69   69.009308    8.670000  0.2500  0.1200                     1.5-1  69V 
  23  70   70.017005   15.840000  0.2600  0.1400                     2.0-1  70V 
  23  71   71.023210   21.620000  0.2500  0.1100                     1.5-1  71V 
  23  72   72.031326   29.180000  0.1900  0.0500                     2.0-1  72V 
  23  73   73.037857   35.264000  0.1400  0.0400                     1.5-1  73V 
  23  74   74.046277   43.107000  0.1400  0.0300                     6.0-1  74V 
  23  75   75.053474   49.811000  0.1500  0.0300                     1.5-1  75V 
  23  76   76.062655   58.363000  0.1400  0.0500                     6.0-1  76V 
  23  77   77.070234   65.423000 -0.1300  0.0300                     3.5-1  77V 
  23  78   78.079702   74.242000 -0.1400  0.0300                     6.0-1  78V 
  23  79   79.087694   81.686000 -0.1200  0.0200                     3.5-1  79V 
  23  80   80.097295   90.630000 -0.1100  0.0300                     4.0-1  80V 
  23  81   81.105766   98.520000  0.0800  0.0400                     3.5-1  81V 
  23  82   82.115725  107.797000  0.0700  0.0300                     2.0-1  82V 
  23  83   83.124514  115.984000  0.0700  0.0300                     3.5-1  83V 
  23  84   84.134593  125.373000  0.0800  0.0400                     2.0-1  84V 
