  26  42   42.055397   51.602000  0.3300  0.0400                     0.0 1  42Fe
  26  43   43.041563   38.716000  0.2600  0.0300                     0.5 1  43Fe
  26  44   44.026168   24.375000 -0.1900  0.0300                     0.0 1  44Fe
  26  45   45.014177   13.206000 -0.1800  0.0300                     1.5 1  45Fe
  26  46   46.000494    0.460000 -0.0500  0.0000                     0.0 1  46Fe
  26  47   46.992217   -7.250000 -0.0900  0.0200                     3.5-1  47Fe
  26  48   47.979358  -19.228000  0.1900  0.0700                     0.0 1  48Fe
  26  49   48.973636  -24.558000  0.2000  0.0400                     1.5-1  49Fe
  26  50   49.961895  -35.495000  0.2400  0.0800                     0.0 1  50Fe
  26  51   50.957093  -39.968000  0.2800  0.0800                     2.5-1  51Fe
  26  52   51.947718  -48.700000  0.2600  0.0600                     0.0 1  52Fe
  26  53   52.945281  -50.970000  0.3000  0.0500                     0.5-1  53Fe
  26  54   53.939361  -56.485000  0.1900  0.0400                     0.0 1  54Fe
  26  55   54.938632  -57.164000 -0.1800  0.0500                     1.5-1  55Fe
  26  56   55.935169  -60.390000 -0.1700  0.0400                     0.0 1  56Fe
  26  57   56.936079  -59.542000 -0.1800  0.0500                     1.5-1  57Fe
  26  58   57.933555  -61.893000  0.2200  0.0300                     0.0 1  58Fe
  26  59   58.935126  -60.430000  0.2200  0.0400                     1.5-1  59Fe
  26  60   59.933788  -61.676000  0.2300  0.0300                     0.0 1  60Fe
  26  61   60.936851  -58.823000  0.2200  0.0000                     1.5-1  61Fe
  26  62   61.936081  -59.540000  0.2500  0.0300                     0.0 1  62Fe
  26  63   62.939602  -56.260000  0.1500  0.0100                     2.5-1  63Fe
  26  64   63.940332  -55.580000  0.1300  0.0100                     0.0 1  64Fe
  26  65   64.944419  -51.773000 -0.1500  0.0200                     2.5-1  65Fe
  26  66   65.945742  -50.541000  0.1000  0.0100                     0.0 1  66Fe
  26  67   66.949725  -46.831000  0.2400  0.0600                     0.5-1  67Fe
  26  68   67.951443  -45.231000  0.1700  0.0500                     0.0 1  68Fe
  26  69   68.956521  -40.500000  0.2200  0.0900                     2.5-1  69Fe
  26  70   69.958825  -38.354000  0.1900  0.0700                     0.0 1  70Fe
  26  71   70.964677  -32.903000  0.2500  0.0700                     2.5 1  71Fe
  26  72   71.967535  -30.241000  0.1900  0.0500                     0.0 1  72Fe
  26  73   72.974261  -23.976000  0.1900  0.0200                     3.5 1  73Fe
  26  74   73.977711  -20.762000  0.1800  0.0300                     0.0 1  74Fe
  26  75   74.984511  -14.428000  0.2000  0.0600                     0.5 1  75Fe
  26  76   75.989622   -9.667000 -0.0700  0.0200                     0.0 1  76Fe
  26  77   76.997164   -2.642000 -0.1100  0.0300                     0.5 1  77Fe
  26  78   78.002920    2.720000  0.1500  0.0500                     0.0 1  78Fe
  26  79   79.011318   10.543000  0.1700  0.0200                     0.5 1  79Fe
  26  80   80.017583   16.378000  0.1800  0.0200                     0.0 1  80Fe
  26  81   81.026532   24.714000  0.1300  0.0100                     0.5 1  81Fe
  26  82   82.033389   31.102000  0.1600  0.0100                     0.0 1  82Fe
  26  83   83.042465   39.556000  0.1700  0.0000                     0.5 1  83Fe
  26  84   84.049871   46.455000  0.1200  0.0100                     0.0 1  84Fe
  26  85   85.059403   55.334000  0.1400  0.0200                     0.5 1  85Fe
  26  86   86.067017   62.426000  0.1500  0.0300                     0.0 1  86Fe
  26  87   87.077138   71.854000 -0.1700  0.0300                     0.5 1  87Fe
  26  88   88.084968   79.147000  0.1500  0.0500                     0.0 1  88Fe
  26  89   89.094530   88.054000 -0.1200  0.0200                     0.5 1  89Fe
  26  90   90.103750   96.643000  0.1300  0.0500                     0.0 1  90Fe
  26  98   98.180220  167.874000  0.0000-10.0000                     0.0 1  98Fe
