  28  46   46.049041   45.681000 -0.2200  0.0500                     0.0 1  46Ni
  28  47   47.035634   33.193000 -0.1200  0.0100                     0.5 1  47Ni
  28  48   48.019303   17.981000  0.1300  0.0200                     0.0 1  48Ni
  28  49   49.009725    9.059000 -0.1000  0.0300                     3.5-1  49Ni
  28  50   49.995810   -3.903000  0.1800  0.0500                     0.0 1  50Ni
  28  51   50.988496  -10.716000  0.1700  0.0300                     3.5-1  51Ni
  28  52   51.975594  -22.734000  0.1900  0.0400                     0.0 1  52Ni
  28  53   52.968997  -28.879000 -0.1800  0.0600                     3.5-1  53Ni
  28  54   53.957980  -39.141000  0.2400  0.0400                     0.0 1  54Ni
  28  55   54.952290  -44.442000 -0.2000  0.0800                     0.5-1  55Ni
  28  56   55.943366  -52.754000  0.1500  0.0200                     0.0 1  56Ni
  28  57   56.940368  -55.547000 -0.1700  0.0500                     1.5-1  57Ni
  28  58   57.935686  -59.908000 -0.1900  0.0600                     0.0 1  58Ni
  28  59   58.935256  -60.309000 -0.1900  0.0500                     0.5-1  59Ni
  28  60   59.931543  -63.767000 -0.1900  0.0400                     0.0 1  60Ni
  28  61   60.931799  -63.529000 -0.2000  0.0500                     2.5-1  61Ni
  28  62   61.929067  -66.074000 -0.2000  0.0500                     0.0 1  62Ni
  28  63   62.930523  -64.717000 -0.1800  0.0400                     0.5-1  63Ni
  28  64   63.928133  -66.944000 -0.1900  0.0400                     0.0 1  64Ni
  28  65   64.930367  -64.863000 -0.2000  0.0500                     4.5 1  65Ni
  28  66   65.929046  -66.093000 -0.1600  0.0200                     0.0 1  66Ni
  28  67   66.931949  -63.389000 -0.1700  0.0300                     4.5 1  67Ni
  28  68   67.931822  -63.507000  0.0900  0.0100                     0.0 1  68Ni
  28  69   68.935588  -59.999000 -0.0900  0.0100                     4.5 1  69Ni
  28  70   69.935856  -59.750000  0.0600  0.0000                     0.0 1  70Ni
  28  71   70.940178  -55.724000  0.0600 -0.0100                     4.5 1  71Ni
  28  72   71.940740  -55.200000  0.0800  0.0200                     0.0 1  72Ni
  28  73   72.945751  -50.533000 -0.0800  0.0100                     4.5 1  73Ni
  28  74   73.946838  -49.520000  0.0900  0.0200                     0.0 1  74Ni
  28  75   74.952444  -44.298000  0.1000  0.0100                     4.5 1  75Ni
  28  76   75.954125  -42.732000  0.1000  0.0100                     0.0 1  76Ni
  28  77   76.959584  -37.647000  0.0700  0.0000                     4.5 1  77Ni
  28  78   77.963036  -34.432000 -0.0200  0.0000                     0.0 1  78Ni
  28  79   78.969585  -28.331000 -0.0700  0.0200                     2.5 1  79Ni
  28  80   79.974682  -23.584000 -0.0800  0.0200                     0.0 1  80Ni
  28  81   80.982393  -16.401000 -0.1000  0.0300                     0.5 1  81Ni
  28  82   81.987869  -11.300000 -0.1100  0.0300                     0.0 1  82Ni
  28  83   82.996261   -3.483000 -0.1200  0.0400                     0.5 1  83Ni
  28  84   84.002078    1.936000 -0.1200  0.0300                     0.0 1  84Ni
  28  85   85.010659    9.929000 -0.1300  0.0300                     0.5 1  85Ni
  28  86   86.017111   15.939000 -0.1300  0.0300                     0.0 1  86Ni
  28  87   87.026264   24.465000 -0.1500  0.0500                     0.5 1  87Ni
  28  88   88.032892   30.639000 -0.1500  0.0300                     0.0 1  88Ni
  28  89   89.042242   39.348000 -0.1600  0.0300                     0.5 1  89Ni
  28  90   90.049462   46.074000 -0.1600  0.0400                     0.0 1  90Ni
  28  91   91.059861   55.760000 -0.1300  0.0300                     0.5 1  91Ni
  28  92   92.066660   62.093000 -0.1600  0.0400                     0.0 1  92Ni
  28  93   93.077988   72.645000  0.3000  0.1100                     0.5 1  93Ni
  28  94   94.084675   78.874000 -0.1500  0.0300                     0.0 1  94Ni
  28  98   98.122239  113.865000  0.0000-10.0000                     0.0 1  98Ni
  28  99   99.130754  121.797000  0.0000-10.0000                     0.5 1  99Ni
  28 100  100.141133  131.465000  0.0000-10.0000                     0.0 1 100Ni
  28 101  101.149759  139.500000  0.0000-10.0000                     0.5 1 101Ni
  28 102  102.160179  149.206000  0.0000-10.0000                     0.0 1 102Ni
