  30  50   50.042673   39.750000 -0.0900  0.0100                     0.0 1  50Zn
  30  51   51.030812   28.701000 -0.0900  0.0300                     3.5-1  51Zn
  30  52   52.016146   15.040000  0.1700  0.0400                     0.0 1  52Zn
  30  53   53.007005    6.525000  0.1700  0.0300                     1.5-1  53Zn
  30  54   53.992827   -6.682000  0.2100  0.0400                     0.0 1  54Zn
  30  55   54.984814  -14.146000  0.2600  0.0500                     2.5-1  55Zn
  30  56   55.972511  -25.606000  0.2300  0.0300                     0.0 1  56Zn
  30  57   56.965924  -31.742000  0.1800  0.0200                     0.5-1  57Zn
  30  58   57.954734  -42.165000 -0.1600  0.0500                     0.0 1  58Zn
  30  59   58.949288  -47.238000 -0.1600  0.0400                     1.5-1  59Zn
  30  60   59.941813  -54.201000 -0.1900  0.0500                     0.0 1  60Zn
  30  61   60.939300  -56.542000 -0.2100  0.0500                     0.5-1  61Zn
  30  62   61.933950  -61.525000 -0.2200  0.0500                     0.0 1  62Zn
  30  63   62.933170  -62.252000 -0.2200  0.0500                     2.5-1  63Zn
  30  64   63.929156  -65.991000 -0.2200  0.0500                     0.0 1  64Zn
  30  65   64.929681  -65.502000 -0.1900  0.0300                     0.5-1  65Zn
  30  66   65.926038  -68.895000 -0.2200  0.0400                     0.0 1  66Zn
  30  67   66.927320  -67.701000 -0.2100  0.0400                     4.5 1  67Zn
  30  68   67.924458  -70.367000 -0.2200  0.0400                     0.0 1  68Zn
  30  69   68.926389  -68.568000 -0.1900  0.0300                     4.5 1  69Zn
  30  70   69.924698  -70.143000 -0.1600  0.0100                     0.0 1  70Zn
  30  71   70.927529  -67.506000 -0.1500  0.0100                     4.5 1  71Zn
  30  72   71.926236  -68.711000  0.1400  0.0100                     0.0 1  72Zn
  30  73   72.929612  -65.566000 -0.1800  0.0300                     3.5 1  73Zn
  30  74   73.928763  -66.357000  0.1800  0.0400                     0.0 1  74Zn
  30  75   74.932449  -62.923000  0.2500  0.0600                     2.5-1  75Zn
  30  76   75.932502  -62.874000  0.1700  0.0400                     0.0 1  76Zn
  30  77   76.937011  -58.674000  0.1800  0.0200                     3.5 1  77Zn
  30  78   77.937802  -57.937000  0.1500  0.0300                     0.0 1  78Zn
  30  79   78.942700  -53.375000  0.1000  0.0000                     4.5 1  79Zn
  30  80   79.944349  -51.839000 -0.0800  0.0100                     0.0 1  80Zn
  30  81   80.950087  -46.494000 -0.1300  0.0300                     2.5 1  81Zn
  30  82   81.954154  -42.705000 -0.1300  0.0400                     0.0 1  82Zn
  30  83   82.961071  -36.262000  0.1700  0.0300                     1.5 1  83Zn
  30  84   83.965550  -32.090000  0.1700  0.0200                     0.0 1  84Zn
  30  85   84.972903  -25.241000 -0.1800  0.0500                     1.5 1  85Zn
  30  86   85.977835  -20.647000 -0.1800  0.0600                     0.0 1  86Zn
  30  87   86.985734  -13.289000 -0.2100  0.0600                     3.5 1  87Zn
  30  88   87.991070   -8.318000 -0.1900  0.0500                     0.0 1  88Zn
  30  89   88.999312   -0.641000 -0.2000  0.0500                     1.5 1  89Zn
  30  90   90.005168    4.814000 -0.2100  0.0500                     0.0 1  90Zn
  30  91   91.013769   12.826000 -0.2200  0.0500                     5.5-1  91Zn
  30  92   92.019923   18.558000 -0.2100  0.0500                     0.0 1  92Zn
  30  93   93.028791   26.819000 -0.2200  0.0400                     0.5 1  93Zn
  30  94   94.035326   32.906000 -0.2200  0.0500                     0.0 1  94Zn
  30  95   95.044377   41.337000  0.2700  0.0700                     2.5 1  95Zn
  30  96   96.051498   47.970000 -0.2200  0.0400                     0.0 1  96Zn
  30  97   97.060844   56.676000 -0.1700  0.0300                     4.5-1  97Zn
  30  98   98.067790   63.146000  0.2900  0.0800                     0.0 1  98Zn
  30  99   99.077165   71.879000  0.2900  0.1100                     0.5 1  99Zn
  30 100  100.084917   79.100000  0.2900  0.0800                     0.0 1 100Zn
  30 101  101.094429   87.960000  0.3000  0.0800                     2.5 1 101Zn
  30 102  102.102610   95.581000  0.2800  0.1000                     0.0 1 102Zn
  30 103  103.111826  104.165000  0.2500  0.0700                     1.5 1 103Zn
  30 104  104.120749  112.477000  0.2700  0.1000                     0.0 1 104Zn
  30 105  105.130572  121.627000  0.2800  0.0800                     0.5-1 105Zn
  30 106  106.139235  129.697000  0.2500  0.0800                     0.0 1 106Zn
  30 114  114.217029  202.161000  0.0000-10.0000                     0.0 1 114Zn
