  31  52   52.043915   40.907000  0.1000  0.0500                     1.0 1  52Ga
  31  53   53.029271   27.266000  0.1300  0.0200                     0.5 1  53Ga
  31  54   54.019257   17.938000  0.1400  0.0200                     1.0 1  54Ga
  31  55   55.004551    4.239000  0.1600  0.0300                     0.5 1  55Ga
  31  56   55.995483   -4.208000  0.2800  0.0500                     3.0 1  56Ga
  31  57   56.983153  -15.693000  0.2600  0.0200                     0.5-1  57Ga
  31  58   57.975628  -22.702000  0.1900  0.0100                     4.0 1  58Ga
  31  59   58.964172  -33.374000 -0.2000  0.0700                     0.5-1  59Ga
  31  60   59.957699  -39.403000 -0.1800  0.0500                     2.0 1  60Ga
  31  61   60.949483  -47.056000 -0.2300  0.0600                     0.5-1  61Ga
  31  62   61.945702  -50.578000 -0.2300  0.0600                     3.0 1  62Ga
  31  63   62.939360  -56.486000 -0.2300  0.0600                     2.5-1  63Ga
  31  64   63.937636  -58.092000 -0.2400  0.0500                     2.0 1  64Ga
  31  65   64.932936  -62.470000 -0.2400  0.0500                     2.5-1  65Ga
  31  66   65.932664  -62.723000 -0.2000  0.0300                     2.0 1  66Ga
  31  67   66.928348  -66.743000 -0.2400  0.0500                     2.5-1  67Ga
  31  68   67.928742  -66.376000 -0.2300  0.0400                     2.0 1  68Ga
  31  69   68.925485  -69.410000 -0.2300  0.0400                     2.5-1  69Ga
  31  70   69.926355  -68.600000 -0.2300  0.0400                     1.0 1  70Ga
  31  71   70.924169  -70.636000 -0.2200  0.0300                     2.5-1  71Ga
  31  72   71.926025  -68.907000  0.2500  0.0500                     1.0 1  72Ga
  31  73   72.924419  -70.403000 -0.2000  0.0300                     2.5-1  73Ga
  31  74   73.926636  -68.338000  0.2600  0.0500                     3.0-1  74Ga
  31  75   74.925983  -68.946000  0.2300  0.0600                     0.5-1  75Ga
  31  76   75.928762  -66.358000  0.2000  0.0500                     3.0-1  76Ga
  31  77   76.928527  -66.577000  0.2000  0.0100                     0.5-1  77Ga
  31  78   77.931995  -63.346000  0.1900  0.0200                     4.0-1  78Ga
  31  79   78.932800  -62.596000  0.1900  0.0200                     0.5-1  79Ga
  31  80   79.936671  -58.991000  0.2000  0.0200                     5.0-1  80Ga
  31  81   80.938451  -57.333000 -0.1200  0.0300                     2.5-1  81Ga
  31  82   81.943337  -52.781000 -0.1400  0.0400                     4.0-1  82Ga
  31  83   82.947011  -49.359000 -0.1600  0.0400                     1.5-1  83Ga
  31  84   83.953074  -43.711000 -0.1700  0.0500                     2.0-1  84Ga
  31  85   84.957192  -39.875000  0.1900  0.0100                     0.5-1  85Ga
  31  86   85.963935  -33.594000  0.2200  0.0300                     2.0-1  86Ga
  31  87   86.968371  -29.462000 -0.2000  0.0600                     1.5-1  87Ga
  31  88   87.975683  -22.651000 -0.2200  0.0600                     1.0 1  88Ga
  31  89   88.980626  -18.047000 -0.2400  0.0700                     0.5 1  89Ga
  31  90   89.988347  -10.855000 -0.2000  0.0500                     1.0 1  90Ga
  31  91   90.993634   -5.930000 -0.2400  0.0500                     0.5 1  91Ga
  31  92   92.001620    1.509000 -0.2400  0.0500                     1.0 1  92Ga
  31  93   93.007434    6.925000 -0.2400  0.0500                     0.5 1  93Ga
  31  94   94.015854   14.768000 -0.2400  0.0600                     1.0 1  94Ga
  31  95   95.021871   20.373000 -0.2500  0.0500                     0.5 1  95Ga
  31  96   96.030615   28.518000 -0.2300  0.0400                     1.0 1  96Ga
  31  97   97.037109   34.567000 -0.2400  0.0500                     0.5 1  97Ga
  31  98   98.046210   43.044000 -0.2400  0.0400                     1.0 1  98Ga
  31  99   99.052615   49.011000 -0.2300  0.0400                     0.5 1  99Ga
  31 100  100.062082   57.829000 -0.2200  0.0400                     1.0 1 100Ga
  31 101  101.068964   64.240000  0.2800  0.0600                     0.5 1 101Ga
  31 102  102.078113   72.762000  0.2700  0.0500                     1.0 1 102Ga
  31 103  103.085877   79.994000  0.2500  0.0300                     0.5 1 103Ga
  31 104  104.095473   88.933000  0.2100  0.0300                     1.0 1 104Ga
  31 105  105.103173   96.105000  0.2500  0.0400                     0.5 1 105Ga
  31 106  106.112857  105.126000  0.2800  0.0600                     1.0 1 106Ga
  31 107  107.121148  112.849000  0.2200  0.0700                     0.5 1 107Ga
  31 108  108.130791  121.831000  0.2300  0.0800                     1.0 1 108Ga
  31 114  114.187151  174.330000  0.0000-10.0000                     0.0 1 114Ga
  31 115  115.196952  183.460000  0.0000-10.0000                     0.5 1 115Ga
  31 116  116.206230  192.102000  0.0000-10.0000                     0.0 1 116Ga
