  32  54   54.039735   37.013000  0.1300  0.0300                     0.0 1  54Ge
  32  55   55.029289   27.283000  0.1600  0.0200                     0.5 1  55Ge
  32  56   56.013820   12.873000  0.2100  0.0300                     0.0 1  56Ge
  32  57   57.004260    3.968000  0.2700  0.0500                     0.5 1  57Ge
  32  58   57.990451   -8.895000  0.2400  0.0300                     0.0 1  58Ge
  32  59   58.982596  -16.212000  0.2800  0.0300                     3.5-1  59Ge
  32  60   59.970741  -27.255000 -0.2000  0.0600                     0.0 1  60Ge
  32  61   60.963546  -33.957000 -0.1900  0.0500                     1.5-1  61Ge
  32  62   61.954195  -42.667000 -0.2200  0.0500                     0.0 1  62Ge
  32  63   62.949304  -47.223000 -0.2300  0.0500                     2.5-1  63Ge
  32  64   63.941598  -54.401000 -0.2400  0.0600                     0.0 1  64Ge
  32  65   64.939032  -56.791000 -0.2400  0.0500                     0.5-1  65Ge
  32  66   65.933475  -61.968000 -0.2500  0.0500                     0.0 1  66Ge
  32  67   66.932863  -62.538000 -0.2700  0.0700                     4.5 1  67Ge
  32  68   67.927996  -67.071000 -0.2500  0.0500                     0.0 1  68Ge
  32  69   68.927601  -67.439000 -0.2400  0.0400                     0.5-1  69Ge
  32  70   69.923806  -70.974000 -0.2200  0.0300                     0.0 1  70Ge
  32  71   70.924343  -70.474000 -0.1900  0.0300                     4.5 1  71Ge
  32  72   71.921346  -73.266000 -0.2300  0.0300                     0.0 1  72Ge
  32  73   72.922551  -72.143000  0.2300  0.0300                     0.5-1  73Ge
  32  74   73.920505  -74.049000  0.2000  0.0100                     0.0 1  74Ge
  32  75   74.921892  -72.757000  0.2500  0.0300                     2.5 1  75Ge
  32  76   75.920651  -73.913000  0.2000  0.0300                     0.0 1  76Ge
  32  77   76.923089  -71.642000  0.2400  0.0300                     2.5-1  77Ge
  32  78   77.922063  -72.598000  0.2100  0.0200                     0.0 1  78Ge
  32  79   78.925483  -69.412000  0.2000  0.0200                     3.5 1  79Ge
  32  80   79.925275  -69.606000  0.1900  0.0200                     0.0 1  80Ge
  32  81   80.929349  -65.811000  0.2000  0.0200                     4.5 1  81Ge
  32  82   81.930105  -65.107000 -0.1200  0.0300                     0.0 1  82Ge
  32  83   82.934678  -60.847000 -0.1400  0.0400                     2.5 1  83Ge
  32  84   83.937727  -58.007000 -0.1600  0.0400                     0.0 1  84Ge
  32  85   84.943395  -52.727000  0.1900  0.0100                     1.5 1  85Ge
  32  86   85.946734  -49.617000  0.2100  0.0200                     0.0 1  86Ge
  32  87   86.953063  -43.722000  0.2300  0.0200                     0.5 1  87Ge
  32  88   87.957180  -39.887000 -0.2100  0.0600                     0.0 1  88Ge
  32  89   88.964079  -33.460000 -0.2400  0.0700                     3.5 1  89Ge
  32  90   89.968534  -29.310000 -0.2200  0.0500                     0.0 1  90Ge
  32  91   90.975725  -22.612000 -0.2000  0.0500                     0.5 1  91Ge
  32  92   91.980656  -18.019000 -0.2300  0.0500                     0.0 1  92Ge
  32  93   92.988260  -10.936000 -0.2600  0.0600                     0.5 1  93Ge
  32  94   93.993516   -6.040000 -0.2400  0.0500                     0.0 1  94Ge
  32  95   95.001539    1.434000 -0.2600  0.0600                     0.5 1  95Ge
  32  96   96.007090    6.604000 -0.2500  0.0600                     0.0 1  96Ge
  32  97   97.015589   14.521000 -0.2700  0.0600                     0.5 1  97Ge
  32  98   98.021446   19.977000 -0.2400  0.0500                     0.0 1  98Ge
  32  99   99.030062   28.003000 -0.2500  0.0300                     0.5 1  99Ge
  32 100  100.036333   33.844000 -0.2400  0.0400                     0.0 1 100Ge
  32 101  101.044990   41.908000 -0.2000  0.0300                     0.5 1 101Ge
  32 102  102.051707   48.165000  0.2500  0.0200                     0.0 1 102Ge
  32 103  103.060409   56.271000  0.2600  0.0200                     0.5 1 103Ge
  32 104  104.067831   63.184000  0.2600  0.0200                     0.0 1 104Ge
  32 105  105.077041   71.763000  0.2800  0.0300                     0.5 1 105Ge
  32 106  106.084484   78.696000  0.2500  0.0200                     0.0 1 106Ge
  32 107  107.093822   87.395000  0.2400  0.0300                     0.5 1 107Ge
  32 108  108.101645   94.682000  0.2400  0.0300                     0.0 1 108Ge
  32 109  109.111158  103.543000  0.2400  0.0400                     0.5 1 109Ge
  32 110  110.119455  111.272000  0.2300  0.0400                     0.0 1 110Ge
  32 114  114.156741  146.003000  0.0000-10.0000                     0.0 1 114Ge
  32 115  115.166167  154.784000  0.0000-10.0000                     0.5 1 115Ge
  32 116  116.175361  163.348000  0.0000-10.0000                     0.0 1 116Ge
  32 117  117.184763  172.106000  0.0000-10.0000                     0.5 1 117Ge
  32 118  118.194066  180.771000  0.0000-10.0000                     0.0 1 118Ge
