  33  56   56.043198   40.239000  0.2900  0.1500                     0.0 1  56As
  33  57   57.026974   25.126000  0.2100  0.0300                     1.5-1  57As
  33  58   58.017162   15.986000  0.3400  0.1400                     1.0 1  58As
  33  59   59.002758    2.569000  0.2400  0.0200                     1.5-1  59As
  33  60   59.994378   -5.237000  0.1900  0.0100                     1.0 1  60As
  33  61   60.981262  -17.454000 -0.2000  0.0600                     2.5-1  61As
  33  62   61.973495  -24.689000 -0.2400  0.0700                     1.0 1  62As
  33  63   62.963540  -33.962000 -0.2300  0.0500                     2.5-1  63As
  33  64   63.957824  -39.287000 -0.2400  0.0500                     2.0 1  64As
  33  65   64.949262  -47.262000 -0.2400  0.0500                     0.5-1  65As
  33  66   65.946040  -50.263000 -0.2500  0.0500                     1.0 1  66As
  33  67   66.938639  -57.157000 -0.2500  0.0500                     0.5-1  67As
  33  68   67.937159  -58.536000 -0.2800  0.0600                     5.0-1  68As
  33  69   68.931536  -63.774000 -0.2200  0.0300                     0.5-1  69As
  33  70   69.930684  -64.567000 -0.2400  0.0400                     1.0 1  70As
  33  71   70.926561  -68.408000 -0.2300  0.0300                     0.5-1  71As
  33  72   71.926509  -68.456000 -0.2500  0.0400                     2.0 1  72As
  33  73   72.923016  -71.710000 -0.2300  0.0300                     0.5-1  73As
  33  74   73.924236  -70.574000 -0.2500  0.0400                     3.0-1  74As
  33  75   74.920982  -73.605000 -0.2100  0.0300                     0.5-1  75As
  33  76   75.921965  -72.689000  0.2400  0.0100                     1.0 1  76As
  33  77   76.920079  -74.446000  0.2200  0.0200                     1.5-1  77As
  33  78   77.921802  -72.841000  0.2500  0.0300                     1.0 1  78As
  33  79   78.920281  -74.258000  0.2100  0.0200                     1.5-1  79As
  33  80   79.922664  -72.038000  0.2100  0.0100                     2.0-1  80As
  33  81   80.922155  -72.512000  0.2200  0.0200                     1.5-1  81As
  33  82   81.925232  -69.646000  0.2000  0.0200                     3.0-1  82As
  33  83   82.925514  -69.383000 -0.1200  0.0300                     2.5-1  83As
  33  84   83.929498  -65.672000 -0.1500  0.0400                     0.0-1  84As
  33  85   84.932183  -63.171000 -0.1600  0.0400                     2.5-1  85As
  33  86   85.937290  -58.414000  0.1900  0.0000                     1.0-1  86As
  33  87   86.940214  -55.690000  0.2100  0.0100                     0.5-1  87As
  33  88   87.945981  -50.318000  0.2200  0.0100                     0.0-1  88As
  33  89   88.949693  -46.861000 -0.2200  0.0600                     0.5-1  89As
  33  90   89.955860  -41.116000 -0.2300  0.0600                     3.0-1  90As
  33  91   90.959873  -37.378000 -0.2500  0.0700                     0.5-1  91As
  33  92   91.966730  -30.991000 -0.2500  0.0700                     6.0 1  92As
  33  93   92.970831  -27.171000 -0.2600  0.0700                     0.5-1  93As
  33  94   93.977810  -20.670000 -0.2600  0.0600                     2.0-1  94As
  33  95   94.982738  -16.079000 -0.2600  0.0700                     0.5-1  95As
  33  96   95.990216   -9.114000 -0.2700  0.0600                     1.0-1  96As
  33  97   96.995401   -4.284000 -0.2600  0.0600                     0.5-1  97As
  33  98   98.003171    2.954000 -0.2600  0.0500                     5.0 1  98As
  33  99   99.008755    8.155000 -0.2600  0.0500                     0.5-1  99As
  33 100  100.017002   15.837000 -0.2600  0.0500                     3.0-1 100As
  33 101  101.022858   21.292000 -0.2600  0.0400                     0.5-1 101As
  33 102  102.031468   29.312000 -0.2600  0.0400                     4.0 1 102As
  33 103  103.037716   35.132000 -0.2600  0.0400                     0.5-1 103As
  33 104  104.045986   42.836000  0.2300 -0.0100                     3.0 1 104As
  33 105  105.052386   48.797000  0.2600  0.0000                     0.5-1 105As
  33 106  106.061132   56.944000  0.2600  0.0000                     3.0 1 106As
  33 107  107.068258   63.582000  0.2500  0.0000                     0.5-1 107As
  33 108  108.077317   72.020000  0.2400  0.0000                     1.0-1 108As
  33 109  109.084681   78.880000  0.2400  0.0000                     0.5-1 109As
  33 110  110.093863   87.433000  0.2400  0.0100                     0.0 1 110As
  33 111  111.101713   94.745000  0.2200  0.0000                     0.5-1 111As
  33 112  112.111174  103.558000  0.2100  0.0100                     4.0 1 112As
  33 113  113.119420  111.239000  0.2200  0.0000                     0.5-1 113As
  33 114  114.128983  120.147000  0.2000  0.0000                     0.0 1 114As
  33 115  115.137789  128.350000  0.2100  0.0100                     0.5-1 115As
  33 116  116.147321  137.229000  0.2100  0.0100                     1.0 1 116As
  33 117  117.155931  145.249000  0.2200  0.0000                     0.5-1 117As
  33 118  118.165426  154.093000  0.2200  0.0000                     5.0 1 118As
  33 119  119.174465  162.513000  0.2200  0.0000                     0.5-1 119As
  33 120  120.184166  171.550000 -0.2000  0.0700                     1.0 1 120As
