  34  58   58.037784   35.196000  0.2000  0.0300                     0.0 1  58Se
  34  59   59.026872   25.031000  0.2900  0.0800                     0.5 1  59Se
  34  60   60.012352   11.506000  0.2600  0.0300                     0.0 1  60Se
  34  61   61.002540    2.366000  0.1900  0.0100                     0.5 1  61Se
  34  62   61.989297   -9.970000 -0.2000  0.0500                     0.0 1  62Se
  34  63   62.980810  -17.875000 -0.2100  0.0500                     0.5 1  63Se
  34  64   63.970524  -27.457000 -0.2400  0.0600                     0.0 1  64Se
  34  65   64.964055  -33.483000 -0.2500  0.0500                     2.5-1  65Se
  34  66   65.954546  -42.340000 -0.2500  0.0500                     0.0 1  66Se
  34  67   66.949368  -47.163000 -0.2600  0.0500                     0.5-1  67Se
  34  68   67.941655  -54.348000 -0.2600  0.0500                     0.0 1  68Se
  34  69   68.938902  -56.912000 -0.1900  0.0200                     0.5-1  69Se
  34  70   69.932794  -62.602000 -0.2300  0.0400                     0.0 1  70Se
  34  71   70.931307  -63.987000 -0.2400  0.0400                     0.5-1  71Se
  34  72   71.926586  -68.385000 -0.2400  0.0400                     0.0 1  72Se
  34  73   72.925957  -68.971000 -0.2600  0.0400                     1.5-1  73Se
  34  74   73.921827  -72.818000 -0.2400  0.0300                     0.0 1  74Se
  34  75   74.922499  -72.192000 -0.2500  0.0400                     3.5 1  75Se
  34  76   75.918774  -75.662000 -0.2500  0.0400                     0.0 1  76Se
  34  77   76.919023  -75.430000  0.2400  0.0100                     2.5 1  77Se
  34  78   77.916478  -77.800000  0.2100  0.0100                     0.0 1  78Se
  34  79   78.917853  -76.519000  0.2300  0.0200                     2.5 1  79Se
  34  80   79.915718  -78.508000  0.2200  0.0100                     0.0 1  80Se
  34  81   80.917929  -76.449000  0.1900  0.0000                     3.5 1  81Se
  34  82   81.916656  -77.634000  0.2200  0.0100                     0.0 1  82Se
  34  83   82.919699  -74.800000  0.2000  0.0000                     4.5 1  83Se
  34  84   83.919058  -75.397000 -0.1100  0.0200                     0.0 1  84Se
  34  85   84.922754  -71.954000 -0.1400  0.0300                     2.5 1  85Se
  34  86   85.924666  -70.173000 -0.1600  0.0400                     0.0 1  86Se
  34  87   86.929428  -65.737000  0.1800 -0.0100                     1.5 1  87Se
  34  88   87.931798  -63.530000  0.2000  0.0000                     0.0 1  88Se
  34  89   88.937234  -58.466000  0.2200  0.0000                     0.5 1  89Se
  34  90   89.940207  -55.697000  0.2400  0.0000                     0.0 1  90Se
  34  91   90.946178  -50.135000 -0.2400  0.0700                     1.5 1  91Se
  34  92   91.949672  -46.880000 -0.2400  0.0600                     0.0 1  92Se
  34  93   92.956035  -40.953000 -0.2500  0.0700                     5.5-1  93Se
  34  94   93.959730  -37.511000 -0.2600  0.0700                     0.0 1  94Se
  34  95   94.966307  -31.385000 -0.2700  0.0700                     1.5 1  95Se
  34  96   95.970665  -27.325000 -0.2600  0.0600                     0.0 1  96Se
  34  97   96.977674  -20.797000 -0.2600  0.0600                     0.5 1  97Se
  34  98   97.982497  -16.304000 -0.2700  0.0700                     0.0 1  98Se
  34  99   98.989917   -9.392000 -0.2700  0.0600                     0.5 1  99Se
  34 100   99.995119   -4.547000 -0.2700  0.0600                     0.0 1 100Se
  34 101  101.002827    2.633000 -0.2800  0.0600                     0.5 1 101Se
  34 102  102.008438    7.860000 -0.2600  0.0400                     0.0 1 102Se
  34 103  103.016492   15.362000 -0.2600  0.0400                     0.5 1 103Se
  34 104  104.022206   20.685000 -0.2600  0.0400                     0.0 1 104Se
  34 105  105.030641   28.542000  0.2300 -0.0100                     0.5 1 105Se
  34 106  106.036593   34.086000  0.2600 -0.0100                     0.0 1 106Se
  34 107  107.044988   41.906000  0.2600 -0.0300                     0.5 1 107Se
  34 108  108.051771   48.224000  0.2500 -0.0100                     0.0 1 108Se
  34 109  109.060560   56.411000  0.2400 -0.0100                     0.5 1 109Se
  34 110  110.067685   63.048000  0.2300 -0.0100                     0.0 1 110Se
  34 111  111.076619   71.370000  0.2300  0.0100                     0.5 1 111Se
  34 112  112.084210   78.441000  0.1900 -0.0100                     0.0 1 112Se
  34 113  113.093356   86.961000  0.2200  0.0000                     0.5 1 113Se
  34 114  114.101078   94.154000  0.1500  0.0000                     0.0 1 114Se
  34 115  115.110440  102.874000  0.1900 -0.0100                     0.5 1 115Se
  34 116  116.118726  110.593000  0.1300  0.0100                     0.0 1 116Se
  34 117  117.128290  119.501000 -0.0900  0.0200                     0.5 1 117Se
  34 118  118.136414  127.069000  0.1100  0.0100                     0.0 1 118Se
  34 119  119.145765  135.779000  0.1800  0.0100                     0.5 1 119Se
  34 120  120.154431  143.852000  0.1600  0.0000                     0.0 1 120Se
  34 121  121.164226  152.976000 -0.1600  0.0600                     0.5 1 121Se
  34 122  122.173626  161.732000 -0.1500  0.0500                     0.0 1 122Se
