  37  64   64.039433   36.732000 -0.2400  0.0700                     4.0-1  64Rb
  37  65   65.024191   22.534000 -0.2300  0.0700                     4.5 1  65Rb
  37  66   66.013769   12.826000 -0.2300  0.0500                     3.0-1  66Rb
  37  67   67.001756    1.636000 -0.2400  0.0500                     4.5 1  67Rb
  37  68   67.992893   -6.620000 -0.2500  0.0500                     2.0-1  68Rb
  37  69   68.981976  -16.789000 -0.2400  0.0400                     0.5-1  69Rb
  37  70   69.974994  -23.293000 -0.2500  0.0400                     1.0 1  70Rb
  37  71   70.964742  -32.843000 -0.2500  0.0400                     0.5-1  71Rb
  37  72   71.959095  -38.103000 -0.2700  0.0500                     8.0 1  72Rb
  37  73   72.949772  -46.787000 -0.2500  0.0300                     0.5-1  73Rb
  37  74   73.945378  -50.880000 -0.2400  0.0300                     1.0 1  74Rb
  37  75   74.938126  -57.635000 -0.2200  0.0200                     0.5-1  75Rb
  37  76   75.935556  -60.029000 -0.2000  0.0100                     2.0 1  76Rb
  37  77   76.929830  -65.363000 -0.2300  0.0200                     0.5-1  77Rb
  37  78   77.928762  -66.358000 -0.2200  0.0200                     2.0-1  78Rb
  37  79   78.923529  -71.232000 -0.2200  0.0200                     1.5-1  79Rb
  37  80   79.922775  -71.935000 -0.2100  0.0200                     1.0-1  80Rb
  37  81   80.918453  -75.961000 -0.2200  0.0200                     1.5-1  81Rb
  37  82   81.917996  -76.386000  0.2300  0.0200                     0.0-1  82Rb
  37  83   82.914355  -79.778000  0.1500  0.0200                     2.5-1  83Rb
  37  84   83.914641  -79.511000  0.2000  0.0100                     1.0-1  84Rb
  37  85   84.911897  -82.067000  0.1100  0.0000                     1.5-1  85Rb
  37  86   85.912532  -81.476000  0.1000 -0.0200                     6.0-1  86Rb
  37  87   86.910249  -83.603000 -0.1000  0.0100                     1.5-1  87Rb
  37  88   87.912564  -81.446000 -0.1200  0.0200                     4.0-1  88Rb
  37  89   88.912946  -81.090000 -0.1400  0.0200                     1.5-1  89Rb
  37  90   89.916419  -77.855000 -0.1500  0.0300                     4.0-1  90Rb
  37  91   90.917361  -76.978000 -0.1800  0.0300                     0.5-1  91Rb
  37  92   91.921324  -73.286000 -0.2100  0.0500                     8.0 1  92Rb
  37  93   92.923032  -71.695000 -0.2100  0.0500                     4.5 1  93Rb
  37  94   93.927436  -67.593000 -0.2200  0.0400                     0.0-1  94Rb
  37  95   94.929501  -65.669000 -0.2200  0.0400                     0.5-1  95Rb
  37  96   95.935002  -60.545000 -0.2000  0.0300                     4.0 1  96Rb
  37  97   96.936946  -58.734000 -0.2400  0.0500                     1.5-1  97Rb
  37  98   97.942257  -53.787000 -0.2500  0.0500                     0.0-1  98Rb
  37  99   98.945670  -50.608000  0.4300  0.1800                     1.5 1  99Rb
  37 100   99.951364  -45.304000  0.4000  0.1300                     1.0-1 100Rb
  37 101  100.954187  -42.675000 -0.2600  0.0600                     1.5-1 101Rb
  37 102  101.960477  -36.815000  0.4300  0.1300                     1.0 1 102Rb
  37 103  102.964537  -33.034000  0.4300  0.1300                     1.5 1 103Rb
  37 104  103.970898  -27.108000  0.4100  0.1300                     1.0 1 104Rb
  37 105  104.975368  -22.945000  0.3700  0.0800                     1.5 1 105Rb
  37 106  105.982044  -16.726000  0.4100  0.1200                     1.0-1 106Rb
  37 107  106.986229  -12.828000 -0.2400  0.0200                     4.5 1 107Rb
  37 108  107.993689   -5.879000 -0.2100  0.0200                     1.0-1 108Rb
  37 109  108.998426   -1.466000 -0.2100  0.0200                     4.5 1 109Rb
  37 110  110.005961    5.553000 -0.2100  0.0200                     2.0-1 110Rb
  37 111  111.011021   10.266000 -0.1800  0.0100                     0.5-1 111Rb
  37 112  112.018832   17.542000 -0.1700  0.0000                     7.0 1 112Rb
  37 113  113.024441   22.767000  0.1500  0.0000                     1.5-1 113Rb
  37 114  114.032089   29.891000 -0.1300 -0.0100                     7.0 1 114Rb
  37 115  115.037835   35.243000  0.1200 -0.0100                     1.5-1 115Rb
  37 116  116.046014   42.862000  0.0900  0.0000                     7.0 1 116Rb
  37 117  117.051687   48.146000  0.0700  0.0000                     1.5-1 117Rb
  37 118  118.059820   55.722000  0.0500 -0.0100                     7.0 1 118Rb
  37 119  119.065863   61.351000  0.0300 -0.0100                     1.5-1 119Rb
  37 120  120.075243   70.088000  0.0500  0.0200                     3.0 1 120Rb
  37 121  121.082776   77.105000 -0.0800  0.0200                     1.5-1 121Rb
  37 122  122.091882   85.588000 -0.1000  0.0300                     3.0 1 122Rb
  37 123  123.100250   93.382000 -0.1200  0.0300                     1.5-1 123Rb
  37 124  124.109418  101.922000 -0.1200  0.0300                     1.0 1 124Rb
  37 125  125.117997  109.914000 -0.1300  0.0300                     1.5-1 125Rb
  37 126  126.127905  119.143000 -0.1300  0.0300                     5.0 1 126Rb
  37 127  127.136081  126.759000 -0.1400  0.0300                     1.5-1 127Rb
  37 128  128.146120  136.110000 -0.1300  0.0200                     5.0 1 128Rb
