  40  70   70.035133   32.726000 -0.2200  0.0400                     0.0 1  70Zr
  40  71   71.024962   23.252000 -0.2400  0.0400                     2.5-1  71Zr
  40  72   72.011561   10.769000 -0.2700  0.0600                     0.0 1  72Zr
  40  73   73.002762    2.573000 -0.2700  0.0500                     0.5-1  73Zr
  40  74   73.991004   -8.380000 -0.2400  0.0400                     0.0 1  74Zr
  40  75   74.983233  -15.618000 -0.2000  0.0100                     4.5 1  75Zr
  40  76   75.972125  -25.965000 -0.2300  0.0200                     0.0 1  76Zr
  40  77   76.966730  -30.991000  0.2500  0.0300                     2.5-1  77Zr
  40  78   77.956468  -40.550000  0.1700  0.0000                     0.0 1  78Zr
  40  79   78.950850  -45.783000  0.1400  0.0000                     0.5-1  79Zr
  40  80   79.941738  -54.271000 -0.2200  0.0100                     0.0 1  80Zr
  40  81   80.938226  -57.542000  0.1400  0.0000                     4.5 1  81Zr
  40  82   81.931072  -64.206000 -0.2200  0.0200                     0.0 1  82Zr
  40  83   82.928857  -66.269000 -0.2100  0.0100                     3.5 1  83Zr
  40  84   83.922718  -71.988000  0.1500  0.0200                     0.0 1  84Zr
  40  85   84.921178  -73.422000  0.2200  0.0200                     2.5 1  85Zr
  40  86   85.915898  -78.341000 -0.1300  0.0100                     0.0 1  86Zr
  40  87   86.915251  -78.943000  0.1100  0.0100                     4.5 1  87Zr
  40  88   87.910331  -83.526000 -0.0700  0.0100                     0.0 1  88Zr
  40  89   88.909188  -84.591000  0.0800 -0.0100                     4.5 1  89Zr
  40  90   89.904954  -88.535000  0.0700  0.0000                     0.0 1  90Zr
  40  91   90.906175  -87.397000 -0.1100  0.0200                     2.5 1  91Zr
  40  92   91.905291  -88.221000 -0.0900  0.0100                     0.0 1  92Zr
  40  93   92.907503  -86.160000 -0.1400  0.0300                     2.5 1  93Zr
  40  94   93.906766  -86.847000 -0.1600  0.0200                     0.0 1  94Zr
  40  95   94.909428  -84.367000 -0.1700  0.0300                     3.5 1  95Zr
  40  96   95.909634  -84.175000 -0.1900  0.0300                     0.0 1  96Zr
  40  97   96.912877  -81.155000 -0.2000  0.0300                     1.5 1  97Zr
  40  98   97.913617  -80.465000 -0.2100  0.0300                     0.0 1  98Zr
  40  99   98.917415  -76.927000 -0.2300  0.0400                     5.5-1  99Zr
  40 100   99.918300  -76.103000 -0.2300  0.0400                     0.0 1 100Zr
  40 101  100.922288  -72.388000 -0.2300  0.0400                     1.5 1 101Zr
  40 102  101.923844  -70.939000 -0.2400  0.0400                     0.0 1 102Zr
  40 103  102.928403  -66.692000 -0.2400  0.0300                     2.5 1 103Zr
  40 104  103.930372  -64.858000  0.3800  0.1000                     0.0 1 104Zr
  40 105  104.934986  -60.560000  0.4000  0.1100                     0.5 1 105Zr
  40 106  105.937496  -58.222000 -0.2500  0.0400                     0.0 1 106Zr
  40 107  106.942846  -53.239000 -0.2500  0.0400                     0.5 1 107Zr
  40 108  107.945572  -50.699000 -0.2400  0.0200                     0.0 1 108Zr
  40 109  108.951534  -45.146000 -0.2400  0.0300                     3.5-1 109Zr
  40 110  109.954644  -42.249000 -0.2300  0.0200                     0.0 1 110Zr
  40 111  110.960831  -36.486000 -0.2300  0.0200                     0.5 1 111Zr
  40 112  111.964191  -33.356000 -0.2000  0.0000                     0.0 1 112Zr
  40 113  112.970658  -27.332000 -0.2000  0.0000                     1.5 1 113Zr
  40 114  113.974640  -23.623000 -0.1900  0.0000                     0.0 1 114Zr
  40 115  114.981289  -17.429000 -0.1900  0.0000                     5.5-1 115Zr
  40 116  115.985593  -13.420000 -0.1500 -0.0100                     0.0 1 116Zr
  40 117  116.992537   -6.952000 -0.1400 -0.0100                     5.5-1 117Zr
  40 118  117.997025   -2.771000 -0.1000  0.0000                     0.0 1 118Zr
  40 119  119.004188    3.901000  0.0800  0.0000                     5.5-1 119Zr
  40 120  120.008266    7.700000 -0.0600  0.0000                     0.0 1 120Zr
  40 121  121.015447   14.389000  0.0500  0.0000                     5.5-1 121Zr
  40 122  122.020715   19.296000  0.0000  0.0000                     0.0 1 122Zr
  40 123  123.028836   26.861000 -0.0600  0.0100                     3.5-1 123Zr
  40 124  124.035923   33.462000  0.0500  0.0000                     0.0 1 124Zr
  40 125  125.045099   42.009000  0.0500 -0.0100                     3.5-1 125Zr
  40 126  126.052219   48.642000 -0.0800  0.0000                     0.0 1 126Zr
  40 127  127.061367   57.163000 -0.0700  0.0100                     3.5-1 127Zr
  40 128  128.069006   64.279000 -0.0700  0.0100                     0.0 1 128Zr
  40 129  129.078282   72.919000  0.0700  0.0100                     3.5-1 129Zr
  40 130  130.086077   80.180000 -0.1100  0.0300                     0.0 1 130Zr
  40 131  131.095192   88.671000 -0.1200  0.0200                     1.5-1 131Zr
  40 132  132.103468   96.380000 -0.1200  0.0300                     0.0 1 132Zr
  40 133  133.112964  105.225000  0.0800  0.0000                     1.5-1 133Zr
  40 134  134.121439  113.120000 -0.1300  0.0300                     0.0 1 134Zr
