  44  78   78.036088   33.616000  0.2100  0.0100                     0.0 1  78Ru
  44  79   79.026206   24.411000 -0.1800  0.0100                     0.5 1  79Ru
  44  80   80.013251   12.343000 -0.2100  0.0300                     0.0 1  80Ru
  44  81   81.004436    4.132000 -0.2400  0.0300                     0.5 1  81Ru
  44  82   81.992405   -7.075000 -0.2100  0.0300                     0.0 1  82Ru
  44  83   82.984305  -14.620000  0.0900  0.0100                     0.5 1  83Ru
  44  84   83.973506  -24.679000  0.1100  0.0100                     0.0 1  84Ru
  44  85   84.966899  -30.833000 -0.1100  0.0100                     0.5 1  85Ru
  44  86   85.956318  -40.690000  0.1400  0.0200                     0.0 1  86Ru
  44  87   86.950142  -46.442000  0.0700 -0.0100                     4.5 1  87Ru
  44  88   87.941382  -54.602000  0.1400  0.0300                     0.0 1  88Ru
  44  89   88.936973  -58.709000  0.1700  0.0500                     2.5 1  89Ru
  44  90   89.929292  -65.864000  0.1300  0.0300                     0.0 1  90Ru
  44  91   90.926630  -68.344000  0.1200  0.0100                     4.5 1  91Ru
  44  92   91.919629  -74.865000  0.1200  0.0300                     0.0 1  92Ru
  44  93   92.917056  -77.262000  0.0700 -0.0100                     4.5 1  93Ru
  44  94   93.911047  -82.859000  0.0700  0.0100                     0.0 1  94Ru
  44  95   94.910554  -83.318000 -0.1100  0.0200                     2.5 1  95Ru
  44  96   95.907576  -86.092000 -0.0800  0.0100                     0.0 1  96Ru
  44  97   96.907834  -85.852000  0.1200  0.0100                     2.5 1  97Ru
  44  98   97.905207  -88.299000  0.1600  0.0300                     0.0 1  98Ru
  44  99   98.906228  -87.348000  0.1800  0.0500                     1.5 1  99Ru
  44 100   99.904100  -89.330000  0.2000  0.0400                     0.0 1 100Ru
  44 101  100.905531  -87.997000  0.2000  0.0400                     1.5 1 101Ru
  44 102  101.904158  -89.276000  0.2100  0.0500                     0.0 1 102Ru
  44 103  102.906209  -87.366000  0.1900  0.0100                     2.5 1 103Ru
  44 104  103.905302  -88.211000  0.2400  0.0500                     0.0 1 104Ru
  44 105  104.907803  -85.881000  0.2200  0.0300                     0.5-1 105Ru
  44 106  105.907634  -86.038000  0.2600  0.0600                     0.0 1 106Ru
  44 107  106.910533  -83.338000  0.2200  0.0100                     2.5 1 107Ru
  44 108  107.910595  -83.280000 -0.2300  0.0300                     0.0 1 108Ru
  44 109  108.913818  -80.278000  0.2800  0.0700                     0.5 1 109Ru
  44 110  109.914322  -79.809000 -0.2300  0.0200                     0.0 1 110Ru
  44 111  110.917789  -76.579000 -0.2400  0.0200                     4.5-1 111Ru
  44 112  111.918989  -75.461000 -0.2300  0.0200                     0.0 1 112Ru
  44 113  112.923115  -71.618000 -0.2300  0.0100                     3.5-1 113Ru
  44 114  113.924486  -70.341000 -0.2200  0.0100                     0.0 1 114Ru
  44 115  114.929077  -66.064000 -0.1900  0.0000                     2.5-1 115Ru
  44 116  115.931033  -64.242000 -0.2200  0.0200                     0.0 1 116Ru
  44 117  116.935914  -59.696000  0.2100  0.0300                     0.5 1 117Ru
  44 118  117.938159  -57.605000 -0.1900  0.0000                     0.0 1 118Ru
  44 119  118.943309  -52.807000 -0.2000  0.0100                     1.5 1 119Ru
  44 120  119.945984  -50.316000  0.1400  0.0100                     0.0 1 120Ru
  44 121  120.951008  -45.636000  0.1100  0.0000                     5.5-1 121Ru
  44 122  121.953934  -42.910000  0.1100  0.0000                     0.0 1 122Ru
  44 123  122.959658  -37.578000  0.0800  0.0000                     5.5-1 123Ru
  44 124  123.963495  -34.004000  0.0000  0.0000                     0.0 1 124Ru
  44 125  124.967972  -29.834000  0.0500 -0.0100                     0.5 1 125Ru
  44 126  125.972006  -26.076000  0.0000  0.0000                     0.0 1 126Ru
  44 127  126.979012  -19.550000 -0.0500  0.0100                     0.5 1 127Ru
  44 128  127.985035  -13.940000  0.0800  0.0200                     0.0 1 128Ru
  44 129  128.993122   -6.407000  0.0700  0.0100                     0.5 1 129Ru
  44 130  129.999158   -0.784000  0.0700  0.0200                     0.0 1 130Ru
  44 131  131.007392    6.886000  0.0800  0.0200                     0.5 1 131Ru
  44 132  132.013930   12.976000  0.1000  0.0300                     0.0 1 132Ru
  44 133  133.022374   20.841000  0.1500  0.0300                     0.5 1 133Ru
  44 134  134.029049   27.059000  0.1700  0.0500                     0.0 1 134Ru
  44 135  135.037713   35.129000  0.0800  0.0100                     0.5 1 135Ru
  44 136  136.044730   41.666000  0.1600  0.0400                     0.0 1 136Ru
  44 137  137.053433   49.773000  0.1200  0.0100                     0.5 1 137Ru
  44 138  138.060689   56.531000  0.2100  0.0500                     0.0 1 138Ru
  44 139  139.069499   64.738000  0.1400  0.0200                     0.5 1 139Ru
  44 140  140.077026   71.749000  0.2100  0.0800                     0.0 1 140Ru
  44 141  141.086712   80.772000 -0.1800  0.0300                     0.5 1 141Ru
  44 142  142.093629   87.215000  0.2300  0.0800                     0.0 1 142Ru
  44 143  143.102653   95.621000 -0.2300  0.0500                     0.5 1 143Ru
  44 144  144.110766  103.178000  0.2500  0.0700                     0.0 1 144Ru
  44 145  145.120309  112.067000 -0.2300  0.0500                     0.5 1 145Ru
  44 146  146.128059  119.286000  0.2600  0.0800                     0.0 1 146Ru
  44 147  147.136999  127.614000  0.2600  0.0600                     0.5 1 147Ru
  44 148  148.146064  136.058000 -0.2200  0.0300                     0.0 1 148Ru
  44 149  149.155494  144.842000  0.2400  0.1100                     0.5 1 149Ru
  44 150  150.164343  153.085000 -0.2300  0.0200                     0.0 1 150Ru
