  45  80   80.040097   37.350000  0.1900  0.0100                     1.0 1  80Rh
  45  81   81.026569   24.749000 -0.1800  0.0300                     0.5 1  81Rh
  45  82   82.017171   15.995000 -0.2200  0.0300                     1.0 1  82Rh
  45  83   83.004697    4.375000 -0.1700  0.0200                     0.5 1  83Rh
  45  84   83.996085   -3.647000 -0.1700  0.0100                     1.0 1  84Rh
  45  85   84.984767  -14.189000 -0.2000  0.0100                     0.5 1  85Rh
  45  86   85.977273  -21.170000 -0.1500  0.0100                     1.0 1  86Rh
  45  87   86.966449  -31.253000  0.2400  0.0600                     0.5 1  87Rh
  45  88   87.959764  -37.480000  0.1600  0.0300                     1.0 1  88Rh
  45  89   88.950081  -46.499000  0.1600  0.0400                     4.5 1  89Rh
  45  90   89.944562  -51.640000  0.2100  0.0500                     0.0 1  90Rh
  45  91   90.936314  -59.323000  0.1500  0.0400                     4.5 1  91Rh
  45  92   91.932838  -62.561000  0.1200  0.0200                     1.0 1  92Rh
  45  93   92.925878  -69.044000 -0.0700  0.0100                     4.5 1  93Rh
  45  94   93.921729  -72.909000  0.0800  0.0000                     1.0 1  94Rh
  45  95   94.916337  -77.932000  0.0700  0.0100                     4.5 1  95Rh
  45  96   95.914810  -79.354000 -0.0900  0.0100                     7.0 1  96Rh
  45  97   96.911691  -82.259000  0.1100  0.0300                     4.5 1  97Rh
  45  98   97.911204  -82.713000 -0.1400  0.0200                     7.0 1  98Rh
  45  99   98.907958  -85.737000  0.1900  0.0500                     4.5 1  99Rh
  45 100   99.908426  -85.301000  0.2000  0.0600                     4.0 1 100Rh
  45 101  100.905757  -87.787000  0.2100  0.0500                     2.5 1 101Rh
  45 102  101.906766  -86.847000  0.2100  0.0400                     1.0 1 102Rh
  45 103  102.904836  -88.645000  0.2300  0.0500                     0.5-1 103Rh
  45 104  103.906443  -87.148000  0.2400  0.0400                     1.0-1 104Rh
  45 105  104.905094  -88.404000  0.2300  0.0200                     0.5-1 105Rh
  45 106  105.907060  -86.573000  0.2200  0.0100                     2.0-1 106Rh
  45 107  106.906341  -87.243000  0.2500  0.0300                     0.5-1 107Rh
  45 108  107.908807  -84.946000  0.2600  0.0300                     2.0-1 108Rh
  45 109  108.908666  -85.077000  0.2500  0.0300                     0.5-1 109Rh
  45 110  109.911321  -82.604000  0.2700  0.0500                     1.0-1 110Rh
  45 111  110.911802  -82.156000  0.2700  0.0300                     0.5-1 111Rh
  45 112  111.914761  -79.400000  0.2800  0.0600                     2.0 1 112Rh
  45 113  112.915820  -78.413000 -0.2300  0.0200                     1.5 1 113Rh
  45 114  113.919097  -75.361000  0.2600  0.0200                     2.0-1 114Rh
  45 115  114.920618  -73.944000 -0.2100  0.0200                     1.5 1 115Rh
  45 116  115.924435  -70.388000  0.2500  0.0000                     3.0 1 116Rh
  45 117  116.926173  -68.769000 -0.2100  0.0100                     1.5 1 117Rh
  45 118  117.930617  -64.630000 -0.1900  0.0100                     0.0 1 118Rh
  45 119  118.932482  -62.893000 -0.1400 -0.0100                     4.5 1 119Rh
  45 120  119.936940  -58.740000  0.1700  0.0200                     3.0-1 120Rh
  45 121  120.939068  -56.758000  0.1700  0.0100                     2.5 1 121Rh
  45 122  121.943753  -52.394000  0.1200  0.0100                     1.0-1 122Rh
  45 123  122.946514  -49.822000  0.0900  0.0000                     4.5 1 123Rh
  45 124  123.951497  -45.180000  0.0800  0.0000                     1.0-1 124Rh
  45 125  124.954115  -42.742000 -0.0500  0.0000                     4.5 1 125Rh
  45 126  125.958628  -38.538000  0.0600  0.0000                     1.0-1 126Rh
  45 127  126.962019  -35.379000 -0.0300  0.0000                     0.5 1 127Rh
  45 128  127.969198  -28.692000  0.0400  0.0100                     1.0 1 128Rh
  45 129  128.975136  -23.161000  0.0600  0.0100                     0.5 1 129Rh
  45 130  129.982816  -16.007000  0.0700  0.0100                     1.0 1 130Rh
  45 131  130.988893  -10.346000  0.1000  0.0300                     0.5 1 131Rh
  45 132  131.996771   -3.008000  0.0800  0.0200                     1.0 1 132Rh
  45 133  133.003050    2.841000  0.1100  0.0300                     0.5 1 133Rh
  45 134  134.011122   10.360000  0.1300  0.0400                     1.0 1 134Rh
  45 135  135.017824   16.603000  0.1500  0.0400                     0.5 1 135Rh
  45 136  136.025953   24.175000  0.1600  0.0300                     1.0 1 136Rh
  45 137  137.032615   30.381000  0.1900  0.0800                     0.5 1 137Rh
  45 138  138.041161   38.341000  0.2300  0.0600                     1.0 1 138Rh
  45 139  139.048146   44.848000  0.2000  0.0800                     0.5 1 139Rh
  45 140  140.056410   52.546000  0.2000  0.0700                     1.0 1 140Rh
  45 141  141.063600   59.243000  0.2200  0.0500                     0.5 1 141Rh
  45 142  142.072157   67.214000  0.2400  0.0700                     1.0 1 142Rh
  45 143  143.079835   74.366000  0.2800  0.1100                     0.5 1 143Rh
  45 144  144.088407   82.351000  0.2100  0.0900                     1.0 1 144Rh
  45 145  145.096071   89.490000  0.2700  0.0900                     0.5 1 145Rh
  45 146  146.105082   97.883000  0.2800  0.0600                     1.0 1 146Rh
  45 147  147.113036  105.292000  0.2800  0.0600                     0.5 1 147Rh
  45 148  148.122196  113.825000  0.2700  0.0800                     1.0 1 148Rh
  45 149  149.130343  121.414000  0.2700  0.0700                     0.5 1 149Rh
  45 150  150.139973  130.384000  0.2800  0.0500                     1.0 1 150Rh
  45 151  151.148142  137.993000  0.2700  0.0300                     0.5 1 151Rh
  45 152  152.157772  146.964000  0.2600  0.0500                     1.0 1 152Rh
