  49  88   88.042623   39.703000  0.0900  0.0000                     4.0-1  88In
  49  89   89.028872   26.894000  0.1600  0.0100                     4.5 1  89In
  49  90   90.019692   18.343000 -0.1000  0.0100                     1.0 1  90In
  49  91   91.006520    6.073000  0.1200  0.0100                     4.5 1  91In
  49  92   91.997404   -2.418000  0.0700 -0.0200                     1.0 1  92In
  49  93   92.985803  -13.224000  0.1200  0.0200                     4.5 1  93In
  49  94   93.977380  -21.070000  0.0900  0.0000                     1.0 1  94In
  49  95   94.966255  -31.433000  0.1000  0.0100                     4.5 1  95In
  49  96   95.959182  -38.022000  0.0800 -0.0100                     1.0 1  96In
  49  97   96.949128  -47.387000  0.0800  0.0000                     4.5 1  97In
  49  98   97.942826  -53.257000  0.0700 -0.0100                     1.0 1  98In
  49  99   98.934275  -61.222000  0.0600  0.0000                     4.5 1  99In
  49 100   99.931617  -63.698000  0.0500  0.0100                     7.0 1 100In
  49 101  100.925969  -68.959000  0.0800  0.0100                     4.5 1 101In
  49 102  101.924284  -70.529000  0.0800 -0.0100                     7.0 1 102In
  49 103  102.919939  -74.576000  0.0800  0.0000                     4.5 1 103In
  49 104  103.918587  -75.836000  0.1000  0.0100                     7.0 1 104In
  49 105  104.914820  -79.345000  0.1000  0.0000                     4.5 1 105In
  49 106  105.914531  -79.614000  0.1400  0.0300                     1.0 1 106In
  49 107  106.910917  -82.980000  0.1500  0.0100                     4.5 1 107In
  49 108  107.910358  -83.501000  0.1500  0.0000                     1.0 1 108In
  49 109  108.907484  -86.178000  0.1600  0.0100                     4.5 1 109In
  49 110  109.907846  -85.841000  0.1500 -0.0100                     1.0 1 110In
  49 111  110.905258  -88.252000  0.1600 -0.0100                     4.5 1 111In
  49 112  111.906147  -87.424000  0.2300  0.0300                     4.0 1 112In
  49 113  112.904222  -89.217000  0.1600 -0.0100                     4.5 1 113In
  49 114  113.905216  -88.291000  0.2300  0.0200                     5.0 1 114In
  49 115  114.903744  -89.662000  0.1600 -0.0200                     4.5 1 115In
  49 116  115.905849  -87.701000  0.2800  0.0600                     0.0 1 116In
  49 117  116.904625  -88.841000  0.1000 -0.0300                     4.5 1 117In
  49 118  117.906247  -87.330000  0.1000 -0.0100                     3.0 1 118In
  49 119  118.905711  -87.830000  0.1100 -0.0100                     4.5 1 119In
  49 120  119.907638  -86.035000  0.0900  0.0000                     1.0-1 120In
  49 121  120.907667  -86.008000  0.0900 -0.0300                     4.5 1 121In
  49 122  121.909696  -84.118000  0.0900 -0.0200                     1.0-1 122In
  49 123  122.909706  -84.108000  0.0800 -0.0300                     4.5 1 123In
  49 124  123.912319  -81.674000  0.0800  0.0000                     1.0-1 124In
  49 125  124.912680  -81.338000  0.0600 -0.0100                     4.5 1 125In
  49 126  125.915341  -78.859000  0.0700 -0.0100                     1.0-1 126In
  49 127  126.916506  -77.774000  0.0500 -0.0200                     4.5 1 127In
  49 128  127.919820  -74.687000  0.0400 -0.0100                     1.0-1 128In
  49 129  128.921566  -73.061000  0.0000  0.0000                     4.5 1 129In
  49 130  129.923801  -70.979000  0.0500 -0.0100                     1.0-1 130In
  49 131  130.925875  -69.047000  0.0000  0.0000                     4.5 1 131In
  49 132  131.932488  -62.887000  0.0000  0.0000                     8.0-1 132In
  49 133  132.935744  -59.854000  0.0500  0.0000                     4.5 1 133In
  49 134  133.942497  -53.564000  0.0600 -0.0100                     8.0-1 134In
  49 135  134.947334  -49.058000  0.0700  0.0000                     4.5 1 135In
  49 136  135.954252  -42.614000  0.0700  0.0000                     8.0-1 136In
  49 137  136.959449  -37.773000  0.0800  0.0100                     4.5 1 137In
  49 138  137.966804  -30.922000  0.0600 -0.0100                     8.0-1 138In
  49 139  138.972225  -25.872000  0.1000  0.0100                     4.5 1 139In
  49 140  139.979354  -19.232000  0.0800  0.0100                     6.0-1 140In
  49 141  140.985478  -13.527000  0.1000  0.0000                     4.5 1 141In
  49 142  141.993110   -6.418000  0.1100  0.0000                     6.0-1 142In
  49 143  142.999060   -0.876000  0.1100  0.0000                     4.5 1 143In
  49 144  144.006463    6.020000  0.1200  0.0100                     4.0-1 144In
  49 145  145.012693   11.823000  0.2400  0.1100                     3.5 1 145In
  49 146  146.020673   19.257000  0.2200  0.0700                     3.0-1 146In
  49 147  147.026408   24.599000  0.2500  0.0900                     3.5 1 147In
  49 148  148.034418   32.060000  0.3000  0.1300                     1.0-1 148In
  49 149  149.040540   37.763000  0.2700  0.0900                     3.5 1 149In
  49 150  150.048642   45.310000  0.2700  0.0500                     1.0-1 150In
  49 151  151.055059   51.287000  0.2700  0.0700                     3.5 1 151In
  49 152  152.063581   59.225000  0.2800  0.0400                     1.0 1 152In
  49 153  153.070488   65.659000  0.2600  0.0600                     3.5 1 153In
  49 154  154.078566   73.184000  0.2600  0.0600                     3.0-1 154In
  49 155  155.085798   79.920000  0.2700  0.0300                     0.5 1 155In
  49 156  156.094349   87.886000  0.2600  0.0300                     3.0-1 156In
  49 157  157.101871   94.892000  0.2600  0.0300                     3.5 1 157In
  49 158  158.110678  103.096000  0.2600  0.0200                     1.0-1 158In
  49 159  159.118259  110.158000  0.2500  0.0200                     0.5 1 159In
  49 160  160.127098  118.391000  0.1700  0.0000                     2.0-1 160In
  49 161  161.134249  125.052000  0.1600 -0.0200                     0.5 1 161In
  49 162  162.143390  133.567000  0.1100 -0.0100                     2.0 1 162In
  49 163  163.150682  140.359000  0.1400 -0.0300                     4.5 1 163In
  49 164  164.159608  148.674000  0.0900 -0.0200                     2.0 1 164In
  49 165  165.167334  155.871000  0.0900 -0.0200                     4.5 1 165In
