  50  90   90.041685   38.829000  0.0000  0.0000                     0.0 1  90Sn
  50  91   91.029468   27.449000 -0.0900  0.0100                     4.5 1  91Sn
  50  92   92.018028   16.793000  0.0000  0.0000                     0.0 1  92Sn
  50  93   93.006377    5.940000  0.1500  0.0300                     4.5 1  93Sn
  50  94   93.995977   -3.747000  0.0000  0.0000                     0.0 1  94Sn
  50  95   94.985650  -13.367000  0.0800  0.0100                     4.5 1  95Sn
  50  96   95.973804  -24.401000 -0.0900  0.0200                     0.0 1  96Sn
  50  97   96.966688  -31.030000  0.0700  0.0100                     4.5 1  97Sn
  50  98   97.956990  -40.064000  0.0000  0.0000                     0.0 1  98Sn
  50  99   98.948592  -47.886000  0.0600 -0.0100                     4.5 1  99Sn
  50 100   99.940374  -55.541000  0.0000  0.0000                     0.0 1 100Sn
  50 101  100.935806  -59.796000 -0.0700  0.0200                     2.5 1 101Sn
  50 102  101.930081  -65.129000  0.0400  0.0000                     0.0 1 102Sn
  50 103  102.927947  -67.117000 -0.0900  0.0300                     2.5 1 103Sn
  50 104  103.923318  -71.429000  0.0400  0.0000                     0.0 1 104Sn
  50 105  104.921695  -72.941000 -0.0500  0.0100                     2.5 1 105Sn
  50 106  105.917277  -77.056000  0.0600  0.0100                     0.0 1 106Sn
  50 107  106.915765  -78.464000 -0.0900  0.0100                     3.5 1 107Sn
  50 108  107.912144  -81.837000  0.1700  0.0300                     0.0 1 108Sn
  50 109  108.911481  -82.455000  0.1300  0.0300                     3.5 1 109Sn
  50 110  109.908331  -85.389000  0.1600  0.0200                     0.0 1 110Sn
  50 111  110.908298  -85.420000  0.1600  0.0100                     0.5-1 111Sn
  50 112  111.905450  -88.073000  0.1800  0.0100                     0.0 1 112Sn
  50 113  112.905762  -87.782000  0.1600  0.0100                     0.5-1 113Sn
  50 114  113.903459  -89.927000  0.1500  0.0100                     0.0 1 114Sn
  50 115  114.904075  -89.354000 -0.1400  0.0200                     0.5 1 115Sn
  50 116  115.902270  -91.035000 -0.1300  0.0200                     0.0 1 116Sn
  50 117  116.903544  -89.848000 -0.1000  0.0000                     1.5 1 117Sn
  50 118  117.901827  -91.448000 -0.1000  0.0000                     0.0 1 118Sn
  50 119  118.903450  -89.936000 -0.0800 -0.0100                     1.5 1 119Sn
  50 120  119.902014  -91.273000 -0.1000  0.0100                     0.0 1 120Sn
  50 121  120.904054  -89.373000  0.0600 -0.0200                     5.5-1 121Sn
  50 122  121.903143  -90.222000 -0.0800  0.0100                     0.0 1 122Sn
  50 123  122.905229  -88.279000  0.0700  0.0000                     5.5-1 123Sn
  50 124  123.904805  -88.674000  0.0700  0.0000                     0.0 1 124Sn
  50 125  124.907265  -86.382000 -0.0700  0.0100                     5.5-1 125Sn
  50 126  125.907390  -86.266000  0.0300  0.0000                     0.0 1 126Sn
  50 127  126.909999  -83.835000 -0.0600  0.0000                     5.5-1 127Sn
  50 128  127.909754  -84.064000  0.0400 -0.0100                     0.0 1 128Sn
  50 129  128.913433  -80.637000  0.0000  0.0000                     5.5-1 129Sn
  50 130  129.913732  -80.358000  0.0000  0.0000                     0.0 1 130Sn
  50 131  130.916869  -77.436000  0.0000  0.0000                     5.5-1 131Sn
  50 132  131.917271  -77.062000  0.0000  0.0000                     0.0 1 132Sn
  50 133  132.923621  -71.147000  0.0000  0.0000                     3.5-1 133Sn
  50 134  133.927726  -67.323000  0.0000  0.0000                     0.0 1 134Sn
  50 135  134.933937  -61.537000  0.0500  0.0100                     3.5-1 135Sn
  50 136  135.938021  -57.733000 -0.0600  0.0100                     0.0 1 136Sn
  50 137  136.945051  -51.185000  0.0600  0.0100                     3.5-1 137Sn
  50 138  137.949750  -46.808000 -0.0600  0.0100                     0.0 1 138Sn
  50 139  138.956601  -40.426000  0.0500  0.0100                     3.5-1 139Sn
  50 140  139.961968  -35.427000  0.0800  0.0200                     0.0 1 140Sn
  50 141  140.968777  -29.084000  0.0800  0.0100                     1.5-1 141Sn
  50 142  141.974566  -23.692000  0.1000  0.0200                     0.0 1 142Sn
  50 143  142.981886  -16.873000  0.1000  0.0100                     0.5-1 143Sn
  50 144  143.987449  -11.691000  0.1000  0.0300                     0.0 1 144Sn
  50 145  144.994631   -5.001000  0.1000  0.0300                     0.5-1 145Sn
  50 146  146.000896    0.835000  0.1200  0.0500                     0.0 1 146Sn
  50 147  147.008462    7.882000  0.2000  0.0800                     0.5-1 147Sn
  50 148  148.014470   13.479000  0.2700  0.1000                     0.0 1 148Sn
  50 149  149.021948   20.444000  0.3000  0.1100                     2.5 1 149Sn
  50 150  150.027905   25.993000  0.2700  0.0800                     0.0 1 150Sn
  50 151  151.035616   33.176000  0.2700  0.0700                     2.5-1 151Sn
  50 152  152.041867   38.999000  0.2700  0.0700                     0.0 1 152Sn
  50 153  153.049965   46.542000  0.2100  0.0300                     3.5 1 153Sn
  50 154  154.056355   52.494000  0.2700  0.0700                     0.0 1 154Sn
  50 155  155.064343   59.935000  0.2600  0.0600                     0.5-1 155Sn
  50 156  156.071428   66.535000  0.2700  0.0600                     0.0 1 156Sn
  50 157  157.079746   74.283000  0.2600  0.0400                     3.5-1 157Sn
  50 158  158.086943   80.987000  0.2300  0.0200                     0.0 1 158Sn
  50 159  159.095484   88.943000  0.2200  0.0100                     1.5-1 159Sn
  50 160  160.102779   95.738000  0.2100  0.0200                     0.0 1 160Sn
  50 161  161.110992  103.388000 -0.1000  0.0300                     2.5-1 161Sn
  50 162  162.118384  110.274000 -0.1200  0.0000                     0.0 1 162Sn
  50 163  163.126987  118.288000 -0.0800  0.0000                     6.5 1 163Sn
  50 164  164.134237  125.041000  0.0800 -0.0200                     0.0 1 164Sn
  50 165  165.142633  132.862000  0.0600  0.0100                     6.5 1 165Sn
  50 166  166.150035  139.757000  0.0700 -0.0100                     0.0 1 166Sn
  50 167  167.158621  147.755000  0.0800  0.0100                     6.5 1 167Sn
  50 168  168.166235  154.847000  0.0600  0.0000                     0.0 1 168Sn
  50 169  169.175293  163.284000 -0.0800  0.0000                     6.5 1 169Sn
  50 170  170.182398  169.903000  0.0500 -0.0100                     0.0 1 170Sn
  50 171  171.191790  178.651000  0.0500 -0.0100                     6.5 1 171Sn
  50 172  172.198968  185.338000  0.0300 -0.0100                     0.0 1 172Sn
  50 173  173.208391  194.115000  0.0300 -0.0100                     6.5 1 173Sn
  50 174  174.216161  201.353000  0.0000  0.0000                     0.0 1 174Sn
  50 175  175.225413  209.971000 -0.0400 -0.0100                     6.5 1 175Sn
  50 176  176.233070  217.103000  0.0000  0.0000                     0.0 1 176Sn
  50 177  177.242171  225.581000  0.0300  0.0300                     0.5 1 177Sn
  50 178  178.252229  234.950000  0.0000  0.0000                     0.0 1 178Sn
