  51  92   92.048304   44.995000 -0.1000  0.0100                     1.0 1  92Sb
  51  93   93.030782   28.673000  0.0800  0.0300                     0.5 1  93Sb
  51  94   94.020426   19.027000  0.1000  0.0300                     1.0 1  94Sb
  51  95   95.008409    7.833000  0.0800  0.0200                     0.5 1  95Sb
  51  96   95.999720   -0.261000  0.0900  0.0300                     1.0 1  96Sb
  51  97   96.987219  -11.905000  0.1000  0.0300                     0.5 1  97Sb
  51  98   97.979314  -19.269000  0.0900  0.0400                     1.0 1  98Sb
  51  99   98.968187  -29.634000  0.0800  0.0200                     0.5 1  99Sb
  51 100   99.960008  -37.252000  0.0700  0.0100                     1.0 1 100Sb
  51 101  100.950736  -45.889000 -0.0400  0.0100                     0.5 1 101Sb
  51 102  101.946060  -50.245000  0.0900  0.0400                     1.0 1 102Sb
  51 103  102.939763  -56.110000 -0.0800  0.0200                     2.5 1 103Sb
  51 104  103.936981  -58.702000  0.1100  0.0300                     5.0 1 104Sb
  51 105  104.931100  -64.180000 -0.1000  0.0300                     2.5 1 105Sb
  51 106  105.929352  -65.808000  0.1300  0.0600                     5.0 1 106Sb
  51 107  106.924292  -70.522000  0.2000  0.0700                     0.5 1 107Sb
  51 108  107.923037  -71.691000  0.2000  0.0300                     1.0 1 108Sb
  51 109  108.918322  -76.083000  0.2100  0.0300                     0.5 1 109Sb
  51 110  109.917452  -76.893000  0.1900  0.0200                     2.0 1 110Sb
  51 111  110.913686  -80.401000  0.2200  0.0300                     4.5 1 111Sb
  51 112  111.913029  -81.013000  0.2200  0.0300                     2.0 1 112Sb
  51 113  112.909885  -83.942000  0.2100  0.0200                     0.5 1 113Sb
  51 114  113.909599  -84.208000  0.2100  0.0000                     3.0-1 114Sb
  51 115  114.906764  -86.849000  0.2200  0.0200                     4.5 1 115Sb
  51 116  115.906922  -86.702000  0.2500  0.0300                     5.0 1 116Sb
  51 117  116.904823  -88.657000 -0.1700  0.0400                     2.5 1 117Sb
  51 118  117.905851  -87.699000 -0.1500  0.0300                     1.0 1 118Sb
  51 119  118.903395  -89.987000 -0.1500  0.0300                     2.5 1 119Sb
  51 120  119.904566  -88.896000 -0.1600  0.0200                     1.0 1 120Sb
  51 121  120.903042  -90.316000 -0.1600  0.0300                     2.5 1 121Sb
  51 122  121.904767  -88.709000 -0.1300  0.0100                     8.0-1 122Sb
  51 123  122.903405  -89.978000 -0.1400  0.0200                     3.5 1 123Sb
  51 124  123.905535  -87.994000 -0.1200  0.0100                     2.0-1 124Sb
  51 125  124.904693  -88.778000 -0.1000  0.0100                     3.5 1 125Sb
  51 126  125.906845  -86.773000 -0.0900  0.0100                     2.0-1 126Sb
  51 127  126.906291  -87.289000 -0.0900  0.0100                     3.5 1 127Sb
  51 128  127.908923  -84.838000 -0.0900  0.0000                     2.0-1 128Sb
  51 129  128.908516  -85.217000 -0.0800  0.0100                     3.5 1 129Sb
  51 130  129.911603  -82.341000  0.0400  0.0200                     2.0-1 130Sb
  51 131  130.911213  -82.705000 -0.0500  0.0100                     3.5 1 131Sb
  51 132  131.914028  -80.082000  0.0400  0.0000                     2.0-1 132Sb
  51 133  132.914566  -79.581000 -0.0300  0.0100                     3.5 1 133Sb
  51 134  133.920140  -74.389000 -0.0500  0.0100                     1.0-1 134Sb
  51 135  134.923989  -70.804000 -0.0500  0.0100                     3.5 1 135Sb
  51 136  135.930362  -64.867000  0.0700  0.0400                     1.0-1 136Sb
  51 137  136.934383  -61.122000 -0.0600  0.0200                     3.5 1 137Sb
  51 138  137.940629  -55.304000  0.0800  0.0300                     1.0-1 138Sb
  51 139  138.945167  -51.077000  0.0900  0.0500                     3.5 1 139Sb
  51 140  139.951985  -44.726000 -0.1000  0.0300                     1.0-1 140Sb
  51 141  140.956606  -40.421000 -0.1000  0.0400                     0.5 1 141Sb
  51 142  141.963598  -33.908000 -0.1000  0.0400                     1.0 1 142Sb
  51 143  142.968848  -29.018000  0.1300  0.0400                     0.5 1 143Sb
  51 144  143.975341  -22.970000  0.1300  0.0600                     1.0 1 144Sb
  51 145  144.980804  -17.881000  0.2500  0.1300                     0.5 1 145Sb
  51 146  145.987465  -11.676000  0.2400  0.1200                     1.0 1 146Sb
  51 147  146.992610   -6.884000  0.2800  0.1400                     0.5 1 147Sb
  51 148  148.000284    0.265000  0.3000  0.1200                     1.0 1 148Sb
  51 149  149.005461    5.087000  0.3000  0.0900                     0.5 1 149Sb
  51 150  150.012222   11.385000  0.2800  0.1300                     1.0 1 150Sb
  51 151  151.018311   17.057000  0.3200  0.1000                     0.5 1 151Sb
  51 152  152.025722   23.960000  0.3000  0.0600                     1.0 1 152Sb
  51 153  153.031343   29.196000  0.3000  0.0800                     0.5 1 153Sb
  51 154  154.039530   36.822000  0.3100  0.0700                     1.0 1 154Sb
  51 155  155.045254   42.154000  0.3000  0.0700                     0.5 1 155Sb
  51 156  156.052878   49.256000  0.2800  0.0400                     1.0 1 156Sb
  51 157  157.059916   55.811000  0.2500  0.0500                     0.5 1 157Sb
  51 158  158.067956   63.301000  0.2500  0.0400                     1.0 1 158Sb
  51 159  159.074904   69.773000  0.2800  0.0300                     0.5 1 159Sb
  51 160  160.083317   77.609000  0.1900  0.0000                     1.0 1 160Sb
  51 161  161.090704   84.490000 -0.1600  0.0200                     0.5 1 161Sb
  51 162  162.099053   92.267000 -0.1500  0.0200                     1.0 1 162Sb
  51 163  163.105944   98.686000 -0.1400  0.0100                     0.5 1 163Sb
  51 164  164.114322  106.490000 -0.1100  0.0200                     1.0 1 164Sb
  51 165  165.121179  112.878000 -0.1300  0.0100                     0.5 1 165Sb
  51 166  166.129580  120.703000 -0.1000  0.0000                     1.0 1 166Sb
  51 167  167.136761  127.392000 -0.1100  0.0100                     0.5 1 167Sb
  51 168  168.145913  135.917000  0.0800  0.0100                     1.0 1 168Sb
  51 169  169.152629  142.173000 -0.1000  0.0100                     0.5 1 169Sb
  51 170  170.161348  150.295000 -0.0900  0.0100                     1.0 1 170Sb
  51 171  171.168646  157.093000 -0.0800  0.0100                     0.5 1 171Sb
  51 172  172.177523  165.362000 -0.0700  0.0100                     1.0 1 172Sb
  51 173  173.184914  172.246000 -0.0500  0.0100                     0.5 1 173Sb
  51 174  174.193986  180.697000  0.0500  0.0000                     1.0 1 174Sb
  51 175  175.201026  187.255000 -0.0400  0.0100                     0.5 1 175Sb
  51 176  176.210142  195.746000 -0.0400  0.0000                     1.0 1 176Sb
  51 177  177.218184  203.237000  0.0000  0.0000                     0.5 1 177Sb
  51 178  178.226760  211.226000  0.0400  0.0300                     1.0 1 178Sb
  51 179  179.236474  220.274000 -0.0400  0.0100                     0.5 1 179Sb
  51 180  180.246504  229.617000  0.0500  0.0400                     1.0 1 180Sb
