  53  96   96.047469   44.217000  0.1900  0.0400                     1.0 1  96I 
  53  97   97.034438   32.079000  0.1200  0.0100                     0.5 1  97I 
  53  98   98.024875   23.171000  0.1800  0.0700                     1.0 1  98I 
  53  99   99.012256   11.416000  0.1100  0.0100                     0.5 1  99I 
  53 100  100.002821    2.628000  0.1600  0.0200                     1.0 1 100I 
  53 101  100.991577   -7.846000  0.1300  0.0400                     0.5 1 101I 
  53 102  101.982706  -16.109000  0.0800 -0.0100                     1.0 1 102I 
  53 103  102.972723  -25.408000  0.0700  0.0100                     0.5 1 103I 
  53 104  103.966496  -31.209000 -0.0900  0.0200                     1.0 1 104I 
  53 105  104.958590  -38.573000  0.1200  0.0200                     0.5 1 105I 
  53 106  105.953968  -42.879000  0.1700  0.0600                     1.0 1 106I 
  53 107  106.946710  -49.639000  0.1800  0.0500                     0.5 1 107I 
  53 108  107.943434  -52.691000  0.1900  0.0400                     2.0 1 108I 
  53 109  108.937160  -58.535000  0.2000  0.0800                     0.5 1 109I 
  53 110  109.934885  -60.654000  0.2100  0.0400                     1.0 1 110I 
  53 111  110.929559  -65.615000  0.2000  0.0400                     0.5 1 111I 
  53 112  111.927666  -67.379000  0.2300  0.0600                     0.0-1 112I 
  53 113  112.923097  -71.635000  0.2300  0.0500                     0.5 1 113I 
  53 114  113.921723  -72.915000  0.3000  0.0900                     1.0 1 114I 
  53 115  114.917639  -76.719000  0.2600  0.0700                     0.5 1 115I 
  53 116  115.916668  -77.623000  0.2900  0.0700                     2.0 1 116I 
  53 117  116.912943  -81.093000  0.3000  0.0900                     0.5 1 117I 
  53 118  117.912230  -81.757000  0.3000  0.0800                     3.0-1 118I 
  53 119  118.909243  -84.540000  0.3000  0.0800                     0.5 1 119I 
  53 120  119.909055  -84.715000  0.3000  0.0700                     0.0 1 120I 
  53 121  120.906677  -86.930000  0.2900  0.0600                     1.5 1 121I 
  53 122  121.906925  -86.699000  0.2600  0.0500                     1.0 1 122I 
  53 123  122.905189  -88.316000  0.2500  0.0500                     1.5 1 123I 
  53 124  123.906100  -87.467000 -0.1700  0.0300                     2.0 1 124I 
  53 125  124.904460  -88.995000 -0.1700  0.0300                     2.5 1 125I 
  53 126  125.905448  -88.075000 -0.1700  0.0300                     1.0 1 126I 
  53 127  126.904143  -89.290000  0.1700  0.0200                     1.5 1 127I 
  53 128  127.905485  -88.040000  0.1600  0.0100                     2.0-1 128I 
  53 129  128.904812  -88.667000  0.1400  0.0100                     3.5 1 129I 
  53 130  129.906413  -87.176000  0.1300  0.0100                     2.0-1 130I 
  53 131  130.906056  -87.508000  0.1100  0.0100                     3.5 1 131I 
  53 132  131.908097  -85.607000  0.0900  0.0000                     2.0-1 132I 
  53 133  132.907919  -85.773000  0.0700  0.0100                     3.5 1 133I 
  53 134  133.909672  -84.140000  0.0600 -0.0100                     2.0-1 134I 
  53 135  134.910116  -83.726000  0.0500  0.0100                     3.5 1 135I 
  53 136  135.914637  -79.515000  0.0700  0.0300                     1.0-1 136I 
  53 137  136.917850  -76.522000  0.0600  0.0000                     3.5 1 137I 
  53 138  137.923165  -71.571000  0.1000  0.0400                     1.0-1 138I 
  53 139  138.926450  -68.511000  0.1200  0.0600                     3.5 1 139I 
  53 140  139.931947  -63.391000  0.1300  0.0800                     1.0-1 140I 
  53 141  140.935204  -60.357000  0.1500  0.0700                     3.5 1 141I 
  53 142  141.941184  -54.787000  0.1900  0.1000                     1.0-1 142I 
  53 143  142.944468  -51.728000  0.1900  0.0900                     1.5 1 143I 
  53 144  143.950640  -45.979000  0.2000  0.0900                     0.0-1 144I 
  53 145  144.954127  -42.730000  0.2200  0.1100                     1.5 1 145I 
  53 146  145.960396  -36.891000  0.2200  0.1000                     1.0 1 146I 
  53 147  146.964468  -33.098000  0.2400  0.1200                     0.5 1 147I 
  53 148  147.970723  -27.271000  0.2400  0.1200                     1.0 1 148I 
  53 149  148.975325  -22.985000  0.2500  0.1100                     0.5 1 149I 
  53 150  149.981654  -17.089000  0.2400  0.0800                     1.0 1 150I 
  53 151  150.986603  -12.479000  0.2800  0.0800                     0.5 1 151I 
  53 152  151.993061   -6.464000  0.2900  0.0900                     1.0 1 152I 
  53 153  152.998163   -1.711000  0.2900  0.0700                     0.5 1 153I 
  53 154  154.005288    4.926000  0.2700  0.0800                     1.0 1 154I 
  53 155  155.010315    9.608000  0.2900  0.0600                     0.5 1 155I 
  53 156  156.017348   16.160000  0.2400  0.0700                     1.0 1 156I 
  53 157  157.023151   21.565000  0.2900  0.0500                     0.5 1 157I 
  53 158  158.030510   28.420000  0.2500  0.0600                     1.0 1 158I 
  53 159  159.036313   33.825000  0.2700  0.0400                     0.5 1 159I 
  53 160  160.044173   41.147000  0.2500  0.0000                     1.0 1 160I 
  53 161  161.050287   46.842000  0.2600  0.0300                     0.5 1 161I 
  53 162  162.057967   53.996000  0.2400  0.0300                     1.0 1 162I 
  53 163  163.064740   60.305000  0.2600  0.0100                     0.5 1 163I 
  53 164  164.072621   67.646000  0.2500  0.0100                     1.0 1 164I 
  53 165  165.079589   74.137000  0.2500  0.0100                     0.5 1 165I 
  53 166  166.088005   81.976000  0.2500  0.0100                     1.0 1 166I 
  53 167  167.094795   88.301000 -0.1800  0.0200                     0.5 1 167I 
  53 168  168.102923   95.872000  0.1900  0.0100                     1.0 1 168I 
  53 169  169.109873  102.346000 -0.1700  0.0200                     0.5 1 169I 
  53 170  170.118179  110.083000 -0.1600  0.0100                     1.0 1 170I 
  53 171  171.125193  116.617000  0.0800 -0.0300                     0.5 1 171I 
  53 172  172.134120  124.932000  0.1100  0.0000                     1.0 1 172I 
  53 173  173.140684  131.046000  0.0800 -0.0100                     0.5 1 173I 
  53 174  174.148793  138.600000  0.0700 -0.0200                     1.0 1 174I 
  53 175  175.155797  145.124000  0.0600 -0.0200                     0.5 1 175I 
  53 176  176.164465  153.198000  0.0400 -0.0200                     1.0 1 176I 
  53 177  177.171320  159.584000  0.0400  0.0000                     0.5 1 177I 
  53 178  178.179932  167.606000 -0.0400 -0.0100                     1.0 1 178I 
  53 179  179.186837  174.038000  0.0000  0.0000                     0.5 1 179I 
  53 180  180.196191  182.751000  0.0400  0.0200                     1.0 1 180I 
  53 181  181.205560  191.478000  0.0400  0.0000                     0.5 1 181I 
  53 182  182.215280  200.532000  0.0400  0.0000                     1.0 1 182I 
  53 183  183.224537  209.155000  0.0500  0.0400                     0.5 1 183I 
  53 184  184.234074  218.039000  0.0700  0.0500                     1.0 1 184I 
