  54  98   98.047485   44.232000  0.1800  0.0600                     0.0 1  98Xe
  54  99   99.037635   35.057000  0.2200  0.0600                     2.5 1  99Xe
  54 100  100.024290   22.626000  0.1600  0.0400                     0.0 1 100Xe
  54 101  101.015383   14.329000  0.2000  0.0400                     4.5 1 101Xe
  54 102  102.001740    1.621000  0.1500  0.0500                     0.0 1 102Xe
  54 103  102.993507   -6.048000  0.1000  0.0100                     4.5 1 103Xe
  54 104  103.981853  -16.904000 -0.0800  0.0300                     0.0 1 104Xe
  54 105  104.975634  -22.697000 -0.1100  0.0300                     2.5 1 105Xe
  54 106  105.967156  -30.594000  0.1100  0.0100                     0.0 1 106Xe
  54 107  106.961831  -35.554000  0.1600  0.0400                     0.5 1 107Xe
  54 108  107.953962  -42.884000  0.1700  0.0800                     0.0 1 108Xe
  54 109  108.949970  -46.603000  0.1900  0.0700                     1.5 1 109Xe
  54 110  109.942941  -53.150000  0.2200  0.0700                     0.0 1 110Xe
  54 111  110.939845  -56.034000  0.2200  0.0400                     1.5 1 111Xe
  54 112  111.934125  -61.362000  0.2200  0.0600                     0.0 1 112Xe
  54 113  112.931913  -63.423000  0.2400  0.0600                     1.5-1 113Xe
  54 114  113.926898  -68.094000  0.2400  0.0500                     0.0 1 114Xe
  54 115  114.925217  -69.660000  0.2700  0.0900                     1.5 1 115Xe
  54 116  115.920725  -73.844000  0.2500  0.0500                     0.0 1 116Xe
  54 117  116.919458  -75.024000  0.2800  0.0700                     2.5-1 117Xe
  54 118  117.915436  -78.771000  0.2700  0.0700                     0.0 1 118Xe
  54 119  118.914550  -79.596000  0.2600  0.0400                     2.5 1 119Xe
  54 120  119.911090  -82.819000  0.2900  0.0600                     0.0 1 120Xe
  54 121  120.910812  -83.078000  0.2600  0.0600                     0.5 1 121Xe
  54 122  121.907855  -85.833000  0.2600  0.0400                     0.0 1 122Xe
  54 123  122.907751  -85.929000  0.2500  0.0400                     3.5-1 123Xe
  54 124  123.905546  -87.983000  0.2400  0.0400                     0.0 1 124Xe
  54 125  124.906274  -87.305000  0.2000  0.0500                     3.5-1 125Xe
  54 126  125.904036  -89.390000  0.2200  0.0400                     0.0 1 126Xe
  54 127  126.904967  -88.523000  0.2100  0.0400                     3.5 1 127Xe
  54 128  127.903393  -89.989000  0.2000  0.0200                     0.0 1 128Xe
  54 129  128.904328  -89.118000  0.1600  0.0300                     0.5 1 129Xe
  54 130  129.903331  -90.047000  0.1600  0.0100                     0.0 1 130Xe
  54 131  130.904624  -88.842000  0.1400  0.0100                     5.5-1 131Xe
  54 132  131.903895  -89.521000  0.1200  0.0100                     0.0 1 132Xe
  54 133  132.905686  -87.853000  0.1100  0.0100                     5.5-1 133Xe
  54 134  133.905104  -88.395000 -0.0800  0.0100                     0.0 1 134Xe
  54 135  134.906813  -86.803000  0.0700  0.0000                     5.5-1 135Xe
  54 136  135.906291  -87.289000  0.0600  0.0000                     0.0 1 136Xe
  54 137  136.910992  -82.910000 -0.0600  0.0100                     3.5-1 137Xe
  54 138  137.913715  -80.374000  0.0700  0.0100                     0.0 1 138Xe
  54 139  138.918799  -75.638000  0.1100  0.0500                     3.5-1 139Xe
  54 140  139.921516  -73.107000  0.1400  0.0700                     0.0 1 140Xe
  54 141  140.926671  -68.306000  0.1600  0.0800                     3.5-1 141Xe
  54 142  141.929476  -65.693000  0.1800  0.0900                     0.0 1 142Xe
  54 143  142.935062  -60.489000  0.1700  0.0600                     0.5 1 143Xe
  54 144  143.938073  -57.685000  0.2000  0.0900                     0.0 1 144Xe
  54 145  144.944241  -51.939000  0.2100  0.0800                     2.5-1 145Xe
  54 146  145.947310  -49.080000  0.2200  0.1100                     0.0 1 146Xe
  54 147  146.953268  -43.531000  0.2200  0.0700                     2.5-1 147Xe
  54 148  147.956801  -40.240000  0.2400  0.1000                     0.0 1 148Xe
  54 149  148.962723  -34.723000  0.2600  0.1100                     2.5-1 149Xe
  54 150  149.966850  -30.879000  0.2600  0.1100                     0.0 1 150Xe
  54 151  150.972995  -25.155000  0.2500  0.0900                     2.5 1 151Xe
  54 152  151.977482  -20.975000  0.2700  0.0900                     0.0 1 152Xe
  54 153  152.983611  -15.266000  0.2700  0.0800                     0.5-1 153Xe
  54 154  153.988512  -10.701000  0.2700  0.0800                     0.0 1 154Xe
  54 155  154.994612   -5.019000  0.2900  0.0700                     2.5-1 155Xe
  54 156  156.000216    0.201000  0.2600  0.0600                     0.0 1 156Xe
  54 157  157.006633    6.179000  0.3000  0.0500                     2.5-1 157Xe
  54 158  158.012304   11.461000  0.2800  0.0400                     0.0 1 158Xe
  54 159  159.019216   17.900000  0.2600  0.0500                     0.5-1 159Xe
  54 160  160.025005   23.292000  0.2600  0.0200                     0.0 1 160Xe
  54 161  161.032104   29.905000  0.2600  0.0300                     0.5-1 161Xe
  54 162  162.038374   35.745000  0.2700  0.0200                     0.0 1 162Xe
  54 163  163.046118   42.959000  0.2700  0.0100                     4.5 1 163Xe
  54 164  164.052140   48.568000  0.2500  0.0100                     0.0 1 164Xe
  54 165  165.059972   55.864000  0.2300  0.0100                     4.5 1 165Xe
  54 166  166.066450   61.898000  0.2300  0.0100                     0.0 1 166Xe
  54 167  167.074551   69.444000  0.2200  0.0000                     4.5 1 167Xe
  54 168  168.081083   75.528000  0.2100  0.0000                     0.0 1 168Xe
  54 169  169.089070   82.968000  0.1900  0.0000                     1.5-1 169Xe
  54 170  170.095906   89.336000  0.1800  0.0100                     0.0 1 170Xe
  54 171  171.104205   97.066000  0.2100  0.0300                     6.5 1 171Xe
  54 172  172.110770  103.182000  0.1400 -0.0100                     0.0 1 172Xe
  54 173  173.118974  110.824000  0.1400  0.0000                     0.5-1 173Xe
  54 174  174.125839  117.218000  0.1100 -0.0100                     0.0 1 174Xe
  54 175  175.133796  124.630000  0.0800 -0.0200                     2.5-1 175Xe
  54 176  176.140619  130.986000  0.0700 -0.0100                     0.0 1 176Xe
  54 177  177.148904  138.703000  0.0600 -0.0100                     2.5-1 177Xe
  54 178  178.155532  144.877000  0.0400  0.0000                     0.0 1 178Xe
  54 179  179.163605  152.397000 -0.0400 -0.0100                     0.5-1 179Xe
  54 180  180.170714  159.019000  0.0000  0.0000                     0.0 1 180Xe
  54 181  181.180247  167.899000  0.0400  0.0200                     0.5 1 181Xe
  54 182  182.189044  176.093000  0.0400  0.0100                     0.0 1 182Xe
  54 183  183.198980  185.349000  0.0600  0.0300                     2.5 1 183Xe
  54 184  184.207694  193.466000  0.0600  0.0300                     0.0 1 184Xe
  54 185  185.217590  202.684000  0.0900  0.0400                     2.5 1 185Xe
  54 186  186.226579  211.057000  0.0800  0.0400                     0.0 1 186Xe
