  55 108  107.974285  -23.953000  0.1800  0.0500                     1.0 1 108Cs
  55 109  108.965456  -32.178000  0.2000  0.0900                     0.5 1 109Cs
  55 110  109.960677  -36.629000  0.2100  0.0600                     1.0 1 110Cs
  55 111  110.953084  -43.702000  0.2200  0.0700                     0.5 1 111Cs
  55 112  111.949447  -47.090000  0.2300  0.0500                     0.0 1 112Cs
  55 113  112.943187  -52.921000  0.2400  0.0600                     1.5 1 113Cs
  55 114  113.940261  -55.647000  0.2700  0.0600                     0.0 1 114Cs
  55 115  114.934914  -60.627000  0.2600  0.0600                     1.5 1 115Cs
  55 116  115.932601  -62.782000  0.2800  0.0800                     0.0-1 116Cs
  55 117  116.927825  -67.231000  0.2900  0.0800                     1.5 1 117Cs
  55 118  117.926031  -68.902000  0.2800  0.0700                     1.0 1 118Cs
  55 119  118.921509  -73.114000  0.3000  0.0900                     1.5 1 119Cs
  55 120  119.920120  -74.408000  0.3200  0.0700                     7.0 1 120Cs
  55 121  120.916227  -78.034000  0.3300  0.0800                     4.5 1 121Cs
  55 122  121.915310  -78.888000  0.3300  0.0700                     4.0 1 122Cs
  55 123  122.912074  -81.903000  0.3100  0.0500                     0.5 1 123Cs
  55 124  123.911613  -82.332000  0.2600  0.0400                     2.0 1 124Cs
  55 125  124.909069  -84.702000  0.2800  0.0300                     0.5 1 125Cs
  55 126  125.909303  -84.484000  0.2600  0.0200                     3.0-1 126Cs
  55 127  126.906960  -86.666000  0.2400  0.0200                     0.5 1 127Cs
  55 128  127.907568  -86.100000  0.2100  0.0100                     3.0 1 128Cs
  55 129  128.905697  -87.843000  0.2100  0.0300                     0.5 1 129Cs
  55 130  129.906473  -87.120000  0.1800  0.0100                     0.0 1 130Cs
  55 131  130.905230  -88.278000  0.1600  0.0100                     3.5 1 131Cs
  55 132  131.906104  -87.464000  0.1500  0.0000                     2.0-1 132Cs
  55 133  132.905236  -88.272000  0.1300  0.0000                     3.5 1 133Cs
  55 134  133.906633  -86.971000  0.1200  0.0100                     2.0-1 134Cs
  55 135  134.906019  -87.543000  0.0800  0.0100                     3.5 1 135Cs
  55 136  135.907485  -86.177000  0.0700  0.0000                     2.0-1 136Cs
  55 137  136.907193  -86.449000  0.0400  0.0100                     3.5 1 137Cs
  55 138  137.911054  -82.853000  0.0800  0.0300                     1.0-1 138Cs
  55 139  138.913437  -80.633000  0.0800  0.0200                     3.5 1 139Cs
  55 140  139.917742  -76.623000  0.1300  0.0500                     1.0-1 140Cs
  55 141  140.919978  -74.540000  0.1500  0.0700                     3.5 1 141Cs
  55 142  141.924594  -70.240000  0.1700  0.0900                     1.0-1 142Cs
  55 143  142.927017  -67.983000  0.1900  0.1000                     0.5 1 143Cs
  55 144  143.932190  -63.165000  0.2100  0.1100                     0.0 1 144Cs
  55 145  144.934710  -60.817000  0.2200  0.1000                     0.5 1 145Cs
  55 146  145.940443  -55.477000  0.2200  0.0900                     1.0-1 146Cs
  55 147  146.943087  -53.014000  0.2400  0.1100                     0.5 1 147Cs
  55 148  147.948711  -47.775000  0.2500  0.1100                     2.0 1 148Cs
  55 149  148.951815  -44.884000  0.2600  0.1000                     0.5 1 149Cs
  55 150  149.957524  -39.566000  0.2600  0.0800                     3.0-1 150Cs
  55 151  150.961101  -36.234000  0.2700  0.1200                     0.5 1 151Cs
  55 152  151.967131  -30.617000  0.2600  0.0600                     1.0 1 152Cs
  55 153  152.970998  -27.015000  0.2900  0.1000                     0.5 1 153Cs
  55 154  153.976943  -21.477000  0.2900  0.0900                     1.0 1 154Cs
  55 155  154.981317  -17.403000  0.2800  0.0800                     0.5 1 155Cs
  55 156  155.987290  -11.839000  0.2800  0.0700                     1.0 1 156Cs
  55 157  156.992370   -7.107000  0.3000  0.0700                     0.5 1 157Cs
  55 158  157.999156   -0.786000  0.2900  0.0500                     1.0 1 158Cs
  55 159  159.004040    3.763000  0.2700  0.0300                     0.5 1 159Cs
  55 160  160.011118   10.356000  0.2900  0.0300                     1.0 1 160Cs
  55 161  161.016246   15.133000  0.2700  0.0200                     0.5 1 161Cs
  55 162  162.023514   21.903000  0.2500  0.0200                     1.0 1 162Cs
  55 163  163.028948   26.965000  0.2600  0.0100                     0.5 1 163Cs
  55 164  164.036714   34.199000  0.2600  0.0000                     1.0 1 164Cs
  55 165  165.042341   39.440000  0.2500  0.0000                     0.5 1 165Cs
  55 166  166.049957   46.535000  0.2600  0.0000                     1.0 1 166Cs
  55 167  167.056261   52.407000  0.2400  0.0000                     0.5 1 167Cs
  55 168  168.064013   59.628000  0.2500 -0.0100                     1.0 1 168Cs
  55 169  169.070489   65.660000  0.2200 -0.0100                     0.5 1 169Cs
  55 170  170.078342   72.975000  0.2000 -0.0100                     1.0 1 170Cs
  55 171  171.084810   79.000000  0.1800 -0.0100                     0.5 1 171Cs
  55 172  172.092513   86.175000  0.1700 -0.0200                     1.0 1 172Cs
  55 173  173.099274   92.473000  0.1300 -0.0100                     0.5 1 173Cs
  55 174  174.107711  100.332000  0.1300 -0.0100                     1.0 1 174Cs
  55 175  175.114000  106.190000  0.1300 -0.0200                     0.5 1 175Cs
  55 176  176.122031  113.671000  0.1100  0.0000                     1.0 1 176Cs
  55 177  177.128789  119.966000  0.0800 -0.0100                     0.5 1 177Cs
  55 178  178.136969  127.586000  0.0400  0.0000                     1.0 1 178Cs
  55 179  179.143261  133.447000 -0.0400  0.0000                     0.5 1 179Cs
  55 180  180.151076  140.726000 -0.0400  0.0000                     1.0 1 180Cs
  55 181  181.157745  146.939000  0.0000  0.0000                     0.5 1 181Cs
  55 182  182.167820  156.323000  0.0400  0.0200                     1.0 1 182Cs
  55 183  183.176427  164.341000  0.0000  0.0000                     0.5 1 183Cs
  55 184  184.185859  173.127000  0.0500  0.0000                     1.0 1 184Cs
  55 185  185.194449  181.128000  0.0700  0.0400                     0.5 1 185Cs
  55 186  186.203987  190.013000  0.0900  0.0300                     1.0 1 186Cs
  55 187  187.213121  198.521000  0.1000  0.0500                     0.5 1 187Cs
  55 188  188.222581  207.333000  0.1200  0.0700                     1.0 1 188Cs
