  56 110  109.974444  -23.805000  0.2100  0.0600                     0.0 1 110Ba
  56 111  110.969200  -28.690000  0.2300  0.0700                     1.5 1 111Ba
  56 112  111.960692  -36.615000  0.2300  0.0500                     0.0 1 112Ba
  56 113  112.956241  -40.761000  0.2300  0.0500                     1.5 1 113Ba
  56 114  113.949277  -47.248000  0.2700  0.0700                     0.0 1 114Ba
  56 115  114.945835  -50.454000  0.2600  0.0500                     1.5 1 115Ba
  56 116  115.939828  -56.050000  0.2700  0.0800                     0.0 1 116Ba
  56 117  116.937446  -58.269000  0.3000  0.0600                     1.5 1 117Ba
  56 118  117.931967  -63.372000  0.2800  0.0800                     0.0 1 118Ba
  56 119  118.929862  -65.333000  0.2900  0.0900                     2.5-1 119Ba
  56 120  119.925071  -69.796000  0.3000  0.0700                     0.0 1 120Ba
  56 121  120.923355  -71.394000  0.3000  0.0800                     2.5 1 121Ba
  56 122  121.919222  -75.244000  0.3100  0.0700                     0.0 1 122Ba
  56 123  122.918088  -76.301000  0.3000  0.0600                     0.5 1 123Ba
  56 124  123.914437  -79.701000  0.3000  0.0500                     0.0 1 124Ba
  56 125  124.913601  -80.480000  0.2600  0.0300                     3.5-1 125Ba
  56 126  125.910750  -83.136000  0.2700  0.0300                     0.0 1 126Ba
  56 127  126.910463  -83.403000  0.2700  0.0200                     2.5 1 127Ba
  56 128  127.908012  -85.686000  0.2500  0.0200                     0.0 1 128Ba
  56 129  128.908197  -85.514000  0.2300  0.0200                     3.5 1 129Ba
  56 130  129.906121  -87.448000  0.2200  0.0200                     0.0 1 130Ba
  56 131  130.906544  -87.054000  0.1700  0.0000                     4.5-1 131Ba
  56 132  131.904799  -88.679000  0.1800  0.0100                     0.0 1 132Ba
  56 133  132.905493  -88.033000  0.1700  0.0100                     4.5-1 133Ba
  56 134  133.904370  -89.079000  0.1500  0.0100                     0.0 1 134Ba
  56 135  134.905564  -87.967000  0.1200  0.0100                     5.5-1 135Ba
  56 136  135.904418  -89.034000  0.1000  0.0000                     0.0 1 136Ba
  56 137  136.905768  -87.777000  0.0700 -0.0200                     5.5-1 137Ba
  56 138  137.904491  -88.966000  0.0600  0.0000                     0.0 1 138Ba
  56 139  138.908527  -85.207000 -0.0600  0.0100                     3.5-1 139Ba
  56 140  139.910445  -83.420000  0.0900  0.0200                     0.0 1 140Ba
  56 141  140.914622  -79.529000  0.1200  0.0500                     3.5-1 141Ba
  56 142  141.916443  -77.833000  0.1600  0.0700                     0.0 1 142Ba
  56 143  142.920913  -73.669000  0.1800  0.0900                     1.5-1 143Ba
  56 144  143.922882  -71.835000  0.1900  0.0900                     0.0 1 144Ba
  56 145  144.927647  -67.396000  0.1900  0.0600                     1.5-1 145Ba
  56 146  145.929852  -65.342000  0.2300  0.1100                     0.0 1 146Ba
  56 147  146.935008  -60.540000  0.2200  0.0800                     1.5-1 147Ba
  56 148  147.937490  -58.228000  0.2400  0.1200                     0.0 1 148Ba
  56 149  148.942777  -53.303000  0.2400  0.0600                     1.5 1 149Ba
  56 150  149.945565  -50.706000  0.2600  0.1100                     0.0 1 150Ba
  56 151  150.950882  -45.753000  0.2700  0.1000                     2.5-1 151Ba
  56 152  151.954195  -42.667000  0.2900  0.1300                     0.0 1 152Ba
  56 153  152.959730  -37.511000  0.3100  0.1100                     2.5 1 153Ba
  56 154  153.963350  -34.139000  0.2900  0.1000                     0.0 1 154Ba
  56 155  154.969020  -28.858000  0.3000  0.1000                     0.5-1 155Ba
  56 156  155.973154  -25.007000  0.3000  0.0800                     0.0 1 156Ba
  56 157  156.978850  -19.701000  0.2800  0.0700                     3.5 1 157Ba
  56 158  157.983560  -15.314000  0.3000  0.0800                     0.0 1 158Ba
  56 159  158.989781   -9.519000  0.2900  0.0600                     2.5-1 159Ba
  56 160  159.994685   -4.951000  0.2900  0.0300                     0.0 1 160Ba
  56 161  161.001066    0.993000  0.2900  0.0300                     0.5-1 161Ba
  56 162  162.006337    5.903000  0.2900  0.0300                     0.0 1 162Ba
  56 163  163.013207   12.302000  0.2600  0.0200                     0.5-1 163Ba
  56 164  164.018579   17.306000  0.2700  0.0100                     0.0 1 164Ba
  56 165  165.025929   24.153000  0.2800  0.0200                     4.5 1 165Ba
  56 166  166.031396   29.245000  0.2600  0.0000                     0.0 1 166Ba
  56 167  167.038726   36.073000  0.2500  0.0000                     1.5-1 167Ba
  56 168  168.044673   41.613000  0.2300 -0.0100                     0.0 1 168Ba
  56 169  169.052150   48.577000  0.2200 -0.0200                     3.5-1 169Ba
  56 170  170.058219   54.231000  0.2100 -0.0100                     0.0 1 170Ba
  56 171  171.065926   61.410000  0.2100  0.0000                     5.5 1 171Ba
  56 172  172.072088   67.150000  0.1900 -0.0200                     0.0 1 172Ba
  56 173  173.079681   74.222000  0.1600 -0.0200                     6.5 1 173Ba
  56 174  174.086363   80.447000  0.1600 -0.0100                     0.0 1 174Ba
  56 175  175.094157   87.707000  0.1500 -0.0100                     2.5-1 175Ba
  56 176  176.100489   93.605000  0.1300 -0.0200                     0.0 1 176Ba
  56 177  177.108400  100.974000  0.1100 -0.0100                     2.5-1 177Ba
  56 178  178.114731  106.871000  0.0700 -0.0100                     0.0 1 178Ba
  56 179  179.122717  114.310000  0.0600 -0.0100                     2.5-1 179Ba
  56 180  180.128608  119.798000 -0.0400  0.0000                     0.0 1 180Ba
  56 181  181.136214  126.883000 -0.0500 -0.0100                     0.5-1 181Ba
  56 182  182.142832  133.047000  0.0000  0.0000                     0.0 1 182Ba
  56 183  183.152865  142.393000  0.0400  0.0200                     0.5 1 183Ba
  56 184  184.160641  149.636000  0.0400  0.0000                     0.0 1 184Ba
  56 185  185.170808  159.107000  0.0400  0.0200                     2.5 1 185Ba
  56 186  186.179049  166.783000  0.0700  0.0100                     0.0 1 186Ba
  56 187  187.188825  175.889000  0.0900  0.0200                     2.5 1 187Ba
  56 188  188.197455  183.928000  0.1100  0.0700                     0.0 1 188Ba
  56 189  189.206884  192.711000  0.1100  0.0500                     2.5 1 189Ba
  56 190  190.215966  201.171000  0.1500  0.0600                     0.0 1 190Ba
