  58 114  113.981634  -17.108000  0.2500  0.0700                     0.0 1 114Ce
  58 115  114.976329  -22.049000  0.3100  0.1000                     0.5 1 115Ce
  58 116  115.967675  -30.111000  0.2600  0.0400                     0.0 1 116Ce
  58 117  116.962744  -34.704000  0.2800  0.0600                     0.5 1 117Ce
  58 118  117.955585  -41.372000  0.3100  0.1000                     0.0 1 118Ce
  58 119  118.951684  -45.006000  0.3500  0.1300                     1.5 1 119Ce
  58 120  119.945487  -50.779000  0.3600  0.1400                     0.0 1 120Ce
  58 121  120.942738  -53.339000  0.4000  0.1400                     1.5 1 121Ce
  58 122  121.937139  -58.555000  0.3500  0.1200                     0.0 1 122Ce
  58 123  122.934723  -60.805000  0.3500  0.1100                     2.5 1 123Ce
  58 124  123.929800  -65.391000  0.3200  0.0600                     0.0 1 124Ce
  58 125  124.927806  -67.248000  0.3300  0.0600                     0.5 1 125Ce
  58 126  125.923529  -71.232000  0.3100  0.0400                     0.0 1 126Ce
  58 127  126.922143  -72.523000  0.2800  0.0500                     3.5-1 127Ce
  58 128  127.918319  -76.085000  0.2900  0.0300                     0.0 1 128Ce
  58 129  128.917623  -76.734000  0.2800  0.0200                     2.5 1 129Ce
  58 130  129.914283  -79.845000  0.2600  0.0000                     0.0 1 130Ce
  58 131  130.914081  -80.033000  0.2300 -0.0200                     3.5 1 131Ce
  58 132  131.911138  -82.774000  0.2200  0.0000                     0.0 1 132Ce
  58 133  132.911279  -82.643000  0.1700 -0.0100                     0.5 1 133Ce
  58 134  133.908642  -85.099000  0.2000 -0.0100                     0.0 1 134Ce
  58 135  134.908737  -85.011000  0.1800 -0.0100                     0.5 1 135Ce
  58 136  135.907076  -86.558000  0.1700  0.0100                     0.0 1 136Ce
  58 137  136.907747  -85.933000  0.1400  0.0100                     5.5-1 137Ce
  58 138  137.906181  -87.392000  0.1100  0.0200                     0.0 1 138Ce
  58 139  138.907075  -86.559000  0.0800 -0.0100                     5.5-1 139Ce
  58 140  139.905325  -88.189000  0.0500  0.0000                     0.0 1 140Ce
  58 141  140.908517  -85.216000 -0.0700  0.0200                     3.5-1 141Ce
  58 142  141.909570  -84.235000  0.1100  0.0200                     0.0 1 142Ce
  58 143  142.913016  -81.025000  0.1400  0.0300                     3.5-1 143Ce
  58 144  143.913974  -80.133000  0.1600  0.0600                     0.0 1 144Ce
  58 145  144.917629  -76.728000  0.1900  0.0900                     1.5-1 145Ce
  58 146  145.918751  -75.683000  0.2100  0.0800                     0.0 1 146Ce
  58 147  146.922782  -71.928000  0.2400  0.1100                     0.5 1 147Ce
  58 148  147.924196  -70.611000  0.2400  0.1200                     0.0 1 148Ce
  58 149  148.928240  -66.844000  0.2400  0.0800                     1.5-1 149Ce
  58 150  149.930172  -65.044000  0.2800  0.1600                     0.0 1 150Ce
  58 151  150.934183  -61.308000  0.3000  0.1600                     1.5-1 151Ce
  58 152  151.936664  -58.997000  0.3000  0.1700                     0.0 1 152Ce
  58 153  152.941299  -54.680000  0.2800  0.1300                     2.5 1 153Ce
  58 154  153.943747  -52.399000  0.3200  0.1600                     0.0 1 154Ce
  58 155  154.948598  -47.881000  0.3300  0.1600                     2.5-1 155Ce
  58 156  155.951753  -44.942000  0.3200  0.1500                     0.0 1 156Ce
  58 157  156.956820  -40.222000  0.3200  0.1300                     0.5-1 157Ce
  58 158  157.960352  -36.932000  0.3200  0.1100                     0.0 1 158Ce
  58 159  158.966011  -31.661000  0.3100  0.1100                     0.5 1 159Ce
  58 160  159.969701  -28.223000  0.3200  0.1000                     0.0 1 160Ce
  58 161  160.975518  -22.805000  0.3400  0.0900                     0.5 1 161Ce
  58 162  161.979738  -18.874000  0.3100  0.0500                     0.0 1 162Ce
  58 163  162.985852  -13.179000  0.2800  0.0200                     0.5 1 163Ce
  58 164  163.990469   -8.878000  0.2900  0.0400                     0.0 1 164Ce
  58 165  164.996795   -2.985000  0.3000  0.0300                     0.5 1 165Ce
  58 166  166.001619    1.508000  0.2600  0.0100                     0.0 1 166Ce
  58 167  167.008097    7.542000  0.2700  0.0000                     0.5 1 167Ce
  58 168  168.013263   12.354000  0.2600  0.0000                     0.0 1 168Ce
  58 169  169.020183   18.800000  0.2600 -0.0100                     0.5 1 169Ce
  58 170  170.025659   23.901000  0.2400 -0.0300                     0.0 1 170Ce
  58 171  171.032540   30.311000  0.2300 -0.0300                     0.5 1 171Ce
  58 172  172.038313   35.688000  0.2200 -0.0300                     0.0 1 172Ce
  58 173  173.045801   42.663000  0.2600 -0.0100                     0.5 1 173Ce
  58 174  174.051424   47.901000  0.2100 -0.0300                     0.0 1 174Ce
  58 175  175.058320   54.325000  0.1900 -0.0300                     0.5 1 175Ce
  58 176  176.064740   60.305000  0.1600 -0.0300                     0.0 1 176Ce
  58 177  177.072290   67.338000  0.1200 -0.0400                     0.5 1 177Ce
  58 178  178.078171   72.816000  0.1300 -0.0300                     0.0 1 178Ce
  58 179  179.085775   79.899000  0.1100 -0.0200                     0.5 1 179Ce
  58 180  180.091341   85.084000  0.0800 -0.0100                     0.0 1 180Ce
  58 181  181.099059   92.273000  0.0400 -0.0100                     0.5 1 181Ce
  58 182  182.104505   97.346000  0.0300  0.0000                     0.0 1 182Ce
  58 183  183.111454  103.819000 -0.0500  0.0000                     0.5 1 183Ce
  58 184  184.117703  109.640000  0.0000  0.0000                     0.0 1 184Ce
  58 185  185.128175  119.394000 -0.0300  0.0100                     0.5 1 185Ce
  58 186  186.135122  125.865000  0.0500 -0.0100                     0.0 1 186Ce
  58 187  187.145195  135.248000  0.0400  0.0100                     0.5 1 187Ce
  58 188  188.152962  142.483000  0.0600  0.0400                     0.0 1 188Ce
  58 189  189.162653  151.510000  0.0800  0.0300                     0.5 1 189Ce
  58 190  190.170765  159.067000  0.1100  0.0300                     0.0 1 190Ce
  58 191  191.180144  167.803000  0.0800  0.0100                     0.5 1 191Ce
  58 192  192.188715  175.787000  0.1400  0.0500                     0.0 1 192Ce
  58 193  193.198225  184.645000  0.1600  0.0400                     0.5 1 193Ce
  58 194  194.206577  192.425000  0.1600  0.0600                     0.0 1 194Ce
