  60 118  117.988560  -10.656000  0.3300  0.1200                     0.0 1 118Nd
  60 119  118.982713  -16.103000  0.3900  0.1800                     0.5 1 119Nd
  60 120  119.974008  -24.211000  0.3800  0.1400                     0.0 1 120Nd
  60 121  120.968715  -29.142000  0.3800  0.1500                     0.5 1 121Nd
  60 122  121.961303  -36.046000  0.3700  0.1400                     0.0 1 122Nd
  60 123  122.957246  -39.825000  0.3900  0.1500                     0.5 1 123Nd
  60 124  123.951070  -45.578000  0.3800  0.1300                     0.0 1 124Nd
  60 125  124.947865  -48.563000  0.3600  0.1200                     2.5 1 125Nd
  60 126  125.942294  -53.753000  0.3600  0.1000                     0.0 1 126Nd
  60 127  126.939796  -56.080000  0.3500  0.0800                     0.5 1 127Nd
  60 128  127.934746  -60.784000  0.3400  0.0500                     0.0 1 128Nd
  60 129  128.932966  -62.442000  0.3500  0.0700                     3.5-1 129Nd
  60 130  129.928324  -66.766000  0.3300  0.0500                     0.0 1 130Nd
  60 131  130.926814  -68.172000  0.3100  0.0500                     2.5 1 131Nd
  60 132  131.922995  -71.730000  0.2900  0.0200                     0.0 1 132Nd
  60 133  132.922001  -72.656000  0.2400  0.0000                     3.5 1 133Nd
  60 134  133.918553  -75.867000  0.2500 -0.0200                     0.0 1 134Nd
  60 135  134.918037  -76.348000  0.1900  0.0000                     4.5-1 135Nd
  60 136  135.914748  -79.412000  0.2200 -0.0100                     0.0 1 136Nd
  60 137  136.914253  -79.873000  0.1900 -0.0200                     0.5 1 137Nd
  60 138  137.912031  -81.943000  0.1800 -0.0100                     0.0 1 138Nd
  60 139  138.912169  -81.814000  0.1600  0.0000                     5.5-1 139Nd
  60 140  139.909965  -83.867000  0.1200  0.0000                     0.0 1 140Nd
  60 141  140.909816  -84.006000 -0.0900 -0.0100                     5.5-1 141Nd
  60 142  141.907801  -85.883000  0.0500  0.0000                     0.0 1 142Nd
  60 143  142.910439  -83.426000 -0.0800  0.0200                     3.5-1 143Nd
  60 144  143.910634  -83.244000  0.1100  0.0200                     0.0 1 144Nd
  60 145  144.913441  -80.629000  0.1800  0.0400                     3.5-1 145Nd
  60 146  145.913736  -80.354000  0.1700  0.0400                     0.0 1 146Nd
  60 147  146.916750  -77.547000  0.2000  0.0900                     1.5-1 147Nd
  60 148  147.917047  -77.270000  0.2200  0.1100                     0.0 1 148Nd
  60 149  148.920100  -74.426000  0.2600  0.1400                     0.5 1 149Nd
  60 150  149.920811  -73.764000  0.2600  0.1200                     0.0 1 150Nd
  60 151  150.924657  -70.182000  0.2600  0.0900                     1.5 1 151Nd
  60 152  151.925106  -69.763000  0.3000  0.1500                     0.0 1 152Nd
  60 153  152.928436  -66.661000  0.3200  0.1800                     1.5-1 153Nd
  60 154  153.930019  -65.187000  0.3300  0.1800                     0.0 1 154Nd
  60 155  154.933991  -61.487000  0.3700  0.2100                     2.5 1 155Nd
  60 156  155.935824  -59.780000  0.3300  0.1600                     0.0 1 156Nd
  60 157  156.940115  -55.783000  0.3400  0.1700                     2.5-1 157Nd
  60 158  157.942467  -53.592000  0.3400  0.1500                     0.0 1 158Nd
  60 159  158.946908  -49.455000  0.3400  0.1400                     0.5-1 159Nd
  60 160  159.949864  -46.701000  0.3500  0.1300                     0.0 1 160Nd
  60 161  160.954895  -42.015000  0.3100  0.0900                     3.5 1 161Nd
  60 162  161.958046  -39.080000  0.3400  0.1100                     0.0 1 162Nd
  60 163  162.963273  -34.211000  0.3300  0.0900                     0.5 1 163Nd
  60 164  163.966979  -30.759000  0.3400  0.0900                     0.0 1 164Nd
  60 165  164.972773  -25.362000  0.3600  0.1300                     0.5 1 165Nd
  60 166  165.976512  -21.879000  0.3100  0.0400                     0.0 1 166Nd
  60 167  166.982328  -16.461000  0.3100  0.0400                     0.5 1 167Nd
  60 168  167.986759  -12.334000  0.2900  0.0300                     0.0 1 168Nd
  60 169  168.992786   -6.720000  0.2700  0.0000                     0.5 1 169Nd
  60 170  169.997229   -2.581000  0.2600 -0.0200                     0.0 1 170Nd
  60 171  171.003582    3.337000  0.2500 -0.0300                     0.5 1 171Nd
  60 172  172.008358    7.785000  0.2500 -0.0300                     0.0 1 172Nd
  60 173  173.014783   13.770000  0.2500 -0.0300                     0.5 1 173Nd
  60 174  174.020134   18.755000  0.2300 -0.0300                     0.0 1 174Nd
  60 175  175.027075   25.220000  0.2300 -0.0200                     0.5 1 175Nd
  60 176  176.032197   29.991000  0.2100 -0.0500                     0.0 1 176Nd
  60 177  177.039109   36.430000  0.1900 -0.0400                     0.5 1 177Nd
  60 178  178.044932   41.854000  0.1800 -0.0500                     0.0 1 178Nd
  60 179  179.052294   48.712000  0.1500 -0.0200                     0.5 1 179Nd
  60 180  180.057336   53.408000 -0.1200  0.0000                     0.0 1 180Nd
  60 181  181.064399   59.987000  0.1100 -0.0200                     0.5 1 181Nd
  60 182  182.069788   65.007000  0.0700 -0.0200                     0.0 1 182Nd
  60 183  183.076973   71.700000  0.0600 -0.0100                     0.5 1 183Nd
  60 184  184.082276   76.640000 -0.0600  0.0000                     0.0 1 184Nd
  60 185  185.088887   82.798000 -0.0400  0.0000                     0.5 1 185Nd
  60 186  186.094688   88.201000  0.0000  0.0000                     0.0 1 186Nd
  60 187  187.104964   97.773000 -0.0300  0.0100                     0.5 1 187Nd
  60 188  188.111175  103.559000  0.0400  0.0000                     0.0 1 188Nd
  60 189  189.120882  112.601000  0.0300  0.0000                     0.5 1 189Nd
  60 190  190.128290  119.501000  0.0600  0.0100                     0.0 1 190Nd
  60 191  191.137730  128.295000  0.1100  0.0500                     0.5 1 191Nd
  60 192  192.145551  135.580000  0.1000  0.0300                     0.0 1 192Nd
  60 193  193.154837  144.230000  0.1200  0.0300                     0.5 1 193Nd
  60 194  194.162746  151.597000  0.1300  0.0300                     0.0 1 194Nd
  60 195  195.171936  160.157000  0.1300  0.0800                     0.5 1 195Nd
  60 196  196.179970  167.641000  0.1700  0.0500                     0.0 1 196Nd
  60 197  197.189026  176.077000  0.1700  0.0600                     0.5 1 197Nd
  60 198  198.197062  183.562000  0.2100  0.1000                     0.0 1 198Nd
