  62 122  121.995257   -4.418000  0.3900  0.1700                     0.0 1 122Sm
  62 123  122.988925  -10.316000  0.3900  0.1400                     1.5 1 123Sm
  62 124  123.980306  -18.345000  0.4000  0.1500                     0.0 1 124Sm
  62 125  124.974970  -23.315000  0.4000  0.1600                     1.5 1 125Sm
  62 126  125.967454  -30.316000  0.3900  0.1300                     0.0 1 126Sm
  62 127  126.963226  -34.255000  0.3800  0.1200                     2.5 1 127Sm
  62 128  127.956821  -40.221000  0.3600  0.0900                     0.0 1 128Sm
  62 129  128.953539  -43.278000  0.3600  0.0800                     0.5 1 129Sm
  62 130  129.947740  -48.680000  0.3700  0.0700                     0.0 1 130Sm
  62 131  130.945307  -50.946000  0.3600  0.0700                     3.5-1 131Sm
  62 132  131.940040  -55.852000  0.3400  0.0400                     0.0 1 132Sm
  62 133  132.937933  -57.815000  0.3200  0.0200                     0.5-1 133Sm
  62 134  133.933736  -61.725000  0.3000  0.0200                     0.0 1 134Sm
  62 135  134.932235  -63.123000  0.2800  0.0400                     0.5-1 135Sm
  62 136  135.928100  -66.974000  0.2600 -0.0100                     0.0 1 136Sm
  62 137  136.926916  -68.077000  0.2700  0.0100                     4.5-1 137Sm
  62 138  137.923256  -71.487000  0.2300 -0.0100                     0.0 1 138Sm
  62 139  138.922180  -72.489000  0.2100 -0.0100                     0.5 1 139Sm
  62 140  139.919208  -75.257000  0.1900 -0.0100                     0.0 1 140Sm
  62 141  140.918595  -75.828000  0.1600  0.0000                     5.5-1 141Sm
  62 142  141.915819  -78.414000  0.1000  0.0000                     0.0 1 142Sm
  62 143  142.915162  -79.026000  0.0800 -0.0200                     5.5-1 143Sm
  62 144  143.912095  -81.883000  0.0500  0.0000                     0.0 1 144Sm
  62 145  144.914054  -80.058000 -0.0700  0.0200                     3.5-1 145Sm
  62 146  145.913636  -80.448000  0.1000  0.0000                     0.0 1 146Sm
  62 147  146.916023  -78.224000  0.1400  0.0300                     3.5-1 147Sm
  62 148  147.915551  -78.664000  0.1600  0.0500                     0.0 1 148Sm
  62 149  148.917838  -76.533000  0.2000  0.0900                     1.5-1 149Sm
  62 150  149.917363  -76.976000  0.2200  0.0900                     0.0 1 150Sm
  62 151  150.919725  -74.776000  0.2700  0.1200                     0.5 1 151Sm
  62 152  151.919700  -74.799000  0.2700  0.1300                     0.0 1 152Sm
  62 153  152.922115  -72.549000  0.3300  0.1700                     1.5 1 153Sm
  62 154  153.922451  -72.236000  0.3200  0.1700                     0.0 1 154Sm
  62 155  154.925003  -69.859000  0.3300  0.1800                     1.5-1 155Sm
  62 156  155.925998  -68.932000  0.3400  0.1600                     0.0 1 156Sm
  62 157  156.929147  -65.999000  0.3700  0.2000                     2.5 1 157Sm
  62 158  157.930401  -64.831000  0.3400  0.1700                     0.0 1 158Sm
  62 159  158.933837  -61.630000  0.3500  0.1500                     2.5-1 159Sm
  62 160  159.935656  -59.936000  0.3500  0.1400                     0.0 1 160Sm
  62 161  160.939490  -56.365000  0.3400  0.1200                     0.5-1 161Sm
  62 162  161.941711  -54.296000  0.3500  0.1300                     0.0 1 162Sm
  62 163  162.946381  -49.946000  0.3500  0.1200                     3.5 1 163Sm
  62 164  163.948674  -47.810000  0.3500  0.1000                     0.0 1 164Sm
  62 165  164.953189  -43.604000  0.3500  0.1000                     2.5-1 165Sm
  62 166  165.956333  -40.676000  0.3300  0.0700                     0.0 1 166Sm
  62 167  166.961801  -35.582000  0.3200  0.0500                     4.5 1 167Sm
  62 168  167.964815  -32.775000  0.3200  0.0400                     0.0 1 168Sm
  62 169  168.970248  -27.714000  0.3200  0.0300                     3.5-1 169Sm
  62 170  169.973887  -24.324000  0.2900  0.0100                     0.0 1 170Sm
  62 171  170.979428  -19.163000  0.2900 -0.0100                     0.5-1 171Sm
  62 172  171.983490  -15.379000  0.2800 -0.0100                     0.0 1 172Sm
  62 173  172.989408   -9.866000  0.2700 -0.0100                     1.5-1 173Sm
  62 174  173.993738   -5.833000  0.2500 -0.0400                     0.0 1 174Sm
  62 175  174.999691   -0.288000  0.2500 -0.0300                     3.5-1 175Sm
  62 176  176.004423    4.120000  0.2500 -0.0400                     0.0 1 176Sm
  62 177  177.011044   10.287000  0.2700  0.0000                     5.5 1 177Sm
  62 178  178.015885   14.797000  0.2100 -0.0300                     0.0 1 178Sm
  62 179  179.022555   21.010000 -0.2000  0.0400                     0.5-1 179Sm
  62 180  180.027497   25.613000 -0.1800  0.0200                     0.0 1 180Sm
  62 181  181.034288   31.939000  0.1600 -0.0400                     2.5-1 181Sm
  62 182  182.038978   36.308000 -0.1300  0.0000                     0.0 1 182Sm
  62 183  183.045474   42.359000 -0.1400  0.0000                     2.5-1 183Sm
  62 184  184.051091   47.591000  0.1000 -0.0200                     0.0 1 184Sm
  62 185  185.057427   53.493000  0.0600 -0.0100                     2.5-1 185Sm
  62 186  186.062146   57.889000 -0.0500  0.0000                     0.0 1 186Sm
  62 187  187.068276   63.599000 -0.0400  0.0000                     0.5-1 187Sm
  62 188  188.073796   68.741000  0.0000  0.0000                     0.0 1 188Sm
  62 189  189.082170   76.541000 -0.0400  0.0100                     4.5 1 189Sm
  62 190  190.089348   83.227000 -0.0400  0.0000                     0.0 1 190Sm
  62 191  191.098668   91.909000  0.0600  0.0100                     4.5 1 191Sm
  62 192  192.105762   98.517000  0.0700  0.0100                     0.0 1 192Sm
  62 193  193.114736  106.876000  0.0900  0.0100                     4.5 1 193Sm
  62 194  194.122042  113.681000  0.1000  0.0500                     0.0 1 194Sm
  62 195  195.130828  121.866000  0.1200  0.0400                     4.5 1 195Sm
  62 196  196.138487  129.000000  0.1400  0.0400                     0.0 1 196Sm
  62 197  197.147570  137.461000  0.1500  0.0300                     4.5 1 197Sm
  62 198  198.154840  144.233000  0.1900  0.0900                     0.0 1 198Sm
  62 199  199.162835  151.680000  0.2100  0.1000                     1.5-1 199Sm
  62 200  200.171212  159.483000  0.2300  0.1200                     0.0 1 200Sm
  62 201  201.179261  166.981000  0.2600  0.1500                     2.5-1 201Sm
  62 202  202.187257  174.429000  0.2800  0.1600                     0.0 1 202Sm
  62 210  210.256082  238.539000  0.0000-10.0000                     0.0 1 210Sm
  62 218  218.330540  307.896000  0.0000-10.0000                     0.0 1 218Sm
