  63 124  124.001301    1.212000  0.3900  0.1400                     3.0 1 124Eu
  63 125  124.992151   -7.311000  0.3800  0.1400                     1.5 1 125Eu
  63 126  125.986186  -12.868000  0.4000  0.1300                     5.0 1 126Eu
  63 127  126.978276  -20.236000  0.4000  0.1200                     1.5 1 127Eu
  63 128  127.973351  -24.823000  0.3700  0.0900                     1.0 1 128Eu
  63 129  128.966183  -31.500000  0.3800  0.0900                     1.5 1 129Eu
  63 130  129.962413  -35.012000  0.3700  0.0800                     1.0 1 130Eu
  63 131  130.956054  -40.935000  0.3700  0.0700                     1.5 1 131Eu
  63 132  131.953449  -43.362000  0.3700  0.0600                     1.0 1 132Eu
  63 133  132.947971  -48.465000  0.3600  0.0600                     2.5-1 133Eu
  63 134  133.945699  -50.581000  0.3100  0.0400                     2.0-1 134Eu
  63 135  134.941008  -54.951000  0.3200  0.0300                     2.5-1 135Eu
  63 136  135.939255  -56.584000  0.2900  0.0300                     5.0-1 136Eu
  63 137  136.934882  -60.657000  0.2700 -0.0100                     1.5-1 137Eu
  63 138  137.933299  -62.132000  0.2500 -0.0100                     6.0 1 138Eu
  63 139  138.929510  -65.661000  0.2300 -0.0100                     1.5-1 139Eu
  63 140  139.927943  -67.121000  0.2100 -0.0200                     2.0-1 140Eu
  63 141  140.924892  -69.963000 -0.1700  0.0200                     5.5-1 141Eu
  63 142  141.924100  -70.700000  0.1800 -0.0100                     3.0-1 142Eu
  63 143  142.920540  -74.017000 -0.1000  0.0000                     2.5 1 143Eu
  63 144  143.919185  -75.279000 -0.0900 -0.0100                     8.0-1 144Eu
  63 145  144.916137  -78.118000  0.0400  0.0000                     2.5 1 145Eu
  63 146  145.917740  -76.625000 -0.0700  0.0100                     6.0-1 146Eu
  63 147  146.916997  -77.317000  0.0800  0.0000                     2.5 1 147Eu
  63 148  147.919305  -75.167000  0.1300  0.0200                     6.0-1 148Eu
  63 149  148.918297  -76.106000  0.1800  0.0800                     1.5-1 149Eu
  63 150  149.920161  -74.370000  0.2100  0.1000                     3.0-1 150Eu
  63 151  150.919384  -75.093000  0.2200  0.0900                     1.5 1 151Eu
  63 152  151.921364  -73.249000  0.2900  0.1200                     2.0 1 152Eu
  63 153  152.921086  -73.508000  0.2600  0.1200                     1.5 1 153Eu
  63 154  153.923221  -71.519000  0.3300  0.1600                     3.0 1 154Eu
  63 155  154.923063  -71.666000  0.3000  0.1400                     2.5-1 155Eu
  63 156  155.925293  -69.589000  0.3100  0.1400                     1.0 1 156Eu
  63 157  156.925945  -68.982000  0.3400  0.1700                     2.5-1 157Eu
  63 158  157.928778  -66.343000  0.3600  0.1900                     0.0 1 158Eu
  63 159  158.929698  -65.486000  0.3400  0.1500                     2.5 1 159Eu
  63 160  159.932880  -62.522000  0.3500  0.1400                     0.0 1 160Eu
  63 161  160.934253  -61.243000  0.3400  0.1200                     2.5 1 161Eu
  63 162  161.937736  -57.999000  0.3500  0.1200                     2.0 1 162Eu
  63 163  162.939689  -56.179000  0.3500  0.1000                     2.5 1 163Eu
  63 164  163.944001  -52.163000  0.3600  0.1100                     6.0 1 164Eu
  63 165  164.945904  -50.390000  0.3500  0.1100                     2.5-1 165Eu
  63 166  165.950246  -46.346000  0.3200  0.0600                     5.0 1 166Eu
  63 167  166.952894  -43.879000  0.3200  0.0500                     2.5-1 167Eu
  63 168  167.958049  -39.077000  0.3700  0.1000                     2.0 1 168Eu
  63 169  168.960822  -36.494000  0.3200  0.0400                     2.5-1 169Eu
  63 170  169.965959  -31.709000  0.3100  0.0400                     2.0-1 170Eu
  63 171  170.969357  -28.544000  0.3000 -0.0100                     2.5-1 171Eu
  63 172  171.974622  -23.639000  0.3200  0.0100                     1.0-1 172Eu
  63 173  172.978463  -20.062000  0.2900  0.0000                     1.5 1 173Eu
  63 174  173.984200  -14.718000  0.2800 -0.0300                     0.0-1 174Eu
  63 175  174.988210  -10.982000  0.2600 -0.0500                     1.5-1 175Eu
  63 176  175.993959   -5.627000  0.2500 -0.0500                     2.0 1 176Eu
  63 177  176.998425   -1.467000  0.2400 -0.0500                     1.5-1 177Eu
  63 178  178.004483    4.176000  0.2400 -0.0500                     7.0-1 178Eu
  63 179  179.010069    9.379000 -0.2000  0.0300                     1.5 1 179Eu
  63 180  180.015643   14.571000 -0.2000  0.0300                     3.0 1 180Eu
  63 181  181.020601   19.190000 -0.1800  0.0200                     1.5 1 181Eu
  63 182  182.027349   25.475000 -0.1600  0.0100                     0.0-1 182Eu
  63 183  183.031419   29.267000 -0.1400  0.0000                     2.5 1 183Eu
  63 184  184.037977   35.375000 -0.1500  0.0000                     0.0-1 184Eu
  63 185  185.042642   39.721000 -0.1200 -0.0100                     2.5 1 185Eu
  63 186  186.049758   46.349000  0.0600 -0.0100                     0.0-1 186Eu
  63 187  187.053955   50.259000 -0.0700  0.0000                     2.5 1 187Eu
  63 188  188.059796   55.700000 -0.0500  0.0000                     2.0-1 188Eu
  63 189  189.065134   60.672000  0.0000  0.0000                     2.5 1 189Eu
  63 190  190.073427   68.397000 -0.0400  0.0100                     7.0 1 190Eu
  63 191  191.080296   74.795000  0.0300  0.0000                     2.5 1 191Eu
  63 192  192.089408   83.283000  0.0400  0.0200                     7.0 1 192Eu
  63 193  193.096311   89.713000  0.0700  0.0100                     2.5 1 193Eu
  63 194  194.105259   98.048000  0.0700  0.0200                     7.0 1 194Eu
  63 195  195.112488  104.782000  0.0700  0.0100                     2.5 1 195Eu
  63 196  196.121070  112.776000  0.1300  0.0500                     7.0 1 196Eu
  63 197  197.128451  119.651000  0.1500  0.0600                     2.5 1 197Eu
  63 198  198.137014  127.628000  0.1800  0.0700                     3.0 1 198Eu
  63 199  199.144201  134.322000  0.1800  0.0800                     3.5 1 199Eu
  63 200  200.152093  141.674000  0.2100  0.1000                     5.0-1 200Eu
  63 201  201.159843  148.893000  0.2300  0.1300                     3.5 1 201Eu
  63 202  202.168079  156.565000  0.2500  0.1100                     4.0 1 202Eu
  63 203  203.175709  163.672000  0.2700  0.1500                     2.5-1 203Eu
  63 204  204.183914  171.315000  0.3100  0.1700                     5.0 1 204Eu
  63 205  205.192003  178.850000  0.3000  0.1400                     1.5 1 205Eu
  63 206  206.200465  186.732000  0.3100  0.1600                     5.0-1 206Eu
  63 207  207.208406  194.129000  0.3100  0.1600                     2.5-1 207Eu
  63 208  208.217250  202.367000  0.3200  0.1400                     1.0 1 208Eu
  63 209  209.225342  209.905000  0.3200  0.1400                     2.5-1 209Eu
  63 210  210.234269  218.220000  0.3300  0.1500                     0.0-1 210Eu
  63 211  211.243270  226.605000  0.3100  0.1300                     2.5-1 211Eu
  63 212  212.251152  233.947000  0.3300  0.1700                     3.0 1 212Eu
  63 218  218.306470  285.475000  0.0000-10.0000                     0.0 1 218Eu
  63 219  219.315828  294.192000  0.0000-10.0000                     0.5 1 219Eu
  63 220  220.325062  302.793000  0.0000-10.0000                     0.0 1 220Eu
