  65 128  128.008585    7.997000  0.4000  0.1200                     1.0 1 128Tb
  65 129  128.999291   -0.660000  0.3700  0.0800                     0.5 1 129Tb
  65 130  129.993400   -6.148000  0.3800  0.1000                     1.0 1 130Tb
  65 131  130.985345  -13.651000  0.3600  0.0600                     0.5 1 131Tb
  65 132  131.980473  -18.189000  0.3600  0.0500                     1.0 1 132Tb
  65 133  132.973337  -24.836000  0.3500  0.0400                     0.5 1 133Tb
  65 134  133.969724  -28.202000  0.3600  0.0300                     1.0 1 134Tb
  65 135  134.963231  -34.250000  0.3600  0.0400                     2.5-1 135Tb
  65 136  135.960659  -36.646000  0.3400  0.0300                     0.0-1 136Tb
  65 137  136.954707  -42.190000  0.3100  0.0200                     2.5-1 137Tb
  65 138  137.952578  -44.173000  0.3500  0.0400                     0.0-1 138Tb
  65 139  138.947710  -48.708000  0.2900  0.0100                     2.5-1 139Tb
  65 140  139.945660  -50.617000 -0.2400  0.0400                     4.0 1 140Tb
  65 141  140.941154  -54.815000 -0.1900  0.0100                     0.5 1 141Tb
  65 142  141.939213  -56.623000 -0.1900  0.0100                     1.0-1 142Tb
  65 143  142.935120  -60.435000 -0.1800  0.0200                     0.5 1 143Tb
  65 144  143.933745  -61.716000  0.1500 -0.0100                     4.0-1 144Tb
  65 145  144.929668  -65.514000 -0.1300  0.0100                     1.5 1 145Tb
  65 146  145.928093  -66.981000 -0.1000 -0.0100                     4.0-1 146Tb
  65 147  146.924532  -70.298000 -0.0700  0.0100                     1.5 1 147Tb
  65 148  147.925433  -69.459000 -0.0800  0.0100                     2.0-1 148Tb
  65 149  148.923673  -71.098000 -0.1000  0.0200                     1.5 1 149Tb
  65 150  149.925017  -69.846000 -0.1300  0.0300                     2.0-1 150Tb
  65 151  150.923324  -71.423000  0.1800  0.0700                     3.5 1 151Tb
  65 152  151.924632  -70.205000  0.1900  0.1000                     2.0-1 152Tb
  65 153  152.923442  -71.313000  0.2100  0.0700                     2.5-1 153Tb
  65 154  153.924575  -70.258000  0.3100  0.1000                     2.0-1 154Tb
  65 155  154.923549  -71.214000  0.3100  0.1200                     1.5 1 155Tb
  65 156  155.924856  -69.996000  0.3300  0.1500                     3.0 1 156Tb
  65 157  156.924297  -70.517000  0.3200  0.1300                     1.5 1 157Tb
  65 158  157.925966  -68.962000  0.3100  0.1300                     3.0-1 158Tb
  65 159  158.925717  -69.194000  0.3100  0.1200                     1.5 1 159Tb
  65 160  159.927965  -67.100000  0.3200  0.1200                     4.0 1 160Tb
  65 161  160.928068  -67.004000  0.3400  0.1300                     1.5 1 161Tb
  65 162  161.930540  -64.702000  0.3400  0.1200                     4.0-1 162Tb
  65 163  162.931410  -63.891000  0.3400  0.1000                     1.5 1 163Tb
  65 164  163.934185  -61.306000  0.3400  0.1000                     2.0-1 164Tb
  65 165  164.935343  -60.228000  0.3400  0.0800                     1.5 1 165Tb
  65 166  165.939006  -56.816000  0.3500  0.0900                     2.0 1 166Tb
  65 167  166.940423  -55.496000  0.3500  0.0800                     1.5 1 167Tb
  65 168  167.944075  -52.094000  0.3400  0.0600                     1.0-1 168Tb
  65 169  168.946222  -50.094000  0.3400  0.0600                     1.5 1 169Tb
  65 170  169.950641  -45.978000  0.3300  0.0500                     2.0-1 170Tb
  65 171  170.952930  -43.845000  0.3300  0.0300                     1.5 1 171Tb
  65 172  171.957972  -39.149000  0.3200  0.0300                     1.0 1 172Tb
  65 173  172.960503  -36.791000  0.3300  0.0200                     0.5 1 173Tb
  65 174  173.964949  -32.650000  0.2900 -0.0200                     1.0 1 174Tb
  65 175  174.968378  -29.456000  0.2900 -0.0300                     0.5 1 175Tb
  65 176  175.973552  -24.636000  0.2900 -0.0300                     1.0 1 176Tb
  65 177  176.977039  -21.388000  0.2800 -0.0400                     0.5 1 177Tb
  65 178  177.982501  -16.300000  0.2700 -0.0400                     1.0 1 178Tb
  65 179  178.986314  -12.748000  0.2700 -0.0300                     0.5 1 179Tb
  65 180  179.991633   -7.794000 -0.2200  0.0400                     1.0 1 180Tb
  65 181  180.996521   -3.241000 -0.2200  0.0400                     0.5 1 181Tb
  65 182  182.002540    2.366000 -0.1800  0.0200                     1.0 1 182Tb
  65 183  183.006348    5.913000 -0.1800  0.0100                     0.5 1 183Tb
  65 184  184.012501   11.645000 -0.1600  0.0000                     1.0 1 184Tb
  65 185  185.016390   15.267000 -0.1600  0.0100                     0.5 1 185Tb
  65 186  186.022478   20.938000 -0.1500  0.0000                     1.0 1 186Tb
  65 187  187.026880   25.039000 -0.1100 -0.0100                     0.5 1 187Tb
  65 188  188.033157   30.886000 -0.1100  0.0000                     1.0 1 188Tb
  65 189  189.037847   35.254000 -0.0700 -0.0100                     0.5 1 189Tb
  65 190  190.043696   40.703000 -0.0600  0.0000                     1.0 1 190Tb
  65 191  191.048658   45.325000  0.0000  0.0000                     0.5 1 191Tb
  65 192  192.056266   52.411000 -0.0500  0.0100                     1.0 1 192Tb
  65 193  193.062895   58.586000 -0.0500  0.0100                     0.5 1 193Tb
  65 194  194.071292   66.408000 -0.0800  0.0100                     1.0 1 194Tb
  65 195  195.077722   72.398000 -0.0800  0.0200                     0.5 1 195Tb
  65 196  196.086242   80.334000 -0.0800  0.0200                     1.0 1 196Tb
  65 197  197.093068   86.692000 -0.1000  0.0300                     0.5 1 197Tb
  65 198  198.101292   94.353000 -0.1300  0.0400                     1.0 1 198Tb
  65 199  199.107861  100.472000  0.1900  0.0800                     0.5 1 199Tb
  65 200  200.116212  108.251000 -0.1500  0.0500                     1.0 1 200Tb
  65 201  201.122594  114.196000  0.2100  0.1300                     0.5 1 201Tb
  65 202  202.130521  121.580000  0.2000  0.1000                     1.0 1 202Tb
  65 203  203.137285  127.880000  0.2400  0.1300                     0.5 1 203Tb
  65 204  204.145224  135.275000  0.2300  0.1200                     1.0 1 204Tb
  65 205  205.152180  141.755000  0.2600  0.1700                     0.5 1 205Tb
  65 206  206.160268  149.289000  0.2900  0.1200                     1.0 1 206Tb
  65 207  207.167636  156.152000  0.3100  0.1300                     0.5 1 207Tb
  65 208  208.175827  163.782000  0.3000  0.1400                     1.0 1 208Tb
  65 209  209.183688  171.104000  0.3100  0.1300                     0.5 1 209Tb
  65 210  210.191728  178.594000  0.3100  0.1200                     1.0 1 210Tb
  65 211  211.199647  185.970000  0.3200  0.1300                     0.5 1 211Tb
  65 212  212.207987  193.739000  0.3100  0.1400                     1.0 1 212Tb
  65 213  213.216327  201.507000  0.3200  0.1000                     0.5 1 213Tb
  65 214  214.225112  209.691000  0.3300  0.0900                     1.0 1 214Tb
  65 215  215.233236  217.258000  0.3100  0.1000                     0.5 1 215Tb
  65 216  216.242251  225.655000  0.3200  0.0900                     1.0 1 216Tb
  65 217  217.250384  233.231000  0.3100  0.0700                     0.5 1 217Tb
  65 218  218.259450  241.676000  0.3400  0.0900                     1.0 1 218Tb
  65 219  219.267942  249.586000  0.3100  0.0700                     0.5 1 219Tb
  65 220  220.276920  257.949000  0.3400  0.0900                     1.0 1 220Tb
  65 221  221.285978  266.387000  0.3200  0.0600                     0.5 1 221Tb
  65 222  222.294924  274.720000  0.3200  0.0900                     1.0 1 222Tb
  65 223  223.304038  283.210000  0.3200  0.0600                     0.5 1 223Tb
  65 224  224.313376  291.908000  0.3200  0.0600                     1.0 1 224Tb
