  66 130  130.009599    8.941000  0.3700  0.0900                     0.0 1 130Dy
  66 131  131.003173    2.956000  0.3800  0.0800                     0.5 1 131Dy
  66 132  131.994595   -5.035000  0.3600  0.0700                     0.0 1 132Dy
  66 133  132.989203  -10.057000  0.3600  0.0400                     0.5 1 133Dy
  66 134  133.981541  -17.194000  0.3400  0.0200                     0.0 1 134Dy
  66 135  134.977132  -21.301000  0.3600  0.0300                     0.5 1 135Dy
  66 136  135.970283  -27.681000  0.3300  0.0100                     0.0 1 136Dy
  66 137  136.966831  -30.897000  0.3400  0.0300                     0.5 1 137Dy
  66 138  137.961125  -36.212000  0.3300  0.0100                     0.0 1 138Dy
  66 139  138.958368  -38.780000  0.3200  0.0000                     4.5-1 139Dy
  66 140  139.953053  -43.731000  0.3000  0.0000                     0.0 1 140Dy
  66 141  140.950673  -45.948000 -0.2200  0.0300                     0.5-1 141Dy
  66 142  141.945990  -50.310000 -0.2100  0.0200                     0.0 1 142Dy
  66 143  142.943828  -52.324000 -0.2000  0.0200                     0.5 1 143Dy
  66 144  143.939346  -56.499000 -0.1800  0.0000                     0.0 1 144Dy
  66 145  144.938001  -57.752000 -0.1900  0.0300                     0.5-1 145Dy
  66 146  145.933591  -61.860000 -0.1400 -0.0100                     0.0 1 146Dy
  66 147  146.931431  -63.872000 -0.1000  0.0000                     5.5-1 147Dy
  66 148  147.927603  -67.437000  0.0700  0.0000                     0.0 1 148Dy
  66 149  148.928321  -66.769000 -0.0800  0.0100                     3.5-1 149Dy
  66 150  149.926302  -68.649000  0.1100  0.0100                     0.0 1 150Dy
  66 151  150.927369  -67.655000 -0.1400  0.0300                     3.5-1 151Dy
  66 152  151.925471  -69.423000  0.1800  0.0700                     0.0 1 152Dy
  66 153  152.926553  -68.415000  0.2000  0.0800                     1.5-1 153Dy
  66 154  153.924666  -70.173000  0.2200  0.0800                     0.0 1 154Dy
  66 155  154.925746  -69.167000  0.2800  0.1000                     0.5 1 155Dy
  66 156  155.924415  -70.407000  0.2600  0.0700                     0.0 1 156Dy
  66 157  156.925549  -69.351000  0.3300  0.1200                     1.5 1 157Dy
  66 158  157.924581  -70.252000  0.3000  0.1200                     0.0 1 158Dy
  66 159  158.925937  -68.989000  0.3200  0.1200                     1.5-1 159Dy
  66 160  159.925574  -69.327000  0.3200  0.1300                     0.0 1 160Dy
  66 161  160.927382  -67.643000  0.3100  0.0900                     2.5-1 161Dy
  66 162  161.927195  -67.817000  0.3300  0.1200                     0.0 1 162Dy
  66 163  162.929369  -65.792000  0.3300  0.1000                     2.5-1 163Dy
  66 164  163.929847  -65.347000  0.3300  0.1000                     0.0 1 164Dy
  66 165  164.932351  -63.015000  0.3400  0.0900                     0.5-1 165Dy
  66 166  165.933284  -62.146000  0.3400  0.0900                     0.0 1 166Dy
  66 167  166.936541  -59.112000  0.3500  0.0800                     3.5 1 167Dy
  66 168  167.937525  -58.195000  0.3300  0.0600                     0.0 1 168Dy
  66 169  168.940970  -54.986000  0.3300  0.0500                     2.5-1 169Dy
  66 170  169.942774  -53.306000  0.3300  0.0400                     0.0 1 170Dy
  66 171  170.946816  -49.541000  0.3100  0.0300                     3.5-1 171Dy
  66 172  171.948679  -47.805000  0.3200  0.0100                     0.0 1 172Dy
  66 173  172.952929  -43.846000  0.3200  0.0100                     4.5 1 173Dy
  66 174  173.955420  -41.526000  0.3200  0.0000                     0.0 1 174Dy
  66 175  174.959882  -37.370000  0.3100 -0.0100                     0.5 1 175Dy
  66 176  175.962939  -34.522000  0.3000 -0.0300                     0.0 1 176Dy
  66 177  176.967637  -30.146000  0.2900 -0.0400                     0.5 1 177Dy
  66 178  177.970987  -27.025000  0.2800 -0.0400                     0.0 1 178Dy
  66 179  178.976148  -22.218000  0.2700 -0.0300                     0.5 1 179Dy
  66 180  179.979990  -18.639000  0.2600 -0.0600                     0.0 1 180Dy
  66 181  180.985015  -13.958000 -0.2200  0.0400                     0.5 1 181Dy
  66 182  181.989713   -9.582000 -0.2100  0.0300                     0.0 1 182Dy
  66 183  182.995416   -4.270000 -0.2000  0.0300                     0.5 1 183Dy
  66 184  183.999079   -0.858000 -0.1900  0.0200                     0.0 1 184Dy
  66 185  185.004979    4.638000 -0.2100  0.0300                     0.5 1 185Dy
  66 186  186.008918    8.307000 -0.1600  0.0100                     0.0 1 186Dy
  66 187  187.014782   13.769000 -0.1600  0.0000                     0.5 1 187Dy
  66 188  188.018793   17.506000 -0.1400  0.0000                     0.0 1 188Dy
  66 189  189.025049   23.333000  0.0800 -0.0200                     0.5 1 189Dy
  66 190  190.029492   27.472000  0.0600 -0.0100                     0.0 1 190Dy
  66 191  191.034697   32.320000 -0.0500 -0.0100                     0.5 1 191Dy
  66 192  192.039397   36.698000  0.0000  0.0000                     0.0 1 192Dy
  66 193  193.047141   43.912000 -0.0500  0.0100                     0.5 1 193Dy
  66 194  194.053334   49.680000  0.0400 -0.0100                     0.0 1 194Dy
  66 195  195.061658   57.434000 -0.0600  0.0100                     0.5 1 195Dy
  66 196  196.067918   63.265000  0.0800  0.0300                     0.0 1 196Dy
  66 197  197.075987   70.781000  0.1000  0.0100                     0.5 1 197Dy
  66 198  198.082543   76.888000  0.1000  0.0400                     0.0 1 198Dy
  66 199  199.090527   84.325000  0.1300  0.0500                     0.5 1 199Dy
  66 200  200.096956   90.314000  0.1800  0.0700                     0.0 1 200Dy
  66 201  201.105073   97.875000  0.1700  0.0900                     0.5 1 201Dy
  66 202  202.111167  103.551000  0.2000  0.1200                     0.0 1 202Dy
  66 203  203.119031  110.877000  0.2000  0.1000                     0.5 1 203Dy
  66 204  204.125541  116.941000  0.2400  0.1300                     0.0 1 204Dy
  66 205  205.133489  124.344000  0.2400  0.1300                     0.5 1 205Dy
  66 206  206.140159  130.557000  0.2600  0.1200                     0.0 1 206Dy
  66 207  207.147903  137.771000  0.2700  0.1300                     0.5 1 207Dy
  66 208  208.155182  144.551000  0.2900  0.1300                     0.0 1 208Dy
  66 209  209.163116  151.942000  0.2900  0.1300                     0.5 1 209Dy
  66 210  210.170427  158.752000  0.3000  0.1300                     0.0 1 210Dy
  66 211  211.179126  166.855000  0.3000  0.1100                     0.5 1 211Dy
  66 212  212.186421  173.650000  0.3000  0.1100                     0.0 1 212Dy
  66 213  213.194586  181.256000  0.3100  0.1200                     0.5 1 213Dy
  66 214  214.202412  188.546000  0.3100  0.1100                     0.0 1 214Dy
  66 215  215.211087  196.626000  0.3500  0.1500                     0.5 1 215Dy
  66 216  216.218840  203.848000  0.3100  0.0900                     0.0 1 216Dy
  66 217  217.227659  212.063000  0.3100  0.0800                     0.5 1 217Dy
  66 218  218.235698  219.551000  0.3100  0.0700                     0.0 1 218Dy
  66 219  219.244418  227.674000  0.3300  0.1100                     0.5 1 219Dy
  66 220  220.252758  235.443000  0.3100  0.0800                     0.0 1 220Dy
  66 221  221.262433  244.455000  0.3300  0.0900                     0.5 1 221Dy
  66 222  222.270156  251.649000  0.3300  0.0700                     0.0 1 222Dy
  66 223  223.278657  259.567000  0.3300  0.0600                     0.5 1 223Dy
  66 224  224.288120  268.382000  0.3200  0.0500                     0.0 1 224Dy
  66 225  225.296358  276.056000  0.3200  0.0400                     0.5 1 225Dy
  66 226  226.306437  285.444000  0.2900  0.0200                     0.0 1 226Dy
