  67 132  132.016102   14.999000  0.3800  0.0700                     1.0 1 132Ho
  67 133  133.007002    6.522000  0.3600  0.0600                     0.5 1 133Ho
  67 134  134.001065    0.992000  0.3600  0.0400                     1.0 1 134Ho
  67 135  134.992677   -6.821000  0.3500  0.0200                     0.5 1 135Ho
  67 136  135.987706  -11.452000  0.3600  0.0200                     1.0 1 136Ho
  67 137  136.980378  -18.278000  0.3500  0.0200                     0.5 1 137Ho
  67 138  137.976576  -21.819000  0.3300  0.0000                     1.0 1 138Ho
  67 139  138.970415  -27.558000  0.3300  0.0000                     0.5 1 139Ho
  67 140  139.967327  -30.435000  0.3500  0.0000                     0.0-1 140Ho
  67 141  140.961792  -35.591000  0.2900 -0.0200                     0.5 1 141Ho
  67 142  141.959000  -38.191000 -0.2300  0.0200                     0.0-1 142Ho
  67 143  142.954107  -42.749000 -0.2200  0.0300                     0.5 1 143Ho
  67 144  143.951772  -44.924000 -0.2200  0.0400                     1.0 1 144Ho
  67 145  144.946908  -49.455000 -0.2100  0.0300                     0.5 1 145Ho
  67 146  145.944644  -51.564000 -0.1900  0.0200                     4.0 1 146Ho
  67 147  146.940573  -55.356000  0.1100  0.0000                     1.5 1 147Ho
  67 148  147.937931  -57.817000 -0.0900 -0.0200                     4.0-1 148Ho
  67 149  148.933830  -61.637000  0.0700  0.0100                     1.5 1 149Ho
  67 150  149.934239  -61.256000 -0.0900  0.0100                     2.0-1 150Ho
  67 151  150.931893  -63.441000  0.1100  0.0100                     1.5 1 151Ho
  67 152  151.932448  -62.924000  0.1200  0.0200                     2.0-1 152Ho
  67 153  152.930253  -64.969000  0.1500  0.0600                     3.5 1 153Ho
  67 154  153.930976  -64.295000  0.1900  0.0700                     1.0 1 154Ho
  67 155  154.928901  -66.228000  0.2200  0.0800                     3.5 1 155Ho
  67 156  155.929657  -65.524000  0.2300  0.0500                     1.0-1 156Ho
  67 157  156.927963  -67.102000  0.2500  0.0700                     0.5 1 157Ho
  67 158  157.928748  -66.371000  0.2700  0.0700                     2.0 1 158Ho
  67 159  158.927438  -67.591000  0.3000  0.1000                     0.5 1 159Ho
  67 160  159.928517  -66.586000  0.3100  0.0900                     2.0-1 160Ho
  67 161  160.927820  -67.235000  0.3100  0.1000                     0.5 1 161Ho
  67 162  161.929387  -65.776000  0.3100  0.0700                     3.0-1 162Ho
  67 163  162.929039  -66.100000  0.3200  0.0900                     0.5 1 163Ho
  67 164  163.930868  -64.396000  0.3300  0.0900                     3.0-1 164Ho
  67 165  164.930857  -64.406000  0.3300  0.0900                     0.5 1 165Ho
  67 166  165.933073  -62.342000  0.3400  0.0800                     1.0-1 166Ho
  67 167  166.933684  -61.773000  0.3400  0.0800                     0.5 1 167Ho
  67 168  167.936495  -59.155000  0.3100  0.0500                     3.0 1 168Ho
  67 169  168.937290  -58.414000  0.3300  0.0500                     0.5 1 169Ho
  67 170  169.940517  -55.408000  0.3400  0.0400                     3.0-1 170Ho
  67 171  170.941804  -54.209000  0.3300  0.0200                     0.5 1 171Ho
  67 172  171.945426  -50.835000  0.3200  0.0000                     3.0-1 172Ho
  67 173  172.946886  -49.475000  0.3200  0.0000                     0.5 1 173Ho
  67 174  173.950826  -45.805000  0.3200  0.0000                     4.0 1 174Ho
  67 175  174.953012  -43.769000  0.3100 -0.0200                     0.5 1 175Ho
  67 176  175.957261  -39.811000  0.3100 -0.0100                     1.0 1 176Ho
  67 177  176.959988  -37.271000  0.3000 -0.0300                     0.5 1 177Ho
  67 178  177.964533  -33.037000  0.2900 -0.0400                     1.0 1 178Ho
  67 179  178.967658  -30.126000  0.2900 -0.0400                     0.5 1 179Ho
  67 180  179.972574  -25.547000  0.2800 -0.0400                     1.0 1 180Ho
  67 181  180.976183  -22.185000  0.2800 -0.0400                     0.5 1 181Ho
  67 182  181.981223  -17.491000 -0.2100  0.0200                     1.0 1 182Ho
  67 183  182.985618  -13.397000 -0.2100  0.0100                     0.5 1 183Ho
  67 184  183.990687   -8.675000 -0.2000  0.0200                     1.0 1 184Ho
  67 185  184.994187   -5.415000 -0.1900  0.0200                     0.5 1 185Ho
  67 186  185.999931   -0.064000 -0.2100  0.0300                     1.0 1 186Ho
  67 187  187.003484    3.245000 -0.1700  0.0100                     0.5 1 187Ho
  67 188  188.009118    8.493000 -0.1500  0.0000                     1.0 1 188Ho
  67 189  189.013093   12.196000 -0.1300 -0.0100                     0.5 1 189Ho
  67 190  190.019062   17.756000 -0.1200  0.0000                     1.0 1 190Ho
  67 191  191.023207   21.617000 -0.0700 -0.0100                     0.5 1 191Ho
  67 192  192.028349   26.407000 -0.0500 -0.0100                     1.0 1 192Ho
  67 193  193.032934   30.678000  0.0000  0.0000                     0.5 1 193Ho
  67 194  194.040389   37.622000  0.0400  0.0100                     1.0 1 194Ho
  67 195  195.046575   43.384000 -0.0500  0.0100                     0.5 1 195Ho
  67 196  196.054389   50.663000  0.0600  0.0100                     1.0 1 196Ho
  67 197  197.060335   56.202000 -0.0600  0.0000                     0.5 1 197Ho
  67 198  198.068443   63.754000  0.0800  0.0000                     1.0 1 198Ho
  67 199  199.074480   69.378000  0.1100  0.0600                     0.5 1 199Ho
  67 200  200.082379   76.736000  0.1200  0.0400                     1.0 1 200Ho
  67 201  201.088414   82.357000  0.1400  0.0700                     0.5 1 201Ho
  67 202  202.096234   89.641000  0.1400  0.0800                     1.0 1 202Ho
  67 203  203.102525   95.501000  0.2000  0.1100                     0.5 1 203Ho
  67 204  204.110192  102.643000  0.2600  0.1300                     1.0 1 204Ho
  67 205  205.116280  108.314000  0.2500  0.1300                     0.5 1 205Ho
  67 206  206.124252  115.740000  0.2400  0.1300                     1.0 1 206Ho
  67 207  207.130428  121.493000  0.2600  0.1300                     0.5 1 207Ho
  67 208  208.137906  128.459000  0.2800  0.1300                     1.0 1 208Ho
  67 209  209.145101  135.161000  0.2900  0.1300                     0.5 1 209Ho
  67 210  210.152446  142.003000  0.2900  0.1200                     1.0 1 210Ho
  67 211  211.159951  148.993000  0.2900  0.1300                     0.5 1 211Ho
  67 212  212.168107  156.591000  0.2900  0.1000                     1.0 1 212Ho
  67 213  213.175220  163.216000  0.2800  0.0900                     0.5 1 213Ho
  67 214  214.184130  171.516000  0.3200  0.0900                     1.0 1 214Ho
  67 215  215.190932  177.852000  0.2800  0.0800                     0.5 1 215Ho
  67 216  216.199478  185.813000  0.3300  0.0800                     1.0 1 216Ho
  67 217  217.207087  192.900000  0.3200  0.0900                     0.5 1 217Ho
  67 218  218.215425  200.667000  0.3200  0.0700                     1.0 1 218Ho
  67 219  219.222960  207.686000  0.3100  0.0600                     0.5 1 219Ho
  67 220  220.232005  216.111000  0.3100  0.0400                     1.0 1 220Ho
  67 221  221.240092  223.644000  0.3100  0.0300                     0.5 1 221Ho
  67 222  222.249470  232.380000  0.3000  0.0300                     1.0 1 222Ho
  67 223  223.257545  239.902000  0.3100  0.0300                     0.5 1 223Ho
  67 224  224.265402  247.220000  0.3300  0.0700                     1.0 1 224Ho
  67 225  225.274947  256.112000  0.3000  0.0400                     0.5 1 225Ho
  67 226  226.282884  263.505000  0.3100  0.0500                     1.0 1 226Ho
  67 227  227.292433  272.400000  0.2900 -0.0200                     0.5 1 227Ho
  67 228  228.301633  280.969000  0.3100  0.0100                     1.0 1 228Ho
