  68 134  134.017527   16.326000  0.3700  0.0600                     0.0 1 134Er
  68 135  135.010945   10.195000  0.3600  0.0300                     0.5 1 135Er
  68 136  136.002370    2.208000  0.3700  0.0200                     0.0 1 136Er
  68 137  136.996920   -2.869000  0.3600  0.0200                     0.5 1 137Er
  68 138  137.989082  -10.170000  0.3400  0.0000                     0.0 1 138Er
  68 139  138.984881  -14.083000  0.3300  0.0000                     0.5 1 139Er
  68 140  139.978055  -20.442000  0.3200  0.0000                     0.0 1 140Er
  68 141  140.974578  -23.680000  0.3400  0.0000                     0.5 1 141Er
  68 142  141.968748  -29.111000  0.2900 -0.0200                     0.0 1 142Er
  68 143  142.965624  -32.021000 -0.2400  0.0300                     0.5-1 143Er
  68 144  143.960238  -37.038000 -0.2000  0.0100                     0.0 1 144Er
  68 145  144.957210  -39.859000 -0.2000  0.0200                     0.5 1 145Er
  68 146  145.952202  -44.524000 -0.1800  0.0100                     0.0 1 146Er
  68 147  146.949944  -46.627000 -0.1900  0.0200                     0.5 1 147Er
  68 148  147.945167  -51.077000 -0.1600  0.0000                     0.0 1 148Er
  68 149  148.942696  -53.378000 -0.1000 -0.0100                     5.5-1 149Er
  68 150  149.938214  -57.553000 -0.0700  0.0000                     0.0 1 150Er
  68 151  150.938200  -57.566000 -0.0800  0.0100                     3.5-1 151Er
  68 152  151.935417  -60.159000  0.1200  0.0200                     0.0 1 152Er
  68 153  152.935761  -59.838000 -0.1800  0.0400                     3.5-1 153Er
  68 154  153.933277  -62.152000  0.1600  0.0200                     0.0 1 154Er
  68 155  154.933898  -61.574000  0.1800  0.0500                     1.5-1 155Er
  68 156  155.931411  -63.890000  0.2200  0.0800                     0.0 1 156Er
  68 157  156.932020  -63.323000  0.2100  0.0300                     1.5-1 157Er
  68 158  157.929966  -65.236000  0.2500  0.0900                     0.0 1 158Er
  68 159  158.930656  -64.594000  0.2500  0.0700                     1.5-1 159Er
  68 160  159.929124  -66.021000  0.2700  0.0700                     0.0 1 160Er
  68 161  160.929885  -65.312000  0.3000  0.0900                     1.5-1 161Er
  68 162  161.928843  -66.282000  0.3000  0.1000                     0.0 1 162Er
  68 163  162.930136  -65.078000  0.3000  0.0700                     2.5-1 163Er
  68 164  163.929315  -65.843000  0.3200  0.0900                     0.0 1 164Er
  68 165  164.930999  -64.274000  0.3300  0.0900                     2.5 1 165Er
  68 166  165.930611  -64.635000  0.3300  0.0700                     0.0 1 166Er
  68 167  166.932298  -63.064000  0.3300  0.0600                     0.5-1 167Er
  68 168  167.932643  -62.743000  0.3300  0.0600                     0.0 1 168Er
  68 169  168.935141  -60.416000  0.3100  0.0400                     3.5 1 169Er
  68 170  169.935738  -59.860000  0.3300  0.0500                     0.0 1 170Er
  68 171  170.938338  -57.438000  0.3400  0.0400                     2.5-1 171Er
  68 172  171.939554  -56.305000  0.3400  0.0300                     0.0 1 172Er
  68 173  172.942901  -53.187000  0.3200  0.0000                     3.5-1 173Er
  68 174  173.944122  -52.050000  0.3200  0.0000                     0.0 1 174Er
  68 175  174.947831  -48.595000  0.3200 -0.0100                     4.5 1 175Er
  68 176  175.949652  -46.899000  0.3100 -0.0100                     0.0 1 176Er
  68 177  176.953655  -43.170000  0.3000 -0.0300                     0.5-1 177Er
  68 178  177.956020  -40.967000  0.3000 -0.0400                     0.0 1 178Er
  68 179  178.960340  -36.943000  0.3000 -0.0400                     0.5 1 179Er
  68 180  179.963216  -34.264000  0.2900 -0.0400                     0.0 1 180Er
  68 181  180.967842  -29.955000  0.2700 -0.0400                     0.5 1 181Er
  68 182  181.971095  -26.925000  0.2800 -0.0500                     0.0 1 182Er
  68 183  182.976104  -22.259000 -0.2100  0.0300                     0.5 1 183Er
  68 184  183.979662  -18.945000 -0.2000  0.0100                     0.0 1 184Er
  68 185  184.984641  -14.307000 -0.1900  0.0200                     0.5 1 185Er
  68 186  185.988128  -11.059000 -0.2000  0.0200                     0.0 1 186Er
  68 187  186.993529   -6.028000 -0.2100  0.0200                     0.5 1 187Er
  68 188  187.996830   -2.953000 -0.1700  0.0000                     0.0 1 188Er
  68 189  189.002200    2.049000 -0.1600  0.0100                     0.5 1 189Er
  68 190  190.005973    5.564000 -0.1500  0.0000                     0.0 1 190Er
  68 191  191.011731   10.927000  0.0800 -0.0100                     0.5 1 191Er
  68 192  192.015688   14.613000 -0.0800  0.0000                     0.0 1 192Er
  68 193  193.020764   19.342000 -0.0600  0.0000                     0.5 1 193Er
  68 194  194.024892   23.187000  0.0000  0.0000                     0.0 1 194Er
  68 195  195.032164   29.961000 -0.0500  0.0100                     0.5 1 195Er
  68 196  196.037851   35.258000  0.0600  0.0000                     0.0 1 196Er
  68 197  197.045805   42.667000 -0.0300 -0.0100                     0.5 1 197Er
  68 198  198.051611   48.075000  0.0800  0.0000                     0.0 1 198Er
  68 199  199.059075   55.028000  0.0900  0.0200                     0.5 1 199Er
  68 200  200.065297   60.824000  0.1300  0.0500                     0.0 1 200Er
  68 201  201.072964   67.966000  0.1300  0.0400                     0.5 1 201Er
  68 202  202.078828   73.428000  0.1700  0.0700                     0.0 1 202Er
  68 203  203.086356   80.440000  0.1600  0.0700                     0.5 1 203Er
  68 204  204.092195   85.879000  0.2000  0.1200                     0.0 1 204Er
  68 205  205.100061   93.206000  0.2300  0.1200                     0.5 1 205Er
  68 206  206.105605   98.370000  0.2200  0.1100                     0.0 1 206Er
  68 207  207.113372  105.605000  0.2500  0.1000                     0.5 1 207Er
  68 208  208.119520  111.332000  0.2600  0.1300                     0.0 1 208Er
  68 209  209.127099  118.392000  0.2700  0.1100                     0.5 1 209Er
  68 210  210.133657  124.501000  0.2600  0.1200                     0.0 1 210Er
  68 211  211.140941  131.286000  0.2700  0.1000                     0.5 1 211Er
  68 212  212.148310  138.150000  0.2800  0.1200                     0.0 1 212Er
  68 213  213.156594  145.866000  0.3000  0.1100                     0.5 1 213Er
  68 214  214.163307  152.120000  0.3100  0.1000                     0.0 1 214Er
  68 215  215.171469  159.722000  0.3000  0.0900                     0.5 1 215Er
  68 216  216.178458  166.233000  0.3000  0.0800                     0.0 1 216Er
  68 217  217.186816  174.018000  0.3000  0.0700                     0.5 1 217Er
  68 218  218.194130  180.831000  0.3100  0.0600                     0.0 1 218Er
  68 219  219.202456  188.587000  0.3200  0.0500                     0.5 1 219Er
  68 220  220.210015  195.628000  0.3200  0.0500                     0.0 1 220Er
  68 221  221.218517  203.547000  0.3000  0.0400                     0.5 1 221Er
  68 222  222.226419  210.908000  0.3100  0.0300                     0.0 1 222Er
  68 223  223.235590  219.451000  0.3000  0.0100                     0.5 1 223Er
  68 224  224.243106  226.452000  0.3100  0.0200                     0.0 1 224Er
  68 225  225.251322  234.105000  0.3300  0.0500                     0.5 1 225Er
  68 226  226.260093  242.275000  0.3000  0.0100                     0.0 1 226Er
  68 227  227.268392  250.006000  0.3200  0.0200                     0.5 1 227Er
  68 228  228.277297  258.301000  0.2900  0.0000                     0.0 1 228Er
  68 229  229.286348  266.732000  0.3000  0.0100                     0.5 1 229Er
  68 230  230.295387  275.151000  0.2900 -0.0300                     0.0 1 230Er
