  70 138  138.025923   24.147000  0.3500  0.0000                     0.0 1 138Yb
  70 139  139.019570   18.229000  0.3600  0.0100                     0.5 1 139Yb
  70 140  140.010872   10.127000  0.3500  0.0000                     0.0 1 140Yb
  70 141  141.005665    5.277000  0.3200  0.0100                     0.5 1 141Yb
  70 142  141.997925   -1.933000  0.3100 -0.0300                     0.0 1 142Yb
  70 143  142.993608   -5.954000  0.2900 -0.0100                     0.5 1 143Yb
  70 144  143.986583  -12.498000 -0.2200  0.0200                     0.0 1 144Yb
  70 145  144.982703  -16.112000 -0.2200  0.0300                     0.5 1 145Yb
  70 146  145.976284  -22.091000 -0.2000  0.0200                     0.0 1 146Yb
  70 147  146.972868  -25.273000 -0.1900  0.0200                     0.5 1 147Yb
  70 148  147.967231  -30.524000 -0.1800  0.0100                     0.0 1 148Yb
  70 149  148.964071  -33.468000 -0.1900  0.0100                     5.5-1 149Yb
  70 150  149.958652  -38.515000 -0.1500  0.0000                     0.0 1 150Yb
  70 151  150.955468  -41.481000 -0.0900 -0.0100                     5.5-1 151Yb
  70 152  151.950388  -46.213000  0.0700  0.0000                     0.0 1 152Yb
  70 153  152.949967  -46.605000 -0.0900  0.0100                     3.5-1 153Yb
  70 154  153.946488  -49.846000 -0.1100  0.0100                     0.0 1 154Yb
  70 155  154.946171  -50.141000 -0.1400  0.0200                     3.5-1 155Yb
  70 156  155.942959  -53.133000  0.1500  0.0200                     0.0 1 156Yb
  70 157  156.943062  -53.037000  0.1700  0.0400                     1.5-1 157Yb
  70 158  157.940094  -55.802000  0.1900  0.0600                     0.0 1 158Yb
  70 159  158.940013  -55.878000  0.2100  0.0400                     1.5-1 159Yb
  70 160  159.937651  -58.078000  0.2300  0.0600                     0.0 1 160Yb
  70 161  160.937801  -57.938000  0.2400  0.0600                     1.5-1 161Yb
  70 162  161.935676  -59.917000  0.2600  0.0700                     0.0 1 162Yb
  70 163  162.935931  -59.680000  0.2800  0.0900                     1.5-1 163Yb
  70 164  163.934207  -61.286000  0.2700  0.0700                     0.0 1 164Yb
  70 165  164.934957  -60.587000  0.2900  0.0700                     2.5-1 165Yb
  70 166  165.933609  -61.843000  0.3100  0.0600                     0.0 1 166Yb
  70 167  166.934747  -60.783000  0.3100  0.0900                     2.5 1 167Yb
  70 168  167.933836  -61.631000  0.3200  0.0800                     0.0 1 168Yb
  70 169  168.935036  -60.514000  0.3200  0.0600                     0.5-1 169Yb
  70 170  169.934680  -60.845000  0.3200  0.0500                     0.0 1 170Yb
  70 171  170.936802  -58.869000  0.2900  0.0300                     3.5 1 171Yb
  70 172  171.936483  -59.166000  0.3300  0.0100                     0.0 1 172Yb
  70 173  172.938440  -57.343000  0.3200  0.0100                     2.5-1 173Yb
  70 174  173.938927  -56.889000  0.3100  0.0100                     0.0 1 174Yb
  70 175  174.941626  -54.375000  0.3100 -0.0200                     3.5-1 175Yb
  70 176  175.942302  -53.745000  0.3200 -0.0100                     0.0 1 176Yb
  70 177  176.945354  -50.902000  0.3200 -0.0200                     4.5 1 177Yb
  70 178  177.946606  -49.736000  0.2900 -0.0300                     0.0 1 178Yb
  70 179  178.949934  -46.636000  0.3000 -0.0400                     0.5-1 179Yb
  70 180  179.951689  -45.001000  0.2900 -0.0500                     0.0 1 180Yb
  70 181  180.955459  -41.490000  0.2800 -0.0500                     1.5-1 181Yb
  70 182  181.957846  -39.266000  0.2800 -0.0500                     0.0 1 182Yb
  70 183  182.961932  -35.460000  0.2700 -0.0500                     0.5 1 183Yb
  70 184  183.964534  -33.036000  0.2600 -0.0700                     0.0 1 184Yb
  70 185  184.968927  -28.944000 -0.2100  0.0300                     0.5 1 185Yb
  70 186  185.972082  -26.005000 -0.2100  0.0300                     0.0 1 186Yb
  70 187  186.976494  -21.896000 -0.1900  0.0000                     0.5 1 187Yb
  70 188  187.979333  -19.251000 -0.2100  0.0200                     0.0 1 188Yb
  70 189  188.984299  -14.625000 -0.2100  0.0200                     0.5 1 189Yb
  70 190  189.987009  -12.101000 -0.1800  0.0100                     0.0 1 190Yb
  70 191  190.992115   -7.345000 -0.1600  0.0000                     0.5 1 191Yb
  70 192  191.995067   -4.595000 -0.1200 -0.0100                     0.0 1 192Yb
  70 193  193.000342    0.319000  0.0800 -0.0100                     0.5 1 193Yb
  70 194  194.004026    3.750000  0.0700  0.0000                     0.0 1 194Yb
  70 195  195.008531    7.947000 -0.0400 -0.0100                     0.5 1 195Yb
  70 196  196.012304   11.461000  0.0000  0.0000                     0.0 1 196Yb
  70 197  197.019171   17.858000 -0.0500  0.0100                     0.5 1 197Yb
  70 198  198.024313   22.647000  0.0500  0.0000                     0.0 1 198Yb
  70 199  199.032017   29.824000  0.0700  0.0100                     0.5 1 199Yb
  70 200  200.037290   34.735000  0.0500  0.0000                     0.0 1 200Yb
  70 201  201.044318   41.282000  0.0800  0.0000                     0.5 1 201Yb
  70 202  202.050124   46.690000  0.1400  0.0400                     0.0 1 202Yb
  70 203  203.057260   53.337000  0.1200  0.0400                     0.5 1 203Yb
  70 204  204.062819   58.516000  0.1500  0.0600                     0.0 1 204Yb
  70 205  205.069940   65.149000  0.1500  0.0600                     0.5 1 205Yb
  70 206  206.075441   70.273000  0.1900  0.0900                     0.0 1 206Yb
  70 207  207.082973   77.289000  0.2000  0.0700                     0.5 1 207Yb
  70 208  208.088182   82.141000  0.2300  0.1200                     0.0 1 208Yb
  70 209  209.095168   88.648000  0.2300  0.1000                     0.5 1 209Yb
  70 210  210.101193   94.261000  0.2400  0.1200                     0.0 1 210Yb
  70 211  211.107924  100.531000  0.2600  0.1200                     0.5 1 211Yb
  70 212  212.114449  106.609000  0.2500  0.1100                     0.0 1 212Yb
  70 213  213.121634  113.301000  0.2700  0.1000                     0.5 1 213Yb
  70 214  214.128326  119.535000  0.2700  0.1000                     0.0 1 214Yb
  70 215  215.136049  126.729000  0.2700  0.1000                     0.5 1 215Yb
  70 216  216.142372  132.619000  0.2800  0.0900                     0.0 1 216Yb
  70 217  217.150227  139.936000  0.3000  0.0900                     0.5 1 217Yb
  70 218  218.156864  146.118000  0.2700  0.0600                     0.0 1 218Yb
  70 219  219.164847  153.554000  0.3000  0.0600                     0.5 1 219Yb
  70 220  220.171460  159.714000  0.2900  0.0600                     0.0 1 220Yb
  70 221  221.179653  167.346000  0.2900  0.0500                     0.5 1 221Yb
  70 222  222.186521  173.743000  0.3000  0.0300                     0.0 1 222Yb
  70 223  223.194506  181.181000  0.2900  0.0300                     0.5 1 223Yb
  70 224  224.201872  188.043000  0.2900  0.0200                     0.0 1 224Yb
  70 225  225.209557  195.201000  0.2800  0.0200                     0.5 1 225Yb
  70 226  226.217880  202.954000  0.2900  0.0100                     0.0 1 226Yb
  70 227  227.226309  210.806000  0.2900 -0.0100                     0.5 1 227Yb
  70 228  228.234113  218.075000  0.2900  0.0000                     0.0 1 228Yb
  70 229  229.243015  226.367000  0.2800 -0.0200                     0.5 1 229Yb
  70 230  230.250795  233.614000  0.2600 -0.0400                     0.0 1 230Yb
  70 231  231.259552  241.771000  0.2800 -0.0200                     0.5 1 231Yb
  70 232  232.267859  249.509000  0.2800 -0.0300                     0.0 1 232Yb
  70 233  233.276686  257.731000  0.2500 -0.0400                     0.5 1 233Yb
  70 234  234.285265  265.723000  0.2600 -0.0400                     0.0 1 234Yb
