  71 140  140.033630   31.326000  0.0000-10.0000                     0.0 1 140Lu
  71 141  141.024349   22.681000  0.0000-10.0000                     0.5 1 141Lu
  71 142  142.018380   17.121000  0.0000-10.0000                     0.0 1 142Lu
  71 143  143.010248    9.546000  0.0000-10.0000                     0.5 1 143Lu
  71 144  144.005302    4.939000  0.0000-10.0000                     0.0 1 144Lu
  71 145  144.997884   -1.971000  0.0000-10.0000                     0.5 1 145Lu
  71 146  145.993364   -6.181000  0.0000-10.0000                     0.0 1 146Lu
  71 148  147.982478  -16.322000 -0.1900  0.0200                     1.0 1 148Lu
  71 149  148.976575  -21.820000 -0.1900  0.0200                     0.5 1 149Lu
  71 150  149.972966  -25.182000 -0.1800  0.0200                     2.0 1 150Lu
  71 151  150.967393  -30.373000 -0.1200  0.0000                     5.5-1 151Lu
  71 152  151.964271  -33.281000 -0.0900 -0.0200                     6.0-1 152Lu
  71 153  152.958707  -38.464000 -0.0400  0.0000                     5.5-1 153Lu
  71 154  153.957637  -39.461000 -0.0700  0.0100                     2.0 1 154Lu
  71 155  154.954036  -42.815000 -0.0800  0.0200                     5.5-1 155Lu
  71 156  155.953348  -43.456000 -0.1100  0.0300                     2.0 1 156Lu
  71 157  156.949649  -46.902000  0.1600  0.0300                     5.5-1 157Lu
  71 158  157.949236  -47.286000  0.1700  0.0400                     1.0-1 158Lu
  71 159  158.946177  -50.136000  0.2000  0.0600                     2.5 1 159Lu
  71 160  159.945830  -50.459000  0.1900  0.0400                     1.0-1 160Lu
  71 161  160.943223  -52.887000  0.2200  0.0800                     2.5 1 161Lu
  71 162  161.943339  -52.779000  0.2400  0.0500                     3.0-1 162Lu
  71 163  162.940904  -55.048000  0.2500  0.0600                     3.5-1 163Lu
  71 164  163.940907  -55.045000  0.2700  0.0800                     2.0-1 164Lu
  71 165  164.938918  -56.898000  0.2800  0.0700                     3.5 1 165Lu
  71 166  165.939286  -56.555000  0.2900  0.0600                     1.0-1 166Lu
  71 167  166.937738  -57.997000  0.2900  0.0700                     3.5 1 167Lu
  71 168  167.938498  -57.289000  0.3000  0.0800                     1.0 1 168Lu
  71 169  168.937417  -58.296000  0.3100  0.0800                     3.5 1 169Lu
  71 170  169.938177  -57.588000  0.3100  0.0500                     3.0-1 170Lu
  71 171  170.937523  -58.197000  0.3100  0.0500                     3.5 1 171Lu
  71 172  171.939310  -56.532000  0.2800  0.0300                     1.0 1 172Lu
  71 173  172.938784  -57.022000  0.3100  0.0200                     3.5 1 173Lu
  71 174  173.940607  -55.324000  0.3100  0.0200                     1.0-1 174Lu
  71 175  174.940823  -55.123000  0.2900 -0.0100                     3.5 1 175Lu
  71 176  175.942987  -53.107000  0.2900 -0.0100                     1.0-1 176Lu
  71 177  176.943454  -52.672000  0.2900 -0.0200                     3.5 1 177Lu
  71 178  177.946381  -49.946000  0.2900 -0.0300                     1.0 1 178Lu
  71 179  178.947042  -49.330000  0.2900 -0.0200                     3.5 1 179Lu
  71 180  179.949970  -46.603000  0.2800 -0.0400                     3.0-1 180Lu
  71 181  180.951506  -45.172000  0.2800 -0.0500                     3.5 1 181Lu
  71 182  181.954987  -41.929000  0.2800 -0.0500                     2.0-1 182Lu
  71 183  182.957054  -40.004000  0.2800 -0.0600                     3.5 1 183Lu
  71 184  183.960884  -36.436000  0.2600 -0.0700                     2.0 1 184Lu
  71 185  184.963153  -34.323000  0.2500 -0.0700                     3.5 1 185Lu
  71 186  185.967686  -30.100000 -0.2300  0.0400                     1.0 1 186Lu
  71 187  186.970245  -27.717000 -0.2100  0.0300                     0.5 1 187Lu
  71 188  187.974759  -23.512000 -0.1900  0.0100                     1.0 1 188Lu
  71 189  188.977120  -21.313000 -0.2000  0.0200                     0.5 1 189Lu
  71 190  189.981621  -17.120000 -0.2000  0.0200                     1.0 1 190Lu
  71 191  190.984036  -14.870000 -0.1600  0.0000                     0.5 1 191Lu
  71 192  191.988673  -10.551000 -0.1500 -0.0100                     1.0 1 192Lu
  71 193  192.991440   -7.974000 -0.1200 -0.0200                     0.5 1 193Lu
  71 194  193.996277   -3.468000 -0.1000 -0.0200                     1.0 1 194Lu
  71 195  194.999778   -0.207000  0.0600 -0.0100                     0.5 1 195Lu
  71 196  196.004018    3.743000 -0.0600  0.0000                     1.0 1 196Lu
  71 197  197.007543    7.026000  0.0000  0.0000                     0.5 1 197Lu
  71 198  198.014086   13.121000  0.0400  0.0100                     1.0 1 198Lu
  71 199  199.019362   18.036000  0.0500  0.0000                     0.5 1 199Lu
  71 200  200.026412   24.603000  0.0700  0.0200                     1.0 1 200Lu
  71 201  201.031689   29.518000  0.0700  0.0000                     0.5 1 201Lu
  71 202  202.038906   36.241000  0.0700  0.0100                     1.0 1 202Lu
  71 203  203.044087   41.067000  0.0900  0.0400                     0.5 1 203Lu
  71 204  204.051089   47.589000  0.1000  0.0300                     1.0 1 204Lu
  71 205  205.056312   52.454000  0.1500  0.0700                     0.5 1 205Lu
  71 206  206.063248   58.915000  0.1400  0.0600                     1.0 1 206Lu
  71 207  207.068635   63.933000  0.1800  0.0800                     0.5 1 207Lu
  71 208  208.075486   70.315000  0.1900  0.0800                     1.0 1 208Lu
  71 209  209.080724   75.194000  0.2000  0.0900                     0.5 1 209Lu
  71 210  210.087843   81.825000  0.2200  0.1000                     1.0 1 210Lu
  71 211  211.093440   87.039000  0.2300  0.1200                     0.5 1 211Lu
  71 212  212.100355   93.480000  0.2500  0.1200                     1.0 1 212Lu
  71 213  213.106499   99.203000  0.2500  0.1000                     0.5 1 213Lu
  71 214  214.113408  105.639000  0.2600  0.1000                     1.0 1 214Lu
  71 215  215.119966  111.748000  0.2700  0.0800                     0.5 1 215Lu
  71 216  216.127485  118.752000  0.2700  0.0800                     1.0 1 216Lu
  71 217  217.133724  124.563000  0.2900  0.0900                     0.5 1 217Lu
  71 218  218.141490  131.797000  0.2800  0.0900                     1.0 1 218Lu
  71 219  219.147655  137.540000  0.2800  0.0700                     0.5 1 219Lu
  71 220  220.155319  144.679000  0.2800  0.0600                     1.0 1 220Lu
  71 221  221.161914  150.822000  0.3000  0.0600                     0.5 1 221Lu
  71 222  222.169896  158.257000  0.2900  0.0400                     1.0 1 222Lu
  71 223  223.176665  164.562000  0.3000  0.0200                     0.5 1 223Lu
  71 224  224.184566  171.922000  0.2900  0.0200                     1.0 1 224Lu
  71 225  225.191775  178.637000  0.2900  0.0100                     0.5 1 225Lu
  71 226  226.198756  185.140000  0.2900  0.0100                     1.0 1 226Lu
  71 227  227.206942  192.765000  0.2900  0.0000                     0.5 1 227Lu
  71 228  228.215495  200.732000  0.2900  0.0000                     1.0 1 228Lu
  71 229  229.222738  207.479000  0.2900 -0.0200                     0.5 1 229Lu
  71 230  230.231605  215.739000  0.3100  0.0300                     1.0 1 230Lu
  71 231  231.238897  222.531000  0.2800 -0.0100                     0.5 1 231Lu
  71 232  232.247609  230.646000  0.2800 -0.0300                     1.0 1 232Lu
  71 233  233.255707  238.190000  0.2800 -0.0300                     0.5 1 233Lu
  71 234  234.264521  246.400000  0.2900 -0.0300                     1.0 1 234Lu
  71 235  235.272581  253.908000  0.2800 -0.0500                     0.5 1 235Lu
  71 236  236.281811  262.505000  0.2900 -0.0300                     1.0 1 236Lu
  71 237  237.290495  270.594000  0.2500 -0.0400                     0.5 1 237Lu
  71 238  238.299581  279.058000  0.2800 -0.0300                     1.0 1 238Lu
  71 239  239.308631  287.488000  0.2100 -0.0500                     0.5 1 239Lu
  71 240  240.318109  296.317000  0.2600 -0.0400                     1.0 1 240Lu
  71 241  241.326920  304.524000 -0.1900  0.0100                     0.5 1 241Lu
  71 242  242.336017  312.998000 -0.1900  0.0100                     1.0 1 242Lu
