  73 144  144.043518   40.537000  0.0000-10.0000                     0.0 1 144Ta
  73 145  145.034552   32.185000  0.0000-10.0000                     0.5 1 145Ta
  73 146  146.028833   26.858000  0.0000-10.0000                     0.0 1 146Ta
  73 152  151.990204   -9.125000 -0.1800  0.0100                     1.0 1 152Ta
  73 153  152.983306  -15.550000 -0.1300 -0.0100                     5.5-1 153Ta
  73 154  153.979108  -19.461000 -0.0900  0.0000                     1.0 1 154Ta
  73 155  154.972946  -25.201000  0.0600  0.0000                     5.5-1 155Ta
  73 156  155.971687  -26.373000  0.0700  0.0100                     2.0 1 156Ta
  73 157  156.967340  -30.423000 -0.0700  0.0100                     5.5-1 157Ta
  73 158  157.966310  -31.382000 -0.1000  0.0200                     2.0 1 158Ta
  73 159  158.962574  -34.862000  0.1200  0.0200                     5.5-1 159Ta
  73 160  159.961742  -35.637000  0.1700  0.0400                     2.0 1 160Ta
  73 161  160.957942  -39.177000  0.1800  0.0500                     3.5-1 161Ta
  73 162  161.957147  -39.917000  0.2000  0.0500                     2.0 1 162Ta
  73 163  162.954106  -42.750000  0.2100  0.0600                     3.5-1 163Ta
  73 164  163.953414  -43.395000  0.2200  0.0600                     1.0-1 164Ta
  73 165  164.950592  -46.023000  0.2200  0.0500                     2.5 1 165Ta
  73 166  165.950162  -46.424000  0.2500  0.0400                     0.0-1 166Ta
  73 167  166.947649  -48.765000  0.2500  0.0600                     2.5 1 167Ta
  73 168  167.947564  -48.844000  0.2600  0.0400                     1.0 1 168Ta
  73 169  168.945383  -50.875000  0.2700  0.0600                     2.5 1 169Ta
  73 170  169.945768  -50.517000  0.3000  0.0900                     0.0 1 170Ta
  73 171  170.943948  -52.212000  0.2900  0.0600                     2.5 1 171Ta
  73 172  171.944532  -51.668000  0.3000  0.0600                     3.0-1 172Ta
  73 173  172.943164  -52.942000  0.2900  0.0400                     3.5 1 173Ta
  73 174  173.944239  -51.941000  0.2600  0.0200                     1.0 1 174Ta
  73 175  174.943287  -52.828000  0.2900  0.0300                     0.5-1 175Ta
  73 176  175.944446  -51.748000  0.2900  0.0200                     2.0 1 176Ta
  73 177  176.944121  -52.051000  0.2900 -0.0100                     4.5-1 177Ta
  73 178  177.945602  -50.671000  0.3000 -0.0200                     1.0 1 178Ta
  73 179  178.945468  -50.796000  0.2900 -0.0300                     4.5-1 179Ta
  73 180  179.947819  -48.606000  0.3000 -0.0100                     1.0-1 180Ta
  73 181  180.947701  -48.716000  0.2800 -0.0400                     4.5-1 181Ta
  73 182  181.950218  -46.372000  0.2800 -0.0400                     4.0 1 182Ta
  73 183  182.951054  -45.593000  0.2800 -0.0500                     4.5-1 183Ta
  73 184  183.953798  -43.037000  0.2600 -0.0700                     3.0 1 184Ta
  73 185  184.955245  -41.689000  0.2500 -0.0700                     4.5-1 185Ta
  73 186  185.958656  -38.512000  0.2400 -0.0500                     1.0-1 186Ta
  73 187  186.960185  -37.087000  0.2400 -0.0700                     4.5-1 187Ta
  73 188  187.964794  -32.794000 -0.1900  0.0200                     3.0 1 188Ta
  73 189  188.966261  -31.428000 -0.1800  0.0100                     1.5-1 189Ta
  73 190  189.969857  -28.078000 -0.1800  0.0100                     2.0 1 190Ta
  73 191  190.971476  -26.570000 -0.1800  0.0100                     1.5-1 191Ta
  73 192  191.975287  -23.020000 -0.1500 -0.0100                     3.0 1 192Ta
  73 193  192.977203  -21.235000 -0.1400 -0.0100                     5.5-1 193Ta
  73 194  193.980955  -17.740000 -0.1400 -0.0100                     3.0 1 194Ta
  73 195  194.983466  -15.401000 -0.1200 -0.0100                     5.5-1 195Ta
  73 196  195.987769  -11.393000 -0.1100 -0.0100                     3.0 1 196Ta
  73 197  196.990567   -8.787000  0.0400 -0.0100                     5.5-1 197Ta
  73 198  197.994143   -5.456000 -0.0400  0.0000                     5.0 1 198Ta
  73 199  198.997272   -2.541000  0.0000  0.0000                     5.5-1 199Ta
  73 200  200.004266    3.974000  0.0000  0.0000                     1.0-1 200Ta
  73 201  201.008686    8.091000  0.0000  0.0000                     5.5-1 201Ta
  73 202  202.015129   14.093000 -0.0500  0.0000                     1.0-1 202Ta
  73 203  203.019672   18.324000 -0.0800  0.0100                     5.5-1 203Ta
  73 204  204.026733   24.902000  0.0800  0.0100                     1.0-1 204Ta
  73 205  205.031720   29.547000  0.1100  0.0400                     5.5-1 205Ta
  73 206  206.038222   35.604000  0.1100  0.0300                     1.0-1 206Ta
  73 207  207.043208   40.248000  0.1600  0.0500                     5.5-1 207Ta
  73 208  208.049981   46.557000  0.1300  0.0600                     1.0-1 208Ta
  73 209  209.054593   50.853000  0.1800  0.0700                     3.5-1 209Ta
  73 210  210.061150   56.961000  0.2100  0.0800                     2.0 1 210Ta
  73 211  211.066100   61.572000  0.2000  0.0900                     2.5 1 211Ta
  73 212  212.072782   67.796000  0.2100  0.0800                     0.0 1 212Ta
  73 213  213.078023   72.678000  0.2400  0.1000                     2.5 1 213Ta
  73 214  214.084611   78.815000  0.2400  0.1100                     0.0-1 214Ta
  73 215  215.090039   83.871000  0.2500  0.1000                     2.5 1 215Ta
  73 216  216.096545   89.931000  0.2500  0.1000                     2.0 1 216Ta
  73 217  217.102634   95.603000  0.2600  0.1100                     2.5 1 217Ta
  73 218  218.109674  102.161000  0.2400  0.0600                     0.0 1 218Ta
  73 219  219.115489  107.577000  0.2900  0.1000                     0.5-1 219Ta
  73 220  220.122521  114.128000  0.2900  0.0900                     2.0-1 220Ta
  73 221  221.128806  119.982000  0.2900  0.0900                     0.5-1 221Ta
  73 222  222.135511  126.228000  0.2900  0.0700                     4.0-1 222Ta
  73 223  223.142116  132.380000  0.2900  0.0700                     0.5-1 223Ta
  73 224  224.149348  139.117000  0.3100  0.0700                     5.0 1 224Ta
  73 225  225.156012  145.324000  0.2900  0.0400                     0.5-1 225Ta
  73 226  226.163036  151.867000  0.2900  0.0300                     1.0-1 226Ta
  73 227  227.170346  158.676000  0.2900  0.0300                     0.5-1 227Ta
  73 228  228.177928  165.739000  0.2700 -0.0100                     1.0-1 228Ta
  73 229  229.184841  172.178000  0.2700 -0.0100                     0.5-1 229Ta
  73 230  230.192729  179.526000  0.2700 -0.0200                     3.0-1 230Ta
  73 231  231.199764  186.079000  0.2700 -0.0200                     4.5-1 231Ta
  73 232  232.208273  194.005000  0.2600 -0.0400                     1.0 1 232Ta
  73 233  233.215165  200.425000  0.2600 -0.0500                     4.5-1 233Ta
  73 234  234.223532  208.219000  0.2600 -0.0400                     1.0-1 234Ta
  73 235  235.231038  215.211000  0.2600 -0.0400                     4.5-1 235Ta
  73 236  236.239426  223.024000  0.2500 -0.0500                     3.0-1 236Ta
  73 237  237.247218  230.282000  0.2500 -0.0500                     4.5-1 237Ta
  73 238  238.255751  238.231000  0.2400 -0.0600                     5.0-1 238Ta
  73 239  239.263798  245.726000  0.2400 -0.0600                     4.5-1 239Ta
  73 240  240.272618  253.942000  0.2400 -0.0500                     7.0-1 240Ta
  73 241  241.281179  261.917000  0.2300 -0.0600                     4.5-1 241Ta
  73 242  242.290113  270.239000  0.2300 -0.0600                    11.0 1 242Ta
  73 243  243.299885  279.341000 -0.2000  0.0200                     1.5-1 243Ta
  73 244  244.308412  287.284000 -0.1700 -0.0100                     2.0-1 244Ta
  73 245  245.316851  295.145000 -0.1600 -0.0100                     1.5 1 245Ta
  73 246  246.325448  303.153000 -0.1600 -0.0100                     0.0 1 246Ta
  73 247  247.334229  311.332000 -0.1600 -0.0100                     5.5-1 247Ta
  73 248  248.343481  319.951000 -0.1400 -0.0100                     4.0-1 248Ta
  73 249  249.351667  327.576000 -0.1300 -0.0200                     5.5-1 249Ta
  73 250  250.361380  336.623000 -0.1200 -0.0200                     2.0-1 250Ta
