  74 146  146.046064   42.908000  0.0000-10.0000                     0.0 1 146W 
  74 154  153.991371   -8.038000  0.0800 -0.0100                     0.0 1 154W 
  74 155  154.986961  -12.146000 -0.0800 -0.0100                     0.5 1 155W 
  74 156  155.980391  -18.266000  0.0300  0.0000                     0.0 1 156W 
  74 157  156.978859  -19.693000 -0.0600  0.0100                     3.5-1 157W 
  74 158  157.973877  -24.333000  0.0700  0.0000                     0.0 1 158W 
  74 159  158.972679  -25.449000 -0.1100  0.0200                     3.5-1 159W 
  74 160  159.968411  -29.425000  0.1200  0.0100                     0.0 1 160W 
  74 161  160.967269  -30.489000  0.1400  0.0100                     3.5-1 161W 
  74 162  161.963545  -33.958000  0.1600  0.0300                     0.0 1 162W 
  74 163  162.962391  -35.033000  0.1800  0.0500                     1.5-1 163W 
  74 164  163.959209  -37.997000  0.1900  0.0400                     0.0 1 164W 
  74 165  164.958357  -38.790000  0.2100  0.0600                     0.5 1 165W 
  74 166  165.955218  -41.714000  0.2300  0.0600                     0.0 1 166W 
  74 167  166.954708  -42.189000  0.2200  0.0200                     0.5 1 167W 
  74 168  167.951829  -44.871000  0.2500  0.0600                     0.0 1 168W 
  74 169  168.951494  -45.183000  0.2500  0.0300                     1.5 1 169W 
  74 170  169.949133  -47.382000  0.2700  0.0700                     0.0 1 170W 
  74 171  170.949272  -47.253000  0.3000  0.0900                     2.5 1 171W 
  74 172  171.947039  -49.333000  0.2900  0.0600                     0.0 1 172W 
  74 173  172.947123  -49.255000  0.2800  0.0400                     0.5-1 173W 
  74 174  173.945694  -50.586000  0.2900  0.0300                     0.0 1 174W 
  74 175  174.946530  -49.807000  0.2500 -0.0100                     2.5-1 175W 
  74 176  175.945226  -51.022000  0.2900  0.0300                     0.0 1 176W 
  74 177  176.946149  -50.162000  0.2900  0.0200                     2.5-1 177W 
  74 178  177.945365  -50.892000  0.2900 -0.0100                     0.0 1 178W 
  74 179  178.946688  -49.660000  0.2800 -0.0200                     3.5-1 179W 
  74 180  179.946263  -50.056000  0.2800 -0.0200                     0.0 1 180W 
  74 181  180.948241  -48.213000  0.2700 -0.0300                     4.5 1 181W 
  74 182  181.948018  -48.421000  0.2700 -0.0300                     0.0 1 182W 
  74 183  182.949929  -46.641000  0.2700 -0.0400                     0.5-1 183W 
  74 184  183.950633  -45.985000  0.2500 -0.0500                     0.0 1 184W 
  74 185  184.953131  -43.658000  0.2500 -0.0600                     1.5-1 185W 
  74 186  185.954214  -42.649000  0.2400 -0.0600                     0.0 1 186W 
  74 187  186.957141  -39.923000  0.2200 -0.0600                     3.5-1 187W 
  74 188  187.958511  -38.647000  0.2300 -0.0700                     0.0 1 188W 
  74 189  188.961740  -35.639000  0.2200 -0.0700                     3.5-1 189W 
  74 190  189.963405  -34.088000  0.2100 -0.0600                     0.0 1 190W 
  74 191  190.966854  -30.875000 -0.1900  0.0100                     0.5-1 191W 
  74 192  191.968467  -29.373000 -0.1800  0.0000                     0.0 1 192W 
  74 193  192.971948  -26.130000 -0.1800  0.0000                     2.5-1 193W 
  74 194  193.973671  -24.525000 -0.1500 -0.0100                     0.0 1 194W 
  74 195  194.977459  -20.997000 -0.1400 -0.0100                     0.5 1 195W 
  74 196  195.979470  -19.124000 -0.1200 -0.0200                     0.0 1 196W 
  74 197  196.983736  -15.150000 -0.1100 -0.0100                     0.5 1 197W 
  74 198  197.986356  -12.709000  0.0700  0.0000                     0.0 1 198W 
  74 199  198.989778   -9.522000 -0.0400 -0.0100                     0.5 1 199W 
  74 200  199.992761   -6.743000  0.0000  0.0000                     0.0 1 200W 
  74 201  200.998718   -1.194000 -0.0500  0.0100                     0.5 1 201W 
  74 202  202.002993    2.788000  0.0500  0.0000                     0.0 1 202W 
  74 203  203.009833    9.159000 -0.0400  0.0000                     0.5 1 203W 
  74 204  204.014175   13.204000  0.0800  0.0100                     0.0 1 204W 
  74 205  205.020509   19.104000  0.0900  0.0000                     0.5 1 205W 
  74 206  206.025543   23.793000  0.1000  0.0200                     0.0 1 206W 
  74 207  207.031833   29.652000  0.0900  0.0200                     0.5 1 207W 
  74 208  208.036775   34.256000  0.1400  0.0600                     0.0 1 208W 
  74 209  209.042999   40.053000  0.1400  0.0500                     0.5 1 209W 
  74 210  210.048000   44.712000  0.1800  0.0700                     0.0 1 210W 
  74 211  211.054424   50.696000  0.1800  0.0600                     0.5 1 211W 
  74 212  212.059209   55.153000  0.1900  0.0800                     0.0 1 212W 
  74 213  213.065583   61.090000  0.2000  0.0700                     0.5 1 213W 
  74 214  214.070763   65.915000  0.2200  0.1000                     0.0 1 214W 
  74 215  215.077171   71.884000  0.2400  0.1100                     0.5 1 215W 
  74 216  216.082392   76.748000  0.2400  0.1000                     0.0 1 216W 
  74 217  217.088884   82.795000  0.2600  0.1100                     0.5 1 217W 
  74 218  218.094476   88.004000  0.2600  0.0900                     0.0 1 218W 
  74 219  219.101375   94.430000  0.2400  0.0500                     0.5 1 219W 
  74 220  220.107033   99.701000  0.2700  0.0800                     0.0 1 220W 
  74 221  221.114097  106.281000  0.2700  0.0800                     0.5 1 221W 
  74 222  222.119861  111.650000  0.2900  0.0800                     0.0 1 222W 
  74 223  223.126361  117.705000  0.2700  0.0700                     0.5 1 223W 
  74 224  224.133022  123.909000  0.2800  0.0500                     0.0 1 224W 
  74 225  225.139973  130.384000  0.2900  0.0400                     0.5 1 225W 
  74 226  226.146530  136.492000  0.2800  0.0400                     0.0 1 226W 
  74 227  227.153889  143.347000  0.2600  0.0100                     0.5 1 227W 
  74 228  228.160424  149.434000  0.2700  0.0300                     0.0 1 228W 
  74 229  229.167977  156.470000  0.2600  0.0000                     0.5 1 229W 
  74 230  230.174707  162.739000  0.2800  0.0000                     0.0 1 230W 
  74 231  231.182519  170.015000  0.2500  0.0000                     0.5 1 231W 
  74 232  232.189252  176.287000  0.2500 -0.0100                     0.0 1 232W 
  74 233  233.197474  183.946000  0.2600 -0.0200                     0.5 1 233W 
  74 234  234.204260  190.267000  0.2600 -0.0400                     0.0 1 234W 
  74 235  235.212448  197.894000  0.2400 -0.0400                     0.5 1 235W 
  74 236  236.219609  204.565000  0.2300 -0.0400                     0.0 1 236W 
  74 237  237.227789  212.184000  0.2500 -0.0500                     0.5 1 237W 
  74 238  238.235452  219.322000  0.2400 -0.0500                     0.0 1 238W 
  74 239  239.243759  227.060000  0.2300 -0.0600                     0.5 1 239W 
  74 240  240.251585  234.350000  0.2200 -0.0700                     0.0 1 240W 
  74 241  241.260349  242.514000  0.2100 -0.0700                     0.5 1 241W 
  74 242  242.268247  249.871000  0.2100 -0.0600                     0.0 1 242W 
  74 243  243.277174  258.186000  0.2100 -0.0600                     0.5 1 243W 
  74 244  244.285567  266.004000 -0.1800  0.0200                     0.0 1 244W 
  74 245  245.294506  274.331000  0.1800 -0.0600                     0.5 1 245W 
  74 246  246.303182  282.412000 -0.1700  0.0000                     0.0 1 246W 
  74 247  247.312170  290.785000 -0.1500  0.0000                     0.5 1 247W 
  74 248  248.320498  298.542000 -0.1600 -0.0100                     0.0 1 248W 
  74 249  249.329722  307.134000 -0.1500  0.0000                     0.5 1 249W 
  74 250  250.337851  314.706000 -0.1300 -0.0300                     0.0 1 250W 
  74 258  258.408106  380.148000  0.0000-10.0000                     0.0 1 258W 
