  75 156  155.997385   -2.436000  0.0600 -0.0100                     1.0 1 156Re
  75 157  156.990496   -8.853000  0.0300  0.0000                     0.5 1 157Re
  75 158  157.988335  -10.866000  0.0500  0.0100                     1.0 1 158Re
  75 159  158.983421  -15.443000  0.0600  0.0000                     5.5-1 159Re
  75 160  159.981470  -17.261000  0.0900  0.0200                     2.0 1 160Re
  75 161  160.977432  -21.022000  0.1100  0.0200                     5.5-1 161Re
  75 162  161.976013  -22.344000  0.1300  0.0100                     2.0 1 162Re
  75 163  162.972074  -26.013000  0.1500  0.0300                     5.5-1 163Re
  75 164  163.970653  -27.337000  0.1700  0.0300                     3.0 1 164Re
  75 165  164.967156  -30.594000  0.1900  0.0600                     4.5-1 165Re
  75 166  165.965971  -31.698000  0.2000  0.0600                     4.0-1 166Re
  75 167  166.962891  -34.567000  0.2100  0.0400                     4.5-1 167Re
  75 168  167.961797  -35.586000  0.2300  0.0400                     4.0-1 168Re
  75 169  168.958852  -38.329000  0.2500  0.0500                     4.5-1 169Re
  75 170  169.958130  -39.002000  0.2900  0.0700                     2.0 1 170Re
  75 171  170.955516  -41.437000  0.2800  0.0900                     0.5-1 171Re
  75 172  171.955257  -41.678000  0.2900  0.0900                     2.0-1 172Re
  75 173  172.952701  -44.059000  0.3000  0.0800                     2.5 1 173Re
  75 174  173.952542  -44.207000  0.3100  0.0600                     2.0-1 174Re
  75 175  174.951024  -45.621000  0.3200  0.0800                     2.5 1 175Re
  75 176  175.951120  -45.531000  0.2700  0.0000                     1.0 1 176Re
  75 177  176.949833  -46.730000  0.3100  0.0500                     2.5 1 177Re
  75 178  177.950636  -45.982000  0.3000  0.0600                     0.0-1 178Re
  75 179  178.949155  -47.362000  0.2800 -0.0100                     2.5 1 179Re
  75 180  179.950412  -46.191000  0.2800 -0.0200                     1.0-1 180Re
  75 181  180.949587  -46.959000  0.2700 -0.0200                     2.5 1 181Re
  75 182  181.951399  -45.272000  0.2600 -0.0300                     2.0 1 182Re
  75 183  182.950700  -45.923000  0.2500 -0.0500                     2.5 1 183Re
  75 184  183.952521  -44.226000  0.2400 -0.0500                     2.0-1 184Re
  75 185  184.952684  -44.075000  0.2400 -0.0600                     2.5 1 185Re
  75 186  185.954911  -42.000000  0.2400 -0.0600                     1.0-1 186Re
  75 187  186.955557  -41.398000  0.2300 -0.0700                     2.5 1 187Re
  75 188  187.958182  -38.953000  0.2100 -0.0600                     3.0 1 188Re
  75 189  188.959261  -37.948000  0.2200 -0.0700                     2.5 1 189Re
  75 190  189.962199  -35.211000  0.2100 -0.0700                     6.0-1 190Re
  75 191  190.963554  -33.949000  0.2000 -0.0700                     2.5 1 191Re
  75 192  191.966512  -31.194000 -0.1800  0.0000                     3.0 1 192Re
  75 193  192.967809  -29.986000 -0.1700  0.0100                     1.5 1 193Re
  75 194  193.971140  -26.883000 -0.1800  0.0100                     1.0 1 194Re
  75 195  194.972597  -25.526000 -0.1500 -0.0100                     5.5-1 195Re
  75 196  195.975994  -22.361000 -0.1200 -0.0200                     3.0 1 196Re
  75 197  196.977687  -20.784000 -0.1100 -0.0300                     5.5-1 197Re
  75 198  197.981598  -17.141000 -0.1100 -0.0300                     3.0 1 198Re
  75 199  198.983845  -15.048000 -0.0700 -0.0100                     0.5 1 199Re
  75 200  199.987182  -11.940000 -0.0600 -0.0100                     1.0 1 200Re
  75 201  200.990004   -9.311000  0.0000  0.0000                     0.5 1 201Re
  75 202  201.995547   -4.148000 -0.0400  0.0000                     1.0 1 202Re
  75 203  202.999966   -0.032000  0.0100  0.0100                     0.5 1 203Re
  75 204  204.006254    5.826000  0.0400  0.0100                     1.0 1 204Re
  75 205  205.010464    9.747000  0.0600  0.0200                     0.5 1 205Re
  75 206  206.016946   15.785000  0.0600  0.0200                     1.0 1 206Re
  75 207  207.021522   20.048000  0.0800  0.0200                     0.5 1 207Re
  75 208  208.028162   26.233000  0.0800  0.0100                     1.0 1 208Re
  75 209  209.032397   30.178000  0.1400  0.0600                     0.5 1 209Re
  75 210  210.038491   35.854000  0.1300  0.0500                     1.0 1 210Re
  75 211  211.043160   40.203000  0.1600  0.0700                     0.5 1 211Re
  75 212  212.049750   46.342000  0.1600  0.0600                     1.0 1 212Re
  75 213  213.054144   50.435000  0.1800  0.0800                     0.5 1 213Re
  75 214  214.060390   56.253000  0.2000  0.0700                     1.0 1 214Re
  75 215  215.065263   60.792000  0.2300  0.1100                     0.5 1 215Re
  75 216  216.071762   66.846000  0.2400  0.1000                     1.0 1 216Re
  75 217  217.076482   71.243000  0.2400  0.1000                     0.5 1 217Re
  75 218  218.082761   77.091000  0.2500  0.1100                     1.0 1 218Re
  75 219  219.088063   82.030000  0.2600  0.1100                     0.5 1 219Re
  75 220  220.094650   88.166000  0.2700  0.0600                     1.0 1 220Re
  75 221  221.100173   93.311000  0.2700  0.0800                     0.5 1 221Re
  75 222  222.106979   99.650000  0.2700  0.0800                     1.0 1 222Re
  75 223  223.112588  104.875000  0.2800  0.0800                     0.5 1 223Re
  75 224  224.119327  111.152000  0.2800  0.0700                     1.0 1 224Re
  75 225  225.125479  116.883000  0.2800  0.0600                     0.5 1 225Re
  75 226  226.132307  123.243000  0.2800  0.0600                     1.0 1 226Re
  75 227  227.138426  128.943000  0.2800  0.0500                     0.5 1 227Re
  75 228  228.145839  135.848000  0.2700  0.0300                     1.0 1 228Re
  75 229  229.152061  141.644000  0.2600  0.0100                     0.5 1 229Re
  75 230  230.159312  148.398000  0.2600  0.0100                     1.0 1 230Re
  75 231  231.165919  154.553000  0.2600  0.0000                     0.5 1 231Re
  75 232  232.173557  161.667000  0.2400 -0.0200                     1.0 1 232Re
  75 233  233.180047  167.713000  0.2600 -0.0100                     0.5 1 233Re
  75 234  234.188193  175.301000  0.2400 -0.0300                     1.0 1 234Re
  75 235  235.194894  181.543000  0.2500 -0.0400                     0.5 1 235Re
  75 236  236.202730  188.842000  0.2400 -0.0500                     1.0 1 236Re
  75 237  237.209823  195.449000  0.2300 -0.0600                     0.5 1 237Re
  75 238  238.217919  202.990000  0.2300 -0.0500                     1.0 1 238Re
  75 239  239.225207  209.779000  0.2200 -0.0700                     0.5 1 239Re
  75 240  240.233248  217.269000  0.2200 -0.0700                     1.0 1 240Re
  75 241  241.240784  224.289000  0.2100 -0.0800                     0.5 1 241Re
  75 242  242.249386  232.302000  0.2100 -0.0600                     1.0 1 242Re
  75 243  243.256693  239.108000  0.2100 -0.0700                     0.5 1 243Re
  75 244  244.265641  247.443000  0.2000 -0.0800                     1.0 1 244Re
  75 245  245.273646  254.900000 -0.1600  0.0100                     0.5 1 245Re
  75 246  246.282341  262.999000 -0.1600  0.0000                     1.0 1 246Re
  75 247  247.290878  270.951000 -0.1800  0.0000                     0.5 1 247Re
  75 248  248.299967  279.418000 -0.1700  0.0100                     1.0 1 248Re
  75 249  249.308359  287.235000 -0.1400 -0.0100                     0.5 1 249Re
  75 250  250.317158  295.431000 -0.1400 -0.0100                     1.0 1 250Re
  75 251  251.324878  302.622000 -0.1200 -0.0200                     0.5 1 251Re
  75 252  252.333880  311.007000 -0.1100 -0.0300                     1.0 1 252Re
  75 258  258.385985  359.543000  0.0000-10.0000                     0.0 1 258Re
  75 259  259.393892  366.908000  0.0000-10.0000                     0.5 1 259Re
  75 260  260.403345  375.714000  0.0000-10.0000                     0.0 1 260Re
