  79 164  164.017446   16.251000  0.0600  0.0200                     1.0 1 164Au
  79 165  165.011225   10.456000  0.0600  0.0000                     0.5 1 165Au
  79 166  166.008777    8.176000  0.0900  0.0100                     1.0 1 166Au
  79 167  167.003839    3.576000  0.1000  0.0100                     0.5 1 167Au
  79 168  168.001729    1.611000  0.1000  0.0000                     1.0 1 168Au
  79 169  168.997160   -2.645000  0.1300  0.0300                     1.5 1 169Au
  79 170  169.995281   -4.396000  0.1500  0.0200                     6.0-1 170Au
  79 171  170.991350   -8.057000  0.1400  0.0400                     1.5 1 171Au
  79 172  171.989588   -9.699000  0.1200  0.0000                     6.0-1 172Au
  79 173  172.985852  -13.179000  0.1800  0.0400                     0.5 1 173Au
  79 174  173.984262  -14.660000  0.1900  0.0400                     2.0 1 174Au
  79 175  174.980583  -18.087000  0.2100  0.0600                     0.5 1 175Au
  79 176  175.979699  -18.910000  0.2300  0.0400                     4.0 1 176Au
  79 177  176.976128  -22.237000  0.2500  0.0700                     1.5 1 177Au
  79 178  177.974859  -23.419000  0.2700  0.0700                     1.0-1 178Au
  79 179  178.972391  -25.718000  0.2700  0.0600                     1.5 1 179Au
  79 180  179.971716  -26.346000  0.2500  0.0600                     1.0-1 180Au
  79 181  180.969082  -28.800000  0.3000  0.0600                     1.5-1 181Au
  79 182  181.968858  -29.009000  0.2800  0.0300                     1.0 1 182Au
  79 183  182.966703  -31.016000  0.2900  0.0400                     1.5-1 183Au
  79 184  183.966882  -30.849000  0.2900  0.0200                     2.0 1 184Au
  79 185  184.965085  -32.523000  0.2400  0.0000                     1.5 1 185Au
  79 186  185.965904  -31.760000 -0.2000  0.0300                     3.0 1 186Au
  79 187  186.964392  -33.169000 -0.2000  0.0300                     0.5 1 187Au
  79 188  187.965128  -32.483000 -0.1800  0.0200                     2.0-1 188Au
  79 189  188.963583  -33.922000 -0.1900  0.0200                     0.5 1 189Au
  79 190  189.964537  -33.034000 -0.1700  0.0100                     1.0-1 190Au
  79 191  190.963452  -34.044000 -0.1800  0.0000                     0.5 1 191Au
  79 192  191.964587  -32.987000 -0.1800  0.0100                     2.0 1 192Au
  79 193  192.964204  -33.344000 -0.1700  0.0000                     0.5 1 193Au
  79 194  193.965554  -32.086000 -0.1600 -0.0100                     1.0 1 194Au
  79 195  194.965379  -32.249000 -0.1500 -0.0100                     1.5 1 195Au
  79 196  195.967131  -30.617000 -0.1500  0.0000                     0.0-1 196Au
  79 197  196.967218  -30.536000 -0.1500 -0.0200                     1.5 1 197Au
  79 198  197.969323  -28.575000 -0.1400 -0.0100                     4.0-1 198Au
  79 199  198.969639  -28.281000 -0.1300 -0.0100                     1.5 1 199Au
  79 200  199.972031  -26.053000 -0.1200 -0.0200                     4.0-1 200Au
  79 201  200.972593  -25.529000 -0.1000 -0.0200                     1.5 1 201Au
  79 202  201.975211  -23.091000  0.0500 -0.0200                     4.0-1 202Au
  79 203  202.975785  -22.556000  0.0400 -0.0100                     1.5 1 203Au
  79 204  203.978175  -20.330000 -0.0400 -0.0100                     2.0-1 204Au
  79 205  204.979831  -18.787000  0.0000  0.0000                     1.5 1 205Au
  79 206  205.984822  -14.138000 -0.0300  0.0100                     3.0 1 206Au
  79 207  206.987964  -11.211000  0.0300  0.0000                     1.5 1 207Au
  79 208  207.993294   -6.247000  0.0400  0.0000                     3.0 1 208Au
  79 209  208.996721   -3.054000  0.0400 -0.0100                     1.5 1 209Au
  79 210  210.002338    2.178000  0.0400 -0.0100                     3.0 1 210Au
  79 211  211.006143    5.722000  0.0500 -0.0100                     0.5 1 211Au
  79 212  212.011665   10.866000  0.0500 -0.0200                     1.0 1 212Au
  79 213  213.015692   14.617000  0.0600  0.0100                     0.5 1 213Au
  79 214  214.021273   19.816000  0.0700  0.0000                     1.0 1 214Au
  79 215  215.025360   23.623000  0.1000  0.0100                     0.5 1 215Au
  79 216  216.031199   29.062000  0.1200  0.0200                     1.0 1 216Au
  79 217  217.035423   32.996000  0.1300  0.0400                     0.5 1 217Au
  79 218  218.041054   38.242000  0.1700  0.0500                     1.0 1 218Au
  79 219  219.045323   42.218000  0.1900  0.1000                     0.5 1 219Au
  79 220  220.050709   47.235000  0.2100  0.1100                     1.0 1 220Au
  79 221  221.054932   51.169000  0.2300  0.1100                     0.5 1 221Au
  79 222  222.060516   56.370000  0.2200  0.0900                     1.0 1 222Au
  79 223  223.064908   60.461000  0.2500  0.1000                     0.5 1 223Au
  79 224  224.070951   66.090000  0.2100  0.0700                     1.0 1 224Au
  79 225  225.075364   70.201000  0.2500  0.1000                     0.5 1 225Au
  79 226  226.081350   75.777000  0.2700  0.1000                     1.0 1 226Au
  79 227  227.086256   80.347000  0.2700  0.0800                     0.5 1 227Au
  79 228  228.092458   86.124000  0.2700  0.0700                     1.0 1 228Au
  79 229  229.097565   90.881000  0.2700  0.0700                     0.5 1 229Au
  79 230  230.104178   97.041000  0.3200  0.0700                     1.0 1 230Au
  79 231  231.109258  101.773000  0.2800  0.0400                     0.5 1 231Au
  79 232  232.115846  107.910000  0.2800  0.0500                     1.0 1 232Au
  79 233  233.121293  112.984000  0.2800  0.0300                     0.5 1 233Au
  79 234  234.128082  119.308000  0.2800  0.0300                     1.0 1 234Au
  79 235  235.133998  124.818000  0.2700  0.0200                     0.5 1 235Au
  79 236  236.140893  131.241000  0.2600  0.0100                     1.0 1 236Au
  79 237  237.146677  136.629000  0.2700 -0.0200                     0.5 1 237Au
  79 238  238.154074  143.519000  0.2400 -0.0100                     1.0 1 238Au
  79 239  239.159934  148.978000  0.2300 -0.0200                     0.5 1 239Au
  79 240  240.167301  155.840000  0.2300 -0.0300                     1.0 1 240Au
  79 241  241.173637  161.742000  0.2300 -0.0300                     0.5 1 241Au
  79 242  242.180876  168.485000  0.2000 -0.0400                     1.0 1 242Au
  79 243  243.187409  174.570000  0.2000 -0.0500                     0.5 1 243Au
  79 244  244.195227  181.853000  0.1900 -0.0300                     1.0 1 244Au
  79 245  245.201819  187.993000  0.2000 -0.0500                     0.5 1 245Au
  79 246  246.209166  194.837000 -0.1500  0.0100                     1.0 1 246Au
  79 247  247.215920  201.128000 -0.1700  0.0200                     0.5 1 247Au
  79 248  248.223572  208.256000 -0.1300 -0.0100                     1.0 1 248Au
  79 249  249.230467  214.679000 -0.1600  0.0100                     0.5 1 249Au
  79 250  250.238378  222.048000 -0.1400  0.0000                     1.0 1 250Au
  79 251  251.245239  228.439000 -0.1300  0.0000                     0.5 1 251Au
  79 252  252.252771  235.455000 -0.1300 -0.0200                     1.0 1 252Au
  79 253  253.259899  242.094000 -0.1300 -0.0200                     0.5 1 253Au
  79 254  254.268252  249.875000 -0.1200 -0.0200                     1.0 1 254Au
  79 255  255.275093  256.248000 -0.1100 -0.0400                     0.5 1 255Au
  79 256  256.283322  263.913000 -0.1100 -0.0100                     1.0 1 256Au
  79 257  257.290723  270.807000  0.0600 -0.0200                     0.5 1 257Au
  79 258  258.299055  278.568000  0.0500 -0.0100                     1.0 1 258Au
  79 259  259.306556  285.555000 -0.0700 -0.0200                     0.5 1 259Au
  79 260  260.315040  293.458000  0.0000  0.0000                     1.0 1 260Au
  79 261  261.322641  300.538000  0.0000  0.0000                     0.5 1 261Au
  79 262  262.331164  308.477000  0.0000  0.0000                     1.0 1 262Au
  79 263  263.338208  315.039000  0.0000  0.0000                     0.5 1 263Au
  79 264  264.349057  325.145000  0.0000  0.0000                     1.0 1 264Au
  79 265  265.357122  332.657000  0.0200  0.0000                     0.5 1 265Au
  79 266  266.366437  341.334000  0.0000  0.0000                     1.0 1 266Au
  79 267  267.375944  350.190000  0.0400  0.0000                     0.5 1 267Au
  79 268  268.385370  358.970000  0.0300 -0.0100                     1.0 1 268Au
