  80 166  166.020012   18.641000  0.0700  0.0000                     0.0 1 166Hg
  80 167  167.017737   16.522000  0.0700  0.0100                     3.5-1 167Hg
  80 168  168.012479   11.624000 -0.0700  0.0100                     0.0 1 168Hg
  80 169  169.010068    9.378000  0.1000  0.0200                     3.5-1 169Hg
  80 170  170.005198    4.842000  0.1200  0.0200                     0.0 1 170Hg
  80 171  171.003164    2.947000  0.1100  0.0100                     4.5-1 171Hg
  80 172  171.998961   -0.968000  0.1100  0.0200                     0.0 1 172Hg
  80 173  172.997206   -2.603000  0.1700  0.0400                     4.5-1 173Hg
  80 174  173.993210   -6.325000  0.1300  0.0200                     0.0 1 174Hg
  80 175  174.991916   -7.530000  0.1400  0.0300                     1.5 1 175Hg
  80 176  175.987660  -11.495000  0.2600  0.1000                     0.0 1 176Hg
  80 177  176.986407  -12.662000  0.2500  0.0800                     2.5 1 177Hg
  80 178  177.982488  -16.312000  0.2800  0.1000                     0.0 1 178Hg
  80 179  178.981213  -17.500000  0.3000  0.0900                     0.5-1 179Hg
  80 180  179.978161  -20.343000  0.3000  0.0900                     0.0 1 180Hg
  80 181  180.977633  -20.835000  0.3000  0.0800                     3.5 1 181Hg
  80 182  181.974510  -23.744000  0.3000  0.0800                     0.0 1 182Hg
  80 183  182.973947  -24.268000  0.3100  0.0500                     2.5-1 183Hg
  80 184  183.971693  -26.368000  0.3000  0.0500                     0.0 1 184Hg
  80 185  184.971489  -26.558000  0.2900  0.0000                     3.5-1 185Hg
  80 186  185.969404  -28.500000  0.2800  0.0000                     0.0 1 186Hg
  80 187  186.969989  -27.955000  0.2600  0.0000                     4.5 1 187Hg
  80 188  187.968048  -29.763000 -0.1900  0.0200                     0.0 1 188Hg
  80 189  188.968246  -29.579000 -0.1800  0.0100                     2.5-1 189Hg
  80 190  189.966738  -30.983000 -0.1700  0.0200                     0.0 1 190Hg
  80 191  190.967160  -30.590000 -0.1700  0.0100                     6.5 1 191Hg
  80 192  191.965900  -31.764000 -0.1500 -0.0100                     0.0 1 192Hg
  80 193  192.966809  -30.917000 -0.1600  0.0000                     2.5 1 193Hg
  80 194  193.965863  -31.798000 -0.1500 -0.0200                     0.0 1 194Hg
  80 195  194.967107  -30.640000 -0.1400 -0.0100                     1.5-1 195Hg
  80 196  195.966514  -31.192000 -0.1400 -0.0100                     0.0 1 196Hg
  80 197  196.967795  -29.999000 -0.1300  0.0000                     1.5-1 197Hg
  80 198  197.967518  -30.257000 -0.1200 -0.0300                     0.0 1 198Hg
  80 199  198.969392  -28.511000 -0.0900 -0.0300                     2.5-1 199Hg
  80 200  199.969130  -28.755000 -0.1100 -0.0300                     0.0 1 200Hg
  80 201  200.971176  -26.849000 -0.0900 -0.0300                     2.5-1 201Hg
  80 202  201.971454  -26.590000 -0.0800 -0.0300                     0.0 1 202Hg
  80 203  202.973968  -24.249000 -0.0800 -0.0300                     2.5-1 203Hg
  80 204  203.974606  -23.654000  0.0000  0.0000                     0.0 1 204Hg
  80 205  204.976454  -21.933000  0.0000  0.0000                     0.5-1 205Hg
  80 206  205.977341  -21.107000  0.0000  0.0000                     0.0 1 206Hg
  80 207  206.982801  -16.021000  0.0000  0.0000                     4.5 1 207Hg
  80 208  207.984877  -14.087000  0.0400  0.0000                     0.0 1 208Hg
  80 209  208.990718   -8.646000  0.0000  0.0000                     4.5 1 209Hg
  80 210  209.993545   -6.013000  0.0300  0.0000                     0.0 1 210Hg
  80 211  210.999162   -0.781000  0.0300 -0.0100                     4.5 1 211Hg
  80 212  212.002628    2.448000 -0.0400  0.0000                     0.0 1 212Hg
  80 213  213.007907    7.365000  0.0600  0.0100                     4.5 1 213Hg
  80 214  214.011871   11.058000  0.0800  0.0200                     0.0 1 214Hg
  80 215  215.017355   16.166000  0.0600  0.0000                     4.5 1 215Hg
  80 216  216.021312   19.852000  0.0900  0.0300                     0.0 1 216Hg
  80 217  217.026816   24.979000  0.0700  0.0200                     5.5 1 217Hg
  80 218  218.030853   28.739000  0.1000  0.0400                     0.0 1 218Hg
  80 219  219.036601   34.094000  0.1300  0.0500                     5.5 1 219Hg
  80 220  220.040609   37.827000  0.1300  0.0500                     0.0 1 220Hg
  80 221  221.045994   42.843000  0.2300  0.1200                     2.5-1 221Hg
  80 222  222.049993   46.568000  0.2200  0.1100                     0.0 1 222Hg
  80 223  223.055131   51.354000  0.2300  0.1100                     0.5 1 223Hg
  80 224  224.059556   55.476000  0.2500  0.1200                     0.0 1 224Hg
  80 225  225.065314   60.840000  0.2500  0.1000                     3.5-1 225Hg
  80 226  226.069528   64.765000  0.2700  0.1100                     0.0 1 226Hg
  80 227  227.075225   70.072000  0.2800  0.1000                     2.5 1 227Hg
  80 228  228.080066   74.581000  0.2700  0.0800                     0.0 1 228Hg
  80 229  229.086131   80.231000  0.2800  0.0700                     3.5 1 229Hg
  80 230  230.090937   84.707000  0.2600  0.0800                     0.0 1 230Hg
  80 231  231.097306   90.640000  0.3000  0.0700                     4.5-1 231Hg
  80 232  232.102221   95.218000  0.2700  0.0500                     0.0 1 232Hg
  80 233  233.108639  101.197000  0.2700  0.0200                     0.5 1 233Hg
  80 234  234.113959  106.152000  0.2700  0.0400                     0.0 1 234Hg
  80 235  235.120635  112.371000  0.2800  0.0300                     3.5 1 235Hg
  80 236  236.126086  117.448000  0.2700  0.0300                     0.0 1 236Hg
  80 237  237.132728  123.635000  0.2600  0.0200                     1.5 1 237Hg
  80 238  238.138485  128.998000  0.2600  0.0000                     0.0 1 238Hg
  80 239  239.145687  135.707000  0.2600  0.0000                     5.5-1 239Hg
  80 240  240.151412  141.039000  0.2300 -0.0200                     0.0 1 240Hg
  80 241  241.158496  147.638000  0.2300 -0.0200                     4.5 1 241Hg
  80 242  242.164728  153.443000  0.2300 -0.0200                     0.0 1 242Hg
  80 243  243.171827  160.056000  0.2200 -0.0200                     1.5 1 243Hg
  80 244  244.178374  166.154000  0.2100 -0.0300                     0.0 1 244Hg
  80 245  245.184951  172.281000 -0.1600  0.0100                     2.5 1 245Hg
  80 246  246.191745  178.609000 -0.1400  0.0100                     0.0 1 246Hg
  80 247  247.198211  184.632000 -0.1300 -0.0200                     2.5 1 247Hg
  80 248  248.205164  191.109000 -0.1400 -0.0100                     0.0 1 248Hg
  80 249  249.212299  197.755000 -0.1300  0.0000                     2.5 1 249Hg
  80 250  250.218853  203.860000 -0.1400 -0.0100                     0.0 1 250Hg
  80 251  251.226744  211.211000 -0.1300 -0.0200                     3.5 1 251Hg
  80 252  252.233263  217.283000 -0.1200  0.0000                     0.0 1 252Hg
  80 253  253.240766  224.272000 -0.1200 -0.0200                     3.5 1 253Hg
  80 254  254.247669  230.702000 -0.1200 -0.0100                     0.0 1 254Hg
  80 255  255.255346  237.853000 -0.1100 -0.0300                     3.5 1 255Hg
  80 256  256.262478  244.497000 -0.1100 -0.0200                     0.0 1 256Hg
  80 257  257.270369  251.847000 -0.1000 -0.0300                     3.5 1 257Hg
  80 258  258.277541  258.528000 -0.1000 -0.0300                     0.0 1 258Hg
  80 259  259.285710  266.137000 -0.0800 -0.0300                     0.5 1 259Hg
  80 260  260.292972  272.902000 -0.0700 -0.0200                     0.0 1 260Hg
  80 261  261.301250  280.613000 -0.0500 -0.0100                     1.5 1 261Hg
  80 262  262.308515  287.380000  0.0000  0.0000                     0.0 1 262Hg
  80 263  263.316480  294.799000 -0.0300 -0.0100                     1.5 1 263Hg
  80 264  264.323788  301.607000  0.0000  0.0000                     0.0 1 264Hg
  80 265  265.334819  311.882000  0.0000  0.0000                     1.5-1 265Hg
  80 266  266.342615  319.144000  0.0000  0.0000                     0.0 1 266Hg
  80 267  267.352141  328.017000  0.0000  0.0000                     1.5-1 267Hg
  80 268  268.361745  336.963000  0.0000  0.0000                     0.0 1 268Hg
  80 269  269.370789  345.388000  0.0400  0.0000                     0.5-1 269Hg
  80 270  270.380506  354.439000  0.0500  0.0100                     0.0 1 270Hg
