  81 168  168.029791   27.750000  0.0700  0.0100                     4.0-1 168Tl
  81 169  169.023751   22.124000 -0.0700 -0.0100                     0.5 1 169Tl
  81 170  170.021158   19.709000 -0.0800  0.0000                     4.0-1 170Tl
  81 171  171.016109   15.005000 -0.0800  0.0000                     0.5 1 171Tl
  81 172  172.013598   12.666000 -0.1000  0.0200                     4.0-1 172Tl
  81 173  173.009176    8.547000 -0.1000  0.0100                     0.5 1 173Tl
  81 174  174.007047    6.564000 -0.0800  0.0100                     4.0-1 174Tl
  81 175  175.003159    2.943000 -0.1000  0.0000                     0.5 1 175Tl
  81 176  176.001154    1.075000 -0.1000  0.0100                     4.0-1 176Tl
  81 177  176.996240   -3.502000  0.2500  0.1000                     0.5 1 177Tl
  81 178  177.995286   -4.391000 -0.1200  0.0100                     4.0-1 178Tl
  81 179  178.990701   -8.662000  0.2500  0.0800                     0.5 1 179Tl
  81 180  179.988887  -10.352000  0.2700  0.0700                     2.0 1 180Tl
  81 181  180.986043  -13.001000  0.3300  0.1100                     0.5-1 181Tl
  81 182  181.985239  -13.750000  0.3100  0.1000                     4.0-1 182Tl
  81 183  182.981867  -16.891000  0.3200  0.0800                     0.5-1 183Tl
  81 184  183.980932  -17.762000  0.3100  0.0600                     3.0 1 184Tl
  81 185  184.978368  -20.150000  0.3100  0.0500                     0.5-1 185Tl
  81 186  185.978789  -19.758000 -0.2000  0.0400                     9.0-1 186Tl
  81 187  186.975963  -22.390000  0.3000  0.0000                     0.5-1 187Tl
  81 188  187.976321  -22.057000 -0.1800  0.0400                     8.0-1 188Tl
  81 189  188.973748  -24.454000 -0.1900  0.0200                     4.5-1 189Tl
  81 190  189.973737  -24.464000 -0.1600  0.0100                     7.0 1 190Tl
  81 191  190.971945  -26.133000 -0.1800  0.0100                     4.5-1 191Tl
  81 192  191.972018  -26.065000 -0.1800  0.0100                     7.0-1 192Tl
  81 193  192.970848  -27.155000 -0.1800  0.0100                     4.5-1 193Tl
  81 194  193.971296  -26.738000 -0.1700  0.0200                     6.0 1 194Tl
  81 195  194.970293  -27.672000 -0.1700  0.0100                     4.5-1 195Tl
  81 196  195.970839  -27.163000 -0.0600 -0.0200                     2.0-1 196Tl
  81 197  196.969960  -27.982000 -0.0900 -0.0100                     0.5 1 197Tl
  81 198  197.970943  -27.066000 -0.0600 -0.0200                     2.0-1 198Tl
  81 199  198.970319  -27.648000 -0.0900 -0.0200                     0.5 1 199Tl
  81 200  199.971449  -26.595000 -0.0600 -0.0200                     2.0-1 200Tl
  81 201  200.971015  -26.999000 -0.0700 -0.0300                     0.5 1 201Tl
  81 202  201.972481  -25.634000 -0.0700 -0.0200                     2.0-1 202Tl
  81 203  202.972474  -25.640000 -0.0500 -0.0200                     0.5 1 203Tl
  81 204  203.974446  -23.803000  0.0300 -0.0200                     2.0-1 204Tl
  81 205  204.974481  -23.771000 -0.0400  0.0000                     0.5 1 205Tl
  81 206  205.976562  -21.832000  0.0000  0.0000                     0.0-1 206Tl
  81 207  206.977229  -21.211000  0.0000  0.0000                     0.5 1 207Tl
  81 208  207.982452  -16.346000  0.0000  0.0000                     5.0 1 208Tl
  81 209  208.984232  -14.688000  0.0300  0.0000                     0.5 1 209Tl
  81 210  209.989857   -9.448000  0.0000  0.0000                     5.0 1 210Tl
  81 211  210.992422   -7.059000 -0.0400  0.0000                     0.5 1 211Tl
  81 212  211.997763   -2.084000  0.0300  0.0000                     5.0 1 212Tl
  81 213  213.000895    0.834000  0.0500 -0.0100                     0.5 1 213Tl
  81 214  214.006170    5.747000 -0.0500  0.0000                     5.0 1 214Tl
  81 215  215.009794    9.123000  0.0600  0.0000                     0.5 1 215Tl
  81 216  216.015033   14.003000 -0.0600  0.0100                     5.0 1 216Tl
  81 217  217.019092   17.784000 -0.0600  0.0000                     0.5 1 217Tl
  81 218  218.024194   22.537000 -0.0500  0.0100                     5.0 1 218Tl
  81 219  219.028352   26.410000  0.0700  0.0200                     0.5 1 219Tl
  81 220  220.033480   31.186000 -0.0600 -0.0100                     5.0 1 220Tl
  81 221  221.037787   35.198000  0.0900  0.0200                     0.5-1 221Tl
  81 222  222.043339   40.370000  0.2300  0.1200                     3.0 1 222Tl
  81 223  223.047160   43.929000  0.2300  0.1200                     5.5-1 223Tl
  81 224  224.052175   48.601000  0.2500  0.1200                     5.0-1 224Tl
  81 225  225.056331   52.472000  0.2300  0.1100                     5.5-1 225Tl
  81 226  226.061859   57.621000  0.2500  0.1000                     1.0-1 226Tl
  81 227  227.065752   61.248000  0.2600  0.1000                     1.5 1 227Tl
  81 228  228.071194   66.317000  0.2600  0.0900                     2.0-1 228Tl
  81 229  229.075774   70.583000  0.2700  0.0900                     1.5 1 229Tl
  81 230  230.081818   76.213000  0.2600  0.0700                     5.0 1 230Tl
  81 231  231.086265   80.355000  0.2700  0.0700                     1.5 1 231Tl
  81 232  232.092591   86.248000  0.2700  0.0600                     6.0-1 232Tl
  81 233  233.097257   90.594000  0.2700  0.0600                     1.5 1 233Tl
  81 234  234.103427   96.342000  0.2700  0.0500                     2.0 1 234Tl
  81 235  235.108744  101.294000  0.2600  0.0500                     1.5 1 235Tl
  81 236  236.115006  107.127000  0.2500  0.0200                     2.0 1 236Tl
  81 237  237.120475  112.222000  0.2500  0.0100                     1.5 1 237Tl
  81 238  238.126981  118.282000  0.2600  0.0100                     3.0 1 238Tl
  81 239  239.132517  123.439000  0.2500  0.0000                     1.5 1 239Tl
  81 240  240.139589  130.026000  0.2400  0.0000                     7.0-1 240Tl
  81 241  241.146081  136.074000  0.2400 -0.0100                     1.5 1 241Tl
  81 242  242.153170  142.677000  0.2500 -0.0100                     6.0 1 242Tl
  81 243  243.158944  148.055000  0.2200 -0.0200                     1.5 1 243Tl
  81 244  244.165809  154.450000  0.2200 -0.0300                     3.0 1 244Tl
  81 245  245.172148  160.355000  0.1800 -0.0200                     1.5 1 245Tl
  81 246  246.178628  166.391000 -0.1400  0.0100                     5.0-1 246Tl
  81 247  247.184716  172.062000 -0.1600  0.0100                     4.5-1 247Tl
  81 248  248.192528  179.339000  0.1300 -0.0400                    12.0 1 248Tl
  81 249  249.197827  184.275000 -0.1600  0.0100                     0.5 1 249Tl
  81 250  250.204971  190.929000 -0.1500  0.0000                     3.0 1 250Tl
  81 251  251.211312  196.836000 -0.1500  0.0000                     0.5 1 251Tl
  81 252  252.218374  203.414000 -0.0900 -0.0100                     3.0 1 252Tl
  81 253  253.225015  209.600000 -0.1300  0.0000                     0.5 1 253Tl
  81 254  254.232624  216.688000 -0.1300  0.0000                     3.0 1 254Tl
  81 255  255.239050  222.674000 -0.0800 -0.0100                     0.5 1 255Tl
  81 256  256.246707  229.806000 -0.0800 -0.0100                     3.0 1 256Tl
  81 257  257.253031  235.697000 -0.0800 -0.0200                     0.5 1 257Tl
  81 258  258.260654  242.798000 -0.0800 -0.0200                     3.0 1 258Tl
  81 259  259.267340  249.026000 -0.0700 -0.0200                     0.5 1 259Tl
  81 260  260.275154  256.304000 -0.0600 -0.0200                     1.0 1 260Tl
  81 261  261.281950  262.635000 -0.0600 -0.0200                     0.5 1 261Tl
  81 262  262.290057  270.186000  0.0000  0.0000                     1.0 1 262Tl
  81 263  263.296896  276.557000  0.0000  0.0000                     0.5 1 263Tl
  81 264  264.304861  283.976000  0.0000  0.0000                     1.0 1 264Tl
  81 265  265.311656  290.306000  0.0000  0.0000                     0.5 1 265Tl
  81 266  266.322796  300.683000  0.0000  0.0000                     2.0-1 266Tl
  81 267  267.330514  307.872000  0.0000  0.0000                     0.5 1 267Tl
  81 268  268.340091  316.793000  0.0000  0.0000                     2.0-1 268Tl
  81 269  269.349618  325.667000  0.0000  0.0000                     0.5 1 269Tl
  81 270  270.358955  334.365000  0.0000  0.0000                     0.0-1 270Tl
  81 271  271.368286  343.056000  0.0300  0.0000                     0.5 1 271Tl
