  83 172  172.043567   40.582000 -0.0900  0.0200                     1.0 1 172Bi
  83 173  173.038109   35.498000 -0.1000  0.0200                     4.5-1 173Bi
  83 174  174.035342   32.921000 -0.1300  0.0300                     1.0 1 174Bi
  83 175  175.029927   27.877000 -0.1200  0.0300                     4.5-1 175Bi
  83 176  176.026170   24.377000  0.1800  0.0600                     1.0 1 176Bi
  83 177  177.021368   19.904000  0.1800  0.0800                     0.5-1 177Bi
  83 178  178.018858   17.566000  0.2300  0.1100                     3.0 1 178Bi
  83 179  179.014097   13.131000  0.2900  0.1300                     5.5-1 179Bi
  83 180  180.011527   10.737000  0.2900  0.1100                     2.0-1 180Bi
  83 181  181.007505    6.991000  0.2900  0.1000                     0.5-1 181Bi
  83 182  182.005172    4.818000  0.3000  0.1000                     1.0-1 182Bi
  83 183  183.001296    1.207000  0.2900  0.1000                     1.5 1 183Bi
  83 184  184.000072    0.067000  0.2600  0.0700                     2.0 1 184Bi
  83 185  184.996109   -3.624000  0.2900  0.0700                     1.5 1 185Bi
  83 186  185.994925   -4.727000  0.2900  0.0600                     1.0-1 186Bi
  83 187  186.991933   -7.514000  0.3000  0.0600                     1.5 1 187Bi
  83 188  187.991130   -8.262000  0.3000  0.0500                     2.0-1 188Bi
  83 189  188.988689  -10.536000  0.2800  0.0300                     1.5 1 189Bi
  83 190  189.988298  -10.900000 -0.2000  0.0400                     1.0-1 190Bi
  83 191  190.985876  -13.156000 -0.1900  0.0400                     3.5-1 191Bi
  83 192  191.985394  -13.605000 -0.1900  0.0200                     2.0-1 192Bi
  83 193  192.983117  -15.726000 -0.2100  0.0400                     3.5-1 193Bi
  83 194  193.982918  -15.912000 -0.1500  0.0300                     2.0-1 194Bi
  83 195  194.980842  -17.846000 -0.1400  0.0200                     4.5-1 195Bi
  83 196  195.980824  -17.862000 -0.1400  0.0200                     2.0-1 196Bi
  83 197  196.979113  -19.456000 -0.1300  0.0100                     4.5-1 197Bi
  83 198  197.979285  -19.296000 -0.1400  0.0000                     3.0 1 198Bi
  83 199  198.978095  -20.404000 -0.1300  0.0100                     4.5-1 199Bi
  83 200  199.978599  -19.935000 -0.0500  0.0100                     3.0 1 200Bi
  83 201  200.977508  -20.951000 -0.1200 -0.0100                     4.5-1 201Bi
  83 202  201.978025  -20.470000 -0.0500  0.0100                     7.0 1 202Bi
  83 203  202.977330  -21.117000 -0.0400  0.0000                     4.5-1 203Bi
  83 204  203.978103  -20.397000 -0.0500  0.0100                     7.0 1 204Bi
  83 205  204.977523  -20.937000 -0.0500  0.0100                     4.5-1 205Bi
  83 206  205.978844  -19.707000 -0.0500  0.0100                     7.0 1 206Bi
  83 207  206.978320  -20.195000 -0.0400  0.0100                     4.5-1 207Bi
  83 208  207.980132  -18.507000  0.0000  0.0000                     5.0 1 208Bi
  83 209  208.980391  -18.266000  0.0000  0.0000                     4.5-1 209Bi
  83 210  209.985170  -13.814000  0.0000  0.0000                     1.0-1 210Bi
  83 211  210.986950  -12.156000  0.0000  0.0000                     4.5-1 211Bi
  83 212  211.991572   -7.851000  0.0000  0.0000                     1.0-1 212Bi
  83 213  212.994134   -5.464000  0.0000  0.0000                     4.5-1 213Bi
  83 214  213.998695   -1.216000  0.0000  0.0000                     1.0-1 214Bi
  83 215  215.000962    0.896000 -0.0300  0.0100                     4.5-1 215Bi
  83 216  216.006373    5.936000  0.0000  0.0000                     1.0-1 216Bi
  83 217  217.008890    8.281000 -0.0500  0.0200                     4.5-1 217Bi
  83 218  218.013544   12.616000 -0.0600  0.0200                     1.0-1 218Bi
  83 219  219.017194   16.016000 -0.0500  0.0200                     4.5-1 219Bi
  83 220  220.021794   20.301000 -0.0500  0.0200                     1.0-1 220Bi
  83 221  221.025741   23.978000 -0.0500  0.0200                     4.5-1 221Bi
  83 222  222.030378   28.297000 -0.0600  0.0200                     1.0-1 222Bi
  83 223  223.033242   30.965000  0.2100  0.1200                     0.5 1 223Bi
  83 224  224.037997   35.394000  0.2000  0.1100                     2.0-1 224Bi
  83 225  225.041511   38.667000  0.2200  0.1200                     0.5 1 225Bi
  83 226  226.046054   42.899000  0.2200  0.1200                     1.0-1 226Bi
  83 227  227.049939   46.518000  0.2300  0.1200                     1.5-1 227Bi
  83 228  228.055126   51.350000  0.2200  0.0900                     3.0-1 228Bi
  83 229  229.058667   54.648000  0.2400  0.1200                     5.5-1 229Bi
  83 230  230.063943   59.563000  0.2500  0.1000                     2.0 1 230Bi
  83 231  231.068141   63.473000  0.2800  0.1000                     5.5-1 231Bi
  83 232  232.073645   68.600000  0.2800  0.0900                     2.0-1 232Bi
  83 233  233.077965   72.624000  0.2500  0.0800                     5.5-1 233Bi
  83 234  234.083652   77.921000  0.2700  0.0600                     4.0 1 234Bi
  83 235  235.087933   81.909000  0.2800  0.0600                     5.5-1 235Bi
  83 236  236.093719   87.299000  0.2700  0.0400                     2.0-1 236Bi
  83 237  237.098679   91.919000  0.2700  0.0300                     0.5-1 237Bi
  83 238  238.104619   97.452000  0.2500  0.0400                     5.0-1 238Bi
  83 239  239.109792  102.271000  0.2700  0.0300                     5.5-1 239Bi
  83 240  240.115841  107.905000  0.2600  0.0100                     1.0-1 240Bi
  83 241  241.121044  112.752000  0.2300  0.0100                     5.5-1 241Bi
  83 242  242.127584  118.844000  0.2100 -0.0200                     3.0 1 242Bi
  83 243  243.132959  123.851000  0.2300 -0.0100                     5.5-1 243Bi
  83 244  244.139354  129.807000  0.2100 -0.0100                     2.0-1 244Bi
  83 245  245.145359  135.401000 -0.2000  0.0300                     3.5-1 245Bi
  83 246  246.151313  140.947000 -0.1900  0.0200                     1.0 1 246Bi
  83 247  247.157141  146.376000 -0.1900  0.0200                     3.5-1 247Bi
  83 248  248.163565  152.360000 -0.1900  0.0200                     3.0-1 248Bi
  83 249  249.169247  157.653000 -0.1800  0.0200                     3.5-1 249Bi
  83 250  250.175955  163.901000 -0.1800  0.0200                     2.0-1 250Bi
  83 251  251.181720  169.271000 -0.1800  0.0200                     4.5-1 251Bi
  83 252  252.188414  175.507000 -0.1700  0.0100                     2.0-1 252Bi
  83 253  253.194757  181.415000 -0.1600  0.0100                     4.5-1 253Bi
  83 254  254.201630  187.817000 -0.1100  0.0000                     4.0-1 254Bi
  83 255  255.207905  193.662000 -0.1200  0.0000                     4.5-1 255Bi
  83 256  256.215095  200.360000 -0.0900  0.0100                     8.0-1 256Bi
  83 257  257.221296  206.136000 -0.0900  0.0100                     4.5-1 257Bi
  83 258  258.228462  212.811000 -0.0500  0.0000                     8.0-1 258Bi
  83 259  259.234831  218.744000 -0.0500  0.0100                     4.5-1 259Bi
  83 260  260.242058  225.476000 -0.0500  0.0100                     8.0-1 260Bi
  83 261  261.248263  231.256000 -0.0500  0.0000                     4.5-1 261Bi
  83 262  262.255726  238.207000 -0.0500  0.0000                     4.0-1 262Bi
  83 263  263.262076  244.122000 -0.0500  0.0000                     4.5-1 263Bi
  83 264  264.269696  251.220000 -0.0400  0.0000                     6.0-1 264Bi
  83 265  265.276297  257.369000 -0.0300  0.0000                     4.5-1 265Bi
  83 266  266.284610  265.113000  0.0000  0.0000                     6.0-1 266Bi
  83 267  267.291184  271.236000  0.0000  0.0000                     4.5-1 267Bi
  83 268  268.302462  281.742000  0.0000  0.0000                     3.0 1 268Bi
  83 269  269.309074  287.901000  0.0000  0.0000                     4.5-1 269Bi
  83 270  270.318921  297.073000  0.0000  0.0000                     3.0 1 270Bi
  83 271  271.327413  304.983000  0.0000  0.0000                     4.5-1 271Bi
  83 272  272.336734  313.666000  0.0000  0.0000                     5.0 1 272Bi
  83 273  273.345590  321.915000 -0.0300  0.0100                     4.5-1 273Bi
  83 274  274.354881  330.570000  0.0300  0.0100                     4.0-1 274Bi
  83 275  275.364369  339.408000 -0.0300  0.0100                     4.5-1 275Bi
  83 276  276.373783  348.177000 -0.0400  0.0200                     1.0 1 276Bi
