  84 174  174.048403   45.087000  0.1300  0.0600                     0.0 1 174Po
  84 175  175.044911   41.834000  0.1600  0.0700                     4.5-1 175Po
  84 176  176.039262   36.572000  0.1700  0.0700                     0.0 1 176Po
  84 177  177.035949   33.486000  0.2300  0.0900                     2.5-1 177Po
  84 178  178.030624   28.526000  0.2400  0.1200                     0.0 1 178Po
  84 179  179.027573   25.684000  0.2300  0.1000                     2.5-1 179Po
  84 180  180.022714   21.158000  0.2700  0.1300                     0.0 1 180Po
  84 181  181.020059   18.685000  0.2900  0.1100                     2.5-1 181Po
  84 182  182.015533   14.469000  0.2800  0.1100                     0.0 1 182Po
  84 183  183.013036   12.143000  0.3000  0.1100                     0.5-1 183Po
  84 184  184.009085    8.463000  0.2900  0.1000                     0.0 1 184Po
  84 185  185.007293    6.793000  0.2600  0.0700                     3.5 1 185Po
  84 186  186.003439    3.203000  0.2900  0.0800                     0.0 1 186Po
  84 187  187.001991    1.855000  0.3100  0.0700                     2.5-1 187Po
  84 188  187.998765   -1.150000  0.3100  0.0800                     0.0 1 188Po
  84 189  188.997596   -2.239000  0.3000  0.0500                     3.5-1 189Po
  84 190  189.994654   -4.980000  0.2900  0.0500                     0.0 1 190Po
  84 191  190.994320   -5.291000  0.2700  0.0300                     4.5 1 191Po
  84 192  191.991504   -7.914000  0.2600  0.0100                     0.0 1 192Po
  84 193  192.990896   -8.480000 -0.2100  0.0300                     2.5 1 193Po
  84 194  193.988332  -10.869000 -0.2000  0.0300                     0.0 1 194Po
  84 195  194.988100  -11.085000 -0.1500  0.0200                     2.5 1 195Po
  84 196  195.985822  -13.207000 -0.1900  0.0100                     0.0 1 196Po
  84 197  196.985517  -13.491000 -0.1800  0.0300                     1.5-1 197Po
  84 198  197.983782  -15.107000 -0.1700  0.0200                     0.0 1 198Po
  84 199  198.984128  -14.785000 -0.1000  0.0100                     1.5 1 199Po
  84 200  199.982122  -16.653000 -0.1100  0.0000                     0.0 1 200Po
  84 201  200.982590  -16.217000  0.0600 -0.0100                     1.5-1 201Po
  84 202  201.981081  -17.623000 -0.0800 -0.0100                     0.0 1 202Po
  84 203  202.981642  -17.100000 -0.0600  0.0000                     2.5-1 203Po
  84 204  203.980488  -18.175000 -0.0600 -0.0200                     0.0 1 204Po
  84 205  204.981445  -17.284000  0.0400 -0.0100                     2.5-1 205Po
  84 206  205.980546  -18.121000 -0.0600 -0.0200                     0.0 1 206Po
  84 207  206.981783  -16.969000  0.0400 -0.0100                     2.5-1 207Po
  84 208  207.981468  -17.262000  0.0000  0.0000                     0.0 1 208Po
  84 209  208.982358  -16.433000  0.0000  0.0000                     0.5-1 209Po
  84 210  209.982422  -16.374000  0.0000  0.0000                     0.0 1 210Po
  84 211  210.986997  -12.112000  0.0000  0.0000                     4.5 1 211Po
  84 212  211.987827  -11.339000  0.0300 -0.0100                     0.0 1 212Po
  84 213  212.992927   -6.588000  0.0000  0.0000                     4.5 1 213Po
  84 214  213.995230   -4.443000  0.0000  0.0000                     0.0 1 214Po
  84 215  214.999577   -0.394000  0.0000  0.0000                     4.5 1 215Po
  84 216  216.002450    2.282000  0.0000  0.0000                     0.0 1 216Po
  84 217  217.006460    6.017000  0.0300  0.0000                     4.5 1 217Po
  84 218  218.009200    8.570000  0.0700  0.0300                     0.0 1 218Po
  84 219  219.013693   12.755000  0.0900  0.0400                     4.5 1 219Po
  84 220  220.016662   15.521000  0.1200  0.0700                     0.0 1 220Po
  84 221  221.020990   19.552000  0.1200  0.0500                     5.5 1 221Po
  84 222  222.024012   22.367000  0.1700  0.1000                     0.0 1 222Po
  84 223  223.028398   26.453000  0.1600  0.0900                     2.5 1 223Po
  84 224  224.031317   29.172000  0.2000  0.1200                     0.0 1 224Po
  84 225  225.035916   33.456000  0.1900  0.1200                     2.5-1 225Po
  84 226  226.039054   36.379000  0.2100  0.1100                     0.0 1 226Po
  84 227  227.043500   40.520000  0.2200  0.1200                     0.5 1 227Po
  84 228  228.047108   43.881000  0.2300  0.1100                     0.0 1 228Po
  84 229  229.052235   48.657000  0.2200  0.1100                     3.5-1 229Po
  84 230  230.055436   51.638000  0.2400  0.1100                     0.0 1 230Po
  84 231  231.060446   56.305000  0.2500  0.1100                     2.5 1 231Po
  84 232  232.064145   59.751000  0.2500  0.1000                     0.0 1 232Po
  84 233  233.069741   64.963000  0.2700  0.0700                     3.5 1 233Po
  84 234  234.073682   68.634000  0.2600  0.0700                     0.0 1 234Po
  84 235  235.079484   74.039000  0.2700  0.0600                     4.5-1 235Po
  84 236  236.083317   77.609000  0.2500  0.0500                     0.0 1 236Po
  84 237  237.089144   83.037000  0.2500  0.0500                     0.5 1 237Po
  84 238  238.093780   87.356000  0.2600  0.0400                     0.0 1 238Po
  84 239  239.099610   92.786000  0.2500  0.0300                     0.5 1 239Po
  84 240  240.104360   97.211000  0.2600  0.0300                     0.0 1 240Po
  84 241  241.110324  102.766000  0.2500  0.0100                     1.5 1 241Po
  84 242  242.115405  107.499000  0.2400  0.0100                     0.0 1 242Po
  84 243  243.121967  113.612000  0.1900  0.0100                     5.5-1 243Po
  84 244  244.126871  118.180000  0.2200 -0.0100                     0.0 1 244Po
  84 245  245.133097  123.979000  0.2200  0.0000                     4.5 1 245Po
  84 246  246.138469  128.983000  0.2100 -0.0200                     0.0 1 246Po
  84 247  247.144836  134.914000  0.2000  0.0000                     4.5 1 247Po
  84 248  248.150643  140.323000  0.1800 -0.0100                     0.0 1 248Po
  84 249  249.157005  146.249000 -0.1500  0.0200                     2.5 1 249Po
  84 250  250.162504  151.372000 -0.1700  0.0200                     0.0 1 250Po
  84 251  251.168841  157.274000 -0.1500  0.0200                     2.5 1 251Po
  84 252  252.174624  162.661000 -0.1600  0.0100                     0.0 1 252Po
  84 253  253.181273  168.855000 -0.1600  0.0100                     2.5 1 253Po
  84 254  254.187295  174.464000 -0.1300  0.0100                     0.0 1 254Po
  84 255  255.194082  180.786000 -0.1400  0.0000                     3.5 1 255Po
  84 256  256.199864  186.172000 -0.1400  0.0000                     0.0 1 256Po
  84 257  257.206806  192.639000 -0.1100  0.0100                     3.5 1 257Po
  84 258  258.212972  198.382000 -0.1000  0.0000                     0.0 1 258Po
  84 259  259.220226  205.139000  0.0700 -0.0200                     3.5 1 259Po
  84 260  260.226527  211.009000  0.0600 -0.0100                     0.0 1 260Po
  84 261  261.233498  217.502000  0.0300  0.0000                     3.5 1 261Po
  84 262  262.239829  223.399000  0.0500  0.0000                     0.0 1 262Po
  84 263  263.247020  230.098000 -0.0600  0.0000                     0.5 1 263Po
  84 264  264.253492  236.126000  0.0300  0.0000                     0.0 1 264Po
  84 265  265.260929  243.054000 -0.0400  0.0000                     1.5 1 265Po
  84 266  266.267549  249.220000  0.0000  0.0000                     0.0 1 266Po
  84 267  267.275241  256.385000  0.0000  0.0000                     1.5 1 267Po
  84 268  268.281704  262.406000  0.0000  0.0000                     0.0 1 268Po
  84 269  269.293055  272.979000  0.0000  0.0000                     1.5-1 269Po
  84 270  270.299280  278.778000  0.0000  0.0000                     0.0 1 270Po
  84 271  271.309299  288.110000  0.0000  0.0000                     1.5-1 271Po
  84 272  272.317327  295.588000  0.0000  0.0000                     0.0 1 272Po
  84 273  273.326775  304.389000  0.0000  0.0000                     0.5-1 273Po
  84 274  274.335316  312.345000  0.0300  0.0100                     0.0 1 274Po
  84 275  275.344827  321.204000  0.0300  0.0000                     0.5 1 275Po
  84 276  276.354136  329.876000  0.0000  0.0000                     0.0 1 276Po
  84 277  277.363487  338.586000  0.0000  0.0000                     5.5-1 277Po
  84 278  278.372326  346.820000  0.0400  0.0000                     0.0 1 278Po
