  86 178  178.062084   57.831000  0.2100  0.1200                     0.0 1 178Rn
  86 179  179.058170   54.185000  0.2300  0.1400                     0.5 1 179Rn
  86 180  180.052189   48.614000  0.2400  0.1400                     0.0 1 180Rn
  86 181  181.048753   45.413000  0.2600  0.1300                     0.5 1 181Rn
  86 182  182.043151   40.195000  0.2700  0.1500                     0.0 1 182Rn
  86 183  183.040174   37.422000  0.2800  0.1300                     0.5 1 183Rn
  86 184  184.035035   32.635000  0.2800  0.1300                     0.0 1 184Rn
  86 185  185.032173   29.969000  0.2900  0.0900                     0.5 1 185Rn
  86 186  186.027475   25.593000  0.2900  0.1100                     0.0 1 186Rn
  86 187  187.025028   23.313000  0.2800  0.1000                     0.5 1 187Rn
  86 188  188.020910   19.478000  0.3100  0.0800                     0.0 1 188Rn
  86 189  189.018753   17.468000  0.3100  0.0900                     0.5 1 189Rn
  86 190  190.014996   13.969000  0.2900  0.0700                     0.0 1 190Rn
  86 191  191.013253   12.345000  0.2900  0.0600                     0.5 1 191Rn
  86 192  192.010046    9.358000  0.3000  0.0500                     0.0 1 192Rn
  86 193  193.009110    8.486000  0.2700  0.0500                     4.5 1 193Rn
  86 194  194.005819    5.420000  0.2400  0.0200                     0.0 1 194Rn
  86 195  195.004843    4.511000  0.2300  0.0000                     0.5-1 195Rn
  86 196  196.002192    2.042000  0.2000  0.0100                     0.0 1 196Rn
  86 197  197.001413    1.316000 -0.1900  0.0400                     2.5-1 197Rn
  86 198  197.998678   -1.231000 -0.2000  0.0200                     0.0 1 198Rn
  86 199  198.998229   -1.650000 -0.1700  0.0200                     1.5-1 199Rn
  86 200  199.995926   -3.795000 -0.1600  0.0200                     0.0 1 200Rn
  86 201  200.995381   -4.303000 -0.1800  0.0300                     1.5 1 201Rn
  86 202  201.993542   -6.016000 -0.1500  0.0100                     0.0 1 202Rn
  86 203  202.993746   -5.826000  0.0800 -0.0300                     1.5-1 203Rn
  86 204  203.991734   -7.700000 -0.1100  0.0000                     0.0 1 204Rn
  86 205  204.991852   -7.590000 -0.0800  0.0000                     2.5-1 205Rn
  86 206  205.990485   -8.863000 -0.0800 -0.0100                     0.0 1 206Rn
  86 207  206.991014   -8.370000  0.0700 -0.0100                     1.5-1 207Rn
  86 208  207.989768   -9.531000 -0.0800  0.0000                     0.0 1 208Rn
  86 209  208.990732   -8.633000  0.0500 -0.0100                     1.5-1 209Rn
  86 210  209.989695   -9.599000  0.0400 -0.0100                     0.0 1 210Rn
  86 211  210.990264   -9.069000  0.0300 -0.0100                     0.5-1 211Rn
  86 212  211.990459   -8.887000  0.0000  0.0000                     0.0 1 212Rn
  86 213  212.993857   -5.722000 -0.0300  0.0100                     4.5 1 213Rn
  86 214  213.994883   -4.766000  0.0300  0.0000                     0.0 1 214Rn
  86 215  214.999085   -0.852000  0.0400  0.0100                     4.5 1 215Rn
  86 216  216.000338    0.315000  0.0400  0.0000                     0.0 1 216Rn
  86 217  217.004242    3.951000  0.0700  0.0300                     4.5 1 217Rn
  86 218  218.006195    5.771000  0.1000  0.0500                     0.0 1 218Rn
  86 219  219.009833    9.159000  0.1100  0.0500                     4.5 1 219Rn
  86 220  220.011698   10.897000  0.1300  0.1000                     0.0 1 220Rn
  86 221  221.015481   14.420000  0.1500  0.1000                     4.5 1 221Rn
  86 222  222.017408   16.215000  0.1600  0.1200                     0.0 1 222Rn
  86 223  223.021105   19.659000  0.1600  0.1200                     1.5 1 223Rn
  86 224  224.023518   21.907000  0.1800  0.1200                     0.0 1 224Rn
  86 225  225.027510   25.625000  0.1700  0.1100                     2.5 1 225Rn
  86 226  226.029896   27.848000  0.2000  0.1300                     0.0 1 226Rn
  86 227  227.033960   31.634000  0.2100  0.1300                     2.5-1 227Rn
  86 228  228.036840   34.316000  0.2100  0.1100                     0.0 1 228Rn
  86 229  229.040882   38.081000  0.2200  0.1300                     0.5 1 229Rn
  86 230  230.043842   40.839000  0.2300  0.1100                     0.0 1 230Rn
  86 231  231.048382   45.068000  0.2200  0.1100                     2.5 1 231Rn
  86 232  232.051757   48.211000  0.2400  0.1000                     0.0 1 232Rn
  86 233  233.056356   52.495000  0.2500  0.1200                     0.5 1 233Rn
  86 234  234.059729   55.637000  0.2400  0.0900                     0.0 1 234Rn
  86 235  235.064539   60.118000  0.2600  0.1000                     0.5 1 235Rn
  86 236  236.068173   63.503000  0.2500  0.0600                     0.0 1 236Rn
  86 237  237.073781   68.727000  0.2500  0.0800                     0.5 1 237Rn
  86 238  238.077190   71.902000  0.2600  0.0700                     0.0 1 238Rn
  86 239  239.082436   76.789000  0.2600  0.0600                     0.5 1 239Rn
  86 240  240.086670   80.733000  0.2500  0.0500                     0.0 1 240Rn
  86 241  241.092478   86.143000  0.2500  0.0300                     0.5 1 241Rn
  86 242  242.096784   90.154000  0.2500  0.0200                     0.0 1 242Rn
  86 243  243.102371   95.358000  0.2400  0.0100                     0.5 1 243Rn
  86 244  244.107175   99.833000  0.2400  0.0100                     0.0 1 244Rn
  86 245  245.112911  105.176000  0.2000  0.0000                     0.5 1 245Rn
  86 246  246.117744  109.678000  0.2200 -0.0100                     0.0 1 246Rn
  86 247  247.123703  115.229000  0.2000  0.0000                     0.5 1 247Rn
  86 248  248.128803  119.979000  0.2100 -0.0100                     0.0 1 248Rn
  86 249  249.134669  125.443000  0.1800  0.0000                     0.5 1 249Rn
  86 250  250.140021  130.429000  0.1700 -0.0100                     0.0 1 250Rn
  86 251  251.146393  136.364000  0.1800 -0.0200                     0.5 1 251Rn
  86 252  252.151442  141.067000  0.1500 -0.0200                     0.0 1 252Rn
  86 253  253.157912  147.094000 -0.1300  0.0200                     0.5 1 253Rn
  86 254  254.163302  152.115000  0.1300 -0.0300                     0.0 1 254Rn
  86 255  255.169511  157.899000  0.1200 -0.0100                     0.5 1 255Rn
  86 256  256.175193  163.191000 -0.1500  0.0100                     0.0 1 256Rn
  86 257  257.181411  168.983000 -0.1100  0.0000                     0.5 1 257Rn
  86 258  258.187343  174.509000 -0.1200 -0.0100                     0.0 1 258Rn
  86 259  259.193932  180.647000 -0.1100  0.0100                     0.5 1 259Rn
  86 260  260.199484  185.818000 -0.0900 -0.0200                     0.0 1 260Rn
  86 261  261.206469  192.325000  0.0800 -0.0100                     0.5 1 261Rn
  86 262  262.212421  197.869000 -0.1000 -0.0100                     0.0 1 262Rn
  86 263  263.219248  204.228000  0.0500 -0.0100                     0.5 1 263Rn
  86 264  264.225237  209.807000 -0.0700  0.0000                     0.0 1 264Rn
  86 265  265.232282  216.369000 -0.0700  0.0000                     0.5 1 265Rn
  86 266  266.238597  222.252000 -0.0700  0.0000                     0.0 1 266Rn
  86 267  267.245778  228.941000  0.0300 -0.0100                     0.5 1 267Rn
  86 268  268.252352  235.064000  0.0000  0.0000                     0.0 1 268Rn
  86 269  269.259753  241.958000  0.0000  0.0000                     0.5 1 269Rn
  86 270  270.265991  247.769000  0.0000  0.0000                     0.0 1 270Rn
  86 271  271.275420  256.552000  0.0000  0.0000                     0.5 1 271Rn
  86 272  272.282949  263.565000  0.0000  0.0000                     0.0 1 272Rn
  86 273  273.292955  272.886000  0.0300  0.0100                     0.5 1 273Rn
  86 274  274.299886  279.342000  0.0000  0.0000                     0.0 1 274Rn
  86 275  275.309789  288.567000  0.0300  0.0000                     0.5 1 275Rn
  86 276  276.317521  295.769000  0.0300  0.0100                     0.0 1 276Rn
  86 277  277.326761  304.376000  0.0400  0.0100                     0.5 1 277Rn
  86 278  278.335255  312.288000  0.0400  0.0000                     0.0 1 278Rn
  86 279  279.344745  321.128000  0.0000  0.0000                     0.5 1 279Rn
  86 280  280.353152  328.959000  0.1000  0.0800                     0.0 1 280Rn
  86 281  281.361940  337.145000  0.0800  0.0300                     0.5 1 281Rn
  86 282  282.370628  345.238000  0.1300  0.1000                     0.0 1 282Rn
