  87 180  180.070808   65.957000  0.0000-10.0000                     0.0 1 180Fr
  87 181  181.064380   59.970000  0.0000-10.0000                     0.5 1 181Fr
  87 182  182.060706   56.547000  0.0000-10.0000                     0.0 1 182Fr
  87 183  183.054516   50.781000  0.0000-10.0000                     0.5 1 183Fr
  87 184  184.050938   47.448000  0.0000-10.0000                     0.0 1 184Fr
  87 185  185.045599   42.475000  0.0000-10.0000                     0.5 1 185Fr
  87 186  186.042513   39.601000  0.0000-10.0000                     0.0 1 186Fr
  87 188  188.035346   32.925000  0.2600  0.1000                     2.0 1 188Fr
  87 189  189.030615   28.518000  0.3200  0.1000                     1.5 1 189Fr
  87 190  190.028145   26.217000  0.3100  0.0700                     2.0-1 190Fr
  87 191  191.024261   22.599000  0.3100  0.0700                     0.5 1 191Fr
  87 192  192.022749   21.191000  0.2600  0.0600                     3.0-1 192Fr
  87 193  193.018995   17.694000  0.3100  0.0400                     0.5 1 193Fr
  87 194  194.017534   16.333000  0.3000  0.0500                     4.0 1 194Fr
  87 195  195.014266   13.289000  0.2500  0.0200                     5.5-1 195Fr
  87 196  196.013029   12.136000  0.2500  0.0100                     5.0 1 196Fr
  87 197  197.010389    9.677000  0.2400  0.0100                     0.5-1 197Fr
  87 198  198.009369    8.727000  0.2000  0.0200                     0.0 1 198Fr
  87 199  199.006930    6.455000  0.2000  0.0000                     0.5-1 199Fr
  87 200  200.006256    5.827000  0.1800  0.0000                     2.0 1 200Fr
  87 201  201.003961    3.690000  0.1500 -0.0100                     4.5-1 201Fr
  87 202  202.003270    3.046000  0.1300 -0.0100                     3.0 1 202Fr
  87 203  203.000791    0.737000 -0.1700  0.0300                     0.5 1 203Fr
  87 204  204.001206    1.123000 -0.1200  0.0000                     2.0-1 204Fr
  87 205  204.998931   -0.996000 -0.1200  0.0000                     4.5-1 205Fr
  87 206  205.999070   -0.866000  0.0800 -0.0300                     7.0 1 206Fr
  87 207  206.997261   -2.551000 -0.0900 -0.0100                     4.5-1 207Fr
  87 208  207.997457   -2.369000  0.0800 -0.0100                     3.0 1 208Fr
  87 209  208.995983   -3.742000  0.0500 -0.0200                     4.5-1 209Fr
  87 210  209.996538   -3.225000  0.0500 -0.0200                     3.0 1 210Fr
  87 211  210.995594   -4.104000  0.0400 -0.0100                     4.5-1 211Fr
  87 212  211.996214   -3.527000  0.0000  0.0000                     5.0 1 212Fr
  87 213  212.995673   -4.031000  0.0000  0.0000                     4.5-1 213Fr
  87 214  213.999611   -0.362000  0.0000  0.0000                     1.0-1 214Fr
  87 215  214.999973   -0.025000  0.0400  0.0000                     4.5-1 215Fr
  87 216  216.003579    3.334000  0.0400  0.0000                     1.0-1 216Fr
  87 217  217.004494    4.186000  0.0600 -0.0200                     4.5-1 217Fr
  87 218  218.008228    7.664000  0.0500 -0.0200                     1.0-1 218Fr
  87 219  219.009686    9.022000  0.1200  0.0800                     4.5-1 219Fr
  87 220  220.013042   12.149000  0.1400  0.1100                     1.0-1 220Fr
  87 221  221.014454   13.464000  0.1400  0.1100                     4.5-1 221Fr
  87 222  222.017971   16.740000  0.1500  0.1200                     1.0-1 222Fr
  87 223  223.019529   18.191000  0.1700  0.1200                     0.5-1 223Fr
  87 224  224.022827   21.263000  0.1800  0.1100                     1.0-1 224Fr
  87 225  225.025160   23.436000  0.1900  0.1300                     0.5-1 225Fr
  87 226  226.028742   26.773000  0.1900  0.1300                     2.0-1 226Fr
  87 227  227.030790   28.681000  0.2200  0.1300                     0.5-1 227Fr
  87 228  228.034544   32.178000  0.2100  0.1300                     2.0 1 228Fr
  87 229  229.037116   34.573000  0.2100  0.1200                     0.5-1 229Fr
  87 230  230.040980   38.173000  0.2200  0.1200                     0.0-1 230Fr
  87 231  231.043824   40.822000  0.2300  0.1300                     0.5-1 231Fr
  87 232  232.048420   45.103000  0.2400  0.1100                     3.0 1 232Fr
  87 233  233.051058   47.560000  0.2400  0.1100                     0.5-1 233Fr
  87 234  234.055416   51.620000  0.2500  0.1100                     2.0-1 234Fr
  87 235  235.058629   54.613000  0.2700  0.1100                     0.5-1 235Fr
  87 236  236.063314   58.977000  0.2600  0.0900                     3.0-1 236Fr
  87 237  237.066574   62.013000  0.2600  0.0900                     0.5-1 237Fr
  87 238  238.071730   66.816000  0.2600  0.0800                     4.0 1 238Fr
  87 239  239.075375   70.211000  0.2600  0.0700                     0.5-1 239Fr
  87 240  240.080270   74.771000  0.2600  0.0600                     3.0-1 240Fr
  87 241  241.084404   78.622000  0.2600  0.0500                     0.5 1 241Fr
  87 242  242.089705   83.560000  0.2500  0.0300                     2.0-1 242Fr
  87 243  243.093841   87.412000  0.2500  0.0300                     0.5-1 243Fr
  87 244  244.099543   92.724000  0.2600  0.0300                     1.0-1 244Fr
  87 245  245.103601   96.504000  0.2400  0.0100                     0.5 1 245Fr
  87 246  246.109637  102.126000  0.2100  0.0000                     5.0-1 246Fr
  87 247  247.114476  106.634000  0.2300 -0.0100                     0.5 1 247Fr
  87 248  248.120078  111.852000  0.2300 -0.0200                     4.0 1 248Fr
  87 249  249.124908  116.351000  0.2200 -0.0200                     2.5-1 249Fr
  87 250  250.130800  121.839000  0.1800  0.0000                     2.0-1 250Fr
  87 251  251.135877  126.569000  0.1900 -0.0200                     2.5-1 251Fr
  87 252  252.141786  132.073000  0.1700 -0.0200                     2.0-1 252Fr
  87 253  253.147185  137.102000  0.1800 -0.0200                     4.5-1 253Fr
  87 254  254.153115  142.626000  0.1500 -0.0200                     2.0-1 254Fr
  87 255  255.158589  147.725000  0.1500 -0.0300                     4.5-1 255Fr
  87 256  256.164473  153.206000 -0.1600  0.0300                     2.0-1 256Fr
  87 257  257.170251  158.588000  0.1300 -0.0300                     4.5-1 257Fr
  87 258  258.176160  164.092000 -0.1500  0.0200                     8.0-1 258Fr
  87 259  259.181826  169.370000 -0.1200  0.0000                     4.5-1 259Fr
  87 260  260.188164  175.274000 -0.1100  0.0100                     8.0-1 260Fr
  87 261  261.193794  180.518000 -0.1100  0.0000                     4.5-1 261Fr
  87 262  262.200645  186.900000  0.0800 -0.0200                     8.0-1 262Fr
  87 263  263.205997  191.885000 -0.0800  0.0000                     4.5-1 263Fr
  87 264  264.212971  198.381000  0.0500 -0.0100                     8.0-1 264Fr
  87 265  265.218776  203.789000 -0.0700 -0.0100                     4.5-1 265Fr
  87 266  266.225556  210.104000 -0.0700 -0.0100                     4.0-1 266Fr
  87 267  267.231894  216.008000  0.0400 -0.0100                     4.5-1 267Fr
  87 268  268.238696  222.344000  0.0300  0.0000                     6.0-1 268Fr
  87 269  269.244973  228.191000  0.0000  0.0000                     4.5-1 269Fr
  87 270  270.251980  234.718000 -0.0300 -0.0100                     6.0-1 270Fr
  87 271  271.258350  240.652000  0.0000  0.0000                     4.5-1 271Fr
  87 272  272.273657  254.910000  0.0000  0.0000                     3.0 1 272Fr
  87 273  273.274912  256.079000  0.0000  0.0000                     4.5-1 273Fr
  87 274  274.285305  265.760000  0.0000  0.0000                     3.0 1 274Fr
  87 275  275.291886  271.890000  0.0000  0.0000                     4.5-1 275Fr
  87 276  276.300986  280.367000  0.0000  0.0000                     1.0 1 276Fr
  87 277  277.309118  287.942000  0.0000  0.0000                     4.5-1 277Fr
  87 278  278.318099  296.307000  0.0000  0.0000                     1.0 1 278Fr
  87 279  279.326591  304.218000  0.0000  0.0000                     4.5-1 279Fr
  87 280  280.335451  312.471000  0.0000  0.0000                     1.0 1 280Fr
  87 281  281.343377  319.854000  0.1200  0.0900                     4.5-1 281Fr
  87 282  282.351913  327.805000  0.1200  0.0900                     1.0 1 282Fr
  87 283  283.360388  335.699000  0.1400  0.0900                     4.5-1 283Fr
  87 284  284.367982  342.773000  0.1200  0.1000                     3.0 1 284Fr
