  91 196  196.061047   56.865000  0.3300  0.0500                     1.0 1 196Pa
  91 197  197.056423   52.558000  0.3000  0.0500                     0.5 1 197Pa
  91 198  198.054577   50.838000  0.2900  0.0400                     1.0 1 198Pa
  91 199  199.049757   46.348000  0.2900  0.0400                     0.5 1 199Pa
  91 200  200.047825   44.549000  0.2700  0.0200                     1.0 1 200Pa
  91 201  201.043867   40.862000  0.2700  0.0200                     0.5 1 201Pa
  91 202  202.042480   39.570000  0.2700  0.0100                     1.0 1 202Pa
  91 203  203.039062   36.386000  0.2600  0.0000                     0.5 1 203Pa
  91 204  204.037495   34.926000  0.2300 -0.0100                     1.0 1 204Pa
  91 205  205.034552   32.185000  0.2000 -0.0100                     0.5 1 205Pa
  91 206  206.033215   30.940000  0.1800 -0.0100                     1.0 1 206Pa
  91 207  207.030441   28.356000  0.1700 -0.0100                     0.5 1 207Pa
  91 208  208.029756   27.718000  0.1400 -0.0200                     1.0 1 208Pa
  91 209  209.026952   25.106000  0.1500 -0.0100                     0.5 1 209Pa
  91 210  210.026198   24.403000  0.1400 -0.0100                     1.0 1 210Pa
  91 211  211.023644   22.024000 -0.1400  0.0100                     0.5 1 211Pa
  91 212  212.023146   21.560000 -0.1200  0.0000                     3.0 1 212Pa
  91 213  213.021140   19.692000 -0.0900 -0.0100                     4.5-1 213Pa
  91 214  214.021206   19.753000  0.0800  0.0000                     3.0 1 214Pa
  91 215  215.019184   17.870000  0.0400 -0.0100                     4.5-1 215Pa
  91 216  216.018821   17.532000  0.0400  0.0000                     5.0 1 216Pa
  91 217  217.018190   16.944000  0.0000  0.0000                     4.5-1 217Pa
  91 218  218.020272   18.883000 -0.0400  0.0100                     1.0-1 218Pa
  91 219  219.019643   18.297000  0.0400  0.0100                     4.5-1 219Pa
  91 220  220.022221   20.699000 -0.0600  0.0200                     1.0-1 220Pa
  91 221  221.022378   20.845000  0.0800  0.0300                     4.5-1 221Pa
  91 222  222.024646   22.958000  0.1000  0.0300                     1.0-1 222Pa
  91 223  223.024678   22.987000  0.1500  0.1100                     4.5-1 223Pa
  91 224  224.026744   24.912000  0.1700  0.1100                     2.0 1 224Pa
  91 225  225.026897   25.054000  0.1700  0.1000                     2.5-1 225Pa
  91 226  226.029128   27.133000  0.2300  0.1400                     1.0 1 226Pa
  91 227  227.029628   27.598000  0.2000  0.1300                     2.5-1 227Pa
  91 228  228.031781   29.604000  0.2100  0.1300                     0.0 1 228Pa
  91 229  229.032663   30.425000  0.2100  0.1300                     1.5 1 229Pa
  91 230  230.034865   32.477000  0.2200  0.1200                     0.0-1 230Pa
  91 231  231.036288   33.802000  0.2600  0.1700                     1.5 1 231Pa
  91 232  232.038760   36.105000  0.2600  0.1600                     1.0 1 232Pa
  91 233  233.040420   37.651000  0.2400  0.1200                     1.5 1 233Pa
  91 234  234.043475   40.497000  0.2700  0.1700                     1.0 1 234Pa
  91 235  235.045725   42.593000  0.2700  0.1600                     1.5 1 235Pa
  91 236  236.048788   45.446000  0.2500  0.1200                     2.0-1 236Pa
  91 237  237.051183   47.677000  0.2800  0.1400                     1.5 1 237Pa
  91 238  238.054565   50.827000  0.2700  0.1300                     1.0 1 238Pa
  91 239  239.057291   53.366000  0.2600  0.0900                     2.5-1 239Pa
  91 240  240.061161   56.971000  0.2900  0.1100                     2.0 1 240Pa
  91 241  241.063899   59.522000  0.2700  0.0800                     0.5 1 241Pa
  91 242  242.068026   63.366000  0.2600  0.0800                     1.0 1 242Pa
  91 243  243.070703   65.859000  0.2700  0.0600                     0.5 1 243Pa
  91 244  244.075060   69.918000  0.2700  0.0700                     1.0 1 244Pa
  91 245  245.078350   72.983000  0.2700  0.0500                     0.5 1 245Pa
  91 246  246.082620   76.960000  0.2500  0.0500                     1.0 1 246Pa
  91 247  247.086232   80.325000  0.2500  0.0500                     0.5 1 247Pa
  91 248  248.090888   84.662000  0.2600  0.0400                     1.0 1 248Pa
  91 249  249.094648   88.164000  0.2500  0.0200                     0.5 1 249Pa
  91 250  250.099764   92.930000  0.2400  0.0200                     1.0 1 250Pa
  91 251  251.103389   96.306000  0.2300 -0.0100                     0.5 1 251Pa
  91 252  252.108603  101.163000  0.2100 -0.0100                     1.0 1 252Pa
  91 253  253.112697  104.977000  0.2100 -0.0200                     0.5 1 253Pa
  91 254  254.118004  109.920000  0.1600 -0.0100                     1.0 1 254Pa
  91 255  255.122182  113.812000  0.1900 -0.0300                     0.5 1 255Pa
  91 256  256.127275  118.556000  0.1700 -0.0200                     1.0 1 256Pa
  91 257  257.131961  122.921000  0.1800 -0.0200                     0.5 1 257Pa
  91 258  258.137365  127.955000  0.1800 -0.0200                     1.0 1 258Pa
  91 259  259.141974  132.248000  0.1600 -0.0300                     0.5 1 259Pa
  91 260  260.147710  137.591000  0.1600 -0.0200                     1.0 1 260Pa
  91 261  261.152437  141.994000  0.1600 -0.0300                     0.5 1 261Pa
  91 262  262.158147  147.313000  0.1400 -0.0300                     1.0 1 262Pa
  91 263  263.163319  152.131000 -0.1200  0.0000                     0.5 1 263Pa
  91 264  264.169003  157.425000 -0.0900 -0.0100                     1.0 1 264Pa
  91 265  265.173718  161.817000 -0.1000 -0.0100                     0.5 1 265Pa
  91 266  266.179839  167.519000  0.0700 -0.0200                     1.0 1 266Pa
  91 267  267.184743  172.087000  0.0700 -0.0200                     0.5 1 267Pa
  91 268  268.190994  177.910000 -0.1000 -0.0200                     1.0 1 268Pa
  91 269  269.196253  182.809000  0.0600 -0.0200                     0.5 1 269Pa
  91 270  270.202527  188.653000 -0.0700 -0.0100                     1.0 1 270Pa
  91 271  271.207997  193.748000  0.0500 -0.0100                     0.5 1 271Pa
  91 272  272.214598  199.897000  0.0300 -0.0100                     1.0 1 272Pa
  91 273  273.220152  205.070000  0.0300 -0.0100                     0.5 1 273Pa
  91 274  274.227291  211.720000  0.0000  0.0000                     1.0 1 274Pa
  91 275  275.232946  216.988000  0.0000  0.0000                     0.5 1 275Pa
  91 276  276.242071  225.488000  0.0000  0.0000                     1.0 1 276Pa
  91 277  277.248052  231.059000  0.0000  0.0000                     0.5 1 277Pa
  91 278  278.256224  238.671000  0.0000  0.0000                     1.0 1 278Pa
  91 279  279.263045  245.025000  0.0300  0.0000                     0.5 1 279Pa
  91 280  280.271552  252.949000  0.0000  0.0000                     1.0 1 280Pa
  91 281  281.278705  259.612000  0.0400  0.0000                     0.5 1 281Pa
  91 282  282.287087  267.420000  0.0000  0.0000                     1.0 1 282Pa
  91 283  283.294425  274.255000  0.0600  0.0200                     0.5 1 283Pa
  91 284  284.303145  282.378000  0.0300  0.0000                     1.0 1 284Pa
  91 285  285.310440  289.173000  0.1000  0.0800                     0.5 1 285Pa
  91 286  286.318533  296.712000  0.1700  0.1300                     1.0 1 286Pa
  91 287  287.325850  303.527000  0.1700  0.1300                     0.5 1 287Pa
  91 288  288.333497  310.651000  0.1800  0.1200                     1.0 1 288Pa
  91 289  289.340985  317.626000  0.1800  0.1400                     0.5 1 289Pa
  91 290  290.348616  324.734000  0.1900  0.1300                     1.0 1 290Pa
  91 291  291.356381  331.967000  0.2000  0.1300                     0.5 1 291Pa
  91 292  292.364202  339.252000  0.1900  0.1200                     1.0 1 292Pa
  91 293  293.371992  346.508000  0.2200  0.1300                     0.5 1 293Pa
  91 294  294.379913  353.887000  0.2200  0.1400                     1.0 1 294Pa
  91 295  295.387889  361.316000  0.2200  0.1400                     0.5 1 295Pa
  91 296  296.395994  368.866000  0.2200  0.1300                     1.0 1 296Pa
  91 297  297.404191  376.502000  0.2300  0.1300                     0.5 1 297Pa
  91 298  298.412463  384.207000  0.2300  0.1100                     1.0 1 298Pa
  91 299  299.420570  391.759000  0.2300  0.1300                     0.5 1 299Pa
  91 300  300.429405  399.988000  0.2300  0.1200                     1.0 1 300Pa
  91 301  301.437529  407.556000  0.2300  0.1200                     0.5 1 301Pa
  91 302  302.445383  414.872000  0.2300  0.1000                     1.0 1 302Pa
  91 303  303.454693  423.544000  0.2300  0.0900                     0.5 1 303Pa
  91 304  304.462498  430.814000  0.2400  0.0800                     1.0 1 304Pa
  91 305  305.472098  439.757000  0.2400  0.0800                     0.5 1 305Pa
  91 306  306.481258  448.289000  0.2300  0.0900                     1.0 1 306Pa
  91 307  307.490041  456.470000  0.2500  0.0700                     0.5 1 307Pa
  91 308  308.499401  465.189000  0.2400  0.0600                     1.0 1 308Pa
  91 314  314.554232  516.264000  0.0000-10.0000                     0.0 1 314Pa
  91 315  315.563568  524.960000  0.0000-10.0000                     0.5 1 315Pa
  91 316  316.573527  534.237000  0.0000-10.0000                     0.0 1 316Pa
