  92 198  198.066344   61.799000  0.3000  0.0500                     0.0 1 198U 
  92 199  199.063722   59.357000  0.2900  0.0400                     0.5 1 199U 
  92 200  200.059220   55.163000  0.2900  0.0400                     0.0 1 200U 
  92 201  201.056594   52.717000  0.2700  0.0400                     0.5 1 201U 
  92 202  202.052910   49.285000  0.2700  0.0400                     0.0 1 202U 
  92 203  203.050942   47.452000  0.2400  0.0100                     0.5 1 203U 
  92 204  204.047371   44.126000  0.2400  0.0100                     0.0 1 204U 
  92 205  205.045523   42.404000  0.2300  0.0100                     0.5 1 205U 
  92 206  206.042268   39.372000  0.2000  0.0000                     0.0 1 206U 
  92 207  207.040904   38.102000  0.1800  0.0000                     0.5 1 207U 
  92 208  208.037922   35.324000  0.1800 -0.0100                     0.0 1 208U 
  92 209  209.037198   34.650000  0.1800  0.0100                     0.5 1 209U 
  92 210  210.033954   31.628000  0.1500  0.0000                     0.0 1 210U 
  92 211  211.033038   30.775000  0.1500  0.0100                     0.5 1 211U 
  92 212  212.030584   28.489000 -0.1100  0.0000                     0.0 1 212U 
  92 213  213.029865   27.819000 -0.1300  0.0100                     0.5 1 213U 
  92 214  214.027474   25.592000 -0.1100 -0.0100                     0.0 1 214U 
  92 215  215.027108   25.251000  0.0800 -0.0100                     0.5 1 215U 
  92 216  216.025366   23.628000  0.0500 -0.0100                     0.0 1 216U 
  92 217  217.024956   23.246000  0.0400 -0.0100                     0.5-1 217U 
  92 218  218.024100   22.449000  0.0000  0.0000                     0.0 1 218U 
  92 219  219.025974   24.195000 -0.0500  0.0100                     4.5 1 219U 
  92 220  220.025002   23.289000  0.0500  0.0100                     0.0 1 220U 
  92 221  221.027453   25.572000 -0.0600  0.0200                     4.5 1 221U 
  92 222  222.027013   25.162000  0.1000  0.0400                     0.0 1 222U 
  92 223  223.028436   26.488000  0.1900  0.1000                     1.5 1 223U 
  92 224  224.028571   26.614000  0.1700  0.1000                     0.0 1 224U 
  92 225  225.029736   27.699000  0.2100  0.1300                     0.5-1 225U 
  92 226  226.030050   27.991000  0.1900  0.1200                     0.0 1 226U 
  92 227  227.031539   29.378000  0.2400  0.1400                     1.5-1 227U 
  92 228  228.032255   30.045000  0.2100  0.1300                     0.0 1 228U 
  92 229  229.033998   31.669000  0.2400  0.1800                     1.5 1 229U 
  92 230  230.034568   32.200000  0.2400  0.1800                     0.0 1 230U 
  92 231  231.036764   34.245000  0.2500  0.1900                     2.5-1 231U 
  92 232  232.037661   35.081000  0.2600  0.1600                     0.0 1 232U 
  92 233  233.040045   37.302000  0.2600  0.1600                     2.5 1 233U 
  92 234  234.041568   38.720000  0.2700  0.1800                     0.0 1 234U 
  92 235  235.044099   41.078000  0.2600  0.1600                     0.5 1 235U 
  92 236  236.046162   43.000000  0.2700  0.1600                     0.0 1 236U 
  92 237  237.048930   45.578000  0.2800  0.1400                     3.5-1 237U 
  92 238  238.051179   47.673000  0.2700  0.1400                     0.0 1 238U 
  92 239  239.054529   50.793000  0.2600  0.1200                     2.5 1 239U 
  92 240  240.057044   53.136000  0.2700  0.1200                     0.0 1 240U 
  92 241  241.060880   56.709000  0.2700  0.1000                     3.5 1 241U 
  92 242  242.063198   58.869000  0.2600  0.0900                     0.0 1 242U 
  92 243  243.067386   62.770000  0.2800  0.1000                     4.5-1 243U 
  92 244  244.069673   64.900000  0.2700  0.0700                     0.0 1 244U 
  92 245  245.073781   68.727000  0.2700  0.0700                     0.5 1 245U 
  92 246  246.076986   71.712000  0.2600  0.0600                     0.0 1 246U 
  92 247  247.081279   75.711000  0.2600  0.0700                     0.5 1 247U 
  92 248  248.084617   78.820000  0.2600  0.0500                     0.0 1 248U 
  92 249  249.089155   83.047000  0.2500  0.0300                     0.5 1 249U 
  92 250  250.092621   86.276000  0.2500  0.0200                     0.0 1 250U 
  92 251  251.097335   90.667000  0.2300  0.0200                     0.5 1 251U 
  92 252  252.101038   94.116000  0.2300  0.0100                     0.0 1 252U 
  92 253  253.106156   98.884000  0.2200 -0.0100                     0.5 1 253U 
  92 254  254.109966  102.433000  0.2000 -0.0200                     0.0 1 254U 
  92 255  255.114977  107.100000  0.2100 -0.0200                     0.5 1 255U 
  92 256  256.119275  111.104000  0.2100 -0.0200                     0.0 1 256U 
  92 257  257.124331  115.814000  0.1900 -0.0100                     0.5 1 257U 
  92 258  258.128655  119.841000  0.1700 -0.0300                     0.0 1 258U 
  92 259  259.133993  124.814000  0.1500 -0.0400                     0.5 1 259U 
  92 260  260.138394  128.913000  0.1600 -0.0300                     0.0 1 260U 
  92 261  261.144026  134.159000  0.1600 -0.0300                     0.5 1 261U 
  92 262  262.148592  138.413000  0.1200 -0.0300                     0.0 1 262U 
  92 263  263.154016  143.465000  0.1300 -0.0300                     0.5 1 263U 
  92 264  264.158752  147.877000  0.1200 -0.0300                     0.0 1 264U 
  92 265  265.164436  153.171000 -0.1000  0.0100                     0.5 1 265U 
  92 266  266.169548  157.933000 -0.0900 -0.0100                     0.0 1 266U 
  92 267  267.175129  163.132000  0.0900 -0.0200                     0.5 1 267U 
  92 268  268.179967  167.638000 -0.0800 -0.0200                     0.0 1 268U 
  92 269  269.185885  173.151000  0.0600 -0.0100                     0.5 1 269U 
  92 270  270.191260  178.158000 -0.0700 -0.0100                     0.0 1 270U 
  92 271  271.197412  183.888000 -0.0400  0.0000                     0.5 1 271U 
  92 272  272.202532  188.657000 -0.0400  0.0000                     0.0 1 272U 
  92 273  273.208879  194.570000  0.0400 -0.0100                     0.5 1 273U 
  92 274  274.214653  199.948000  0.0000  0.0000                     0.0 1 274U 
  92 275  275.221268  206.110000  0.0000  0.0000                     0.5 1 275U 
  92 276  276.226808  211.270000  0.0000  0.0000                     0.0 1 276U 
  92 277  277.235790  219.637000  0.0000  0.0000                     0.5 1 277U 
  92 278  278.241523  224.977000  0.0000  0.0000                     0.0 1 278U 
  92 279  279.249805  232.692000  0.0000  0.0000                     0.5 1 279U 
  92 280  280.256008  238.470000  0.0000  0.0000                     0.0 1 280U 
  92 281  281.264676  246.544000  0.0000  0.0000                     0.5 1 281U 
  92 282  282.271433  252.838000  0.0000  0.0000                     0.0 1 282U 
  92 283  283.279859  260.687000  0.0000  0.0000                     0.5 1 283U 
  92 284  284.287089  267.422000  0.0500  0.0100                     0.0 1 284U 
  92 285  285.295484  275.242000  0.1000  0.0800                     0.5 1 285U 
  92 286  286.302540  281.814000  0.1200  0.1000                     0.0 1 286U 
  92 287  287.310281  289.025000  0.2000  0.1300                     0.5 1 287U 
  92 288  288.317336  295.597000  0.1700  0.1300                     0.0 1 288U 
  92 289  289.325443  303.148000  0.1700  0.1100                     0.5 1 289U 
  92 290  290.332288  309.524000  0.1900  0.1300                     0.0 1 290U 
  92 291  291.339787  316.510000  0.2300  0.1400                     0.5 1 291U 
  92 292  292.347082  323.305000  0.2100  0.1300                     0.0 1 292U 
  92 293  293.354601  330.309000  0.2100  0.1300                     0.5 1 293U 
  92 294  294.362473  337.642000  0.2200  0.1300                     0.0 1 294U 
  92 295  295.370544  345.160000  0.2100  0.1300                     0.5 1 295U 
  92 296  296.377956  352.064000  0.2200  0.1300                     0.0 1 296U 
  92 297  297.385879  359.444000  0.2300  0.1300                     0.5 1 297U 
  92 298  298.393777  366.801000  0.2300  0.1300                     0.0 1 298U 
  92 299  299.402006  374.466000  0.2300  0.1200                     0.5 1 299U 
  92 300  300.409970  381.885000  0.2300  0.1300                     0.0 1 300U 
  92 301  301.418485  389.816000  0.2400  0.1200                     0.5 1 301U 
  92 302  302.426644  397.416000  0.2200  0.1200                     0.0 1 302U 
  92 303  303.434980  405.181000  0.2400  0.1200                     0.5 1 303U 
  92 304  304.443442  413.064000  0.2500  0.0900                     0.0 1 304U 
  92 305  305.452119  421.146000  0.2400  0.1100                     0.5 1 305U 
  92 306  306.460696  429.136000  0.2400  0.0600                     0.0 1 306U 
  92 307  307.469511  437.347000  0.2400  0.0600                     0.5 1 307U 
  92 308  308.478272  445.508000  0.2500  0.0700                     0.0 1 308U 
  92 309  309.487366  453.979000  0.2400  0.0600                     0.5 1 309U 
  92 310  310.495846  461.878000  0.2400  0.0600                     0.0 1 310U 
  92 314  314.532196  495.738000  0.0000-10.0000                     0.0 1 314U 
  92 315  315.541482  504.387000  0.0000-10.0000                     0.5 1 315U 
  92 316  316.550717  512.990000  0.0000-10.0000                     0.0 1 316U 
  92 317  317.560006  521.642000  0.0000-10.0000                     0.5 1 317U 
  92 318  318.569355  530.351000  0.0000-10.0000                     0.0 1 318U 
