  95 204  204.088712   82.635000  0.0000-10.0000                     0.0 1 204Am
  95 205  205.084395   78.613000  0.0000-10.0000                     0.5 1 205Am
  95 206  206.081765   76.164000  0.0000-10.0000                     0.0 1 206Am
  95 207  207.077663   72.343000  0.0000-10.0000                     0.5 1 207Am
  95 208  208.075340   70.179000  0.0000-10.0000                     0.0 1 208Am
  95 209  209.071723   66.810000  0.0000-10.0000                     0.5 1 209Am
  95 210  210.069802   65.020000  0.0000-10.0000                     0.0 1 210Am
  95 212  212.064616   60.189000  0.2000 -0.0200                     4.0 1 212Am
  95 213  213.061070   56.886000  0.1900 -0.0100                     1.5 1 213Am
  95 214  214.059447   55.375000 -0.1600  0.0200                     1.0 1 214Am
  95 215  215.056314   52.456000 -0.1400  0.0100                     3.5-1 215Am
  95 216  216.054898   51.137000 -0.1400  0.0100                     5.0 1 216Am
  95 217  217.051860   48.307000 -0.1300  0.0000                     3.5-1 217Am
  95 218  218.051509   47.980000  0.0600 -0.0100                     5.0 1 218Am
  95 219  219.048617   45.286000  0.0600  0.0000                     3.5-1 219Am
  95 220  220.047774   44.501000  0.0600  0.0000                     3.0 1 220Am
  95 221  221.045771   42.635000  0.0600  0.0000                     3.5-1 221Am
  95 222  222.047825   44.549000 -0.0400  0.0100                     8.0-1 222Am
  95 223  223.045477   42.362000  0.0600  0.0000                     3.5-1 223Am
  95 224  224.047183   43.951000  0.1700  0.0700                     8.0-1 224Am
  95 225  225.046032   42.879000  0.0700  0.0100                     3.5-1 225Am
  95 226  226.046521   43.334000  0.1800  0.0600                     3.0-1 226Am
  95 227  227.045896   42.752000  0.1900  0.1000                     2.5 1 227Am
  95 228  228.046318   43.145000  0.2300  0.1200                     3.0-1 228Am
  95 229  229.045962   42.813000  0.2000  0.1100                     2.5 1 229Am
  95 230  230.046475   43.291000  0.2500  0.1500                     2.0-1 230Am
  95 231  231.046313   43.140000  0.2500  0.1600                     2.5 1 231Am
  95 232  232.047279   44.040000  0.2500  0.1500                     1.0 1 232Am
  95 233  233.047324   44.082000  0.2700  0.1600                     2.5 1 233Am
  95 234  234.048330   45.019000  0.2800  0.1500                     5.0-1 234Am
  95 235  235.048717   45.380000  0.3000  0.1800                     2.5 1 235Am
  95 236  236.050258   46.815000  0.3100  0.1700                     5.0 1 236Am
  95 237  237.050703   47.230000  0.3000  0.1700                     2.5 1 237Am
  95 238  238.052773   49.158000  0.2900  0.1900                     6.0-1 238Am
  95 239  239.053770   50.086000  0.3000  0.1800                     2.5 1 239Am
  95 240  240.055910   52.080000  0.2900  0.1300                     3.0 1 240Am
  95 241  241.057231   53.310000  0.2900  0.1200                     2.5 1 241Am
  95 242  242.059665   55.578000  0.3000  0.1400                     5.0 1 242Am
  95 243  243.061529   57.314000  0.2800  0.1200                     2.5 1 243Am
  95 244  244.064636   60.208000  0.2900  0.1100                     1.0 1 244Am
  95 245  245.066326   61.782000  0.2900  0.1000                     2.5 1 245Am
  95 246  246.070034   65.236000  0.2700  0.0900                     2.0-1 246Am
  95 247  247.072081   67.143000  0.2900  0.0800                     2.5 1 247Am
  95 248  248.075306   70.147000  0.2500  0.0600                     2.0 1 248Am
  95 249  249.077806   72.476000  0.2700  0.0400                     2.5 1 249Am
  95 250  250.081706   76.109000  0.2600  0.0400                     1.0 1 250Am
  95 251  251.084213   78.444000  0.2600  0.0400                     2.5 1 251Am
  95 252  252.088738   82.659000  0.2700  0.0400                     1.0 1 252Am
  95 253  253.091570   85.297000  0.2600  0.0300                     2.5 1 253Am
  95 254  254.095735   89.177000  0.2500  0.0200                     3.0-1 254Am
  95 255  255.098861   92.088000  0.2500  0.0100                     1.5-1 255Am
  95 256  256.103326   96.248000  0.2400  0.0100                     3.0-1 256Am
  95 257  257.106906   99.582000  0.2400  0.0000                     1.5-1 257Am
  95 258  258.111555  103.913000  0.2300  0.0000                     5.0 1 258Am
  95 259  259.115168  107.278000  0.2200 -0.0100                     1.5-1 259Am
  95 260  260.120042  111.818000  0.2000 -0.0100                     6.0 1 260Am
  95 261  261.123658  115.187000  0.1900 -0.0200                     1.5-1 261Am
  95 262  262.128720  119.902000  0.1800 -0.0200                     2.0 1 262Am
  95 263  263.132844  123.743000  0.1900 -0.0300                     0.5 1 263Am
  95 264  264.138588  129.094000 -0.1500  0.0400                     6.0-1 264Am
  95 265  265.142543  132.778000 -0.1400  0.0300                     3.5-1 265Am
  95 266  266.147160  137.079000 -0.1400  0.0300                     1.0-1 266Am
  95 267  267.151377  141.007000 -0.1200  0.0300                     3.5-1 267Am
  95 268  268.156446  145.729000 -0.1200  0.0200                     1.0-1 268Am
  95 269  269.160752  149.740000 -0.1300  0.0200                     3.5-1 269Am
  95 270  270.166201  154.815000 -0.1200  0.0100                     1.0-1 270Am
  95 271  271.170594  158.907000 -0.0900  0.0100                     3.5-1 271Am
  95 272  272.176373  164.290000 -0.0900 -0.0100                     1.0-1 272Am
  95 273  273.181039  168.637000 -0.1000  0.0000                     3.5-1 273Am
  95 274  274.186905  174.101000 -0.0800 -0.0100                     4.0-1 274Am
  95 275  275.191924  178.776000  0.0400 -0.0200                     3.5-1 275Am
  95 276  276.197716  184.171000  0.0400 -0.0100                     2.0-1 276Am
  95 277  277.202935  189.033000  0.0300  0.0000                     3.5-1 277Am
  95 278  278.209401  195.056000  0.0000  0.0000                     2.0-1 278Am
  95 279  279.214492  199.798000  0.0000  0.0000                     3.5-1 279Am
  95 280  280.222959  207.685000  0.0000  0.0000                     2.0 1 280Am
  95 281  281.228132  212.504000  0.0000  0.0000                     3.5-1 281Am
  95 282  282.236225  220.042000  0.0000  0.0000                     2.0 1 282Am
  95 283  283.242188  225.597000  0.0000  0.0000                     3.5-1 283Am
  95 284  284.250040  232.911000  0.0000  0.0000                     2.0 1 284Am
  95 285  285.256354  238.792000  0.0500  0.0100                     3.5-1 285Am
  95 286  286.264239  246.137000  0.0000  0.0000                     2.0 1 286Am
  95 287  287.270115  251.611000  0.1100  0.0800                     3.5-1 287Am
  95 288  288.277068  258.087000  0.1700  0.1000                     1.0-1 288Am
  95 289  289.283767  264.327000  0.1900  0.1200                     1.5 1 289Am
  95 290  290.290368  270.476000  0.2300  0.1400                     2.0-1 290Am
  95 291  291.297294  276.928000  0.2100  0.1300                     3.5-1 291Am
  95 292  292.303484  282.694000  0.2100  0.1300                     0.0-1 292Am
  95 293  293.310908  289.609000  0.2000  0.1300                     2.5 1 293Am
  95 294  294.317602  295.844000  0.2500  0.1500                     1.0 1 294Am
  95 295  295.324901  302.643000  0.2300  0.1400                     3.5-1 295Am
  95 296  296.332094  309.344000  0.2300  0.1400                     3.0 1 296Am
  95 297  297.339180  315.944000  0.2500  0.1500                     2.5 1 297Am
  95 298  298.346219  322.501000  0.2400  0.1300                     1.0 1 298Am
  95 299  299.353691  329.461000  0.2400  0.1400                     2.5 1 299Am
  95 300  300.361104  336.366000  0.2400  0.1300                     0.0-1 300Am
  95 301  301.368552  343.304000  0.2400  0.1300                     2.5 1 301Am
  95 302  302.376165  350.396000  0.2400  0.1300                     1.0-1 302Am
  95 303  303.383547  357.272000  0.2400  0.1300                     2.5 1 303Am
  95 304  304.391461  364.644000  0.2500  0.1300                     2.0 1 304Am
  95 305  305.399070  371.731000  0.2500  0.1200                     2.5 1 305Am
  95 306  306.407093  379.205000  0.2500  0.1200                     2.0-1 306Am
  95 307  307.414898  386.475000  0.2500  0.1200                     2.5 1 307Am
  95 308  308.423098  394.113000  0.2500  0.0900                     1.0-1 308Am
  95 309  309.431109  401.576000  0.2500  0.1000                     2.5 1 309Am
  95 310  310.439605  409.490000  0.2300  0.0700                     1.0-1 310Am
  95 311  311.447704  417.034000  0.2400  0.0500                     2.5 1 311Am
  95 312  312.456160  424.910000  0.2500  0.0600                     3.0 1 312Am
  95 313  313.464593  432.766000  0.2500  0.0500                     2.5 1 313Am
  95 314  314.473174  440.759000  0.2500  0.0400                     2.0-1 314Am
  95 315  315.481843  448.834000  0.2400  0.0400                     2.5 1 315Am
  95 316  316.490331  456.741000  0.2400  0.0300                     1.0 1 316Am
  95 317  317.498997  464.813000  0.2400  0.0300                     3.5-1 317Am
  95 318  318.507533  472.764000  0.2400  0.0300                     2.0 1 318Am
  95 319  319.516750  481.350000  0.2400  0.0200                     3.5-1 319Am
  95 320  320.525328  489.340000  0.2400  0.0200                     3.0-1 320Am
  95 321  321.534369  497.762000  0.2300  0.0100                     3.5-1 321Am
  95 322  322.543578  506.340000  0.2300  0.0000                     1.0-1 322Am
  95 323  323.552613  514.756000  0.2100 -0.0100                     1.5 1 323Am
  95 324  324.561205  522.759000  0.2100 -0.0100                     2.0-1 324Am
