  97 208  208.104675   97.504000  0.0000-10.0000                     0.0 1 208Bk
  97 209  209.100001   93.150000  0.0000-10.0000                     0.5 1 209Bk
  97 210  210.097058   90.409000  0.0000-10.0000                     0.0 1 210Bk
  97 216  216.078836   73.435000  0.1700  0.0000                     1.0 1 216Bk
  97 217  217.075306   70.147000 -0.1500  0.0100                     0.5 1 217Bk
  97 218  218.073308   68.286000 -0.1400  0.0000                     1.0 1 218Bk
  97 219  219.069994   65.199000 -0.1200  0.0100                     0.5 1 219Bk
  97 220  220.068645   63.942000 -0.1100  0.0000                     1.0 1 220Bk
  97 221  221.066083   61.556000  0.0500 -0.0100                     0.5 1 221Bk
  97 222  222.064835   60.393000  0.0300 -0.0100                     1.0 1 222Bk
  97 223  223.062952   58.639000  0.0000  0.0000                     0.5 1 223Bk
  97 224  224.063441   59.095000  0.0400  0.0000                     1.0 1 224Bk
  97 225  225.061168   56.978000  0.0400 -0.0100                     0.5 1 225Bk
  97 226  226.061482   57.270000 -0.0700  0.0100                     1.0 1 226Bk
  97 227  227.060127   56.008000  0.1200  0.0500                     0.5 1 227Bk
  97 228  228.059584   55.502000  0.2700  0.1200                     1.0 1 228Bk
  97 229  229.058575   54.562000  0.2500  0.1300                     0.5 1 229Bk
  97 230  230.058183   54.197000  0.2900  0.1100                     1.0 1 230Bk
  97 231  231.057078   53.168000  0.2900  0.1600                     0.5 1 231Bk
  97 232  232.057270   53.347000  0.2600  0.1400                     1.0 1 232Bk
  97 233  233.056954   53.052000  0.2700  0.1600                     0.5 1 233Bk
  97 234  234.057381   53.450000  0.2800  0.1600                     1.0 1 234Bk
  97 235  235.056854   52.959000  0.2700  0.1400                     1.5-1 235Bk
  97 236  236.057483   53.545000  0.2800  0.1500                     4.0 1 236Bk
  97 237  237.057613   53.666000  0.2800  0.1600                     1.5-1 237Bk
  97 238  238.058445   54.441000  0.2800  0.1300                     2.0 1 238Bk
  97 239  239.058494   54.487000  0.2800  0.1600                     1.5-1 239Bk
  97 240  240.059986   55.877000  0.2800  0.1400                     5.0 1 240Bk
  97 241  241.060534   56.387000  0.3000  0.1600                     1.5-1 241Bk
  97 242  242.062217   57.955000  0.2700  0.1200                     2.0-1 242Bk
  97 243  243.063109   58.786000  0.2700  0.1200                     1.5-1 243Bk
  97 244  244.065117   60.656000  0.2700  0.1100                     4.0-1 244Bk
  97 245  245.066460   61.907000  0.3000  0.1200                     1.5-1 245Bk
  97 246  246.068827   64.112000  0.2800  0.0900                     2.0-1 246Bk
  97 247  247.070561   65.727000  0.2900  0.1000                     1.5-1 247Bk
  97 248  248.073539   68.501000  0.2900  0.1000                     3.0 1 248Bk
  97 249  249.075183   70.033000  0.2800  0.0800                     1.5-1 249Bk
  97 250  250.078357   72.989000  0.2800  0.0600                     1.0-1 250Bk
  97 251  251.080606   75.084000  0.2900  0.0700                     1.5-1 251Bk
  97 252  252.083951   78.200000  0.2800  0.0600                     2.0-1 252Bk
  97 253  253.086489   80.564000  0.2700  0.0600                     1.5-1 253Bk
  97 254  254.090004   83.838000  0.2700  0.0400                     0.0-1 254Bk
  97 255  255.092750   86.396000  0.2900  0.0300                     0.5 1 255Bk
  97 256  256.096626   90.007000  0.2600  0.0200                     1.0 1 256Bk
  97 257  257.099499   92.683000  0.2500  0.0100                     0.5 1 257Bk
  97 258  258.103483   96.394000  0.2600  0.0100                     1.0 1 258Bk
  97 259  259.106840   99.521000  0.2400 -0.0200                     0.5 1 259Bk
  97 260  260.111187  103.570000  0.2300 -0.0200                     1.0 1 260Bk
  97 261  261.114337  106.504000  0.2300 -0.0400                     0.5 1 261Bk
  97 262  262.118821  110.681000  0.2200 -0.0200                     1.0 1 262Bk
  97 263  263.122182  113.812000  0.2100 -0.0400                     0.5 1 263Bk
  97 264  264.126856  118.166000  0.2000 -0.0400                     1.0 1 264Bk
  97 265  265.130949  121.978000  0.1800 -0.0300                     0.5 1 265Bk
  97 266  266.135542  126.257000  0.1800 -0.0100                     1.0 1 266Bk
  97 267  267.139688  130.119000  0.1600 -0.0300                     0.5 1 267Bk
  97 268  268.144584  134.679000 -0.1400  0.0300                     1.0 1 268Bk
  97 269  269.148329  138.168000 -0.1400  0.0300                     0.5 1 269Bk
  97 270  270.153329  142.825000 -0.1500  0.0200                     1.0 1 270Bk
  97 271  271.157293  146.518000 -0.1300  0.0200                     0.5 1 271Bk
  97 272  272.162360  151.237000 -0.1200  0.0000                     1.0 1 272Bk
  97 273  273.166399  155.000000 -0.1000  0.0100                     0.5 1 273Bk
  97 274  274.171850  160.077000 -0.1200 -0.0100                     1.0 1 274Bk
  97 275  275.176200  164.129000 -0.0800 -0.0200                     0.5 1 275Bk
  97 276  276.181763  169.311000 -0.0800 -0.0100                     1.0 1 276Bk
  97 277  277.186825  174.026000 -0.0500  0.0000                     0.5 1 277Bk
  97 278  278.192202  179.035000 -0.0300 -0.0100                     1.0 1 278Bk
  97 279  279.197220  183.709000 -0.0400  0.0000                     0.5 1 279Bk
  97 280  280.203409  189.474000  0.0000  0.0000                     1.0 1 280Bk
  97 281  281.208223  193.959000  0.0000  0.0000                     0.5 1 281Bk
  97 282  282.216396  201.572000  0.0000  0.0000                     1.0 1 282Bk
  97 283  283.221190  206.037000  0.0000  0.0000                     0.5 1 283Bk
  97 284  284.228749  213.078000  0.0000  0.0000                     1.0 1 284Bk
  97 285  285.234301  218.250000  0.0000  0.0000                     0.5 1 285Bk
  97 286  286.241758  225.196000 -0.0300  0.0000                     1.0 1 286Bk
  97 287  287.247967  230.980000 -0.0400  0.0100                     0.5 1 287Bk
  97 288  288.254083  236.677000  0.0300 -0.0100                     1.0 1 288Bk
  97 289  289.260478  242.634000 -0.0500  0.0100                     0.5 1 289Bk
  97 290  290.266450  248.197000  0.2800  0.1500                     1.0 1 290Bk
  97 291  291.272838  254.147000  0.2500  0.1400                     0.5 1 291Bk
  97 292  292.278990  259.878000  0.2300  0.1300                     1.0 1 292Bk
  97 293  293.285606  266.040000  0.2500  0.1400                     0.5 1 293Bk
  97 294  294.291529  271.558000  0.2500  0.1500                     1.0 1 294Bk
  97 295  295.298762  278.295000  0.2400  0.1500                     0.5 1 295Bk
  97 296  296.304812  283.931000  0.2600  0.1500                     1.0 1 296Bk
  97 297  297.312061  290.683000  0.2500  0.1400                     0.5 1 297Bk
  97 298  298.318808  296.968000  0.2600  0.1400                     1.0 1 298Bk
  97 299  299.325799  303.480000  0.2500  0.1300                     0.5 1 299Bk
  97 300  300.332237  309.477000  0.2500  0.1200                     1.0 1 300Bk
  97 301  301.339536  316.276000  0.2600  0.1400                     0.5 1 301Bk
  97 302  302.346513  322.775000  0.2600  0.1200                     1.0 1 302Bk
  97 303  303.353849  329.608000  0.2400  0.1300                     0.5 1 303Bk
  97 304  304.361106  336.368000  0.2600  0.1000                     1.0 1 304Bk
  97 305  305.368231  343.005000  0.2600  0.1200                     0.5 1 305Bk
  97 306  306.376116  350.350000  0.2600  0.1300                     1.0 1 306Bk
  97 307  307.383211  356.959000  0.2400  0.1200                     0.5 1 307Bk
  97 308  308.390935  364.154000  0.2500  0.1100                     1.0 1 308Bk
  97 309  309.398448  371.152000  0.2500  0.0800                     0.5 1 309Bk
  97 310  310.406270  378.438000  0.2500  0.0800                     1.0 1 310Bk
  97 311  311.414180  385.806000  0.2500  0.0800                     0.5 1 311Bk
  97 312  312.422137  393.218000  0.2500  0.0700                     1.0 1 312Bk
  97 313  313.429891  400.441000  0.2500  0.0700                     0.5 1 313Bk
  97 314  314.438120  408.106000  0.2600  0.0700                     1.0 1 314Bk
  97 315  315.446417  415.835000  0.2500  0.0600                     0.5 1 315Bk
  97 316  316.455085  423.909000  0.2600  0.0700                     1.0 1 316Bk
  97 317  317.462913  431.201000  0.2500  0.0400                     0.5 1 317Bk
  97 318  318.471433  439.137000  0.2400  0.0600                     1.0 1 318Bk
  97 319  319.479892  447.017000  0.2500  0.0500                     0.5 1 319Bk
  97 320  320.488136  454.696000  0.2500  0.0400                     1.0 1 320Bk
  97 321  321.496985  462.939000  0.2400  0.0200                     0.5 1 321Bk
  97 322  322.505841  471.188000  0.2400  0.0200                     1.0 1 322Bk
  97 323  323.514656  479.399000  0.2300  0.0200                     0.5 1 323Bk
  97 324  324.523320  487.470000  0.2200  0.0000                     1.0 1 324Bk
  97 325  325.532185  495.727000  0.2400  0.0100                     0.5 1 325Bk
  97 326  326.540908  503.853000  0.2200 -0.0100                     1.0 1 326Bk
  97 327  327.550117  512.431000  0.2200 -0.0200                     0.5 1 327Bk
  97 328  328.559228  520.918000  0.2000 -0.0200                     1.0 1 328Bk
