  98 210  210.110565  102.991000  0.0000-10.0000                     0.0 1 210Cf
  98 218  218.085004   79.181000  0.1700  0.0000                     0.0 1 218Cf
  98 219  219.082965   77.281000 -0.1500  0.0100                     0.5 1 219Cf
  98 220  220.078820   73.420000 -0.1200  0.0100                     0.0 1 220Cf
  98 221  221.077362   72.062000 -0.1100  0.0000                     0.5 1 221Cf
  98 222  222.074155   69.075000  0.0700 -0.0100                     0.0 1 222Cf
  98 223  223.072723   67.741000  0.0400  0.0000                     0.5 1 223Cf
  98 224  224.071015   66.150000  0.0000  0.0000                     0.0 1 224Cf
  98 225  225.071089   66.219000  0.0400  0.0000                     0.5 1 225Cf
  98 226  226.068288   63.610000  0.0500  0.0000                     0.0 1 226Cf
  98 227  227.068196   63.524000  0.2300  0.0600                     0.5 1 227Cf
  98 228  228.066846   62.267000  0.2100  0.0800                     0.0 1 228Cf
  98 229  229.066017   61.494000  0.2600  0.0800                     0.5 1 229Cf
  98 230  230.064709   60.276000  0.2800  0.1200                     0.0 1 230Cf
  98 231  231.064066   59.677000  0.2800  0.0900                     0.5 1 231Cf
  98 232  232.063234   58.902000  0.2800  0.1100                     0.0 1 232Cf
  98 233  233.062844   58.539000  0.2800  0.1800                     0.5 1 233Cf
  98 234  234.062139   57.882000  0.2700  0.1100                     0.0 1 234Cf
  98 235  235.062141   57.884000  0.2700  0.1200                     0.5 1 235Cf
  98 236  236.061531   57.316000  0.2900  0.1400                     0.0 1 236Cf
  98 237  237.062171   57.912000  0.2800  0.1400                     2.5-1 237Cf
  98 238  238.061926   57.684000  0.2800  0.1400                     0.0 1 238Cf
  98 239  239.062629   58.339000  0.2900  0.1400                     0.5-1 239Cf
  98 240  240.062793   58.491000  0.2700  0.1300                     0.0 1 240Cf
  98 241  241.063902   59.524000  0.2800  0.1500                     3.5-1 241Cf
  98 242  242.064237   59.836000  0.2900  0.1400                     0.0 1 242Cf
  98 243  243.065405   60.924000  0.2800  0.1100                     0.5 1 243Cf
  98 244  244.066164   61.631000  0.2900  0.1300                     0.0 1 244Cf
  98 245  245.068377   63.693000  0.2900  0.1100                     2.5 1 245Cf
  98 246  246.069237   64.494000  0.3100  0.1100                     0.0 1 246Cf
  98 247  247.071499   66.601000  0.2800  0.0800                     3.5 1 247Cf
  98 248  248.072630   67.654000  0.2800  0.0900                     0.0 1 248Cf
  98 249  249.075350   70.188000  0.2900  0.0700                     4.5-1 249Cf
  98 250  250.076844   71.580000  0.2800  0.0600                     0.0 1 250Cf
  98 251  251.079697   74.237000  0.2900  0.0700                     0.5 1 251Cf
  98 252  252.081554   75.967000  0.2800  0.0500                     0.0 1 252Cf
  98 253  253.084807   78.997000  0.2700  0.0400                     3.5 1 253Cf
  98 254  254.087159   81.188000  0.2800  0.0400                     0.0 1 254Cf
  98 255  255.090604   84.397000  0.2800  0.0400                     3.5 1 255Cf
  98 256  256.093121   86.742000  0.2600  0.0400                     0.0 1 256Cf
  98 257  257.096763   90.134000  0.2700  0.0300                     0.5 1 257Cf
  98 258  258.099291   92.489000  0.2600  0.0100                     0.0 1 258Cf
  98 259  259.103402   96.318000  0.2600  0.0100                     0.5 1 259Cf
  98 260  260.106317   99.034000  0.2600  0.0000                     0.0 1 260Cf
  98 261  261.110507  102.937000  0.2400  0.0000                     0.5 1 261Cf
  98 262  262.113693  105.904000  0.2400 -0.0200                     0.0 1 262Cf
  98 263  263.117966  109.885000  0.2300 -0.0300                     0.5 1 263Cf
  98 264  264.121504  113.180000  0.2200 -0.0300                     0.0 1 264Cf
  98 265  265.125753  117.138000  0.2100 -0.0200                     0.5 1 265Cf
  98 266  266.129647  120.765000  0.2100 -0.0300                     0.0 1 266Cf
  98 267  267.134324  125.122000  0.1800 -0.0300                     0.5 1 267Cf
  98 268  268.138470  128.984000 -0.1600  0.0300                     0.0 1 268Cf
  98 269  269.142700  132.924000 -0.1400  0.0300                     0.5 1 269Cf
  98 270  270.146522  136.484000 -0.1500  0.0300                     0.0 1 270Cf
  98 271  271.151139  140.785000 -0.1400  0.0200                     0.5 1 271Cf
  98 272  272.154908  144.296000 -0.1300  0.0200                     0.0 1 272Cf
  98 273  273.159770  148.825000 -0.1300  0.0100                     0.5 1 273Cf
  98 274  274.163747  152.529000 -0.1300  0.0200                     0.0 1 274Cf
  98 275  275.169153  157.565000 -0.1200 -0.0100                     0.5 1 275Cf
  98 276  276.173608  161.715000 -0.0900  0.0000                     0.0 1 276Cf
  98 277  277.178994  166.732000 -0.1000  0.0000                     0.5 1 277Cf
  98 278  278.183614  171.035000 -0.0700 -0.0200                     0.0 1 278Cf
  98 279  279.189372  176.399000 -0.0500  0.0000                     0.5 1 279Cf
  98 280  280.194464  181.142000  0.0000  0.0000                     0.0 1 280Cf
  98 281  281.200317  186.594000  0.0000  0.0000                     0.5 1 281Cf
  98 282  282.205007  190.963000  0.0000  0.0000                     0.0 1 282Cf
  98 283  283.212435  197.882000 -0.0700  0.0000                     0.5 1 283Cf
  98 284  284.216804  201.952000  0.0300 -0.0100                     0.0 1 284Cf
  98 285  285.224451  209.075000  0.0000  0.0000                     0.5 1 285Cf
  98 286  286.229764  214.024000  0.0500  0.0100                     0.0 1 286Cf
  98 287  287.237048  220.809000 -0.0900  0.0200                     0.5 1 287Cf
  98 288  288.243041  226.391000  0.0400  0.0000                     0.0 1 288Cf
  98 289  289.248932  231.879000 -0.0500  0.0100                     0.5 1 289Cf
  98 290  290.255072  237.598000  0.2700  0.1300                     0.0 1 290Cf
  98 291  291.260878  243.006000  0.2800  0.1400                     0.5 1 291Cf
  98 292  292.267229  248.922000  0.2500  0.1300                     0.0 1 292Cf
  98 293  293.273277  254.556000  0.2300  0.1200                     0.5 1 293Cf
  98 294  294.279611  260.456000  0.2600  0.1400                     0.0 1 294Cf
  98 295  295.285406  265.854000  0.2500  0.1300                     0.5 1 295Cf
  98 296  296.292352  272.324000  0.2600  0.1300                     0.0 1 296Cf
  98 297  297.298436  277.991000  0.2600  0.1300                     0.5 1 297Cf
  98 298  298.305584  284.650000  0.2500  0.1400                     0.0 1 298Cf
  98 299  299.311711  290.357000  0.2700  0.1200                     0.5 1 299Cf
  98 300  300.318776  296.938000  0.2500  0.1400                     0.0 1 300Cf
  98 301  301.325347  303.059000  0.2600  0.1300                     0.5 1 301Cf
  98 302  302.332273  309.510000  0.2500  0.1300                     0.0 1 302Cf
  98 303  303.339076  315.847000  0.2600  0.1200                     0.5 1 303Cf
  98 304  304.346189  322.473000  0.2500  0.1100                     0.0 1 304Cf
  98 305  305.353462  329.248000  0.2800  0.1200                     0.5 1 305Cf
  98 306  306.360544  335.845000  0.2400  0.1200                     0.0 1 306Cf
  98 307  307.367833  342.634000  0.2700  0.1200                     0.5 1 307Cf
  98 308  308.375105  349.408000  0.2500  0.1100                     0.0 1 308Cf
  98 309  309.382670  356.455000  0.2500  0.1000                     0.5 1 309Cf
  98 310  310.390088  363.365000  0.2400  0.1100                     0.0 1 310Cf
  98 311  311.397873  370.616000  0.2500  0.1000                     0.5 1 311Cf
  98 312  312.405482  377.704000  0.2600  0.0700                     0.0 1 312Cf
  98 313  313.413128  384.826000  0.2500  0.0600                     0.5 1 313Cf
  98 314  314.421033  392.190000  0.2600  0.0700                     0.0 1 314Cf
  98 315  315.429035  399.644000  0.2500  0.0600                     0.5 1 315Cf
  98 316  316.436915  406.984000  0.2500  0.0600                     0.0 1 316Cf
  98 317  317.444924  414.444000  0.2500  0.0600                     0.5 1 317Cf
  98 318  318.453217  422.169000  0.2500  0.0400                     0.0 1 318Cf
  98 319  319.461782  430.147000  0.2400  0.0300                     0.5 1 319Cf
  98 320  320.469800  437.616000  0.2500  0.0200                     0.0 1 320Cf
  98 321  321.478145  445.389000  0.2500  0.0200                     0.5 1 321Cf
  98 322  322.486730  453.386000  0.2400  0.0200                     0.0 1 322Cf
  98 323  323.495137  461.217000  0.2500  0.0200                     0.5 1 323Cf
  98 324  324.503942  469.419000  0.2400  0.0100                     0.0 1 324Cf
  98 325  325.512498  477.389000  0.2400  0.0100                     0.5 1 325Cf
  98 326  326.521257  485.548000  0.2300 -0.0100                     0.0 1 326Cf
  98 327  327.530017  493.708000  0.2300 -0.0100                     0.5 1 327Cf
  98 328  328.539199  502.261000  0.2200 -0.0200                     0.0 1 328Cf
  98 329  329.548077  510.531000  0.2100 -0.0100                     0.5 1 329Cf
  98 330  330.557178  519.008000  0.2200 -0.0300                     0.0 1 330Cf
