  99 220  220.094201   87.748000  0.1100 -0.0300                     1.0 1 220Es
  99 221  221.090439   84.243000 -0.1400  0.0100                     0.5 1 221Es
  99 222  222.087613   81.611000 -0.1200  0.0100                     1.0 1 222Es
  99 223  223.084340   78.562000  0.0600  0.0000                     0.5 1 223Es
  99 224  224.082650   76.988000  0.0400  0.0000                     1.0 1 224Es
  99 225  225.080390   74.883000  0.0000  0.0000                     0.5 1 225Es
  99 226  226.080182   74.689000 -0.1000  0.0200                     1.0 1 226Es
  99 227  227.077691   72.369000  0.0400  0.0100                     0.5 1 227Es
  99 228  228.077205   71.916000  0.2400  0.0800                     1.0 1 228Es
  99 229  229.075625   70.444000  0.2400  0.0800                     0.5 1 229Es
  99 230  230.074380   69.285000  0.2300  0.0800                     1.0 1 230Es
  99 231  231.073065   68.060000  0.2400  0.1000                     0.5 1 231Es
  99 232  232.072391   67.432000  0.2800  0.0900                     1.0 1 232Es
  99 233  233.070896   66.039000  0.2300  0.0900                     0.5 1 233Es
  99 234  234.070558   65.724000  0.2700  0.1000                     1.0 1 234Es
  99 235  235.069757   64.978000  0.2900  0.1000                     0.5 1 235Es
  99 236  236.069722   64.946000  0.3000  0.1000                     1.0 1 236Es
  99 237  237.069116   64.381000  0.2500  0.1100                     0.5 1 237Es
  99 238  238.069092   64.359000  0.2900  0.1300                     1.0 1 238Es
  99 239  239.068563   63.866000  0.2600  0.1100                     3.5-1 239Es
  99 240  240.069003   64.276000  0.3000  0.1300                     4.0-1 240Es
  99 241  241.069078   64.346000  0.2800  0.1100                     3.5 1 241Es
  99 242  242.069900   65.111000  0.3100  0.1200                     7.0-1 242Es
  99 243  243.070002   65.206000  0.2900  0.1200                     3.5 1 243Es
  99 244  244.071398   66.507000  0.2900  0.1300                     4.0 1 244Es
  99 245  245.071420   66.527000  0.2800  0.1000                     3.5 1 245Es
  99 246  246.073329   68.306000  0.2900  0.1100                     6.0 1 246Es
  99 247  247.074122   69.044000  0.2700  0.1000                     3.5 1 247Es
  99 248  248.075958   70.754000  0.2700  0.0800                     1.0 1 248Es
  99 249  249.076887   71.620000  0.2700  0.0900                     3.5-1 249Es
  99 250  250.079332   73.897000  0.3100  0.0800                     1.0-1 250Es
  99 251  251.080433   74.923000  0.2700  0.0700                     3.5-1 251Es
  99 252  252.083317   77.609000  0.2700  0.0400                     3.0 1 252Es
  99 253  253.085158   79.324000  0.2600  0.0600                     3.5-1 253Es
  99 254  254.088032   82.001000  0.2700  0.0400                     1.0 1 254Es
  99 255  255.090011   83.845000  0.2600  0.0300                     3.5-1 255Es
  99 256  256.093227   86.840000  0.2500  0.0300                     2.0-1 256Es
  99 257  257.095548   89.002000  0.2600  0.0100                     3.5-1 257Es
  99 258  258.098898   92.123000  0.2500  0.0200                     1.0-1 258Es
  99 259  259.101612   94.651000  0.2500 -0.0100                     0.5 1 259Es
  99 260  260.105037   97.841000  0.2600  0.0000                     1.0 1 260Es
  99 261  261.107950  100.555000  0.2500  0.0000                     0.5 1 261Es
  99 262  262.112062  104.385000  0.2500 -0.0100                     1.0 1 262Es
  99 263  263.115077  107.194000  0.2400 -0.0300                     0.5 1 263Es
  99 264  264.119167  111.003000  0.2300 -0.0100                     1.0 1 264Es
  99 265  265.122551  114.156000  0.2300 -0.0200                     0.5 1 265Es
  99 266  266.126918  118.223000  0.2200 -0.0300                     1.0 1 266Es
  99 267  267.130352  121.422000  0.2000 -0.0400                     0.5 1 267Es
  99 268  268.134820  125.584000  0.1800 -0.0300                     1.0 1 268Es
  99 269  269.138605  129.110000  0.1700 -0.0400                     0.5 1 269Es
  99 270  270.142875  133.087000 -0.1400  0.0300                     1.0 1 270Es
  99 271  271.146476  136.442000 -0.1500  0.0300                     0.5 1 271Es
  99 272  272.151131  140.778000 -0.1400  0.0200                     1.0 1 272Es
  99 273  273.154563  143.975000 -0.1300  0.0100                     0.5 1 273Es
  99 274  274.159534  148.605000 -0.1400  0.0200                     1.0 1 274Es
  99 275  275.163281  152.095000 -0.1100  0.0000                     0.5 1 275Es
  99 276  276.168735  157.176000 -0.1100  0.0000                     1.0 1 276Es
  99 277  277.172746  160.912000 -0.1000 -0.0100                     0.5 1 277Es
  99 278  278.178015  165.820000 -0.0800 -0.0200                     1.0 1 278Es
  99 279  279.182371  169.878000 -0.0700 -0.0100                     0.5 1 279Es
  99 280  280.187987  175.109000 -0.0700  0.0000                     1.0 1 280Es
  99 281  281.192910  179.695000  0.0300  0.0000                     0.5 1 281Es
  99 282  282.198737  185.122000  0.0000  0.0000                     1.0 1 282Es
  99 283  283.203280  189.354000  0.0000  0.0000                     0.5 1 283Es
  99 284  284.211112  196.650000  0.0000  0.0000                     1.0 1 284Es
  99 285  285.215184  200.443000  0.0200  0.0000                     0.5 1 285Es
  99 286  286.222351  207.119000  0.0000  0.0000                     1.0 1 286Es
  99 287  287.227444  211.863000  0.0000  0.0000                     0.5 1 287Es
  99 288  288.233991  217.961000  0.0600  0.0100                     1.0 1 288Es
  99 289  289.239744  223.320000 -0.0800  0.0200                     0.5 1 289Es
  99 290  290.245620  228.794000 -0.1700  0.0400                     1.0 1 290Es
  99 291  291.251261  234.048000  0.3100  0.1300                     0.5 1 291Es
  99 292  292.257119  239.505000  0.2800  0.1400                     1.0 1 292Es
  99 293  293.263186  245.156000  0.2700  0.1300                     0.5 1 293Es
  99 294  294.269210  250.768000  0.2800  0.1100                     1.0 1 294Es
  99 295  295.275216  256.362000  0.2700  0.1300                     0.5 1 295Es
  99 296  296.281177  261.915000  0.2900  0.1300                     1.0 1 296Es
  99 297  297.287850  268.131000  0.2700  0.1300                     0.5 1 297Es
  99 298  298.293944  273.807000  0.2700  0.1300                     1.0 1 298Es
  99 299  299.300677  280.079000  0.2700  0.1300                     0.5 1 299Es
  99 300  300.306883  285.860000  0.2600  0.1100                     1.0 1 300Es
  99 301  301.313744  292.251000  0.2500  0.1300                     0.5 1 301Es
  99 302  302.319939  298.021000  0.2600  0.1200                     1.0 1 302Es
  99 303  303.326999  304.598000  0.2600  0.1300                     0.5 1 303Es
  99 304  304.333461  310.617000  0.2600  0.1000                     1.0 1 304Es
  99 305  305.340594  317.261000  0.2600  0.1200                     0.5 1 305Es
  99 306  306.347243  323.455000  0.2700  0.0900                     1.0 1 306Es
  99 307  307.354214  329.948000  0.2600  0.1100                     0.5 1 307Es
  99 308  308.361710  336.931000  0.2600  0.1200                     1.0 1 308Es
  99 309  309.368594  343.343000  0.2600  0.0900                     0.5 1 309Es
  99 310  310.375973  350.217000  0.2700  0.0900                     1.0 1 310Es
  99 311  311.383224  356.971000  0.2700  0.0900                     0.5 1 311Es
  99 312  312.390816  364.043000  0.2600  0.0900                     1.0 1 312Es
  99 313  313.398175  370.898000  0.2600  0.0700                     0.5 1 313Es
  99 314  314.405668  377.877000  0.2500  0.0700                     1.0 1 314Es
  99 315  315.413368  385.050000  0.2600  0.0700                     0.5 1 315Es
  99 316  316.421282  392.422000  0.2600  0.0500                     1.0 1 316Es
  99 317  317.429443  400.024000  0.2600  0.0600                     0.5 1 317Es
  99 318  318.437381  407.418000  0.2500  0.0600                     1.0 1 318Es
  99 319  319.445424  414.910000  0.2500  0.0400                     0.5 1 319Es
  99 320  320.453711  422.629000  0.2500  0.0300                     1.0 1 320Es
  99 321  321.461770  430.136000  0.2500  0.0300                     0.5 1 321Es
  99 322  322.470044  437.843000  0.2600  0.0200                     1.0 1 322Es
  99 323  323.478209  445.449000  0.2500  0.0200                     0.5 1 323Es
  99 324  324.486502  453.174000  0.2500  0.0200                     1.0 1 324Es
  99 325  325.495425  461.486000  0.2300  0.0000                     0.5 1 325Es
  99 326  326.503701  469.195000  0.2400  0.0100                     1.0 1 326Es
  99 327  327.512494  477.385000  0.2400  0.0100                     0.5 1 327Es
  99 328  328.521140  485.439000  0.2400  0.0100                     1.0 1 328Es
  99 329  329.529955  493.650000  0.2300  0.0000                     0.5 1 329Es
  99 330  330.538745  501.838000  0.2100 -0.0200                     1.0 1 330Es
  99 331  331.547647  510.130000  0.2200 -0.0200                     0.5 1 331Es
  99 332  332.556605  518.474000  0.2300 -0.0200                     1.0 1 332Es
