 100 222  222.100545   93.657000  0.1200 -0.0200                     0.0 1 222Fm
 100 223  223.098433   91.690000  0.1100 -0.0200                     1.5-1 223Fm
 100 224  224.093342   86.948000  0.0700 -0.0100                     0.0 1 224Fm
 100 225  225.091403   85.141000  0.0400 -0.0100                     0.5-1 225Fm
 100 226  226.089082   82.979000  0.0000  0.0000                     0.0 1 226Fm
 100 227  227.088635   82.563000 -0.0800  0.0100                     5.5 1 227Fm
 100 228  228.085626   79.760000  0.0600  0.0000                     0.0 1 228Fm
 100 229  229.085239   79.400000  0.2600  0.1000                     1.5-1 229Fm
 100 230  230.083996   78.242000  0.1000  0.0100                     0.0 1 230Fm
 100 231  231.081886   76.276000  0.2800  0.1200                     1.5-1 231Fm
 100 232  232.080446   74.935000  0.3100  0.1300                     0.0 1 232Fm
 100 233  233.079751   74.288000  0.2800  0.0700                     2.5-1 233Fm
 100 234  234.078050   72.703000  0.3200  0.1100                     0.0 1 234Fm
 100 235  235.077192   71.904000  0.3000  0.1200                     2.5-1 235Fm
 100 236  236.076387   71.154000  0.2700  0.0800                     0.0 1 236Fm
 100 237  237.075858   70.661000  0.2600  0.1000                     1.5-1 237Fm
 100 238  238.074778   69.655000  0.2900  0.1000                     0.0 1 238Fm
 100 239  239.074916   69.784000  0.2600  0.0800                     2.5-1 239Fm
 100 240  240.074039   68.967000  0.2800  0.1100                     0.0 1 240Fm
 100 241  241.074411   69.313000  0.2800  0.1000                     0.5-1 241Fm
 100 242  242.074168   69.087000  0.3000  0.0900                     0.0 1 242Fm
 100 243  243.074704   69.586000  0.3100  0.1100                     3.5-1 243Fm
 100 244  244.074571   69.462000  0.2900  0.1000                     0.0 1 244Fm
 100 245  245.075234   70.080000  0.2900  0.0900                     0.5 1 245Fm
 100 246  246.075556   70.380000  0.3000  0.1000                     0.0 1 246Fm
 100 247  247.077151   71.866000  0.2900  0.1100                     2.5 1 247Fm
 100 248  248.077521   72.210000  0.3000  0.1100                     0.0 1 248Fm
 100 249  249.079151   73.729000  0.2900  0.0900                     3.5 1 249Fm
 100 250  250.079871   74.399000  0.3000  0.0700                     0.0 1 250Fm
 100 251  251.082316   76.677000  0.3000  0.0700                     4.5-1 251Fm
 100 252  252.083078   77.387000  0.2800  0.0500                     0.0 1 252Fm
 100 253  253.085585   79.722000  0.2900  0.0500                     0.5 1 253Fm
 100 254  254.086870   80.919000  0.2800  0.0300                     0.0 1 254Fm
 100 255  255.089717   83.571000  0.2800  0.0200                     1.5 1 255Fm
 100 256  256.091477   85.210000  0.2800  0.0200                     0.0 1 256Fm
 100 257  257.094410   87.942000  0.2700  0.0100                     5.5-1 257Fm
 100 258  258.096529   89.916000  0.2600  0.0200                     0.0 1 258Fm
 100 259  259.099831   92.992000  0.2600  0.0100                     5.5-1 259Fm
 100 260  260.102285   95.278000  0.2600  0.0000                     0.0 1 260Fm
 100 261  261.105877   98.624000  0.2600  0.0000                     4.5 1 261Fm
 100 262  262.108469  101.038000  0.2600 -0.0100                     0.0 1 262Fm
 100 263  263.112206  104.519000  0.2400 -0.0200                     6.5-1 263Fm
 100 264  264.115137  107.249000  0.2500  0.0000                     0.0 1 264Fm
 100 265  265.119081  110.923000  0.2300 -0.0200                     1.5 1 265Fm
 100 266  266.122189  113.818000  0.2300 -0.0300                     0.0 1 266Fm
 100 267  267.126373  117.716000  0.2100 -0.0200                     1.5 1 267Fm
 100 268  268.129780  120.889000  0.2200 -0.0300                     0.0 1 268Fm
 100 269  269.133825  124.657000  0.2100 -0.0400                     2.5 1 269Fm
 100 270  270.137662  128.231000  0.1700 -0.0400                     0.0 1 270Fm
 100 271  271.141954  132.229000 -0.1500  0.0300                     3.5 1 271Fm
 100 272  272.145284  135.331000 -0.1500  0.0300                     0.0 1 272Fm
 100 273  273.149714  139.458000 -0.1400  0.0200                     3.5 1 273Fm
 100 274  274.153231  142.734000 -0.1300  0.0200                     0.0 1 274Fm
 100 275  275.157811  147.000000 -0.1200  0.0100                     3.5 1 275Fm
 100 276  276.161560  150.492000 -0.1300  0.0100                     0.0 1 276Fm
 100 277  277.166390  154.991000 -0.1100  0.0000                     3.5 1 277Fm
 100 278  278.170613  158.925000 -0.0900  0.0000                     0.0 1 278Fm
 100 279  279.175629  163.597000 -0.0800 -0.0200                     0.5 1 279Fm
 100 280  280.180041  167.707000 -0.0800  0.0000                     0.0 1 280Fm
 100 281  281.185411  172.709000 -0.0700 -0.0100                     1.5 1 281Fm
 100 282  282.190028  177.010000  0.0300 -0.0100                     0.0 1 282Fm
 100 283  283.195484  182.092000 -0.0600  0.0000                     1.5 1 283Fm
 100 284  284.200498  186.763000  0.0000  0.0000                     0.0 1 284Fm
 100 285  285.206974  192.795000 -0.0700  0.0100                     5.5-1 285Fm
 100 286  286.211705  197.202000  0.0300  0.0100                     0.0 1 286Fm
 100 287  287.219082  204.074000  0.0400  0.0000                     5.5-1 287Fm
 100 288  288.223806  208.474000  0.0500  0.0100                     0.0 1 288Fm
 100 289  289.230104  214.341000 -0.0900  0.0200                     5.5-1 289Fm
 100 290  290.236345  220.154000  0.0800  0.0100                     0.0 1 290Fm
 100 291  291.240769  224.275000  0.2700  0.1200                     2.5-1 291Fm
 100 292  292.246436  229.554000  0.3000  0.1100                     0.0 1 292Fm
 100 293  293.252319  235.034000  0.2600  0.1000                     3.5 1 293Fm
 100 294  294.258003  240.328000  0.2900  0.1200                     0.0 1 294Fm
 100 295  295.263663  245.601000  0.2800  0.1100                     3.5 1 295Fm
 100 296  296.269918  251.427000  0.2900  0.1200                     0.0 1 296Fm
 100 297  297.275392  256.526000  0.2900  0.1100                     0.5 1 297Fm
 100 298  298.282135  262.807000  0.3000  0.1300                     0.0 1 298Fm
 100 299  299.288052  268.319000  0.2700  0.1100                     0.5-1 299Fm
 100 300  300.294497  274.322000  0.2700  0.1300                     0.0 1 300Fm
 100 301  301.300936  280.320000  0.2600  0.1000                     2.5-1 301Fm
 100 302  302.307567  286.497000  0.2600  0.1300                     0.0 1 302Fm
 100 303  303.313422  291.951000  0.2600  0.1200                     2.5-1 303Fm
 100 304  304.320311  298.368000  0.2600  0.1200                     0.0 1 304Fm
 100 305  305.326455  304.091000  0.2800  0.1100                     3.5-1 305Fm
 100 306  306.333456  310.612000  0.2700  0.1100                     0.0 1 306Fm
 100 307  307.340230  316.922000  0.2800  0.0900                     1.5 1 307Fm
 100 308  308.347112  323.333000  0.2600  0.1000                     0.0 1 308Fm
 100 309  309.353630  329.404000  0.2700  0.0800                     4.5 1 309Fm
 100 310  310.361078  336.342000  0.2500  0.1000                     0.0 1 310Fm
 100 311  311.368221  342.996000  0.2700  0.0900                     0.5-1 311Fm
 100 312  312.375091  349.395000  0.2600  0.0900                     0.0 1 312Fm
 100 313  313.382806  356.582000  0.2600  0.0600                     0.5-1 313Fm
 100 314  314.389726  363.028000  0.2600  0.0700                     0.0 1 314Fm
 100 315  315.397238  370.025000  0.2600  0.0600                     1.5-1 315Fm
 100 316  316.404729  377.003000  0.2600  0.0700                     0.0 1 316Fm
 100 317  317.412618  384.351000  0.2500  0.0500                     5.5 1 317Fm
 100 318  318.419874  391.110000  0.2500  0.0500                     0.0 1 318Fm
 100 319  319.428121  398.792000  0.2600  0.0400                     4.5-1 319Fm
 100 320  320.435857  405.998000  0.2600  0.0300                     0.0 1 320Fm
 100 321  321.444094  413.671000  0.2500  0.0200                     6.5 1 321Fm
 100 322  322.451801  420.850000  0.2500  0.0400                     0.0 1 322Fm
 100 323  323.459876  428.372000  0.2500  0.0200                     1.5-1 323Fm
 100 324  324.468135  436.065000  0.2500  0.0100                     0.0 1 324Fm
 100 325  325.476163  443.543000  0.2500  0.0100                     1.5-1 325Fm
 100 326  326.484557  451.362000  0.2500  0.0100                     0.0 1 326Fm
 100 327  327.492884  459.119000  0.2400  0.0100                     2.5-1 327Fm
 100 328  328.501579  467.218000  0.2500  0.0100                     0.0 1 328Fm
 100 329  329.509943  475.009000  0.2400  0.0000                     0.5-1 329Fm
 100 330  330.518600  483.073000  0.2300 -0.0100                     0.0 1 330Fm
 100 331  331.527449  491.316000  0.2600  0.0100                     0.5-1 331Fm
 100 332  332.536169  499.438000  0.2200 -0.0200                     0.0 1 332Fm
 100 333  333.544859  507.533000  0.2500  0.0100                     7.5 1 333Fm
 100 334  334.553891  515.946000  0.2200 -0.0200                     0.0 1 334Fm
