 101 224  224.109870  102.343000 -0.1100  0.0000                     8.0-1 224Md
 101 225  225.104668   97.498000  0.0700 -0.0100                     6.5 1 225Md
 101 226  226.102955   95.902000  0.0000  0.0000                     6.0-1 226Md
 101 227  227.099521   92.703000  0.0000  0.0000                     6.5 1 227Md
 101 228  228.098436   91.693000 -0.0700  0.0100                     1.0 1 228Md
 101 229  229.095522   88.978000 -0.0500  0.0100                     6.5 1 229Md
 101 230  230.095580   89.032000 -0.0900  0.0200                     1.0 1 230Md
 101 231  231.092654   86.307000  0.3100  0.1100                     0.5-1 231Md
 101 232  232.091470   85.204000  0.2900  0.0700                     2.0-1 232Md
 101 233  233.089447   83.319000  0.3200  0.1000                     0.5-1 233Md
 101 234  234.087952   81.927000  0.3000  0.1100                     1.0-1 234Md
 101 235  235.086596   80.664000  0.2900  0.1100                     0.5-1 235Md
 101 236  236.085583   79.720000  0.3000  0.1100                     6.0-1 236Md
 101 237  237.084250   78.478000  0.2900  0.0900                     3.5-1 237Md
 101 238  238.083619   77.891000  0.3200  0.1300                     1.0 1 238Md
 101 239  239.082486   76.835000  0.2900  0.1200                     3.5-1 239Md
 101 240  240.082471   76.821000  0.3200  0.1100                     2.0 1 240Md
 101 241  241.081453   75.873000  0.3000  0.1100                     3.5-1 241Md
 101 242  242.081335   75.763000  0.2800  0.0900                     1.0 1 242Md
 101 243  243.080813   75.277000  0.3000  0.1100                     3.5-1 243Md
 101 244  244.081182   75.621000  0.3100  0.1100                     1.0 1 244Md
 101 245  245.080782   75.248000  0.2900  0.0900                     3.5-1 245Md
 101 246  246.081516   75.932000  0.2900  0.1100                     0.0-1 246Md
 101 247  247.081559   75.972000  0.3000  0.1000                     3.5-1 247Md
 101 248  248.082905   77.226000  0.2900  0.1000                     1.0-1 248Md
 101 249  249.083045   77.356000  0.2900  0.0800                     3.5-1 249Md
 101 250  250.084536   78.745000  0.3000  0.0700                     3.0-1 250Md
 101 251  251.084726   78.922000  0.2900  0.0800                     3.5-1 251Md
 101 252  252.086943   80.987000  0.2900  0.0700                     1.0 1 252Md
 101 253  253.087665   81.659000  0.2900  0.0600                     3.5-1 253Md
 101 254  254.089955   83.793000  0.2900  0.0500                     3.0-1 254Md
 101 255  255.091103   84.862000  0.2800  0.0300                     3.5-1 255Md
 101 256  256.093644   87.229000  0.2700  0.0400                     1.0-1 256Md
 101 257  257.095091   88.577000  0.2800  0.0100                     3.5-1 257Md
 101 258  258.097895   91.189000  0.2800  0.0300                     5.0 1 258Md
 101 259  259.099747   92.914000  0.2800  0.0200                     3.5-1 259Md
 101 260  260.102679   95.645000  0.2700  0.0100                     1.0-1 260Md
 101 261  261.105218   98.010000  0.2800  0.0200                     3.5-1 261Md
 101 262  262.108447  101.018000  0.2600  0.0000                     1.0 1 262Md
 101 263  263.110852  103.258000  0.2600  0.0000                     3.5 1 263Md
 101 264  264.114804  106.939000  0.2400 -0.0200                     3.0-1 264Md
 101 265  265.117242  109.210000  0.2500 -0.0300                     3.5 1 265Md
 101 266  266.121183  112.881000  0.2300 -0.0300                     2.0 1 266Md
 101 267  267.123912  115.423000  0.2100 -0.0400                     3.5 1 267Md
 101 268  268.128110  119.334000  0.2200 -0.0200                     1.0 1 268Md
 101 269  269.131400  122.398000  0.2100 -0.0200                     3.5 1 269Md
 101 270  270.135336  126.065000  0.2100 -0.0300                     1.0 1 270Md
 101 271  271.138777  129.270000  0.1900 -0.0400                     3.5 1 271Md
 101 272  272.143167  133.359000 -0.1500  0.0300                     3.0 1 272Md
 101 273  273.146325  136.301000 -0.1500  0.0200                     6.5 1 273Md
 101 274  274.150378  140.076000 -0.1400  0.0200                     4.0 1 274Md
 101 275  275.153774  143.240000 -0.1300  0.0200                     6.5 1 275Md
 101 276  276.158090  147.260000 -0.1300  0.0200                     4.0 1 276Md
 101 277  277.161712  150.634000 -0.1300  0.0100                     6.5 1 277Md
 101 278  278.166517  155.110000 -0.1200  0.0000                     4.0 1 278Md
 101 279  279.170442  158.766000 -0.1000 -0.0100                     6.5 1 279Md
 101 280  280.175469  163.448000 -0.0800  0.0000                     7.0 1 280Md
 101 281  281.179573  167.271000 -0.1000 -0.0100                     6.5 1 281Md
 101 282  282.184958  172.287000 -0.0700 -0.0100                     5.0 1 282Md
 101 283  283.189260  176.295000  0.0300 -0.0100                     6.5 1 283Md
 101 284  284.195351  181.968000  0.0000  0.0000                     5.0 1 284Md
 101 285  285.199672  185.993000  0.0000  0.0000                     6.5 1 285Md
 101 286  286.205963  191.853000 -0.0400  0.0100                     1.0-1 286Md
 101 287  287.211125  196.662000  0.0000  0.0000                     6.5 1 287Md
 101 288  288.217590  202.684000  0.0300  0.0000                     1.0-1 288Md
 101 289  289.223056  207.775000  0.0000  0.0000                     6.5 1 289Md
 101 290  290.227486  211.902000  0.3300  0.1000                     1.0-1 290Md
 101 291  291.232821  216.871000  0.3400  0.1200                     3.5-1 291Md
 101 292  292.238329  222.002000  0.3300  0.1000                     4.0-1 292Md
 101 293  293.243960  227.247000  0.3300  0.0900                     3.5-1 293Md
 101 294  294.249462  232.372000  0.3300  0.1100                     3.0 1 294Md
 101 295  295.254991  237.523000  0.3300  0.1100                     3.5-1 295Md
 101 296  296.260813  242.946000  0.3200  0.1200                     1.0 1 296Md
 101 297  297.266728  248.456000  0.3100  0.1000                     3.5 1 297Md
 101 298  298.272057  253.420000  0.3000  0.1100                     1.0 1 298Md
 101 299  299.278494  259.416000  0.3200  0.1200                     3.5 1 299Md
 101 300  300.284045  264.586000  0.3200  0.1300                     3.0-1 300Md
 101 301  301.290628  270.718000  0.2700  0.1200                     3.5 1 301Md
 101 302  302.296513  276.200000  0.3000  0.0800                     1.0-1 302Md
 101 303  303.303249  282.475000  0.2700  0.1200                     3.5 1 303Md
 101 304  304.309423  288.226000  0.2800  0.1100                     3.0 1 304Md
 101 305  305.316017  294.368000  0.3000  0.1000                     3.5 1 305Md
 101 306  306.322076  300.012000  0.2700  0.0900                     1.0-1 306Md
 101 307  307.328889  306.358000  0.2700  0.1200                     3.5 1 307Md
 101 308  308.335138  312.179000  0.2900  0.1100                     1.0 1 308Md
 101 309  309.341736  318.325000  0.2700  0.1000                     3.5 1 309Md
 101 310  310.348991  325.083000  0.2600  0.0700                     2.0 1 310Md
 101 311  311.355594  331.234000  0.2600  0.0800                     3.5 1 311Md
 101 312  312.362654  337.810000  0.2600  0.0900                     1.0-1 312Md
 101 313  313.369664  344.340000  0.2700  0.0700                     3.5 1 313Md
 101 314  314.376936  351.114000  0.2700  0.0600                     3.0-1 314Md
 101 315  315.383762  357.472000  0.2600  0.0600                     3.5 1 315Md
 101 316  316.391227  364.426000  0.2600  0.0600                     2.0-1 316Md
 101 317  317.398513  371.213000  0.2600  0.0600                     3.5 1 317Md
 101 318  318.406156  378.332000  0.2600  0.0400                     2.0-1 318Md
 101 319  319.413480  385.154000  0.2600  0.0500                     3.5 1 319Md
 101 320  320.421253  392.395000  0.2600  0.0400                     1.0-1 320Md
 101 321  321.428954  399.568000  0.2500  0.0300                     3.5 1 321Md
 101 322  322.436937  407.004000  0.2600  0.0200                     3.0 1 322Md
 101 323  323.444536  414.083000  0.2600  0.0200                     3.5 1 323Md
 101 324  324.452575  421.571000  0.2600  0.0100                     2.0-1 324Md
 101 325  325.460502  428.955000  0.2500  0.0100                     3.5 1 325Md
 101 326  326.468469  436.376000  0.2500  0.0100                     2.0-1 326Md
 101 327  327.477015  444.337000  0.2400  0.0100                     3.5 1 327Md
 101 328  328.485225  451.984000  0.2500  0.0000                     1.0-1 328Md
 101 329  329.493735  459.911000  0.2400 -0.0100                     3.5 1 329Md
 101 330  330.501857  467.477000  0.2400  0.0000                     3.0-1 330Md
 101 331  331.510437  475.469000  0.2400 -0.0200                     3.5 1 331Md
 101 332  332.519032  483.475000  0.2200 -0.0100                     3.0-1 332Md
 101 333  333.527756  491.602000  0.2300 -0.0200                     3.5 1 333Md
 101 334  334.536287  499.548000  0.2500  0.0000                     4.0 1 334Md
 101 335  335.545016  507.679000  0.2300 -0.0300                     3.5 1 335Md
 101 336  336.553887  515.943000  0.2200 -0.0300                     2.0-1 336Md
 101 337  337.562739  524.188000  0.1900 -0.0400                     3.5 1 337Md
 101 338  338.571180  532.051000  0.2000 -0.0200                     6.0-1 338Md
 101 339  339.580571  540.799000  0.1800 -0.0400                     3.5 1 339Md
 101 340  340.589273  548.904000  0.1500 -0.0200                     4.0-1 340Md
 101 341  341.598083  557.111000 -0.1300  0.0300                     6.5 1 341Md
 101 342  342.606513  564.963000 -0.1300  0.0200                     6.0-1 342Md
