 102 226  226.116362  108.391000  0.0700 -0.0100                     0.0 1 226No
 102 227  227.112828  105.099000  0.0300 -0.0100                     0.5-1 227No
 102 228  228.108268  100.851000  0.0300 -0.0100                     0.0 1 228No
 102 229  229.107995  100.597000  0.1400  0.0200                     5.5 1 229No
 102 230  230.104671   97.500000  0.0600 -0.0100                     0.0 1 230No
 102 231  231.104202   97.064000 -0.2100  0.0500                     5.5 1 231No
 102 232  232.101109   94.182000  0.3200  0.0900                     0.0 1 232No
 102 233  233.099432   92.620000  0.2700  0.1100                     1.5 1 233No
 102 234  234.097594   90.908000  0.3100  0.1100                     0.0 1 234No
 102 235  235.096049   89.469000  0.2900  0.0900                     1.5 1 235No
 102 236  236.094303   87.843000  0.3100  0.1100                     0.0 1 236No
 102 237  237.092970   86.601000  0.3000  0.1100                     6.5 1 237No
 102 238  238.091537   85.266000  0.3100  0.1100                     0.0 1 238No
 102 239  239.090739   84.523000  0.3000  0.0800                     1.5-1 239No
 102 240  240.089432   83.305000  0.3000  0.1000                     0.0 1 240No
 102 241  241.089006   82.909000  0.3000  0.1100                     2.5-1 241No
 102 242  242.087729   81.719000  0.3000  0.1100                     0.0 1 242No
 102 243  243.087089   81.123000  0.3000  0.1100                     0.5-1 243No
 102 244  244.086516   80.589000  0.3000  0.1100                     0.0 1 244No
 102 245  245.086793   80.847000  0.3000  0.0800                     3.5-1 245No
 102 246  246.086362   80.446000  0.2900  0.1100                     0.0 1 246No
 102 247  247.086854   80.904000  0.3000  0.0700                     0.5 1 247No
 102 248  248.086674   80.736000  0.2800  0.0700                     0.0 1 248No
 102 249  249.087792   81.778000  0.2900  0.0700                     2.5 1 249No
 102 250  250.087373   81.387000  0.2900  0.0800                     0.0 1 250No
 102 251  251.088823   82.738000  0.3000  0.0600                     2.5 1 251No
 102 252  252.089078   82.976000  0.2900  0.0700                     0.0 1 252No
 102 253  253.090696   84.483000  0.2800  0.0500                     4.5-1 253No
 102 254  254.091149   84.905000  0.2900  0.0600                     0.0 1 254No
 102 255  255.093222   86.836000  0.2900  0.0400                     0.5 1 255No
 102 256  256.094183   87.731000  0.2800  0.0400                     0.0 1 256No
 102 257  257.096480   89.871000  0.3000  0.0300                     1.5 1 257No
 102 258  258.097898   91.191000  0.2800  0.0300                     0.0 1 258No
 102 259  259.100336   93.462000  0.2800  0.0100                     5.5-1 259No
 102 260  260.102103   95.108000  0.2700  0.0000                     0.0 1 260No
 102 261  261.104707   97.534000  0.2700  0.0000                     3.5 1 261No
 102 262  262.106740   99.428000  0.2700  0.0000                     0.0 1 262No
 102 263  263.109724  102.207000  0.2600  0.0000                     4.5 1 263No
 102 264  264.112146  104.463000  0.2600 -0.0100                     0.0 1 264No
 102 265  265.115981  108.036000  0.2600 -0.0100                     6.5-1 265No
 102 266  266.118250  110.149000  0.2600 -0.0100                     0.0 1 266No
 102 267  267.121717  113.379000  0.2400 -0.0200                     1.5 1 267No
 102 268  268.124593  116.058000  0.2300 -0.0300                     0.0 1 268No
 102 269  269.128399  119.603000  0.2200 -0.0200                     4.5 1 269No
 102 270  270.131599  122.584000  0.2200 -0.0300                     0.0 1 270No
 102 271  271.135712  126.415000  0.2200 -0.0300                     2.5 1 271No
 102 272  272.138904  129.388000  0.1900 -0.0400                     0.0 1 272No
 102 273  273.143132  133.327000  0.2000 -0.0300                     2.5 1 273No
 102 274  274.146074  136.067000 -0.1500  0.0300                     0.0 1 274No
 102 275  275.150148  139.862000 -0.1500  0.0200                     2.5 1 275No
 102 276  276.153161  142.669000 -0.1500  0.0200                     0.0 1 276No
 102 277  277.157570  146.776000 -0.1500  0.0100                     2.5 1 277No
 102 278  278.160976  149.948000 -0.1400  0.0200                     0.0 1 278No
 102 279  279.165605  154.260000 -0.1200  0.0000                     2.5 1 279No
 102 280  280.169398  157.793000 -0.1100  0.0000                     0.0 1 280No
 102 281  281.174249  162.312000 -0.1000  0.0000                     0.5 1 281No
 102 282  282.178349  166.131000 -0.0900 -0.0200                     0.0 1 282No
 102 283  283.183755  171.167000  0.0500 -0.0100                     1.5 1 283No
 102 284  284.187943  175.068000  0.0500  0.0000                     0.0 1 284No
 102 285  285.193106  179.877000 -0.0500  0.0000                     1.5 1 285No
 102 286  286.197956  184.395000  0.0000  0.0000                     0.0 1 286No
 102 287  287.203223  189.301000 -0.1400  0.0300                     5.5-1 287No
 102 288  288.208358  194.084000  0.0400  0.0100                     0.0 1 288No
 102 289  289.214172  199.500000 -0.1400  0.0200                     5.5-1 289No
 102 290  290.219557  204.516000  0.0600  0.0100                     0.0 1 290No
 102 291  291.224434  209.059000  0.3600  0.0900                     5.5-1 291No
 102 292  292.229722  213.985000  0.3300  0.0800                     0.0 1 292No
 102 293  293.234631  218.557000  0.3400  0.1000                     3.5 1 293No
 102 294  294.240023  223.580000  0.3300  0.1000                     0.0 1 294No
 102 295  295.245430  228.617000  0.3300  0.1000                     0.5-1 295No
 102 296  296.250876  233.690000  0.3100  0.0900                     0.0 1 296No
 102 297  297.256369  238.806000  0.2900  0.0900                     0.5-1 297No
 102 298  298.262180  244.219000  0.3100  0.1000                     0.0 1 298No
 102 299  299.267450  249.128000  0.2900  0.0900                     2.5-1 299No
 102 300  300.273712  254.961000  0.3000  0.1000                     0.0 1 300No
 102 301  301.279220  260.092000  0.3000  0.1100                     0.5-1 301No
 102 302  302.285472  265.916000  0.2800  0.1100                     0.0 1 302No
 102 303  303.291372  271.411000  0.2500  0.1000                     2.5-1 303No
 102 304  304.297876  277.470000  0.2800  0.1000                     0.0 1 304No
 102 305  305.303732  282.925000  0.2700  0.1000                     0.5 1 305No
 102 306  306.310060  288.819000  0.2700  0.1000                     0.0 1 306No
 102 307  307.316522  294.838000  0.2800  0.0700                     4.5 1 307No
 102 308  308.322851  300.734000  0.2700  0.1000                     0.0 1 308No
 102 309  309.329122  306.575000  0.2700  0.0900                     1.5 1 309No
 102 310  310.335852  312.844000  0.2700  0.0900                     0.0 1 310No
 102 311  311.342353  318.900000  0.2700  0.0700                     1.5 1 311No
 102 312  312.348671  324.785000  0.2800  0.0700                     0.0 1 312No
 102 313  313.355947  331.563000  0.2700  0.0700                     0.5-1 313No
 102 314  314.362615  337.774000  0.2600  0.0700                     0.0 1 314No
 102 315  315.369719  344.391000  0.2600  0.0500                     0.5-1 315No
 102 316  316.376549  350.753000  0.2600  0.0500                     0.0 1 316No
 102 317  317.383717  357.430000  0.2600  0.0600                     5.5 1 317No
 102 318  318.390578  363.821000  0.2600  0.0500                     0.0 1 318No
 102 319  319.398283  370.998000  0.2500  0.0500                     1.5-1 319No
 102 320  320.405610  377.823000  0.2500  0.0300                     0.0 1 320No
 102 321  321.413208  384.901000  0.2600  0.0400                     4.5-1 321No
 102 322  322.420686  391.867000  0.2600  0.0200                     0.0 1 322No
 102 323  323.428708  399.339000  0.2500  0.0200                     6.5 1 323No
 102 324  324.435852  405.994000  0.2500  0.0200                     0.0 1 324No
 102 325  325.443815  413.411000  0.2500  0.0200                     4.5-1 325No
 102 326  326.451762  420.814000  0.2500  0.0100                     0.0 1 326No
 102 327  327.459489  428.011000  0.2500  0.0100                     1.5-1 327No
 102 328  328.467729  435.687000  0.2500  0.0000                     0.0 1 328No
 102 329  329.475852  443.253000  0.2500  0.0000                     2.5-1 329No
 102 330  330.484356  451.175000  0.2500  0.0000                     0.0 1 330No
 102 331  331.492213  458.494000  0.2500  0.0000                     0.5-1 331No
 102 332  332.500991  466.670000  0.2400 -0.0100                     0.0 1 332No
 102 333  333.509338  474.445000  0.2600  0.0100                     0.5-1 333No
 102 334  334.517857  482.381000  0.2300 -0.0200                     0.0 1 334No
 102 335  335.526354  490.296000  0.2600  0.0000                     7.5 1 335No
 102 336  336.535184  498.521000  0.2200 -0.0300                     0.0 1 336No
 102 337  337.543706  506.459000  0.2400  0.0100                     7.5 1 337No
 102 338  338.552629  514.771000  0.2100 -0.0300                     0.0 1 338No
 102 339  339.560918  522.492000  0.2100 -0.0200                     2.5-1 339No
 102 340  340.570116  531.060000  0.1800 -0.0400                     0.0 1 340No
 102 341  341.578506  538.875000  0.1900 -0.0400                     0.5-1 341No
 102 342  342.587806  547.538000 -0.1600  0.0300                     0.0 1 342No
 102 343  343.596534  555.668000  0.1600 -0.0300                     4.5-1 343No
 102 344  344.605000  563.554000 -0.1500  0.0300                     0.0 1 344No
