 106 234  234.149672  139.419000  0.0000-10.0000                     0.0 1 234Sg
 106 242  242.127533  118.796000  0.3200  0.0900                     0.0 1 242Sg
 106 243  243.125760  117.145000  0.3100  0.0800                     3.5-1 243Sg
 106 244  244.123753  115.275000  0.3200  0.0900                     0.0 1 244Sg
 106 245  245.122490  114.099000  0.3300  0.0700                     0.5 1 245Sg
 106 246  246.120592  112.331000  0.3200  0.0800                     0.0 1 246Sg
 106 247  247.119408  111.228000  0.2900  0.0800                     0.5 1 247Sg
 106 248  248.117770  109.702000  0.3000  0.0800                     0.0 1 248Sg
 106 249  249.117077  109.057000  0.2900  0.0800                     1.5-1 249Sg
 106 250  250.115803  107.870000  0.2800  0.0600                     0.0 1 250Sg
 106 251  251.115161  107.272000  0.2900  0.0500                     0.5-1 251Sg
 106 252  252.114343  106.510000  0.2900  0.0700                     0.0 1 252Sg
 106 253  253.114164  106.343000  0.2900  0.0700                     3.5 1 253Sg
 106 254  254.113398  105.630000  0.2900  0.0500                     0.0 1 254Sg
 106 255  255.114075  106.260000  0.3000  0.0400                     2.5 1 255Sg
 106 256  256.112995  105.254000  0.2900  0.0400                     0.0 1 256Sg
 106 257  257.114000  106.190000  0.2900  0.0500                     4.5-1 257Sg
 106 258  258.113543  105.765000  0.2900  0.0300                     0.0 1 258Sg
 106 259  259.114673  106.817000  0.2800  0.0300                     0.5 1 259Sg
 106 260  260.114499  106.655000  0.2800  0.0000                     0.0 1 260Sg
 106 261  261.116046  108.096000  0.2700  0.0200                     1.5 1 261Sg
 106 262  262.116454  108.476000  0.2800  0.0000                     0.0 1 262Sg
 106 263  263.117849  109.776000  0.2600  0.0000                     5.5-1 263Sg
 106 264  264.118491  110.374000  0.2700 -0.0100                     0.0 1 264Sg
 106 265  265.120336  112.092000  0.2600 -0.0100                     3.5 1 265Sg
 106 266  266.121463  113.142000  0.2700 -0.0200                     0.0 1 266Sg
 106 267  267.123877  115.391000  0.2700 -0.0200                     4.5 1 267Sg
 106 268  268.125200  116.623000  0.2600 -0.0200                     0.0 1 268Sg
 106 269  269.127859  119.100000  0.2500 -0.0500                     6.5-1 269Sg
 106 270  270.129463  120.594000  0.2500 -0.0400                     0.0 1 270Sg
 106 271  271.132458  123.384000  0.2400 -0.0400                     1.5 1 271Sg
 106 272  272.134387  125.181000  0.2400 -0.0400                     0.0 1 272Sg
 106 273  273.137665  128.234000  0.2300 -0.0500                     2.5 1 273Sg
 106 274  274.140011  130.419000  0.2200 -0.0500                     0.0 1 274Sg
 106 275  275.143331  133.512000  0.2300 -0.0400                     4.5 1 275Sg
 106 276  276.146155  136.143000  0.2100 -0.0500                     0.0 1 276Sg
 106 277  277.149956  139.683000  0.2600  0.0000                     2.5 1 277Sg
 106 278  278.152533  142.084000  0.1800 -0.0500                     0.0 1 278Sg
 106 279  279.156033  145.344000  0.1700 -0.0400                     0.5 1 279Sg
 106 280  280.158235  147.395000 -0.1400  0.0200                     0.0 1 280Sg
 106 281  281.162447  151.318000  0.1200 -0.0400                     2.5 1 281Sg
 106 282  282.164732  153.447000 -0.1500  0.0200                     0.0 1 282Sg
 106 283  283.168612  157.061000 -0.1400  0.0000                     2.5 1 283Sg
 106 284  284.172034  160.249000 -0.1300  0.0200                     0.0 1 284Sg
 106 285  285.177133  164.998000  0.0800 -0.0200                     0.5 1 285Sg
 106 286  286.179639  167.333000 -0.1400  0.0000                     0.0 1 286Sg
 106 287  287.183822  171.229000 -0.1700  0.0300                     1.5 1 287Sg
 106 288  288.188247  175.351000  0.0500 -0.0100                     0.0 1 288Sg
 106 289  289.193050  179.825000  0.0600 -0.0100                     0.5 1 289Sg
 106 290  290.197284  183.769000  0.0000  0.0000                     0.0 1 290Sg
 106 291  291.200834  187.076000 -0.2200  0.0600                     5.5-1 291Sg
 106 292  292.206098  191.979000  0.0600  0.0000                     0.0 1 292Sg
 106 293  293.209898  195.519000 -0.2200  0.0600                     5.5-1 293Sg
 106 294  294.215820  201.035000  0.0700  0.0000                     0.0 1 294Sg
 106 295  295.218312  203.356000  0.4000  0.1100                     5.5-1 295Sg
 106 296  296.222949  207.676000  0.4100  0.1100                     0.0 1 296Sg
 106 297  297.227605  212.013000  0.3900  0.1100                     0.5 1 297Sg
 106 298  298.232253  216.342000  0.3900  0.0800                     0.0 1 298Sg
 106 299  299.237177  220.929000  0.3600  0.0800                     2.5-1 299Sg
 106 300  300.241888  225.317000  0.3600  0.0800                     0.0 1 300Sg
 106 301  301.246927  230.011000  0.3100  0.0900                     5.5 1 301Sg
 106 302  302.252143  234.870000  0.3500  0.0900                     0.0 1 302Sg
 106 303  303.256813  239.220000  0.3200  0.0900                     2.5-1 303Sg
 106 304  304.262393  244.418000  0.3400  0.0700                     0.0 1 304Sg
 106 305  305.267469  249.146000  0.2800  0.0600                     3.5-1 305Sg
 106 306  306.273117  254.407000  0.3300  0.0900                     0.0 1 306Sg
 106 307  307.278154  259.099000  0.2900  0.0600                     4.5 1 307Sg
 106 308  308.284230  264.759000  0.3000  0.0700                     0.0 1 308Sg
 106 309  309.289111  269.305000  0.3000  0.0700                     2.5 1 309Sg
 106 310  310.295318  275.087000  0.3000  0.0700                     0.0 1 310Sg
 106 311  311.300816  280.208000  0.3000  0.0500                     3.5 1 311Sg
 106 312  312.307055  286.020000  0.2800  0.0900                     0.0 1 312Sg
 106 313  313.312453  291.048000  0.2600  0.0500                     0.5 1 313Sg
 106 314  314.318637  296.809000  0.2900  0.0600                     0.0 1 314Sg
 106 315  315.324090  301.888000  0.2700  0.0600                     1.5 1 315Sg
 106 316  316.330610  307.961000  0.2700  0.0500                     0.0 1 316Sg
 106 317  317.336784  313.712000  0.2700  0.0400                     0.5-1 317Sg
 106 318  318.342856  319.368000  0.2600  0.0600                     0.0 1 318Sg
 106 319  319.349203  325.281000  0.2800  0.0300                     5.5 1 319Sg
 106 320  320.355433  331.084000  0.2600  0.0400                     0.0 1 320Sg
 106 321  321.361891  337.099000  0.2600  0.0400                     0.5-1 321Sg
 106 322  322.368456  343.215000  0.2600  0.0400                     0.0 1 322Sg
 106 323  323.375283  349.574000  0.2500  0.0200                     4.5-1 323Sg
 106 324  324.381879  355.718000  0.2600  0.0100                     0.0 1 324Sg
 106 325  325.388959  362.313000  0.2600  0.0100                     1.5-1 325Sg
 106 326  326.395677  368.571000  0.2600  0.0000                     0.0 1 326Sg
 106 327  327.402941  375.337000  0.2500  0.0000                     6.5 1 327Sg
 106 328  328.409833  381.757000  0.2500 -0.0100                     0.0 1 328Sg
 106 329  329.417136  388.560000  0.2500  0.0000                     4.5-1 329Sg
 106 330  330.424392  395.319000  0.2500 -0.0100                     0.0 1 330Sg
 106 331  331.431828  402.245000  0.2500 -0.0100                     4.5-1 331Sg
 106 332  332.439275  409.182000  0.2500 -0.0100                     0.0 1 332Sg
 106 333  333.446790  416.182000  0.2500 -0.0100                     2.5-1 333Sg
 106 334  334.454591  423.449000  0.2500 -0.0200                     0.0 1 334Sg
 106 335  335.462289  430.620000  0.2300 -0.0300                     5.5-1 335Sg
 106 336  336.470152  437.944000  0.2300 -0.0200                     0.0 1 336Sg
 106 337  337.477934  445.193000  0.2300 -0.0200                     0.5-1 337Sg
 106 338  338.485795  452.515000  0.2300 -0.0400                     0.0 1 338Sg
 106 339  339.493882  460.048000  0.2000 -0.0400                     7.5 1 339Sg
 106 340  340.501936  467.551000  0.2200 -0.0400                     0.0 1 340Sg
 106 341  341.510109  475.164000  0.2200 -0.0400                     5.5-1 341Sg
 106 342  342.518444  482.928000  0.2200 -0.0400                     0.0 1 342Sg
 106 343  343.526561  490.489000  0.2100 -0.0300                     5.5-1 343Sg
 106 344  344.535098  498.441000  0.2000 -0.0600                     0.0 1 344Sg
 106 345  345.543439  506.210000  0.2200 -0.0200                     0.5-1 345Sg
 106 346  346.552095  514.273000  0.1700 -0.0500                     0.0 1 346Sg
 106 347  347.560260  521.879000  0.1700 -0.0400                     3.5-1 347Sg
 106 348  348.569052  530.069000 -0.1500  0.0300                     0.0 1 348Sg
 106 349  349.577282  537.735000 -0.1500  0.0300                     4.5-1 349Sg
 106 350  350.585734  545.608000 -0.1500  0.0300                     0.0 1 350Sg
 106 351  351.594226  553.518000 -0.1400  0.0200                     1.5-1 351Sg
 106 352  352.602398  561.130000 -0.1400  0.0200                     0.0 1 352Sg
 106 353  353.610915  569.064000 -0.1800  0.0400                     1.5-1 353Sg
 106 354  354.619651  577.201000 -0.1400  0.0200                     0.0 1 354Sg
 106 355  355.628491  585.436000  0.0900 -0.0300                     1.5-1 355Sg
