 107 244  244.136114  126.789000  0.3300  0.1000                     1.0 1 244Bh
 107 245  245.134072  124.887000  0.3500  0.0800                     0.5 1 245Bh
 107 246  246.132786  123.689000  0.3000  0.0800                     1.0 1 246Bh
 107 247  247.130166  121.249000  0.3200  0.0800                     0.5 1 247Bh
 107 248  248.129286  120.429000  0.3400  0.0700                     1.0 1 248Bh
 107 249  249.127203  118.489000  0.3000  0.0600                     0.5 1 249Bh
 107 250  250.126408  117.748000  0.2900  0.0500                     1.0 1 250Bh
 107 251  251.124453  115.927000  0.3100  0.0900                     0.5 1 251Bh
 107 252  252.123889  115.402000  0.3100  0.0700                     1.0 1 252Bh
 107 253  253.122713  114.306000  0.3100  0.0600                     0.5 1 253Bh
 107 254  254.122369  113.986000  0.3100  0.0600                     1.0 1 254Bh
 107 255  255.121596  113.266000  0.3000  0.0600                     0.5 1 255Bh
 107 256  256.121654  113.320000  0.3000  0.0300                     1.0 1 256Bh
 107 257  257.121056  112.763000  0.3000  0.0500                     0.5 1 257Bh
 107 258  258.121551  113.224000  0.2900  0.0300                     1.0 1 258Bh
 107 259  259.120866  112.586000  0.3000  0.0200                     0.5 1 259Bh
 107 260  260.121760  113.419000  0.2800  0.0200                     2.0-1 260Bh
 107 261  261.121313  113.002000  0.2900  0.0100                     2.5-1 261Bh
 107 262  262.122780  114.369000  0.2700  0.0200                     1.0-1 262Bh
 107 263  263.122760  114.350000  0.2800  0.0000                     2.5-1 263Bh
 107 264  264.124065  115.566000  0.2700 -0.0100                     3.0 1 264Bh
 107 265  265.124249  115.737000  0.2700 -0.0100                     2.5-1 265Bh
 107 266  266.125961  117.332000  0.2700 -0.0200                     2.0-1 266Bh
 107 267  267.126924  118.229000  0.2700 -0.0200                     2.5-1 267Bh
 107 268  268.129060  120.219000  0.2700 -0.0200                     1.0-1 268Bh
 107 269  269.130109  121.196000  0.2600 -0.0400                     2.5-1 269Bh
 107 270  270.132492  123.416000  0.2500 -0.0400                     4.0 1 270Bh
 107 271  271.133945  124.769000  0.2500 -0.0500                     2.5-1 271Bh
 107 272  272.136541  127.187000  0.2500 -0.0400                     1.0-1 272Bh
 107 273  273.138712  129.209000  0.2500 -0.0500                     2.5-1 273Bh
 107 274  274.141736  132.026000  0.2400 -0.0400                     0.0-1 274Bh
 107 275  275.144210  134.331000  0.2200 -0.0500                     2.5-1 275Bh
 107 276  276.147161  137.080000  0.2300 -0.0400                     1.0 1 276Bh
 107 277  277.150058  139.778000  0.1800 -0.0300                     0.5 1 277Bh
 107 278  278.153496  142.981000  0.2400  0.0000                     1.0 1 278Bh
 107 279  279.155832  145.157000  0.1600 -0.0200                     0.5 1 279Bh
 107 280  280.159456  148.532000  0.1500 -0.0200                     1.0 1 280Bh
 107 281  281.162047  150.946000  0.1500 -0.0200                     0.5 1 281Bh
 107 282  282.165736  154.382000  0.1500 -0.0200                     1.0 1 282Bh
 107 283  283.167674  156.187000 -0.1500  0.0300                     0.5 1 283Bh
 107 284  284.172412  160.601000  0.1100 -0.0200                     1.0 1 284Bh
 107 285  285.174222  162.287000 -0.1600  0.0200                     0.5 1 285Bh
 107 286  286.178159  165.954000 -0.1600  0.0200                     1.0 1 286Bh
 107 287  287.181699  169.252000 -0.1400  0.0100                     0.5 1 287Bh
 107 288  288.185702  172.980000 -0.1800  0.0300                     1.0 1 288Bh
 107 289  289.189148  176.190000 -0.1800  0.0400                     0.5 1 289Bh
 107 290  290.193762  180.488000 -0.1900  0.0400                     1.0 1 290Bh
 107 291  291.199055  185.419000  0.0000  0.0000                     0.5 1 291Bh
 107 292  292.201948  188.113000 -0.2200  0.0500                     1.0 1 292Bh
 107 293  293.207639  193.415000  0.0400  0.0100                     0.5 1 293Bh
 107 294  294.210846  196.402000 -0.2200  0.0500                     1.0 1 294Bh
 107 295  295.214083  199.417000  0.4400  0.1300                     0.5 1 295Bh
 107 296  296.218405  203.443000  0.4100  0.1100                     1.0 1 296Bh
 107 297  297.223103  207.819000  0.4200  0.1000                     0.5 1 297Bh
 107 298  298.227293  211.722000  0.4200  0.1000                     1.0 1 298Bh
 107 299  299.232410  216.489000  0.4200  0.1000                     0.5 1 299Bh
 107 300  300.237045  220.806000  0.3900  0.1000                     1.0 1 300Bh
 107 301  301.241765  225.203000  0.3500  0.0800                     0.5 1 301Bh
 107 302  302.246357  229.480000  0.3300  0.0800                     1.0 1 302Bh
 107 303  303.251448  234.222000  0.3300  0.0700                     0.5 1 303Bh
 107 304  304.256648  239.066000  0.3200  0.0700                     1.0 1 304Bh
 107 305  305.261404  243.496000  0.3500  0.0600                     0.5 1 305Bh
 107 306  306.266881  248.598000  0.2800  0.0600                     1.0 1 306Bh
 107 307  307.271754  253.137000  0.3200  0.0700                     0.5 1 307Bh
 107 308  308.277227  258.235000  0.2900  0.0500                     1.0 1 308Bh
 107 309  309.282886  263.507000  0.3200  0.0600                     0.5 1 309Bh
 107 310  310.288209  268.465000  0.3100  0.0400                     1.0 1 310Bh
 107 311  311.293858  273.727000  0.3000  0.0700                     0.5 1 311Bh
 107 312  312.299475  278.959000  0.2800  0.0500                     1.0 1 312Bh
 107 313  313.305085  284.185000  0.2700  0.0700                     0.5 1 313Bh
 107 314  314.310568  289.292000  0.2800  0.0500                     1.0 1 314Bh
 107 315  315.316461  294.782000  0.2800  0.0600                     0.5 1 315Bh
 107 316  316.321860  299.811000  0.2700  0.0700                     1.0 1 316Bh
 107 317  317.328083  305.607000  0.2600  0.0500                     0.5 1 317Bh
 107 318  318.334232  311.335000  0.2700  0.0300                     1.0 1 318Bh
 107 319  319.340020  316.727000  0.2600  0.0400                     0.5 1 319Bh
 107 320  320.346133  322.421000  0.2800  0.0300                     1.0 1 320Bh
 107 321  321.352468  328.322000  0.2500  0.0300                     0.5 1 321Bh
 107 322  322.358631  334.063000  0.2600  0.0300                     1.0 1 322Bh
 107 323  323.365150  340.135000  0.2600  0.0200                     0.5 1 323Bh
 107 324  324.371592  346.136000  0.2600  0.0100                     1.0 1 324Bh
 107 325  325.378040  352.142000  0.2500  0.0100                     0.5 1 325Bh
 107 326  326.384841  358.477000  0.2500  0.0000                     1.0 1 326Bh
 107 327  327.391346  364.537000  0.2500  0.0000                     0.5 1 327Bh
 107 328  328.398624  371.316000  0.2600  0.0000                     1.0 1 328Bh
 107 329  329.405332  377.564000  0.2500  0.0000                     0.5 1 329Bh
 107 330  330.412532  384.271000  0.2500 -0.0100                     1.0 1 330Bh
 107 331  331.420020  391.246000  0.2500 -0.0200                     0.5 1 331Bh
 107 332  332.427072  397.815000  0.2500  0.0000                     1.0 1 332Bh
 107 333  333.434448  404.686000  0.2500 -0.0200                     0.5 1 333Bh
 107 334  334.442225  411.930000  0.2500 -0.0200                     1.0 1 334Bh
 107 335  335.449398  418.612000  0.2400 -0.0200                     0.5 1 335Bh
 107 336  336.456924  425.622000  0.2400 -0.0200                     1.0 1 336Bh
 107 337  337.464745  432.907000  0.2300 -0.0300                     0.5 1 337Bh
 107 338  338.472416  440.053000  0.2300 -0.0300                     1.0 1 338Bh
 107 339  339.480486  447.570000  0.2200 -0.0300                     0.5 1 339Bh
 107 340  340.488126  454.687000  0.2200 -0.0400                     1.0 1 340Bh
 107 341  341.496226  462.232000  0.2200 -0.0400                     0.5 1 341Bh
 107 342  342.504333  469.783000  0.2000 -0.0300                     1.0 1 342Bh
 107 343  343.512310  477.214000  0.2000 -0.0500                     0.5 1 343Bh
 107 344  344.520243  484.603000  0.2100 -0.0400                     1.0 1 344Bh
 107 345  345.528765  492.542000  0.1900 -0.0600                     0.5 1 345Bh
 107 346  346.537391  500.577000  0.2300 -0.0200                     1.0 1 346Bh
 107 347  347.545467  508.099000  0.1700 -0.0500                     0.5 1 347Bh
 107 348  348.554171  516.207000  0.1700 -0.0200                     1.0 1 348Bh
 107 349  349.562385  523.858000 -0.1500  0.0300                     0.5 1 349Bh
 107 350  350.570425  531.348000  0.1700 -0.0400                     1.0 1 350Bh
 107 351  351.579250  539.568000  0.1600 -0.0400                     0.5 1 351Bh
 107 352  352.586889  546.684000 -0.1500  0.0300                     1.0 1 352Bh
 107 353  353.596135  555.296000  0.1100 -0.0300                     0.5 1 353Bh
 107 354  354.604279  562.882000  0.1000 -0.0300                     1.0 1 354Bh
 107 355  355.613252  571.241000  0.0700 -0.0200                     0.5 1 355Bh
 107 356  356.620612  578.097000 -0.1700  0.0400                     1.0 1 356Bh
 107 357  357.629862  586.713000 -0.1100  0.0100                     0.5 1 357Bh
 107 358  358.637996  594.290000 -0.1700  0.0300                     1.0 1 358Bh
 107 359  359.647182  602.846000 -0.1800  0.0400                     0.5 1 359Bh
 107 360  360.655635  610.720000 -0.1400  0.0200                     1.0 1 360Bh
