 108 246  246.143390  133.567000  0.3800  0.1300                     0.0 1 246Hs
 108 247  247.141756  132.045000  0.3200  0.0800                     0.5 1 247Hs
 108 248  248.139632  130.066000  0.3600  0.1100                     0.0 1 248Hs
 108 249  249.137542  128.120000  0.3300  0.0700                     0.5 1 249Hs
 108 250  250.135849  126.543000  0.3100  0.0500                     0.0 1 250Hs
 108 251  251.134635  125.412000  0.3000  0.0700                     0.5 1 251Hs
 108 252  252.132904  123.799000  0.3100  0.0700                     0.0 1 252Hs
 108 253  253.132006  122.963000  0.3100  0.0600                     0.5 1 253Hs
 108 254  254.130857  121.893000  0.3100  0.0600                     0.0 1 254Hs
 108 255  255.130024  121.117000  0.2900  0.0400                     0.5 1 255Hs
 108 256  256.128904  120.073000  0.3000  0.0600                     0.0 1 256Hs
 108 257  257.129012  120.174000  0.2900  0.0600                     0.5 1 257Hs
 108 258  258.127587  118.847000  0.3000  0.0300                     0.0 1 258Hs
 108 259  259.128202  119.419000  0.2900  0.0300                     0.5 1 259Hs
 108 260  260.127424  118.695000  0.2800  0.0200                     0.0 1 260Hs
 108 261  261.128105  119.329000  0.2800  0.0200                     0.5 1 261Hs
 108 262  262.127478  118.745000  0.2800  0.0200                     0.0 1 262Hs
 108 263  263.128502  119.699000  0.2700  0.0000                     0.5 1 263Hs
 108 264  264.128160  119.380000  0.2700 -0.0100                     0.0 1 264Hs
 108 265  265.129336  120.476000  0.2700 -0.0100                     5.5-1 265Hs
 108 266  266.129431  120.564000  0.2700 -0.0200                     0.0 1 266Hs
 108 267  267.130905  121.937000  0.2700 -0.0200                     4.5 1 267Hs
 108 268  268.131715  122.692000  0.2600 -0.0300                     0.0 1 268Hs
 108 269  269.133711  124.551000  0.2600 -0.0300                     3.5 1 269Hs
 108 270  270.134482  125.269000  0.2600 -0.0400                     0.0 1 270Hs
 108 271  271.136680  127.317000  0.2400 -0.0500                     6.5-1 271Hs
 108 272  272.137679  128.247000  0.2400 -0.0500                     0.0 1 272Hs
 108 273  273.140446  130.825000  0.2500 -0.0500                     1.5 1 273Hs
 108 274  274.142065  132.333000  0.2400 -0.0600                     0.0 1 274Hs
 108 275  275.144947  135.017000  0.2400 -0.0500                     2.5 1 275Hs
 108 276  276.146908  136.844000  0.2300 -0.0600                     0.0 1 276Hs
 108 277  277.150047  139.768000  0.2200 -0.0600                     4.5 1 277Hs
 108 278  278.152369  141.931000  0.2100 -0.0600                     0.0 1 278Hs
 108 279  279.155617  144.956000  0.2000 -0.0400                     0.5 1 279Hs
 108 280  280.157951  147.130000  0.1700 -0.0400                     0.0 1 280Hs
 108 281  281.161180  150.138000  0.1700 -0.0500                     0.5 1 281Hs
 108 282  282.163785  152.565000  0.1500 -0.0300                     0.0 1 282Hs
 108 283  283.167065  155.620000  0.1300 -0.0400                     0.5 1 283Hs
 108 284  284.170015  158.368000  0.1200 -0.0400                     0.0 1 284Hs
 108 285  285.172801  160.963000 -0.1800  0.0400                     0.5 1 285Hs
 108 286  286.176722  164.616000  0.0900 -0.0300                     0.0 1 286Hs
 108 287  287.180801  168.415000  0.0700 -0.0200                     0.5 1 287Hs
 108 288  288.183662  171.080000  0.0700 -0.0200                     0.0 1 288Hs
 108 289  289.186661  173.874000 -0.1900  0.0500                     0.5 1 289Hs
 108 290  290.189858  176.852000 -0.1800  0.0400                     0.0 1 290Hs
 108 291  291.195458  182.068000  0.0600  0.0000                     0.5 1 291Hs
 108 292  292.199542  185.872000  0.0000  0.0000                     0.0 1 292Hs
 108 293  293.201973  188.137000 -0.2100  0.0500                     0.5 1 293Hs
 108 294  294.207490  193.276000  0.0500  0.0000                     0.0 1 294Hs
 108 295  295.210662  196.230000 -0.2200  0.0600                     0.5 1 295Hs
 108 296  296.213512  198.885000  0.4200  0.1300                     0.0 1 296Hs
 108 297  297.217647  202.737000  0.4100  0.1100                     0.5 1 297Hs
 108 298  298.221975  206.768000  0.4200  0.1100                     0.0 1 298Hs
 108 299  299.226369  210.861000  0.4100  0.1100                     0.5 1 299Hs
 108 300  300.231097  215.266000  0.4000  0.0800                     0.0 1 300Hs
 108 301  301.235746  219.596000  0.3900  0.1000                     0.5 1 301Hs
 108 302  302.240153  223.701000  0.3800  0.0800                     0.0 1 302Hs
 108 303  303.245107  228.316000  0.3300  0.0900                     0.5 1 303Hs
 108 304  304.249515  232.422000  0.3600  0.0800                     0.0 1 304Hs
 108 305  305.254363  236.938000  0.3600  0.0800                     0.5 1 305Hs
 108 306  306.259355  241.588000  0.3500  0.0900                     0.0 1 306Hs
 108 307  307.264718  246.583000  0.3400  0.0700                     0.5 1 307Hs
 108 308  308.269848  251.362000  0.3500  0.0900                     0.0 1 308Hs
 108 309  309.274642  255.827000  0.3000  0.0800                     0.5 1 309Hs
 108 310  310.279913  260.737000  0.3400  0.0600                     0.0 1 310Hs
 108 311  311.285313  265.767000  0.3100  0.0700                     0.5 1 311Hs
 108 312  312.290941  271.010000  0.3100  0.0600                     0.0 1 312Hs
 108 313  313.296358  276.056000  0.2900  0.0700                     0.5 1 313Hs
 108 314  314.302110  281.414000  0.2800  0.0600                     0.0 1 314Hs
 108 315  315.307233  286.186000  0.2900  0.0700                     0.5 1 315Hs
 108 316  316.313029  291.585000  0.2900  0.0600                     0.0 1 316Hs
 108 317  317.318839  296.997000  0.2500  0.0500                     0.5 1 317Hs
 108 318  318.324428  302.203000  0.2600  0.0500                     0.0 1 318Hs
 108 319  319.330004  307.397000  0.2600  0.0200                     0.5 1 319Hs
 108 320  320.336215  313.182000  0.2600  0.0400                     0.0 1 320Hs
 108 321  321.342012  318.582000  0.2600  0.0300                     0.5 1 321Hs
 108 322  322.348225  324.370000  0.2500  0.0400                     0.0 1 322Hs
 108 323  323.354462  330.179000  0.2700  0.0200                     0.5 1 323Hs
 108 324  324.360586  335.884000  0.2500  0.0200                     0.0 1 324Hs
 108 325  325.367056  341.911000  0.2500  0.0100                     0.5 1 325Hs
 108 326  326.373504  347.917000  0.2400  0.0000                     0.0 1 326Hs
 108 327  327.380084  354.046000  0.2500  0.0100                     0.5 1 327Hs
 108 328  328.386120  359.669000  0.2500  0.0000                     0.0 1 328Hs
 108 329  329.393638  366.672000  0.2500 -0.0100                     0.5 1 329Hs
 108 330  330.399894  372.499000  0.2500  0.0000                     0.0 1 330Hs
 108 331  331.407077  379.190000  0.2400 -0.0100                     0.5 1 331Hs
 108 332  332.413779  385.433000  0.2400 -0.0100                     0.0 1 332Hs
 108 333  333.421247  392.389000  0.2500 -0.0200                     0.5 1 333Hs
 108 334  334.428559  399.200000  0.2300 -0.0300                     0.0 1 334Hs
 108 335  335.435566  405.727000  0.2400 -0.0300                     0.5 1 335Hs
 108 336  336.442906  412.564000  0.2300 -0.0300                     0.0 1 336Hs
 108 337  337.450435  419.578000  0.2400 -0.0200                     0.5 1 337Hs
 108 338  338.457781  426.420000  0.2200 -0.0400                     0.0 1 338Hs
 108 339  339.465453  433.567000  0.2200 -0.0300                     0.5 1 339Hs
 108 340  340.473047  440.641000  0.2300 -0.0500                     0.0 1 340Hs
 108 341  341.480576  447.654000  0.2000 -0.0400                     0.5 1 341Hs
 108 342  342.488555  455.086000  0.2200 -0.0500                     0.0 1 342Hs
 108 343  343.496527  462.512000  0.2200 -0.0500                     0.5 1 343Hs
 108 344  344.504490  469.930000  0.2100 -0.0600                     0.0 1 344Hs
 108 345  345.512742  477.616000  0.2100 -0.0400                     0.5 1 345Hs
 108 346  346.520744  485.070000  0.1900 -0.0600                     0.0 1 346Hs
 108 347  347.528986  492.747000  0.1900 -0.0500                     0.5 1 347Hs
 108 348  348.537312  500.503000  0.1900 -0.0600                     0.0 1 348Hs
 108 349  349.545312  507.955000  0.1800 -0.0500                     0.5 1 349Hs
 108 350  350.553730  515.796000  0.1400 -0.0500                     0.0 1 350Hs
 108 351  351.562215  523.700000 -0.1400  0.0300                     0.5 1 351Hs
 108 352  352.570353  531.281000 -0.1400  0.0200                     0.0 1 352Hs
 108 353  353.578540  538.907000  0.1200 -0.0400                     0.5 1 353Hs
 108 354  354.587169  546.945000  0.1100 -0.0400                     0.0 1 354Hs
 108 355  355.595252  554.474000  0.0900 -0.0400                     0.5 1 355Hs
 108 356  356.604022  562.643000  0.0800 -0.0200                     0.0 1 356Hs
 108 357  357.612215  570.275000  0.0800 -0.0200                     0.5 1 357Hs
 108 358  358.620618  578.102000 -0.1800  0.0400                     0.0 1 358Hs
 108 359  359.629262  586.154000  0.0700 -0.0200                     0.5 1 359Hs
 108 360  360.637561  593.884000 -0.1900  0.0500                     0.0 1 360Hs
 108 361  361.646803  602.493000  0.0500 -0.0200                     0.5 1 361Hs
