 109 248  248.152566  142.114000  0.3400  0.0900                     4.0-1 248Mt
 109 249  249.150216  139.925000  0.3600  0.0900                     2.5-1 249Mt
 109 250  250.148415  138.248000  0.3300  0.0800                     1.0 1 250Mt
 109 251  251.146442  136.410000  0.3500  0.0700                     2.5-1 251Mt
 109 252  252.145084  135.145000  0.3400  0.0900                     0.0 1 252Mt
 109 253  253.142958  133.165000  0.3100  0.0800                     2.5-1 253Mt
 109 254  254.142148  132.410000  0.3100  0.0700                     0.0-1 254Mt
 109 255  255.140384  130.767000  0.2700  0.0500                     0.5 1 255Mt
 109 256  256.139686  130.117000  0.3200  0.0600                     0.0-1 256Mt
 109 257  257.138457  128.972000  0.3000  0.0700                     0.5 1 257Mt
 109 258  258.138139  128.676000  0.3100  0.0400                     2.0 1 258Mt
 109 259  259.136990  127.605000  0.2700  0.0400                     4.5-1 259Mt
 109 260  260.137344  127.935000  0.2700  0.0300                     1.0 1 260Mt
 109 261  261.135717  126.420000  0.2700  0.0200                     4.5-1 261Mt
 109 262  262.136741  127.373000  0.2600  0.0100                     1.0 1 262Mt
 109 263  263.135564  126.277000  0.2600  0.0100                     4.5-1 263Mt
 109 264  264.136387  127.044000  0.2500  0.0000                     3.0-1 264Mt
 109 265  265.135877  126.569000  0.2600  0.0000                     4.5-1 265Mt
 109 266  266.137117  127.724000  0.2600 -0.0100                     4.0-1 266Mt
 109 267  267.137095  127.703000  0.2600 -0.0200                     4.5-1 267Mt
 109 268  268.138157  128.692000  0.2600 -0.0200                     3.0-1 268Mt
 109 269  269.138516  129.027000  0.2600 -0.0400                     1.5-1 269Mt
 109 270  270.140283  130.673000  0.2400 -0.0300                     2.0-1 270Mt
 109 271  271.140791  131.146000  0.2500 -0.0500                     1.5-1 271Mt
 109 272  272.142805  133.022000  0.2400 -0.0500                     1.0-1 272Mt
 109 273  273.143607  133.769000  0.2500 -0.0600                     1.5-1 273Mt
 109 274  274.145905  135.910000  0.2300 -0.0600                     0.0-1 274Mt
 109 275  275.147483  137.380000  0.2400 -0.0600                     5.5 1 275Mt
 109 276  276.150080  139.799000  0.2300 -0.0600                     3.0 1 276Mt
 109 277  277.151828  141.427000  0.2200 -0.0600                     5.5 1 277Mt
 109 278  278.154714  144.115000  0.2200 -0.0500                     1.0-1 278Mt
 109 279  279.156748  146.010000  0.1900 -0.0500                     4.5-1 279Mt
 109 280  280.159926  148.970000  0.2000 -0.0200                     2.0-1 280Mt
 109 281  281.161736  150.656000  0.1400 -0.0300                     3.5-1 281Mt
 109 282  282.164946  153.646000  0.1500 -0.0400                     6.0-1 282Mt
 109 283  283.167331  155.868000  0.1300 -0.0200                     3.5-1 283Mt
 109 284  284.170366  158.695000  0.1500 -0.0200                     6.0-1 284Mt
 109 285  285.172954  161.106000  0.1200 -0.0300                     6.5 1 285Mt
 109 286  286.176615  164.516000  0.1200 -0.0100                     4.0 1 286Mt
 109 287  287.179522  167.224000  0.1100 -0.0200                     6.5 1 287Mt
 109 288  288.183229  170.677000  0.1000 -0.0200                     5.0 1 288Mt
 109 289  289.186105  173.356000  0.1000 -0.0200                     6.5 1 289Mt
 109 290  290.189949  176.936000  0.0600  0.0100                     5.0 1 290Mt
 109 291  291.193178  179.944000  0.0300  0.0000                     6.5 1 291Mt
 109 292  292.197274  183.760000  0.0900  0.0000                     7.0 1 292Mt
 109 293  293.201287  187.498000  0.0000  0.0000                     6.5 1 293Mt
 109 294  294.203902  189.934000 -0.2300  0.0600                     1.0-1 294Mt
 109 295  295.208886  194.576000  0.0500  0.0000                     6.5 1 295Mt
 109 296  296.213271  198.661000  0.1200 -0.0100                     1.0-1 296Mt
 109 297  297.217523  202.621000  0.0700  0.0200                     6.5 1 297Mt
 109 298  298.219074  204.066000  0.4100  0.1100                     1.0-1 298Mt
 109 299  299.222676  207.421000  0.4400  0.1000                     4.5 1 299Mt
 109 300  300.227102  211.544000  0.4200  0.1000                     1.0-1 300Mt
 109 301  301.231367  215.517000  0.4100  0.1000                     4.5 1 301Mt
 109 302  302.235894  219.734000  0.4200  0.0900                     3.0 1 302Mt
 109 303  303.240386  223.918000  0.4000  0.0900                     4.5 1 303Mt
 109 304  304.245003  228.219000  0.3700  0.0800                     3.0 1 304Mt
 109 305  305.249501  232.409000  0.3800  0.0700                     1.5 1 305Mt
 109 306  306.254633  237.189000  0.3400  0.0600                     3.0 1 306Mt
 109 307  307.258867  241.133000  0.3700  0.0600                     1.5 1 307Mt
 109 308  308.264036  245.948000  0.3400  0.0700                     3.0 1 308Mt
 109 309  309.268869  250.450000  0.3500  0.0600                     1.5 1 309Mt
 109 310  310.273515  254.778000  0.2900  0.0600                     6.0-1 310Mt
 109 311  311.278852  259.749000  0.3200  0.0700                     2.5-1 311Mt
 109 312  312.283863  264.417000  0.3000  0.0700                     0.0-1 312Mt
 109 313  313.289184  269.373000  0.3000  0.0600                     2.5-1 313Mt
 109 314  314.294583  274.402000  0.2800  0.0800                     2.0-1 314Mt
 109 315  315.299919  279.373000  0.3100  0.0600                     2.5-1 315Mt
 109 316  316.305180  284.273000  0.2800  0.0700                     2.0-1 316Mt
 109 317  317.310882  289.585000  0.2900  0.0600                     2.5-1 317Mt
 109 318  318.316157  294.498000  0.2600  0.0400                     1.0-1 318Mt
 109 319  319.322022  299.962000  0.2600  0.0500                     2.5-1 319Mt
 109 320  320.327527  305.090000  0.2600  0.0200                     1.0 1 320Mt
 109 321  321.333265  310.434000  0.2700  0.0200                     4.5-1 321Mt
 109 322  322.339160  315.926000  0.2500  0.0200                     3.0-1 322Mt
 109 323  323.345181  321.534000  0.2500  0.0200                     2.5-1 323Mt
 109 324  324.351132  327.077000  0.2500  0.0100                     1.0 1 324Mt
 109 325  325.356967  332.513000  0.2600  0.0100                     2.5-1 325Mt
 109 326  326.363471  338.571000  0.2400  0.0100                     4.0 1 326Mt
 109 327  327.369712  344.385000  0.2500  0.0100                     2.5-1 327Mt
 109 328  328.376014  350.255000  0.2400  0.0000                     3.0 1 328Mt
 109 329  329.382515  356.311000  0.2500  0.0000                     4.5-1 329Mt
 109 330  330.389346  362.674000  0.2500 -0.0100                     2.0-1 330Mt
 109 331  331.395589  368.489000  0.2500 -0.0100                     4.5-1 331Mt
 109 332  332.402422  374.854000  0.2400 -0.0100                     1.0 1 332Mt
 109 333  333.409139  381.111000  0.2400 -0.0200                     4.5-1 333Mt
 109 334  334.416007  387.508000  0.2400 -0.0200                     3.0 1 334Mt
 109 335  335.423243  394.248000  0.2400 -0.0200                     4.5-1 335Mt
 109 336  336.430358  400.876000  0.2300 -0.0200                     2.0 1 336Mt
 109 337  337.437462  407.493000  0.2200 -0.0400                     4.5-1 337Mt
 109 338  338.444810  414.338000  0.2400 -0.0300                    10.0 1 338Mt
 109 339  339.451931  420.971000  0.2300 -0.0400                     4.5-1 339Mt
 109 340  340.459281  427.818000  0.2200 -0.0400                     5.0 1 340Mt
 109 341  341.466900  434.915000  0.2200 -0.0500                     4.5-1 341Mt
 109 342  342.474518  442.011000  0.2000 -0.0500                    12.0-1 342Mt
 109 343  343.482171  449.140000  0.2100 -0.0500                     4.5-1 343Mt
 109 344  344.489912  456.350000  0.2100 -0.0500                     7.0 1 344Mt
 109 345  345.497824  463.720000  0.2100 -0.0500                     4.5-1 345Mt
 109 346  346.505757  471.110000  0.2000 -0.0500                     1.0 1 346Mt
 109 347  347.513704  478.512000  0.2100 -0.0500                     2.5-1 347Mt
 109 348  348.521748  486.005000  0.1700 -0.0500                     3.0 1 348Mt
 109 349  349.530048  493.737000  0.1600 -0.0400                     0.5-1 349Mt
 109 350  350.537726  500.889000  0.1600 -0.0500                     1.0 1 350Mt
 109 351  351.545954  508.553000  0.1400 -0.0500                     3.5-1 351Mt
 109 352  352.554162  516.199000  0.1500 -0.0400                     1.0 1 352Mt
 109 353  353.562391  523.864000  0.1500 -0.0400                     3.5-1 353Mt
 109 354  354.570520  531.436000  0.1400 -0.0300                     1.0 1 354Mt
 109 355  355.578962  539.300000  0.1100 -0.0200                     3.5-1 355Mt
 109 356  356.587179  546.954000  0.1100 -0.0200                     5.0 1 356Mt
 109 357  357.595516  554.720000  0.0900 -0.0300                     3.5-1 357Mt
 109 358  358.603501  562.158000  0.1200 -0.0400                     5.0 1 358Mt
 109 359  359.611987  570.062000 -0.1300  0.0100                     3.5-1 359Mt
