 110 250  250.159507  148.580000  0.3700  0.0900                     0.0 1 25010
 110 251  251.158083  147.253000  0.3400  0.0700                     0.5 1 25110
 110 252  252.155481  144.830000  0.3600  0.0900                     0.0 1 25210
 110 253  253.154156  143.595000  0.3100  0.0700                     0.5 1 25310
 110 254  254.151882  141.477000  0.3100  0.0800                     0.0 1 25410
 110 255  255.150405  140.101000  0.2900  0.0400                     0.5 1 25510
 110 256  256.148735  138.546000  0.2900  0.0500                     0.0 1 25610
 110 257  257.147944  137.809000  0.2900  0.0400                     0.5 1 25710
 110 258  258.146070  136.063000  0.2900  0.0400                     0.0 1 25810
 110 259  259.145520  135.551000  0.3000  0.0300                     0.5 1 25910
 110 260  260.144450  134.554000  0.2900  0.0300                     0.0 1 26010
 110 261  261.144359  134.470000  0.2800  0.0300                     0.5 1 26110
 110 262  262.142860  133.073000  0.2800  0.0100                     0.0 1 26210
 110 263  263.143419  133.594000  0.2900  0.0200                     0.5 1 26310
 110 264  264.142597  132.828000  0.2700  0.0000                     0.0 1 26410
 110 265  265.142881  133.093000  0.2700 -0.0100                     0.5 1 26510
 110 266  266.142616  132.846000  0.2700 -0.0100                     0.0 1 26610
 110 267  267.143112  133.308000  0.2700 -0.0200                     0.5 1 26710
 110 268  268.142906  133.116000  0.2600 -0.0300                     0.0 1 26810
 110 269  269.143970  134.107000  0.2500 -0.0200                     0.5 1 26910
 110 270  270.143968  134.105000  0.2600 -0.0400                     0.0 1 27010
 110 271  271.145433  135.470000  0.2400 -0.0400                     0.5 1 27110
 110 272  272.145663  135.684000  0.2500 -0.0500                     0.0 1 27210
 110 273  273.147521  137.415000  0.2400 -0.0500                     6.5-1 27310
 110 274  274.148291  138.132000  0.2400 -0.0600                     0.0 1 27410
 110 275  275.150338  140.039000  0.2400 -0.0600                     1.5 1 27510
 110 276  276.151554  141.172000  0.2300 -0.0600                     0.0 1 27610
 110 277  277.154065  143.511000  0.2300 -0.0600                     2.5 1 27710
 110 278  278.155695  145.029000  0.2200 -0.0700                     0.0 1 27810
 110 279  279.158364  147.515000  0.2200 -0.0700                     0.5 1 27910
 110 280  280.160177  149.204000  0.2100 -0.0700                     0.0 1 28010
 110 281  281.162945  151.782000  0.2000 -0.0600                     5.5 1 28110
 110 282  282.165323  153.997000  0.1700 -0.0400                     0.0 1 28210
 110 283  283.168103  156.587000  0.1700 -0.0500                     0.5 1 28310
 110 284  284.170228  158.566000  0.1400 -0.0400                     0.0 1 28410
 110 285  285.172964  161.115000  0.1400 -0.0400                     0.5 1 28510
 110 286  286.175839  163.793000  0.1200 -0.0400                     0.0 1 28610
 110 287  287.179039  166.774000  0.1100 -0.0400                     0.5 1 28710
 110 288  288.180974  168.576000 -0.1700  0.0300                     0.0 1 28810
 110 289  289.184463  171.826000 -0.1900  0.0500                     0.5 1 28910
 110 290  290.187150  174.329000 -0.1900  0.0500                     0.0 1 29010
 110 291  291.190779  177.710000 -0.1900  0.0400                     0.5 1 29110
 110 292  292.193635  180.370000 -0.1900  0.0500                     0.0 1 29210
 110 293  293.198931  185.303000  0.0500  0.0000                     0.5 1 29310
 110 294  294.202817  188.923000  0.0000  0.0000                     0.0 1 29410
 110 295  295.204712  190.688000 -0.2200  0.0600                     0.5 1 29510
 110 296  296.210189  195.790000  0.0600  0.0000                     0.0 1 29610
 110 297  297.212500  197.943000 -0.2000  0.0500                     0.5 1 29710
 110 298  298.215027  200.296000  0.4300  0.1100                     0.0 1 29810
 110 299  299.219057  204.050000  0.4000  0.1000                     0.5 1 29910
 110 300  300.222701  207.445000  0.4300  0.1100                     0.0 1 30010
 110 301  301.226935  211.389000  0.4000  0.1100                     0.5 1 30110
 110 302  302.230838  215.024000  0.4300  0.1000                     0.0 1 30210
 110 303  303.235432  219.304000  0.4200  0.1000                     0.5 1 30310
 110 304  304.239660  223.242000  0.4100  0.0900                     0.0 1 30410
 110 305  305.244312  227.575000  0.4000  0.0800                     0.5 1 30510
 110 306  306.248539  231.513000  0.4000  0.0700                     0.0 1 30610
 110 307  307.253290  235.938000  0.3800  0.0700                     0.5 1 30710
 110 308  308.257792  240.132000  0.3600  0.0700                     0.0 1 30810
 110 309  309.262839  244.833000  0.3700  0.0500                     0.5 1 30910
 110 310  310.267207  248.902000  0.3500  0.0700                     0.0 1 31010
 110 311  311.272419  253.757000  0.3300  0.0500                     0.5 1 31110
 110 312  312.277358  258.357000  0.3300  0.0700                     0.0 1 31210
 110 313  313.282200  262.868000  0.3100  0.0600                     0.5 1 31310
 110 314  314.287707  267.997000  0.3200  0.0400                     0.0 1 31410
 110 315  315.292714  272.661000  0.3100  0.0700                     0.5 1 31510
 110 316  316.298062  277.643000  0.3000  0.0700                     0.0 1 31610
 110 317  317.302685  281.949000  0.2800  0.0600                     0.5 1 31710
 110 318  318.308625  287.482000  0.2600  0.0500                     0.0 1 31810
 110 319  319.313739  292.246000  0.2600  0.0500                     0.5 1 31910
 110 320  320.319418  297.536000  0.2700  0.0500                     0.0 1 32010
 110 321  321.324981  302.718000  0.2700  0.0400                     0.5 1 32110
 110 322  322.330653  308.001000  0.2500  0.0400                     0.0 1 32210
 110 323  323.336340  313.299000  0.2500  0.0200                     0.5 1 32310
 110 324  324.342038  318.606000  0.2500  0.0200                     0.0 1 32410
 110 325  325.347732  323.910000  0.2500  0.0300                     0.5 1 32510
 110 326  326.353674  329.445000  0.2500  0.0300                     0.0 1 32610
 110 327  327.359936  335.278000  0.2400  0.0200                     0.5 1 32710
 110 328  328.366203  341.116000  0.2400  0.0100                     0.0 1 32810
 110 329  329.372343  346.835000  0.2400  0.0000                     0.5 1 32910
 110 330  330.378598  352.662000  0.2400  0.0000                     0.0 1 33010
 110 331  331.385345  358.947000  0.2400  0.0000                     0.5 1 33110
 110 332  332.391284  364.479000  0.2400 -0.0100                     0.0 1 33210
 110 333  333.397866  370.610000  0.2400 -0.0100                     0.5 1 33310
 110 334  334.404611  376.893000  0.2300 -0.0100                     0.0 1 33410
 110 335  335.411513  383.322000  0.2300 -0.0200                     0.5 1 33510
 110 336  336.418281  389.626000  0.2300 -0.0200                     0.0 1 33610
 110 337  337.425278  396.144000  0.2300 -0.0200                     0.5 1 33710
 110 338  338.432279  402.665000  0.2300 -0.0300                     0.0 1 33810
 110 339  339.439400  409.299000  0.2300 -0.0300                     0.5 1 33910
 110 340  340.446623  416.027000  0.2200 -0.0500                     0.0 1 34010
 110 341  341.453914  422.818000  0.2200 -0.0300                     0.5 1 34110
 110 342  342.461091  429.504000  0.2200 -0.0400                     0.0 1 34210
 110 343  343.468992  436.863000  0.2100 -0.0300                     0.5 1 34310
 110 344  344.476192  443.570000  0.2100 -0.0500                     0.0 1 34410
 110 345  345.483788  450.646000  0.2000 -0.0600                     0.5 1 34510
 110 346  346.491388  457.725000  0.2000 -0.0600                     0.0 1 34610
 110 347  347.499279  465.076000  0.2000 -0.0400                     0.5 1 34710
 110 348  348.507025  472.291000  0.1900 -0.0600                     0.0 1 34810
 110 349  349.514873  479.601000  0.1900 -0.0600                     0.5 1 34910
 110 350  350.523060  487.227000  0.1700 -0.0500                     0.0 1 35010
 110 351  351.530892  494.523000  0.1700 -0.0500                     0.5 1 35110
 110 352  352.538992  502.068000  0.1600 -0.0600                     0.0 1 35210
 110 353  353.547280  509.788000  0.1900 -0.0300                     0.5 1 35310
 110 354  354.555329  517.286000  0.1500 -0.0400                     0.0 1 35410
 110 355  355.563222  524.638000  0.1300 -0.0500                     0.5 1 35510
 110 356  356.571563  532.408000 -0.1500  0.0300                     0.0 1 35610
 110 357  357.579512  539.812000  0.1200 -0.0400                     0.5 1 35710
 110 358  358.587671  547.412000 -0.1900  0.0500                     0.0 1 35810
 110 359  359.596095  555.259000  0.1000 -0.0300                     0.5 1 35910
 110 360  360.604754  563.325000  0.0700 -0.0300                     0.0 1 36010
