 111 253  253.166532  155.124000  0.3400  0.1000                     1.5 1 25311
 111 254  254.165304  153.980000  0.3400  0.0800                     0.0-1 25411
 111 255  255.162670  151.526000  0.3300  0.0900                     1.5 1 25511
 111 256  256.161350  150.297000  0.3000  0.0700                     2.0 1 25611
 111 257  257.159329  148.414000  0.3300  0.0800                     4.5-1 25711
 111 258  258.158363  147.514000  0.3200  0.0800                     1.0-1 25811
 111 259  259.155971  145.286000  0.2900  0.0500                     4.5-1 25911
 111 260  260.155567  144.910000  0.2700  0.0400                     2.0 1 26011
 111 261  261.154059  143.505000  0.2800  0.0400                     4.5-1 26111
 111 262  262.153660  143.133000  0.2900  0.0400                     1.0 1 26211
 111 263  263.152484  142.038000  0.2900  0.0300                     0.5 1 26311
 111 264  264.152829  142.359000  0.2800 -0.0100                     5.0-1 26411
 111 265  265.151629  141.242000  0.2800  0.0200                     0.5 1 26511
 111 266  266.151616  141.229000  0.2700 -0.0100                     0.0-1 26611
 111 267  267.151080  140.730000  0.2600 -0.0100                     1.5-1 26711
 111 268  268.151345  140.977000  0.2500 -0.0300                     2.0-1 26811
 111 269  269.150806  140.475000  0.2400 -0.0400                     1.5-1 26911
 111 270  270.151483  141.106000  0.2400 -0.0400                     0.0-1 27011
 111 271  271.151434  141.060000  0.2500 -0.0500                     1.5-1 27111
 111 272  272.152664  142.206000  0.2400 -0.0400                     1.0-1 27211
 111 273  273.152706  142.245000  0.2400 -0.0600                     1.5-1 27311
 111 274  274.154405  143.827000  0.2300 -0.0600                     5.0 1 27411
 111 275  275.154746  144.145000  0.2400 -0.0700                     1.5-1 27511
 111 276  276.156540  145.816000  0.2300 -0.0600                     0.0-1 27611
 111 277  277.157506  146.716000  0.2300 -0.0700                     1.5-1 27711
 111 278  278.159817  148.869000  0.2300 -0.0700                     1.0-1 27811
 111 279  279.161528  150.462000  0.2100 -0.0500                     1.5-1 27911
 111 280  280.163492  152.292000  0.2000 -0.0600                     3.0-1 28011
 111 281  281.165508  154.170000  0.2100 -0.0500                     1.5-1 28111
 111 282  282.168055  156.542000  0.2000 -0.0500                     4.0-1 28211
 111 283  283.170368  158.697000  0.2200 -0.0500                     1.5-1 28311
 111 284  284.172718  160.886000  0.2100 -0.0500                     1.0-1 28411
 111 285  285.174588  162.628000 -0.1500  0.0200                     6.5 1 28511
 111 286  286.177441  165.285000 -0.1800  0.0500                     4.0 1 28611
 111 287  287.179482  167.186000 -0.1700  0.0300                     6.5 1 28711
 111 288  288.182648  170.136000 -0.1900  0.0400                     4.0 1 28811
 111 289  289.185010  172.336000 -0.1800  0.0500                     6.5 1 28911
 111 290  290.188244  175.348000  0.4700  0.1900                     7.0 1 29011
 111 291  291.190551  177.497000  0.4600  0.1800                     6.5 1 29111
 111 292  292.193780  180.505000  0.4800  0.1800                     5.0 1 29211
 111 293  293.196576  183.109000  0.4700  0.1800                     6.5 1 29311
 111 294  294.200145  186.434000  0.4400  0.1200                     7.0 1 29411
 111 295  295.203155  189.238000  0.4400  0.1200                     6.5 1 29511
 111 296  296.206667  192.509000  0.4300  0.1100                     5.0 1 29611
 111 297  297.209774  195.403000  0.4200  0.1100                     6.5 1 29711
 111 298  298.213679  199.041000  0.4600  0.1200                     1.0-1 29811
 111 299  299.217170  202.293000  0.4300  0.1000                     6.5 1 29911
 111 300  300.220979  205.841000  0.4100  0.1000                     2.0-1 30011
 111 301  301.224627  209.239000  0.4200  0.0900                     6.5 1 30111
 111 302  302.228446  212.796000  0.4100  0.0900                     1.0 1 30211
 111 303  303.232358  216.440000  0.4300  0.0900                     2.5-1 30311
 111 304  304.236500  220.298000  0.4300  0.0900                     2.0-1 30411
 111 305  305.240764  224.270000  0.4200  0.0800                     2.5-1 30511
 111 306  306.245095  228.305000  0.4200  0.0800                     2.0-1 30611
 111 307  307.249416  232.330000  0.4100  0.0700                     2.5-1 30711
 111 308  308.253951  236.554000  0.4100  0.0700                     2.0-1 30811
 111 309  309.258114  240.432000  0.3700  0.0800                     2.5-1 30911
 111 310  310.262878  244.869000  0.3900  0.0900                     3.0-1 31011
 111 311  311.267630  249.296000  0.3800  0.0800                     2.5-1 31111
 111 312  312.272298  253.644000  0.2900  0.0700                     2.0-1 31211
 111 313  313.277227  258.235000  0.3400  0.0800                     2.5-1 31311
 111 314  314.281965  262.649000  0.3000  0.0700                     2.0-1 31411
 111 315  315.287114  267.445000  0.3000  0.0600                     4.5-1 31511
 111 316  316.292294  272.270000  0.3000  0.0600                     1.0-1 31611
 111 317  317.296991  276.645000  0.3000  0.0600                     4.5-1 31711
 111 318  318.302647  281.914000  0.3000  0.0500                     1.0-1 31811
 111 319  319.307562  286.492000  0.2800  0.0500                     2.5-1 31911
 111 320  320.312623  291.207000  0.2600  0.0500                     1.0 1 32011
 111 321  321.317960  296.178000  0.2700  0.0300                     0.5 1 32111
 111 322  322.323534  301.370000  0.2700  0.0300                     1.0 1 32211
 111 323  323.329040  306.499000  0.2700  0.0300                     0.5 1 32311
 111 324  324.334512  311.596000  0.2600  0.0200                     4.0-1 32411
 111 325  325.340192  316.887000  0.2600  0.0200                     0.5 1 32511
 111 326  326.346011  322.307000  0.2800  0.0300                     4.0-1 32611
 111 327  327.351815  327.714000  0.2400  0.0200                     0.5 1 32711
 111 328  328.357923  333.403000  0.2700  0.0200                     1.0 1 32811
 111 329  329.363760  338.840000  0.2400  0.0100                     0.5 1 32911
 111 330  330.369593  344.274000  0.2500  0.0000                     1.0-1 33011
 111 331  331.375891  350.140000  0.2300 -0.0100                     0.5 1 33111
 111 332  332.382418  356.220000  0.2300 -0.0100                     6.0 1 33211
 111 333  333.388440  361.830000  0.2400 -0.0200                     1.5-1 33311
 111 334  334.394825  367.777000  0.2300 -0.0100                     3.0 1 33411
 111 335  335.401214  373.729000  0.2300 -0.0200                     1.5-1 33511
 111 336  336.407981  380.032000  0.2300 -0.0200                     0.0 1 33611
 111 337  337.414687  386.279000  0.2300 -0.0400                     1.5-1 33711
 111 338  338.421435  392.564000  0.2200 -0.0300                     4.0 1 33811
 111 339  339.428261  398.923000  0.2300 -0.0500                     1.5-1 33911
 111 340  340.435375  405.549000  0.2300 -0.0300                     4.0 1 34011
 111 341  341.442206  411.912000  0.2200 -0.0400                     1.5-1 34111
 111 342  342.449440  418.651000  0.2100 -0.0500                     2.0 1 34211
 111 343  343.456666  425.382000  0.2100 -0.0400                     1.5-1 34311
 111 344  344.463748  431.979000  0.1900 -0.0600                     2.0 1 34411
 111 345  345.471162  438.885000  0.1900 -0.0600                     1.5-1 34511
 111 346  346.478557  445.773000  0.2100 -0.0500                     7.0 1 34611
 111 347  347.486166  452.861000  0.2100 -0.0700                     1.5-1 34711
 111 348  348.493769  459.943000  0.2100 -0.0400                     4.0 1 34811
 111 349  349.501581  467.220000  0.2000 -0.0500                     1.5-1 34911
 111 350  350.509024  474.153000  0.2000 -0.0500                     1.0 1 35011
 111 351  351.517098  481.674000  0.1800 -0.0700                     1.5-1 35111
 111 352  352.524727  488.780000  0.1900 -0.0700                     0.0-1 35211
 111 353  353.532872  496.367000  0.1300 -0.0600                     1.5-1 35311
 111 354  354.540764  503.719000  0.1500 -0.0600                     1.0 1 35411
 111 355  355.548749  511.157000  0.1200 -0.0700                     3.5-1 35511
 111 356  356.556398  518.282000  0.4400  0.2000                     2.0-1 35611
 111 357  357.564663  525.980000  0.4500  0.2100                     3.5-1 35711
 111 358  358.572045  532.857000  0.4300  0.1900                     8.0-1 35811
 111 359  359.580520  540.751000  0.4200  0.1200                     6.5 1 35911
 111 360  360.587891  547.617000  0.4400  0.1900                     1.0 1 36011
 111 361  361.596435  555.576000  0.4400  0.1900                     0.5 1 36111
 111 362  362.604193  562.802000  0.3900  0.1000                     1.0 1 36211
 111 363  363.612618  570.650000  0.4200  0.1300                     0.5 1 36311
 111 364  364.620848  578.316000  0.4300  0.1800                     1.0 1 36411
 111 365  365.629187  586.084000  0.4000  0.1000                     0.5 1 36511
 111 366  366.636979  593.342000  0.4100  0.1000                     1.0 1 36611
 111 367  367.645714  601.479000  0.4100  0.1000                     0.5 1 36711
 111 368  368.653970  609.169000  0.4100  0.1000                     1.0 1 36811
 111 369  369.662627  617.233000  0.4100  0.1000                     0.5 1 36911
 111 370  370.670938  624.975000  0.4100  0.0900                     7.0 1 37011
 111 371  371.679920  633.342000  0.4100  0.0900                     6.5 1 37111
 111 372  372.688430  641.269000  0.4100  0.1000                     4.0 1 37211
 111 373  373.697739  649.940000  0.4100  0.1000                     6.5 1 37311
 111 374  374.705887  657.530000  0.3900  0.1000                     2.0-1 37411
 111 375  375.715734  666.702000  0.4200  0.1000                     6.5 1 37511
 111 376  376.723708  674.130000  0.4000  0.1000                     3.0 1 37611
 111 377  377.733939  683.660000  0.4000  0.0800                     2.5-1 37711
 111 378  378.741690  690.880000  0.4100  0.0900                     1.0-1 37811
 111 379  379.751804  700.301000  0.4000  0.0900                     2.5-1 37911
 111 380  380.760096  708.025000  0.3900  0.0900                     1.0 1 38011
 111 381  381.770646  717.852000  0.3900  0.0900                     2.5-1 38111
