 113 256  256.186920  174.115000  0.3300  0.0900                     4.0-1 25613
 113 257  257.184568  171.924000  0.3300  0.0900                     1.5-1 25713
 113 258  258.182453  169.954000  0.3200  0.0900                     2.0-1 25813
 113 259  259.179926  167.600000  0.3200  0.0900                     1.5 1 25913
 113 260  260.178350  166.132000  0.3200  0.0800                     1.0 1 26013
 113 261  261.176545  164.451000  0.3200  0.0800                     1.5 1 26113
 113 262  262.175218  163.215000  0.3000  0.0300                     4.0 1 26213
 113 263  263.173583  161.692000  0.3100  0.0700                     1.5-1 26313
 113 264  264.172535  160.715000  0.2900 -0.0100                     3.0 1 26413
 113 265  265.170976  159.263000  0.2800  0.0300                     1.5-1 26513
 113 266  266.170678  158.986000  0.2400  0.0000                     4.0 1 26613
 113 267  267.168961  157.386000  0.2700  0.0000                     1.5-1 26713
 113 268  268.168832  157.266000  0.2600  0.0000                     1.0 1 26813
 113 269  269.167738  156.247000  0.2700 -0.0100                     5.5 1 26913
 113 270  270.167607  156.125000  0.2500 -0.0300                     2.0 1 27013
 113 271  271.166828  155.399000  0.2500 -0.0300                     5.5 1 27113
 113 272  272.167397  155.929000  0.2500 -0.0200                     4.0 1 27213
 113 273  273.166706  155.286000  0.2400 -0.0400                     5.5 1 27313
 113 274  274.167544  156.066000  0.2400 -0.0300                     5.0 1 27413
 113 275  275.167038  155.595000  0.2400 -0.0600                     5.5 1 27513
 113 276  276.168089  156.574000  0.2300 -0.0600                     2.0 1 27613
 113 277  277.167991  156.483000  0.2300 -0.0700                     5.5 1 27713
 113 278  278.169282  157.685000  0.2300 -0.0700                     4.0 1 27813
 113 279  279.170091  158.439000  0.2300 -0.0800                     5.5 1 27913
 113 280  280.171673  159.912000  0.2200 -0.0800                     3.0 1 28013
 113 281  281.172689  160.859000  0.2200 -0.0800                     5.5 1 28113
 113 282  282.174952  162.967000  0.2000 -0.0500                     1.0 1 28213
 113 283  283.176045  163.985000  0.1900 -0.0600                     1.5-1 28313
 113 284  284.178274  166.061000  0.2000 -0.0500                     3.0-1 28413
 113 285  285.179733  167.420000  0.1800 -0.0600                     1.5-1 28513
 113 286  286.181927  169.464000  0.1700 -0.0500                     4.0 1 28613
 113 287  287.183747  171.159000  0.1500 -0.0600                     6.5 1 28713
 113 288  288.186180  173.426000 -0.1400  0.0200                     4.0 1 28813
 113 289  289.187958  175.082000 -0.1300  0.0100                     6.5 1 28913
 113 290  290.190810  177.738000 -0.2000  0.0500                     4.0 1 29013
 113 291  291.192236  179.067000  0.4900  0.2100                     0.5 1 29113
 113 292  292.195271  181.894000  0.4900  0.2000                     5.0 1 29213
 113 293  293.197298  183.782000  0.4800  0.1900                     6.5 1 29313
 113 294  294.200047  186.343000  0.4700  0.1900                     5.0 1 29413
 113 295  295.202580  188.702000  0.4700  0.1900                     6.5 1 29513
 113 296  296.205801  191.702000  0.4500  0.1700                     7.0 1 29613
 113 297  297.208580  194.291000  0.4700  0.1800                     6.5 1 29713
 113 298  298.211664  197.164000  0.4500  0.1300                     1.0 1 29813
 113 299  299.214615  199.913000  0.4800  0.1700                     6.5 1 29913
 113 300  300.217865  202.940000  0.4700  0.1400                     1.0-1 30013
 113 301  301.221091  205.945000  0.4800  0.1600                     6.5 1 30113
 113 302  302.224776  209.378000  0.4500  0.1100                     3.0-1 30213
 113 303  303.228103  212.477000  0.4500  0.1200                     0.5 1 30313
 113 304  304.231914  216.027000  0.4700  0.1200                     4.0 1 30413
 113 305  305.235368  219.244000  0.4400  0.1000                     0.5 1 30513
 113 306  306.239198  222.812000  0.4300  0.1000                     4.0 1 30613
 113 307  307.243280  226.614000  0.4400  0.0900                     0.5 1 30713
 113 308  308.247289  230.348000  0.4400  0.0800                     0.0 1 30813
 113 309  309.251229  234.018000  0.4200  0.0800                     2.5 1 30913
 113 310  310.255620  238.109000  0.4100  0.0800                     1.0 1 31013
 113 311  311.259667  241.878000  0.3400  0.0900                     2.5 1 31113
 113 312  312.264387  246.275000  0.3200  0.0600                     3.0 1 31213
 113 313  313.268025  249.664000  0.3400  0.0800                     4.5-1 31313
 113 314  314.272871  254.178000  0.3500  0.0700                     1.0-1 31413
 113 315  315.277161  258.174000  0.3300  0.0800                     4.5-1 31513
 113 316  316.281650  262.355000  0.3200  0.0700                     2.0-1 31613
 113 317  317.286494  266.868000  0.3200  0.0500                     4.5-1 31713
 113 318  318.291050  271.111000  0.3200  0.0800                     1.0-1 31813
 113 319  319.295967  275.692000  0.3200  0.0700                     4.5-1 31913
 113 320  320.300788  280.182000  0.3100  0.0400                     1.0 1 32013
 113 321  321.305843  284.891000  0.3100  0.0500                     1.5 1 32113
 113 322  322.310765  289.476000  0.2900  0.0700                     1.0-1 32213
 113 323  323.316207  294.545000  0.2700  0.0400                     1.5 1 32313
 113 324  324.320945  298.958000  0.2500  0.0300                     1.0 1 32413
 113 325  325.326281  303.929000  0.2400  0.0500                     1.5 1 32513
 113 326  326.331325  308.627000  0.2600  0.0200                     0.0 1 32613
 113 327  327.336938  313.856000  0.2500  0.0100                     1.5 1 32713
 113 328  328.342145  318.706000  0.2600  0.0100                     0.0 1 32813
 113 329  329.347529  323.721000  0.2500  0.0100                     1.5 1 32913
 113 330  330.353288  329.086000  0.2400  0.0000                     1.0-1 33013
 113 331  331.359074  334.475000  0.2400  0.0100                     1.5-1 33113
 113 332  332.364865  339.870000  0.2400  0.0100                     0.0 1 33213
 113 333  333.370693  345.298000  0.2300 -0.0100                     1.5-1 33313
 113 334  334.376714  350.907000  0.2100 -0.0200                     5.0-1 33413
 113 335  335.382528  356.323000  0.2200 -0.0100                     1.5-1 33513
 113 336  336.388622  361.999000  0.2300 -0.0200                     4.0-1 33613
 113 337  337.394928  367.873000  0.2200 -0.0200                     5.5 1 33713
 113 338  338.401223  373.737000  0.2300 -0.0200                     4.0-1 33813
 113 339  339.407457  379.544000  0.2300 -0.0200                     5.5 1 33913
 113 340  340.413762  385.417000  0.2200 -0.0300                     1.0-1 34013
 113 341  341.420346  391.550000  0.2200 -0.0300                     5.5 1 34113
 113 342  342.427005  397.753000  0.2300 -0.0300                     8.0-1 34213
 113 343  343.433598  403.894000  0.2100 -0.0400                     5.5 1 34313
 113 344  344.440209  410.052000  0.2100 -0.0400                     6.0-1 34413
 113 345  345.447336  416.691000  0.2100 -0.0500                     5.5 1 34513
 113 346  346.454236  423.118000  0.2000 -0.0500                     6.0-1 34613
 113 347  347.461226  429.629000  0.2000 -0.0500                     5.5 1 34713
 113 348  348.468424  436.334000  0.2000 -0.0600                     8.0-1 34813
 113 349  349.475597  443.016000  0.2000 -0.0500                     5.5 1 34913
 113 350  350.482845  449.767000  0.1900 -0.0500                     1.0 1 35013
 113 351  351.490280  456.693000  0.1900 -0.0600                     5.5 1 35113
 113 352  352.497725  463.628000  0.1900 -0.0600                     2.0-1 35213
 113 353  353.505383  470.761000  0.1900 -0.0600                     1.5-1 35313
 113 354  354.512869  477.735000  0.1800 -0.0600                     2.0 1 35413
 113 355  355.520598  484.934000  0.1800 -0.0600                     5.5 1 35513
 113 356  356.528303  492.111000  0.1700 -0.0600                     7.0-1 35613
 113 357  357.536383  499.638000  0.1400 -0.0600                     1.5-1 35713
 113 358  358.544008  506.740000  0.1800 -0.0500                     2.0-1 35813
 113 359  359.551985  514.171000  0.1100 -0.0600                     1.5 1 35913
 113 360  360.559480  521.152000  0.4400  0.1500                     8.0-1 36013
 113 361  361.567182  528.327000  0.4600  0.1900                     6.5 1 36113
 113 362  362.574685  535.316000  0.4300  0.1900                     8.0-1 36213
 113 363  363.582630  542.717000  0.4400  0.1400                     6.5 1 36313
 113 364  364.590299  549.860000  0.4600  0.1800                     6.0-1 36413
 113 365  365.598852  557.827000  0.4300  0.1400                     6.5 1 36513
 113 366  366.606540  564.989000  0.4400  0.1300                     4.0-1 36613
 113 367  367.614814  572.696000  0.4100  0.1600                     6.5 1 36713
 113 368  368.622503  579.858000  0.4400  0.1300                     4.0-1 36813
 113 369  369.630775  587.563000  0.4100  0.1000                     6.5 1 36913
 113 370  370.638697  594.943000  0.4300  0.1100                     4.0-1 37013
 113 371  371.647526  603.167000  0.4400  0.1200                     6.5 1 37113
 113 372  372.653420  608.657000  0.4100  0.1000                     7.0 1 37213
 113 373  373.663744  618.274000  0.4200  0.0900                     6.5 1 37313
 113 374  374.672778  626.689000  0.4100  0.0900                     0.0-1 37413
 113 375  375.681011  634.358000  0.4300  0.0900                     6.5 1 37513
 113 376  376.689560  642.321000  0.4200  0.0900                     4.0 1 37613
 113 377  377.698388  650.544000  0.4100  0.0800                     6.5 1 37713
 113 378  378.706966  658.535000  0.4100  0.0700                     4.0 1 37813
 113 379  379.715845  666.806000  0.4100  0.0800                     6.5 1 37913
 113 380  380.724288  674.670000  0.4000  0.0700                     1.0 1 38013
 113 381  381.733899  683.623000  0.4100  0.0700                     2.5 1 38113
 113 382  382.741864  691.042000  0.4100  0.0800                     1.0 1 38213
 113 383  383.751573  700.086000  0.4000  0.0500                     2.5 1 38313
