 115 276  276.183879  171.282000  0.2300 -0.0400                     0.0-1 27615
 115 277  277.183436  170.870000  0.2200 -0.0400                     0.5-1 27715
 115 278  278.184147  171.532000  0.2200 -0.0600                     6.0 1 27815
 115 279  279.183284  170.728000  0.2100 -0.0700                     0.5-1 27915
 115 280  280.184596  171.950000  0.2200 -0.0600                     2.0-1 28015
 115 281  281.184557  171.914000  0.2200 -0.0600                     0.5-1 28115
 115 282  282.185967  173.227000  0.2000 -0.0500                     3.0-1 28215
 115 283  283.186308  173.545000  0.1900 -0.0600                     2.5-1 28315
 115 284  284.187743  174.882000  0.1900 -0.0600                     5.0-1 28415
 115 285  285.188518  175.603000  0.1800 -0.0600                     0.5-1 28515
 115 286  286.190372  177.330000  0.1800 -0.0600                     6.0-1 28615
 115 287  287.191213  178.114000  0.1700 -0.0600                     2.5-1 28715
 115 288  288.193178  179.944000  0.1600 -0.0600                     4.0 1 28815
 115 289  289.194409  181.091000 -0.1400  0.0200                     2.5-1 28915
 115 290  290.196392  182.938000 -0.1500  0.0200                     0.0-1 29015
 115 291  291.197767  184.219000 -0.1400  0.0200                     2.5-1 29115
 115 292  292.199915  186.220000  0.5000  0.2300                     6.0-1 29215
 115 293  293.201342  187.549000  0.4900  0.2300                     2.5-1 29315
 115 294  294.203865  189.899000  0.5000  0.2300                     8.0 1 29415
 115 295  295.205512  191.433000  0.5000  0.2200                     0.5 1 29515
 115 296  296.208050  193.797000  0.5000  0.2200                     3.0 1 29615
 115 297  297.210256  195.852000  0.4900  0.2200                     0.5 1 29715
 115 298  298.213250  198.641000  0.4900  0.2100                     2.0-1 29815
 115 299  299.215494  200.731000  0.5000  0.2200                     2.5-1 29915
 115 300  300.218380  203.420000  0.4600  0.1400                     0.0 1 30015
 115 301  301.221124  205.976000  0.4800  0.1400                     2.5-1 30115
 115 302  302.223995  208.650000  0.4900  0.1700                     5.0-1 30215
 115 303  303.226880  211.337000  0.5000  0.2100                     2.5-1 30315
 115 304  304.229824  214.080000  0.4800  0.1300                     4.0-1 30415
 115 305  305.233201  217.225000  0.4700  0.1200                     0.5 1 30515
 115 306  306.236638  220.427000  0.4800  0.1700                     2.0-1 30615
 115 307  307.239899  223.465000  0.4500  0.1000                     0.5 1 30715
 115 308  308.243405  226.730000  0.4400  0.1000                     2.0-1 30815
 115 309  309.246900  229.986000  0.4400  0.1000                     2.5 1 30915
 115 310  310.250448  233.291000  0.4400  0.0900                     4.0-1 31015
 115 311  311.254501  237.066000  0.4200  0.0600                     0.5 1 31115
 115 312  312.257989  240.315000  0.4100  0.0600                     5.0 1 31215
 115 313  313.262179  244.218000  0.4100  0.0600                     0.5 1 31315
 115 314  314.266361  248.114000  0.4300  0.0600                     5.0 1 31415
 115 315  315.270427  251.901000  0.3600  0.0500                     4.5-1 31515
 115 316  316.274305  255.514000  0.3100  0.0300                     3.0-1 31615
 115 317  317.278855  259.752000  0.3300  0.0800                     1.5-1 31715
 115 318  318.282724  263.356000  0.3100  0.0500                     1.0-1 31815
 115 319  319.286997  267.336000  0.3000  0.0500                     1.5-1 31915
 115 320  320.291661  271.681000  0.3300  0.0500                     4.0-1 32015
 115 321  321.296320  276.020000  0.3300  0.0500                     1.5-1 32115
 115 322  322.300556  279.966000  0.3100  0.0400                     1.0-1 32215
 115 323  323.305397  284.476000  0.2800  0.0300                     1.5-1 32315
 115 324  324.310318  289.059000  0.2900  0.0700                     5.0 1 32415
 115 325  325.314973  293.396000  0.2800  0.0300                     1.5-1 32515
 115 326  326.319796  297.888000  0.2600  0.0300                     3.0 1 32615
 115 327  327.324660  302.419000  0.2600  0.0300                     1.5-1 32715
 115 328  328.329804  307.211000  0.2500  0.0300                     1.0-1 32815
 115 329  329.334716  311.786000  0.2600  0.0300                     1.5-1 32915
 115 330  330.339706  316.434000  0.2500  0.0100                     1.0-1 33015
 115 331  331.345071  321.432000  0.2500  0.0100                     1.5-1 33115
 115 332  332.350425  326.419000  0.2600  0.0000                     0.0 1 33215
 115 333  333.355776  331.403000  0.2400  0.0100                     1.5-1 33315
 115 334  334.361138  336.398000  0.2300  0.0000                     0.0 1 33415
 115 335  335.366857  341.725000  0.2400 -0.0100                     1.5-1 33515
 115 336  336.372745  347.210000  0.2400  0.0000                     1.0 1 33615
 115 337  337.378178  352.271000  0.2200 -0.0100                     5.5 1 33715
 115 338  338.384052  357.742000  0.2300 -0.0100                     1.0-1 33815
 115 339  339.389906  363.195000  0.2200 -0.0300                     5.5 1 33915
 115 340  340.395654  368.549000  0.2200 -0.0300                     5.0-1 34015
 115 341  341.401788  374.263000  0.2200 -0.0300                     0.5 1 34115
 115 342  342.407946  379.999000  0.2100 -0.0400                     1.0-1 34215
 115 343  343.413991  385.630000  0.2100 -0.0500                     0.5-1 34315
 115 344  344.420386  391.587000  0.2200 -0.0500                     2.0 1 34415
 115 345  345.426773  397.537000  0.2000 -0.0500                     0.5-1 34515
 115 346  346.433122  403.451000  0.2100 -0.0600                     7.0-1 34615
 115 347  347.439684  409.563000  0.2000 -0.0600                     0.5-1 34715
 115 348  348.446395  415.814000  0.2000 -0.0500                     0.0 1 34815
 115 349  349.452853  421.830000  0.1900 -0.0700                     0.5-1 34915
 115 350  350.459871  428.367000  0.1900 -0.0600                     2.0 1 35015
 115 351  351.466651  434.683000  0.1900 -0.0700                     0.5-1 35115
 115 352  352.473733  441.280000  0.1800 -0.0600                     7.0 1 35215
 115 353  353.480834  447.894000  0.1900 -0.0700                     0.5-1 35315
 115 354  354.488149  454.708000  0.1800 -0.0600                     7.0 1 35415
 115 355  355.495114  461.196000  0.1800 -0.0700                     0.5-1 35515
 115 356  356.502646  468.212000  0.1700 -0.0600                     7.0 1 35615
 115 357  357.510195  475.244000  0.1800 -0.0700                     0.5-1 35715
 115 358  358.517232  481.799000  0.1600 -0.0900                     1.0 1 35815
 115 359  359.525083  489.112000  0.1700 -0.0800                     2.5-1 35915
 115 360  360.532651  496.161000 -0.1800  0.0600                     9.0-1 36015
 115 361  361.539950  502.960000 -0.2000  0.0600                     0.5 1 36115
 115 362  362.547364  509.866000 -0.1800  0.0500                     3.0-1 36215
 115 363  363.554931  516.915000 -0.2000  0.0600                     0.5 1 36315
 115 364  364.562075  523.570000  0.4600  0.2100                     1.0 1 36415
 115 365  365.570136  531.078000  0.4800  0.2200                     0.5 1 36515
 115 366  366.577742  538.163000  0.4400  0.1400                     1.0-1 36615
 115 367  367.585485  545.376000  0.4600  0.1500                     2.5-1 36715
 115 368  368.592932  552.313000  0.4200  0.1500                     5.0 1 36815
 115 369  369.600871  559.708000  0.4300  0.1500                     0.5 1 36915
 115 370  370.608771  567.067000  0.4900  0.2200                     5.0 1 37015
 115 371  371.616618  574.376000  0.4300  0.1200                     2.5-1 37115
 115 372  372.624298  581.530000  0.4300  0.1200                     3.0 1 37215
 115 373  373.632850  589.496000  0.4400  0.1300                     2.5-1 37315
 115 374  374.639293  595.498000  0.4200  0.1100                     5.0 1 37415
 115 375  375.648979  604.520000  0.4300  0.1000                     2.5-1 37515
 115 376  376.658158  613.070000  0.4200  0.1000                     4.0 1 37615
 115 377  377.665501  619.910000  0.4300  0.1000                     0.5 1 37715
 115 378  378.674763  628.538000  0.4300  0.0900                     0.0-1 37815
 115 379  379.682450  635.698000  0.4200  0.0900                     2.5-1 37915
 115 380  380.691325  643.965000  0.4300  0.0900                     0.0-1 38015
 115 381  381.699520  651.599000  0.4200  0.0800                     2.5-1 38115
 115 382  382.708200  659.684000  0.4300  0.0800                     1.0-1 38215
 115 383  383.716694  667.596000  0.4100  0.0800                     0.5 1 38315
 115 384  384.725425  675.729000  0.3800  0.0500                     5.0-1 38415
 115 385  385.734463  684.148000  0.3900  0.0500                     4.5-1 38515
