 116 278  278.191346  178.238000  0.2200 -0.0600                     0.0 1 27816
 116 279  279.191788  178.649000  0.2400 -0.0600                     6.5-1 27916
 116 280  280.191385  178.274000  0.2300 -0.0500                     0.0 1 28016
 116 281  281.191981  178.829000  0.2300 -0.0700                     1.5 1 28116
 116 282  282.191907  178.760000  0.2300 -0.0700                     0.0 1 28216
 116 283  283.192874  179.661000  0.1900 -0.0600                     2.5 1 28316
 116 284  284.193069  179.843000  0.1900 -0.0600                     0.0 1 28416
 116 285  285.194339  181.026000  0.1800 -0.0600                     3.5 1 28516
 116 286  286.194947  181.592000  0.1800 -0.0600                     0.0 1 28616
 116 287  287.196535  183.071000  0.1700 -0.0600                     3.5 1 28716
 116 288  288.197006  183.510000  0.1600 -0.0600                     0.0 1 28816
 116 289  289.199004  185.371000  0.1600 -0.0600                     6.5-1 28916
 116 290  290.199712  186.031000 -0.1400  0.0200                     0.0 1 29016
 116 291  291.201314  187.523000  0.5000  0.2200                     2.5 1 29116
 116 292  292.202580  188.702000 -0.1400  0.0100                     0.0 1 29216
 116 293  293.204727  190.702000  0.4900  0.2300                     6.5-1 29316
 116 294  294.205817  191.717000  0.5000  0.2300                     0.0 1 29416
 116 295  295.208244  193.978000  0.5000  0.2100                     1.5 1 29516
 116 296  296.209608  195.249000  0.5000  0.2000                     0.0 1 29616
 116 297  297.212024  197.499000  0.5000  0.2000                     1.5 1 29716
 116 298  298.214072  199.407000  0.4800  0.2000                     0.0 1 29816
 116 299  299.216895  202.036000  0.4900  0.1900                     0.5 1 29916
 116 300  300.218813  203.823000  0.4800  0.1900                     0.0 1 30016
 116 301  301.221570  206.391000  0.4900  0.1900                     0.5 1 30116
 116 302  302.223948  208.606000  0.4900  0.1900                     0.0 1 30216
 116 303  303.226678  211.149000  0.4900  0.1800                     5.5-1 30316
 116 304  304.229599  213.870000  0.4900  0.1800                     0.0 1 30416
 116 305  305.232699  216.758000  0.4900  0.1800                     4.5-1 30516
 116 306  306.235724  219.576000  0.4900  0.1800                     0.0 1 30616
 116 307  307.238794  222.435000  0.4900  0.1700                     5.5-1 30716
 116 308  308.242080  225.496000  0.4700  0.1100                     0.0 1 30816
 116 309  309.245350  228.542000  0.4900  0.1800                     4.5-1 30916
 116 310  310.248714  231.676000  0.4700  0.1100                     0.0 1 31016
 116 311  311.252420  235.128000  0.4600  0.1100                     3.5-1 31116
 116 312  312.255898  238.368000  0.4500  0.0800                     0.0 1 31216
 116 313  313.259717  241.925000  0.4300  0.0800                     5.5 1 31316
 116 314  314.263491  245.440000  0.4300  0.0700                     0.0 1 31416
 116 315  315.267262  248.953000  0.4100  0.0800                     5.5 1 31516
 116 316  316.271416  252.822000  0.3800  0.0600                     0.0 1 31616
 116 317  317.275695  256.808000  0.4200  0.0600                     4.5 1 31716
 116 318  318.279201  260.074000  0.3300  0.0800                     0.0 1 31816
 116 319  319.283464  264.045000  0.2900  0.0400                     2.5 1 31916
 116 320  320.287841  268.122000  0.3300  0.0800                     0.0 1 32016
 116 321  321.291874  271.879000  0.3000  0.0600                     2.5 1 32116
 116 322  322.296313  276.014000  0.3000  0.0500                     0.0 1 32216
 116 323  323.300859  280.248000  0.2800  0.0800                     3.5-1 32316
 116 324  324.305301  284.386000  0.3000  0.0400                     0.0 1 32416
 116 325  325.309945  288.712000  0.2700  0.0600                     3.5-1 32516
 116 326  326.314606  293.054000  0.2900  0.0500                     0.0 1 32616
 116 327  327.319191  297.325000  0.2600  0.0300                     4.5-1 32716
 116 328  328.324098  301.895000  0.2800  0.0200                     0.0 1 32816
 116 329  329.328894  306.363000  0.2700  0.0200                     0.5 1 32916
 116 330  330.333815  310.947000  0.2500  0.0300                     0.0 1 33016
 116 331  331.338897  315.681000  0.2500  0.0200                     1.5 1 33116
 116 332  332.343848  320.292000  0.2500  0.0100                     0.0 1 33216
 116 333  333.349198  325.276000  0.2400  0.0000                     0.5-1 33316
 116 334  334.354421  330.141000  0.2500  0.0100                     0.0 1 33416
 116 335  335.359552  334.921000  0.2300  0.0000                     1.5-1 33516
 116 336  336.365214  340.195000  0.2500  0.0000                     0.0 1 33616
 116 337  337.370937  345.526000  0.2100 -0.0100                     1.5-1 33716
 116 338  338.376254  350.478000  0.2400 -0.0100                     0.0 1 33816
 116 339  339.381883  355.722000  0.2200 -0.0200                     4.5-1 33916
 116 340  340.387769  361.205000  0.2200 -0.0200                     0.0 1 34016
 116 341  341.393456  366.502000  0.2200 -0.0300                     5.5-1 34116
 116 342  342.399388  372.028000  0.2100 -0.0200                     0.0 1 34216
 116 343  343.405333  377.565000  0.2100 -0.0300                     1.5-1 34316
 116 344  344.411222  383.051000  0.2100 -0.0400                     0.0 1 34416
 116 345  345.417383  388.790000  0.2100 -0.0400                     2.5-1 34516
 116 346  346.423649  394.627000  0.2100 -0.0600                     0.0 1 34616
 116 347  347.429960  400.505000  0.2100 -0.0700                     7.5 1 34716
 116 348  348.436282  406.394000  0.2000 -0.0700                     0.0 1 34816
 116 349  349.442943  412.599000  0.1900 -0.0500                     0.5-1 34916
 116 350  350.449490  418.697000  0.2000 -0.0800                     0.0 1 35016
 116 351  351.456200  424.948000  0.1900 -0.0600                     5.5-1 35116
 116 352  352.462754  431.053000  0.1900 -0.0700                     0.0 1 35216
 116 353  353.469828  437.642000  0.1800 -0.0600                     4.5-1 35316
 116 354  354.476790  444.127000  0.1900 -0.0700                     0.0 1 35416
 116 355  355.483519  450.395000  0.1800 -0.0800                     3.5-1 35516
 116 356  356.491027  457.389000  0.1700 -0.0600                     0.0 1 35616
 116 357  357.498478  464.329000  0.1400 -0.0400                     4.5-1 35716
 116 358  358.505295  470.679000  0.1700 -0.0600                     0.0 1 35816
 116 359  359.512453  477.347000  0.4900  0.2200                     4.5-1 35916
 116 360  360.519721  484.117000 -0.1300  0.0200                     0.0 1 36016
 116 361  361.527148  491.035000 -0.1800  0.0500                     3.5-1 36116
 116 362  362.534308  497.705000 -0.2100  0.0800                     0.0 1 36216
 116 363  363.541508  504.412000 -0.2100  0.0800                     2.5-1 36316
 116 364  364.548967  511.360000 -0.2000  0.0600                     0.0 1 36416
 116 365  365.556351  518.238000 -0.2200  0.0800                     8.5-1 36516
 116 366  366.563822  525.197000 -0.2100  0.0700                     0.0 1 36616
 116 367  367.571179  532.050000  0.4800  0.2000                     0.5-1 36716
 116 368  368.579190  539.512000 -0.2100  0.0600                     0.0 1 36816
 116 369  369.586736  546.541000  0.4500  0.1800                     2.5-1 36916
 116 370  370.594589  553.856000  0.4700  0.1500                     0.0 1 37016
 116 371  371.601854  560.624000  0.4700  0.1900                     7.5-1 37116
 116 372  372.609991  568.203000  0.4400  0.1600                     0.0 1 37216
 116 373  373.617936  575.604000  0.4400  0.1100                     0.5-1 37316
 116 374  374.625835  582.962000  0.4400  0.1300                     0.0 1 37416
 116 375  375.632566  589.232000  0.4200  0.1100                     5.5 1 37516
 116 376  376.641882  597.909000  0.4400  0.1000                     0.0 1 37616
 116 377  377.651120  606.515000  0.4200  0.1000                     4.5 1 37716
 116 378  378.658066  612.985000  0.4200  0.1000                     0.0 1 37816
 116 379  379.667348  621.631000  0.4200  0.1000                     2.5 1 37916
 116 380  380.674790  628.563000  0.4200  0.0900                     0.0 1 38016
 116 381  381.683953  637.098000  0.4100  0.0700                     2.5 1 38116
 116 382  382.691466  644.097000  0.4100  0.0800                     0.0 1 38216
 116 383  383.700470  652.484000  0.4000  0.0700                     2.5 1 38316
 116 384  384.708493  659.957000  0.4100  0.0600                     0.0 1 38416
 116 385  385.717008  667.889000  0.3900  0.0800                     3.5 1 38516
 116 386  386.725591  675.884000  0.4000  0.0700                     0.0 1 38616
