 121 287  287.238803  222.444000  0.2100 -0.0400                     1.5 1 28721
 121 288  288.238684  222.333000 -0.1800  0.0400                     2.0-1 28821
 121 289  289.237680  221.398000 -0.1500  0.0200                     1.5-1 28921
 121 290  290.237467  221.199000 -0.1600  0.0300                     1.0-1 29021
 121 291  291.236896  220.667000 -0.1400  0.0200                     1.5-1 29121
 121 292  292.237012  220.775000 -0.1500  0.0300                     2.0-1 29221
 121 293  293.236626  220.416000 -0.1400  0.0200                     1.5-1 29321
 121 294  294.236959  220.726000  0.4800  0.1900                     7.0 1 29421
 121 295  295.237008  220.772000  0.4800  0.1900                     5.5 1 29521
 121 296  296.237461  221.194000  0.4800  0.1900                    12.0-1 29621
 121 297  297.237796  221.506000  0.4800  0.1900                     0.5-1 29721
 121 298  298.238810  222.450000  0.4800  0.1800                     6.0 1 29821
 121 299  299.238868  222.504000  0.4900  0.1900                     0.5-1 29921
 121 300  300.239986  223.546000  0.4900  0.2100                     2.0-1 30021
 121 301  301.240552  224.073000  0.5000  0.2100                     7.5-1 30121
 121 302  302.241848  225.280000  0.5000  0.2100                     2.0-1 30221
 121 303  303.243125  226.470000  0.4900  0.2000                     1.5-1 30321
 121 304  304.245033  228.247000  0.5000  0.1900                     1.0-1 30421
 121 305  305.246161  229.298000  0.4900  0.2000                     0.5-1 30521
 121 306  306.248149  231.149000  0.4900  0.1900                     0.0-1 30621
 121 307  307.249729  232.621000  0.4900  0.1900                     0.5-1 30721
 121 308  308.251649  234.410000  0.4900  0.1900                     5.0 1 30821
 121 309  309.253541  236.172000  0.4900  0.1900                     0.5-1 30921
 121 310  310.255771  238.249000  0.4900  0.1800                     3.0 1 31021
 121 311  311.257996  240.322000  0.4900  0.1800                     2.5-1 31121
 121 312  312.259948  242.140000  0.5000  0.1800                     6.0-1 31221
 121 313  313.262826  244.821000  0.4900  0.1800                     2.5-1 31321
 121 314  314.265430  247.247000  0.4900  0.1800                     1.0-1 31421
 121 315  315.268108  249.741000  0.4900  0.1800                     7.5-1 31521
 121 316  316.270945  252.384000  0.4800  0.1800                     2.0 1 31621
 121 317  317.273759  255.005000  0.4900  0.1800                     0.5-1 31721
 121 318  318.276985  258.010000  0.4400  0.0800                     4.0 1 31821
 121 319  319.279807  260.639000  0.4500  0.0800                     4.5 1 31921
 121 320  320.283105  263.711000  0.4400  0.0700                     4.0 1 32021
 121 321  321.286301  266.688000  0.4400  0.0700                     1.5-1 32121
 121 322  322.289737  269.888000  0.4400  0.0700                     2.0-1 32221
 121 323  323.292920  272.853000  0.4900  0.1800                     0.5 1 32321
 121 324  324.296050  275.769000  0.4400  0.0700                     3.0-1 32421
 121 325  325.299613  279.088000  0.3700  0.0300                     0.5-1 32521
 121 326  326.303328  282.548000  0.3300  0.0300                     5.0 1 32621
 121 327  327.306729  285.716000  0.3100  0.0400                     0.5-1 32721
 121 328  328.310256  289.002000  0.3100  0.0400                     4.0 1 32821
 121 329  329.314499  292.954000  0.3000  0.0400                     0.5-1 32921
 121 330  330.317564  295.809000  0.3100  0.0300                     3.0-1 33021
 121 331  331.322080  300.016000  0.3100  0.0200                     0.5-1 33121
 121 332  332.326154  303.811000  0.3100  0.0200                     3.0-1 33221
 121 333  333.330168  307.550000  0.3000  0.0200                     0.5-1 33321
 121 334  334.334232  311.335000  0.2400  0.0300                     2.0 1 33421
 121 335  335.338679  315.478000  0.2700  0.0100                     0.5-1 33521
 121 336  336.343126  319.620000  0.2400  0.0100                     0.0 1 33621
 121 337  337.347340  323.545000  0.2700  0.0000                     0.5-1 33721
 121 338  338.351906  327.798000  0.2300  0.0000                     0.0-1 33821
 121 339  339.356397  331.982000  0.2300  0.0000                     2.5 1 33921
 121 340  340.360998  336.268000  0.2300  0.0100                     2.0-1 34021
 121 341  341.365638  340.590000  0.2300  0.0000                     2.5 1 34121
 121 342  342.370521  345.138000  0.2100 -0.0100                     4.0 1 34221
 121 343  343.375291  349.581000  0.2200 -0.0100                     2.5 1 34321
 121 344  344.380348  354.292000  0.2200 -0.0100                     4.0 1 34421
 121 345  345.385334  358.936000  0.2200 -0.0200                     2.5 1 34521
 121 346  346.390522  363.769000  0.2200 -0.0200                     3.0-1 34621
 121 347  347.395605  368.504000  0.2200 -0.0200                     2.5 1 34721
 121 348  348.400960  373.492000  0.2200 -0.0200                     1.0-1 34821
 121 349  349.406226  378.397000  0.2100 -0.0300                     2.5 1 34921
 121 350  350.411727  383.521000  0.2100 -0.0300                     5.0-1 35021
 121 351  351.417286  388.700000  0.2100 -0.0400                     3.5-1 35121
 121 352  352.423097  394.112000  0.2300 -0.0500                    10.0 1 35221
 121 353  353.428560  399.201000  0.2000 -0.0400                     2.5 1 35321
 121 354  354.434289  404.538000  0.2000 -0.0400                     3.0-1 35421
 121 355  355.440521  410.343000  0.2000 -0.0400                     2.5 1 35521
 121 356  356.446556  415.964000  0.2000 -0.0400                     2.0 1 35621
 121 357  357.452609  421.603000 -0.1600  0.0500                     0.5-1 35721
 121 358  358.458366  426.965000 -0.1700  0.0500                     0.0 1 35821
 121 359  359.464361  432.550000 -0.1700  0.0500                     0.5-1 35921
 121 360  360.470329  438.109000  0.4900  0.2200                     9.0 1 36021
 121 361  361.476397  443.761000 -0.1700  0.0400                     0.5-1 36121
 121 362  362.482674  449.608000 -0.1700  0.0500                     7.0-1 36221
 121 363  363.488960  455.463000 -0.1800  0.0500                     0.5-1 36321
 121 364  364.495272  461.343000 -0.1700  0.0400                     3.0 1 36421
 121 365  365.501757  467.384000 -0.1700  0.0500                     0.5-1 36521
 121 366  366.508274  473.454000 -0.1700  0.0500                     7.0-1 36621
 121 367  367.514640  479.384000 -0.1900  0.0600                     0.5-1 36721
 121 368  368.521421  485.701000 -0.1800  0.0400                     7.0-1 36821
 121 369  369.528452  492.250000 -0.1800  0.0500                     0.5-1 36921
 121 370  370.535134  498.474000 -0.1900  0.0500                     1.0 1 37021
 121 371  371.541978  504.849000 -0.2100  0.0700                     0.5-1 37121
 121 372  372.548831  511.233000 -0.1900  0.0500                     0.0 1 37221
 121 373  373.556391  518.275000 -0.1800  0.0500                     0.5-1 37321
 121 374  374.563219  524.635000 -0.2100  0.0700                     1.0 1 37421
 121 375  375.570509  531.426000 -0.1800  0.0400                     1.5-1 37521
 121 376  376.577851  538.265000 -0.2300  0.0500                     2.0 1 37621
 121 377  377.584876  544.809000 -0.2000  0.0500                     0.5-1 37721
 121 378  378.592412  551.828000 -0.1800  0.0400                     0.0 1 37821
 121 379  379.599703  558.620000  0.4400  0.1200                     4.5 1 37921
 121 380  380.605941  564.431000 -0.2100  0.0700                     7.0-1 38021
 121 381  381.614434  572.342000  0.4400  0.1100                     0.5-1 38121
 121 382  382.621750  579.157000  0.4500  0.1100                     5.0-1 38221
 121 383  383.629672  586.536000  0.4400  0.1100                     0.5-1 38321
 121 384  384.637573  593.896000  0.4400  0.0900                     3.0-1 38421
 121 385  385.644993  600.807000  0.4400  0.1000                     0.5-1 38521
 121 386  386.652691  607.978000  0.4400  0.0900                     3.0 1 38621
 121 387  387.660690  615.429000  0.4400  0.0900                     0.5-1 38721
 121 388  388.668383  622.595000  0.4400  0.0900                     4.0-1 38821
 121 389  389.676363  630.028000  0.4000  0.0700                     4.5-1 38921
 121 390  390.683857  637.009000  0.4400  0.0800                    11.0-1 39021
 121 391  391.692441  645.005000  0.4300  0.0800                     0.5-1 39121
 121 392  392.699825  651.883000  0.3900  0.0600                     2.0 1 39221
 121 393  393.708285  659.763000  0.3900  0.0600                     5.5 1 39321
 121 394  394.716121  667.063000  0.5000  0.1900                     3.0 1 39421
 121 395  395.724638  674.996000  0.3400  0.0100                     0.5-1 39521
 121 396  396.732200  682.040000  0.3400  0.0700                     6.0-1 39621
 121 397  397.740961  690.201000  0.3300  0.0000                     0.5-1 39721
 121 398  398.748331  697.066000  0.3300  0.0000                     4.0-1 39821
 121 399  399.757385  705.500000  0.3200  0.0300                     0.5-1 39921
 121 400  400.764841  712.445000  0.3200  0.0200                     0.0-1 40021
 121 401  401.774042  721.016000  0.3000  0.0300                     0.5-1 40121
 121 402  402.781687  728.137000  0.3000  0.0300                     0.0-1 40221
 121 403  403.790873  736.694000  0.3000  0.0200                     0.5-1 40321
 121 404  404.798714  743.998000  0.2800  0.0300                     1.0-1 40421
 121 405  405.808036  752.681000  0.3000  0.0200                     0.5-1 40521
 121 406  406.815937  760.041000  0.2800  0.0300                     3.0 1 40621
 121 407  407.825213  768.681000  0.2900  0.0200                     0.5-1 40721
 121 408  408.833363  776.273000  0.3000  0.0100                     6.0 1 40821
 121 409  409.842720  784.989000  0.3000  0.0100                     0.5-1 40921
 121 410  410.851211  792.898000  0.2500  0.0100                     4.0 1 41021
 121 411  411.860494  801.545000  0.2600  0.0100                     0.5-1 41121
