 122 288  288.248158  231.158000  0.4700  0.1800                     0.0 1 28822
 122 289  289.247434  230.483000  0.4800  0.1900                     2.5 1 28922
 122 290  290.246490  229.604000  0.4800  0.1900                     0.0 1 29022
 122 291  291.245995  229.143000  0.4800  0.1900                     1.5 1 29122
 122 292  292.245211  228.413000  0.4800  0.1900                     0.0 1 29222
 122 293  293.245287  228.483000  0.4800  0.1900                     0.5 1 29322
 122 294  294.244497  227.748000  0.4800  0.1900                     0.0 1 29422
 122 295  295.244638  227.879000  0.4900  0.1900                     6.5-1 29522
 122 296  296.244484  227.735000  0.4900  0.1900                     0.0 1 29622
 122 297  297.244884  228.108000  0.4900  0.1900                     8.5 1 29722
 122 298  298.245237  228.437000  0.4800  0.1700                     0.0 1 29822
 122 299  299.245968  229.118000  0.4800  0.1800                     2.5 1 29922
 122 300  300.246167  229.303000  0.4800  0.1700                     0.0 1 30022
 122 301  301.247017  230.095000  0.4900  0.1900                     2.5 1 30122
 122 302  302.247393  230.445000  0.5000  0.2000                     0.0 1 30222
 122 303  303.248427  231.408000  0.5000  0.2000                     2.5 1 30322
 122 304  304.249564  232.467000  0.5000  0.2000                     0.0 1 30422
 122 305  305.251356  234.137000  0.5000  0.1900                     1.5 1 30522
 122 306  306.252186  234.910000  0.4900  0.1900                     0.0 1 30622
 122 307  307.253960  236.562000  0.4900  0.1900                     0.5 1 30722
 122 308  308.255375  237.880000  0.4900  0.1900                     0.0 1 30822
 122 309  309.256966  239.362000  0.4900  0.1800                     5.5-1 30922
 122 310  310.259048  241.302000  0.4900  0.1800                     0.0 1 31022
 122 311  311.260792  242.926000  0.5000  0.1800                     4.5-1 31122
 122 312  312.262644  244.651000  0.5000  0.1800                     0.0 1 31222
 122 313  313.264901  246.754000  0.5000  0.1800                     6.5 1 31322
 122 314  314.267362  249.046000  0.4900  0.1800                     0.0 1 31422
 122 315  315.269865  251.378000  0.4900  0.1800                     1.5 1 31522
 122 316  316.272223  253.574000  0.4900  0.1700                     0.0 1 31622
 122 317  317.275113  256.266000  0.4500  0.0900                     4.5-1 31722
 122 318  318.277919  258.880000  0.4500  0.0900                     0.0 1 31822
 122 319  319.280824  261.586000  0.4500  0.0900                     5.5 1 31922
 122 320  320.283289  263.882000  0.4500  0.0800                     0.0 1 32022
 122 321  321.286529  266.900000  0.4500  0.0800                     2.5-1 32122
 122 322  322.289587  269.749000  0.4500  0.0800                     0.0 1 32222
 122 323  323.292733  272.679000  0.4500  0.0800                     1.5-1 32322
 122 324  324.296384  276.080000  0.4400  0.0700                     0.0 1 32422
 122 325  325.299528  279.009000  0.4500  0.0700                     2.5 1 32522
 122 326  326.302896  282.146000  0.3500  0.0400                     0.0 1 32622
 122 327  327.306207  285.230000  0.3400  0.0300                     3.5-1 32722
 122 328  328.309726  288.508000  0.3300  0.0800                     0.0 1 32822
 122 329  329.312988  291.547000  0.3200  0.0300                     4.5-1 32922
 122 330  330.316896  295.187000  0.3000  0.0400                     0.0 1 33022
 122 331  331.320618  298.654000  0.2800  0.0200                     3.5-1 33122
 122 332  332.324355  302.135000  0.3100  0.0300                     0.0 1 33222
 122 333  333.328312  305.821000  0.3100  0.0200                     0.5-1 33322
 122 334  334.332145  309.391000  0.2900  0.0000                     0.0 1 33422
 122 335  335.336202  313.170000  0.2800  0.0100                     0.5-1 33522
 122 336  336.340483  317.158000  0.2700  0.0100                     0.0 1 33622
 122 337  337.344264  320.680000  0.2600  0.0100                     1.5-1 33722
 122 338  338.348797  324.902000  0.2600  0.0000                     0.0 1 33822
 122 339  339.353007  328.824000  0.2600  0.0000                     0.5 1 33922
 122 340  340.357648  333.147000  0.2300  0.0000                     0.0 1 34022
 122 341  341.362174  337.363000  0.2300  0.0000                     1.5-1 34122
 122 342  342.366686  341.566000  0.2400  0.0000                     0.0 1 34222
 122 343  343.371444  345.998000  0.2600 -0.0100                     6.5 1 34322
 122 344  344.376094  350.329000  0.2500 -0.0100                     0.0 1 34422
 122 345  345.380851  354.761000  0.2300 -0.0100                     4.5-1 34522
 122 346  346.385817  359.386000  0.2200 -0.0200                     0.0 1 34622
 122 347  347.390722  363.955000  0.2300 -0.0300                     5.5-1 34722
 122 348  348.395691  368.584000  0.2200 -0.0200                     0.0 1 34822
 122 349  349.401013  373.541000  0.2200 -0.0300                     1.5-1 34922
 122 350  350.406182  378.356000  0.2100 -0.0300                     0.0 1 35022
 122 351  351.411485  383.296000  0.2200 -0.0400                     2.5-1 35122
 122 352  352.416926  388.364000  0.2100 -0.0300                     0.0 1 35222
 122 353  353.422620  393.668000  0.2400 -0.0500                     0.5 1 35322
 122 354  354.428247  398.910000  0.2100 -0.0400                     0.0 1 35422
 122 355  355.433682  403.972000  0.2100 -0.0500                     0.5-1 35522
 122 356  356.439472  409.366000  0.2100 -0.0400                     0.0 1 35622
 122 357  357.445169  414.672000 -0.1600  0.0500                     3.5-1 35722
 122 358  358.451014  420.117000 -0.1600  0.0400                     0.0 1 35822
 122 359  359.456484  425.212000 -0.1700  0.0400                     0.5-1 35922
 122 360  360.462555  430.867000 -0.1400  0.0300                     0.0 1 36022
 122 361  361.468665  436.559000 -0.1400  0.0300                     4.5-1 36122
 122 362  362.474458  441.955000 -0.1600  0.0400                     0.0 1 36222
 122 363  363.480612  447.687000 -0.1800  0.0500                     7.5 1 36322
 122 364  364.486684  453.343000 -0.1700  0.0500                     0.0 1 36422
 122 365  365.492832  459.070000 -0.1700  0.0500                     6.5 1 36522
 122 366  366.499034  464.847000 -0.1700  0.0500                     0.0 1 36622
 122 367  367.505507  470.877000 -0.1900  0.0500                     3.5-1 36722
 122 368  368.511915  476.846000 -0.1900  0.0600                     0.0 1 36822
 122 369  369.518448  482.931000 -0.1700  0.0500                     2.5-1 36922
 122 370  370.525237  489.255000 -0.1800  0.0500                     0.0 1 37022
 122 371  371.531804  495.372000 -0.1800  0.0500                     2.5-1 37122
 122 372  372.538704  501.800000 -0.2100  0.0600                     0.0 1 37222
 122 373  373.545427  508.062000 -0.1900  0.0500                     0.5-1 37322
 122 374  374.552452  514.606000 -0.2000  0.0600                     0.0 1 37422
 122 375  375.559513  521.183000 -0.2100  0.0600                     1.5-1 37522
 122 376  376.566878  528.044000 -0.2100  0.0600                     0.0 1 37622
 122 377  377.573666  534.367000 -0.2100  0.0600                     6.5 1 37722
 122 378  378.580611  540.836000 -0.1900  0.0400                     0.0 1 37822
 122 379  379.587707  547.446000  0.4600  0.1400                     7.5-1 37922
 122 380  380.595095  554.328000  0.4500  0.1200                     0.0 1 38022
 122 381  381.602550  561.272000 -0.2000  0.0400                     5.5 1 38122
 122 382  382.609691  567.924000  0.4500  0.1100                     0.0 1 38222
 122 383  383.616806  574.551000  0.4500  0.1200                     4.5 1 38322
 122 384  384.624389  581.615000  0.4500  0.1200                     0.0 1 38422
 122 385  385.632325  589.007000  0.4400  0.1000                     6.5 1 38522
 122 386  386.639842  596.009000  0.4400  0.1000                     0.0 1 38622
 122 387  387.647129  602.797000  0.4500  0.1100                     0.5-1 38722
 122 388  388.655430  610.529000  0.4400  0.0900                     0.0 1 38822
 122 389  389.662750  617.348000  0.4400  0.0900                     1.5-1 38922
 122 390  390.670885  624.926000  0.4400  0.0900                     0.0 1 39022
 122 391  391.678144  631.687000  0.4400  0.1000                     0.5-1 39122
 122 392  392.686499  639.470000  0.4400  0.0900                     0.0 1 39222
 122 393  393.694328  646.763000  0.4400  0.0900                     4.5-1 39322
 122 394  394.702556  654.427000  0.3400  0.0100                     0.0 1 39422
 122 395  395.710639  661.956000  0.4400  0.0900                     3.5 1 39522
 122 396  396.718334  669.124000  0.3600  0.0400                     0.0 1 39622
 122 397  397.725808  676.086000  0.3400  0.0700                     1.5 1 39722
 122 398  398.734637  684.310000  0.3300  0.0000                     0.0 1 39822
 122 399  399.742065  691.229000  0.3200  0.0300                     4.5 1 39922
 122 400  400.750644  699.221000  0.3200  0.0300                     0.0 1 40022
 122 401  401.758094  706.160000  0.3200  0.0300                     0.5 1 40122
 122 402  402.767413  714.841000  0.3200  0.0200                     0.0 1 40222
 122 403  403.774824  721.744000  0.3000  0.0300                     0.5 1 40322
 122 404  404.783806  730.111000  0.3100  0.0200                     0.0 1 40422
 122 405  405.792048  737.788000  0.3200  0.0500                     0.5 1 40522
 122 406  406.801038  746.162000  0.3000  0.0200                     0.0 1 40622
 122 407  407.808633  753.237000  0.2800  0.0300                     3.5-1 40722
 122 408  408.817724  761.705000  0.3200  0.0000                     0.0 1 40822
 122 409  409.825628  769.068000  0.2900  0.0000                     3.5-1 40922
 122 410  410.835000  777.798000  0.3000  0.0100                     0.0 1 41022
 122 411  411.843228  785.462000  0.2900  0.0100                     4.5 1 41122
 122 412  412.852294  793.907000  0.2900  0.0100                     0.0 1 41222
