  34  74   0   0 5.00E+04 4.00E+03                                                              74Se
  34  75   0   0 3.30E+05 1.00E+05                                                              75Se
  34  76   0   0 8.50E+04 7.00E+03                                                              76Se
  34  76   0   1 2.20E+04 1.00E+03                                                              76Se
  34  77   0   0 4.20E+04 4.00E+03                   9.70E-01                                   77Se
  34  78   0   0 4.30E+02 2.00E+01                                                              78Se
  34  78   0   1 3.80E+02 2.00E+01                                                              78Se
  34  80   0   0 4.60E+02 4.00E+01                                                              80Se
  34  80   0   1 7.00E+01 1.00E+01                                                              80Se
  34  82   0   0 4.48E+01 3.00E+00                                                              82Se
  34  82   0   1 3.90E+01 3.00E+00                                                              82Se
