  46 102   0   0 3.20E+03 3.00E+02                                                             102Pd
  46 104   0   0 6.00E+02 3.00E+02                                                             104Pd
  46 105   0   0 2.20E+04 2.00E+03                   5.00E-04                                  105Pd
  46 106   0   0 2.93E+02                                                                      106Pd
  46 106   0   1 1.30E+01 2.00E+00                                                             106Pd
  46 107   0   0 1.80E+03 2.00E+02                                                             107Pd
  46 108   0   0 8.69E+03 6.00E+02                                                             108Pd
  46 108   0   1 1.90E+02 3.30E+01                                                             108Pd
  46 110   0   0 2.23E+02 3.00E+01                                                             110Pd
  46 110   0   1 3.30E+01 6.00E+00                                                             110Pd
