  48 106   0   0 1.00E+03                                                                      106Cd
  48 108   0   0 7.20E+02 1.30E+02                                                             108Cd
  48 109   0   0 1.80E+05                            5.00E+01                                  109Cd
  48 110   0   0 1.11E+04 1.00E+03                                                             110Cd
  48 110   0   1 6.00E+01 5.00E+01                                                             110Cd
  48 111   0   0 2.40E+04 3.00E+03                                                             111Cd
  48 112   0   0 2.20E+03 5.00E+02                                                             112Cd
  48 113   0   0 2.06E+07 4.00E+05                   1.00E-03                                  113Cd
  48 114   0   0 3.40E+02                                                                      114Cd
  48 114   0   1 4.00E+01 7.00E+00                                                             114Cd
  48 116   0   0 7.80E+01                                                                      116Cd
  48 116   0   1 2.60E+01 1.00E+01                                                             116Cd
