  52 120   0   0 2.25E+03                                                                      120Te
  52 120   0   1 2.50E+02 6.00E+01                                                             120Te
  52 122   0   0 3.40E+03 5.00E+02                                                             122Te
  52 122   0   1 1.10E+03 5.00E+02                                                             122Te
  52 123   0   0 3.70E+05 4.00E+04                   4.60E-02 6.00E-03                         123Te
  52 124   0   0 7.05E+03 1.30E+03                                                             124Te
  52 124   0   1 5.00E+01 2.50E+01                                                             124Te
  52 125   0   0 1.60E+03 2.00E+02                                                             125Te
  52 126   0   0 9.20E+02 1.50E+02                                                             126Te
  52 126   0   1 1.20E+02 2.30E+01                                                             126Te
  52 127   1   0 3.38E+06 5.10E+05                                                             127Te
  52 128   0   0 2.16E+02 8.00E+00                                                             128Te
  52 128   0   1 1.60E+01 1.00E+00                                                             128Te
  52 130   0   0 1.83E+02 7.00E+01                                                             130Te
  52 130   0   1 3.00E+01 1.00E+01                                                             130Te
