  66 156   0   0 3.30E+04 3.00E+03                   9.00E+00                                  156Dy
  66 158   0   0 4.30E+04 6.00E+03                   6.00E+00                                  158Dy
  66 159   0   0 8.00E+06 2.00E+06                                                             159Dy
  66 160   0   0 6.00E+04 1.00E+04                   3.00E-01                                  160Dy
  66 161   0   0 6.00E+05 5.00E+04                   3.00E-02                                  161Dy
  66 162   0   0 1.70E+05 2.00E+04                                                             162Dy
  66 163   0   0 1.20E+05 1.00E+04                   2.00E-02                                  163Dy
  66 164   0   0 2.70E+06 1.00E+05                                                             164Dy
  66 164   0   1 1.70E+06 2.40E+05                                                             164Dy
  66 165   0   0 3.50E+06 3.00E+05                                                             165Dy
