  72 174   0   0 6.00E+05 5.00E+04                                                             174Hf
  72 176   0   0 2.30E+04 4.00E+03                                                             176Hf
  72 177   0   0 3.75E+05 1.00E+04                   2.00E-02                                  177Hf
  72 177   0   1 1.00E+02 5.00E+01                                                             177Hf
  72 177   0   2 2.00E+03 1.00E-04                                                             177Hf
  72 178   0   0 8.51E+04 4.00E+03                                                             178Hf
  72 178   0   1 5.30E+04 6.00E+03                                                             178Hf
  72 178   0   2 1.00E+02                                                                      178Hf
  72 179   0   0 4.64E+04 5.00E+03                                                             179Hf
  72 179   0   1 4.30E+02 3.00E+00                                                             179Hf
  72 180   0   0 1.30E+04 1.00E+03                   1.30E-02                                  180Hf
  72 181   0   0 3.00E+04 2.50E+04                                                             181Hf
