  12  22   8  15     0.00000     0.00000   8  15     0.00000     0.00000    22Mg
  12  23   6  24     0.00000     0.00000   6  24     0.00000     0.00000    23Mg
  12  24   5  21     0.00000     0.00000   5  21     0.00000     0.00000    24Mg
  12  25   7  16     3.68362     0.00000   7  16     1.37260     0.00000    25Mg
  12  26   7  25     0.00000     0.00000   7  25     0.00000     0.00000    26Mg
  12  27   8  29     0.00000     0.00000   8  29     0.00000     0.00000    27Mg
  12  28   3  15     0.00000     0.00000   3  15     0.00000     0.00000    28Mg
  12  29   8  13     0.00000     0.00000   8  13     0.00000     0.00000    29Mg
  12  30   6  11     0.00000     0.00000   6  11     0.00000     0.00000    30Mg
  12  31   6  10     0.00000     0.00000   6  10     0.00000     0.00000    31Mg
