  17  31   6  15     0.00000     0.00000   6  15     0.00000     0.00000    31Cl
  17  32   8  20     0.00000     0.00000   8  20     0.00000     0.00000    32Cl
  17  33   5  29     0.00000     0.00000   5  29     0.00000     0.00000    33Cl
  17  34   3  17     0.00000     0.00000   3  17     0.00000     0.00000    34Cl
  17  35   2  20     0.00000     0.00000   2  20     0.00000     0.00000    35Cl
  17  36   8  17     3.99278     0.00000   8  17     1.95558     0.00000    36Cl
  17  37   3  19     0.00000     0.00000   3  19     0.00000     0.00000    37Cl
  17  38   2  15     5.45342     0.00000   2  15     2.59332     0.00000    38Cl
  17  39   8  17     0.00000     0.00000   8  17     0.00000     0.00000    39Cl
  17  40   6  15     0.00000     0.00000   6  15     0.00000     0.00000    40Cl
  17  42   5  11     0.00000     0.00000   5  11     0.00000     0.00000    42Cl
