  18  34   8  15     0.00000     0.00000   8  15     0.00000     0.00000    34Ar
  18  35   4  15     0.00000     0.00000   4  15     0.00000     0.00000    35Ar
  18  36   8  20     0.00000     0.00000   8  20     0.00000     0.00000    36Ar
  18  37   3  23     0.00000     0.00000   3  23     0.00000     0.00000    37Ar
  18  38   8  22     0.00000     0.00000   8  22     0.00000     0.00000    38Ar
  18  39   2  23     0.00000     0.00000   2  23     0.00000     0.00000    39Ar
  18  40   8  15     0.00000     0.00000   8  15     0.00000     0.00000    40Ar
  18  41   7  15     7.61986     0.00000   7  15     5.30590     0.00000    41Ar
  18  42   4  16     0.00000     0.00000   4  16     0.00000     0.00000    42Ar
  18  43   2  14     0.00000     0.00000   2  14     0.00000     0.00000    43Ar
  18  44   6  12     0.00000     0.00000   6  12     0.00000     0.00000    44Ar
