  20  38   8  15     0.00000     0.00000   8  15     0.00000     0.00000    38Ca
  20  39   8  15     0.00000     0.00000   8  15     0.00000     0.00000    39Ca
  20  40   8  19     0.00000     0.00000   8  19     0.00000     0.00000    40Ca
  20  41   6  16     5.89549     0.00000   6  16     3.48468     0.00000    41Ca
  20  42   8  16     0.00000     0.00000   8  16     0.00000     0.00000    42Ca
  20  43   3  29     7.25056     0.00000   3  29     5.19257     0.00000    43Ca
  20  44   8  27     7.60985     0.00000   8  27     4.79971     0.00000    44Ca
  20  45   8  23     7.62520     0.00000   8  23     5.04827     0.00000    45Ca
  20  46   5  15     0.00000     0.00000   5  15     0.00000     0.00000    46Ca
  20  47   5  16     0.00000     0.00000   5  16     0.00000     0.00000    47Ca
  20  48   8  28     0.00000     0.00000   8  28     0.00000     0.00000    48Ca
  20  49   8  26     0.00000     0.00000   8  26     0.00000     0.00000    49Ca
  20  50   5  16     0.00000     0.00000   5  16     0.00000     0.00000    50Ca
  20  51   8  13     0.00000     0.00000   8  13     0.00000     0.00000    51Ca
