  25  49   2  12     0.00000     0.00000   2  12     0.00000     0.00000    49Mn
  25  50   8  10     0.00000     0.00000   8  10     0.00000     0.00000    50Mn
  25  51   2  20     0.00000     0.00000   2  20     0.00000     0.00000    51Mn
  25  52   7  19     0.00000     0.00000   7  19     0.00000     0.00000    52Mn
  25  53   6  27     0.00000     0.00000   6  27     0.00000     0.00000    53Mn
  25  54   5  23     0.00000     0.00000   5  23     0.00000     0.00000    54Mn
  25  55   8  29     0.00000     0.00000   8  29     0.00000     0.00000    55Mn
  25  56   6  16     7.17024     0.00000   6  16     3.77072     0.00000    56Mn
  25  57   4  18     0.00000     0.00000   4  18     0.00000     0.00000    57Mn
  25  58   8  18     0.00000     0.00000   8  18     0.00000     0.00000    58Mn
