  26  51   5  11     0.00000     0.00000   5  11     0.00000     0.00000    51Fe
  26  52   3  15     0.00000     0.00000   3  15     0.00000     0.00000    52Fe
  26  53   2  15     0.00000     0.00000   2  15     0.00000     0.00000    53Fe
  26  54   3  15     0.00000     0.00000   3  15     0.00000     0.00000    54Fe
  26  55   3  15     6.50477     0.00000   3  15     3.65007     0.00000    55Fe
  26  56   3  20     0.00000     0.00000   3  20     0.00000     0.00000    56Fe
  26  57   8  15     7.86428     0.00000   8  15     4.31633     0.00000    57Fe
  26  58   2  22     7.46240     0.00000   2  22     3.99544     0.00000    58Fe
  26  59   6  16     7.20660     0.00000   6  16     3.72380     0.00000    59Fe
  26  60   5  15     0.00000     0.00000   5  15     0.00000     0.00000    60Fe
  26  62   2  14     0.00000     0.00000   2  14     0.00000     0.00000    62Fe
