  30  60   2  15     0.00000     0.00000   2  15     0.00000     0.00000    60Zn
  30  61   6  23     0.00000     0.00000   6  23     0.00000     0.00000    61Zn
  30  62   8  18     0.00000     0.00000   8  18     0.00000     0.00000    62Zn
  30  63   5  16     0.00000     0.00000   5  16     0.00000     0.00000    63Zn
  30  64   8  29     0.00000     0.00000   8  29     0.00000     0.00000    64Zn
  30  65   7  18     9.66532     0.00000   7  18     5.43904     0.00000    65Zn
  30  66   8  15     0.00000     0.00000   8  15     0.00000     0.00000    66Zn
  30  67   2  19    10.73717     0.00000   2  19     6.03631     0.00000    67Zn
  30  68   8  15     9.94657     0.00000   8  15     5.30515     0.00000    68Zn
  30  69   2  25    11.51433     0.00000   2  25     6.44687     0.00000    69Zn
  30  70   7  15     0.00000     0.00000   7  15     0.00000     0.00000    70Zn
  30  71   8  15    12.39523     0.00000   8  15     7.06542     0.00000    71Zn
