  32  64   5  15     0.00000     0.00000   5  15     0.00000     0.00000    64Ge
  32  66   7  15     0.00000     0.00000   7  15     0.00000     0.00000    66Ge
  32  67   8  15     0.00000     0.00000   8  15     0.00000     0.00000    67Ge
  32  68   3  17     0.00000     0.00000   3  17     0.00000     0.00000    68Ge
  32  69   6  19     0.00000     0.00000   6  19     0.00000     0.00000    69Ge
  32  70   2  17     0.00000     0.00000   2  17     0.00000     0.00000    70Ge
  32  71   2  17    12.73334     0.00000   2  17     9.14812     0.00000    71Ge
  32  72   7  29     0.00000     0.00000   7  29     0.00000     0.00000    72Ge
  32  73   6  20    13.96420     0.00000   6  20     9.82089     0.00000    73Ge
  32  74   6  19    11.86264     0.00000   6  19     8.01325     0.00000    74Ge
  32  75   6  24    12.51062     0.00000   6  24     8.19293     0.00000    75Ge
  32  76   8  28     0.00000     0.00000   8  28     0.00000     0.00000    76Ge
  32  77   8  15    12.92857     0.00000   8  15     8.16650     0.00000    77Ge
  32  78   5  17     0.00000     0.00000   5  17     0.00000     0.00000    78Ge
  32  79   8  17     0.00000     0.00000   8  17     0.00000     0.00000    79Ge
  32  80   8  18     0.00000     0.00000   8  18     0.00000     0.00000    80Ge
  32  81   5  15     0.00000     0.00000   5  15     0.00000     0.00000    81Ge
