  34  69   7  15     0.00000     0.00000   7  15     0.00000     0.00000    69Se
  34  70   7  15     0.00000     0.00000   7  15     0.00000     0.00000    70Se
  34  71   8  17     0.00000     0.00000   8  17     0.00000     0.00000    71Se
  34  72   7  26     0.00000     0.00000   7  26     0.00000     0.00000    72Se
  34  73   7  19     0.00000     0.00000   7  19     0.00000     0.00000    73Se
  34  74   4  15     0.00000     0.00000   4  15     0.00000     0.00000    74Se
  34  75   8  25    13.27645     0.00000   8  25     7.42076     0.00000    75Se
  34  76   8  17     0.00000     0.00000   8  17     0.00000     0.00000    76Se
  34  77   5  16    13.41258     0.00000   5  16     7.41099     0.00000    77Se
  34  78   4  16    12.36531     0.00000   4  16     6.76858     0.00000    78Se
  34  79   4  15    12.39055     0.00000   4  15     6.75605     0.00000    79Se
  34  80   6  15     0.00000     0.00000   6  15     0.00000     0.00000    80Se
  34  81   7  19    12.90306     0.00000   7  19     7.02399     0.00000    81Se
  34  82   6  19     0.00000     0.00000   6  19     0.00000     0.00000    82Se
  34  83   8  15    13.02030     0.00000   8  15     7.33631     0.00000    83Se
  34  84   5  19     0.00000     0.00000   5  19     0.00000     0.00000    84Se
