  38  77   5  16     0.00000     0.00000   5  16     0.00000     0.00000    77Sr
  38  79   8  15     0.00000     0.00000   8  15     0.00000     0.00000    79Sr
  38  80   8  16     0.00000     0.00000   8  16     0.00000     0.00000    80Sr
  38  81   7  15     0.00000     0.00000   7  15     0.00000     0.00000    81Sr
  38  82   7  20     0.00000     0.00000   7  20     0.00000     0.00000    82Sr
  38  83   4  16     0.00000     0.00000   4  16     0.00000     0.00000    83Sr
  38  84   6  15     0.00000     0.00000   6  15     0.00000     0.00000    84Sr
  38  85   7  22    12.43836     0.00000   7  22     8.07591     0.00000    85Sr
  38  86   8  16     0.00000     0.00000   8  16     0.00000     0.00000    86Sr
  38  87   7  18    12.18587     0.00000   7  18     7.25676     0.00000    87Sr
  38  88   4  26    10.10622     0.00000   4  26     4.82628     0.00000    88Sr
  38  89   7  15     9.39496     0.00000   7  15     2.42352     0.00000    89Sr
  38  90   8  26     0.00000     0.00000   8  26     0.00000     0.00000    90Sr
  38  91   5  16     0.00000     0.00000   5  16     0.00000     0.00000    91Sr
  38  92   8  15     0.00000     0.00000   8  15     0.00000     0.00000    92Sr
  38  93   7  17     0.00000     0.00000   7  17     0.00000     0.00000    93Sr
  38  94   6  19     0.00000     0.00000   6  19     0.00000     0.00000    94Sr
  38  95   8  20     0.00000     0.00000   8  20     0.00000     0.00000    95Sr
  38  96   4  16     0.00000     0.00000   4  16     0.00000     0.00000    96Sr
  38  97   2  15     0.00000     0.00000   2  15     0.00000     0.00000    97Sr
  38  98   6  15     0.00000     0.00000   6  15     0.00000     0.00000    98Sr
  38  99   2  15     0.00000     0.00000   2  15     0.00000     0.00000    99Sr
