  43  89   7  15     0.00000     0.00000   7  15     0.00000     0.00000    89Tc
  43  90   8  17     0.00000     0.00000   8  17     0.00000     0.00000    90Tc
  43  91   2  15     0.00000     0.00000   2  15     0.00000     0.00000    91Tc
  43  92   8  21     0.00000     0.00000   8  21     0.00000     0.00000    92Tc
  43  93   8  19     0.00000     0.00000   8  19     0.00000     0.00000    93Tc
  43  94   8  20     0.00000     0.00000   8  20     0.00000     0.00000    94Tc
  43  95   2  16     0.00000     0.00000   2  16     0.00000     0.00000    95Tc
  43  96   6  15     0.00000     0.00000   6  15     0.00000     0.00000    96Tc
  43  97   5  20     0.00000     0.00000   5  20     0.00000     0.00000    97Tc
  43  98   8  25     0.00000     0.00000   8  25     0.00000     0.00000    98Tc
  43  99   8  15     0.00000     0.00000   8  15     0.00000     0.00000    99Tc
  43 100   8  17    16.39162     0.00000   8  17    10.76192     0.00000   100Tc
  43 101   8  17     0.00000     0.00000   8  17     0.00000     0.00000   101Tc
  43 102   8  15     0.00000     0.00000   8  15     0.00000     0.00000   102Tc
  43 103   7  15     0.00000     0.00000   7  15     0.00000     0.00000   103Tc
  43 104   8  16     0.00000     0.00000   8  16     0.00000     0.00000   104Tc
  43 105   4  17     0.00000     0.00000   4  17     0.00000     0.00000   105Tc
  43 106   8  16     0.00000     0.00000   8  16     0.00000     0.00000   106Tc
  43 107   8  16     0.00000     0.00000   8  16     0.00000     0.00000   107Tc
  43 108   6  11     0.00000     0.00000   6  11     0.00000     0.00000   108Tc
