  45  92   2  15     0.00000     0.00000   2  15     0.00000     0.00000    92Rh
  45  93   2  15     0.00000     0.00000   2  15     0.00000     0.00000    93Rh
  45  95   3  15     0.00000     0.00000   3  15     0.00000     0.00000    95Rh
  45  96   8  15     0.00000     0.00000   8  15     0.00000     0.00000    96Rh
  45  97   6  15     0.00000     0.00000   6  15     0.00000     0.00000    97Rh
  45  98   6  15     0.00000     0.00000   6  15     0.00000     0.00000    98Rh
  45  99   8  15     0.00000     0.00000   8  15     0.00000     0.00000    99Rh
  45 100   8  16     0.00000     0.00000   8  16     0.00000     0.00000   100Rh
  45 101   7  17     0.00000     0.00000   7  17     0.00000     0.00000   101Rh
  45 102   7  15     0.00000     0.00000   7  15     0.00000     0.00000   102Rh
  45 103   2  15     0.00000     0.00000   2  15     0.00000     0.00000   103Rh
  45 104   8  15    17.19696     0.00000   8  15    11.54712     0.00000   104Rh
  45 105   6  24     0.00000     0.00000   6  24     0.00000     0.00000   105Rh
  45 107   2  15     0.00000     0.00000   2  15     0.00000     0.00000   107Rh
  45 109   8  24     0.00000     0.00000   8  24     0.00000     0.00000   109Rh
  45 111   2  15     0.00000     0.00000   2  15     0.00000     0.00000   111Rh
  45 113   8  10     0.00000     0.00000   8  10     0.00000     0.00000   113Rh
