  47 100   7  18     0.00000     0.00000   7  18     0.00000     0.00000   100Ag
  47 101   6  18     0.00000     0.00000   6  18     0.00000     0.00000   101Ag
  47 102   7  16     0.00000     0.00000   7  16     0.00000     0.00000   102Ag
  47 103   5  17     0.00000     0.00000   5  17     0.00000     0.00000   103Ag
  47 104   5  18     0.00000     0.00000   5  18     0.00000     0.00000   104Ag
  47 105   2  18     0.00000     0.00000   2  18     0.00000     0.00000   105Ag
  47 106   6  19     0.00000     0.00000   6  19     0.00000     0.00000   106Ag
  47 107   6  17     0.00000     0.00000   6  17     0.00000     0.00000   107Ag
  47 108   3  28    16.17307     0.00000   3  28     9.15547     0.00000   108Ag
  47 109   8  19     0.00000     0.00000   8  19     0.00000     0.00000   109Ag
  47 110   6  18    17.78141     0.00000   6  18     9.68986     0.00000   110Ag
  47 111   2  17     0.00000     0.00000   2  17     0.00000     0.00000   111Ag
  47 113   8  15     0.00000     0.00000   8  15     0.00000     0.00000   113Ag
