  50 104   2  15     0.00000     0.00000   2  15     0.00000     0.00000   104Sn
  50 106   2  15     0.00000     0.00000   2  15     0.00000     0.00000   106Sn
  50 107   3  15     0.00000     0.00000   3  15     0.00000     0.00000   107Sn
  50 108   8  20     0.00000     0.00000   8  20     0.00000     0.00000   108Sn
  50 109   8  17     0.00000     0.00000   8  17     0.00000     0.00000   109Sn
  50 110   7  19     0.00000     0.00000   7  19     0.00000     0.00000   110Sn
  50 111   3  15     0.00000     0.00000   3  15     0.00000     0.00000   111Sn
  50 112   4  17     0.00000     0.00000   4  17     0.00000     0.00000   112Sn
  50 113   4  17    15.47142     0.00000   4  17     9.72225     0.00000   113Sn
  50 114   6  19     0.00000     0.00000   6  19     0.00000     0.00000   114Sn
  50 115   4  21    14.83352     0.00000   4  21     8.42375     0.00000   115Sn
  50 116   8  24     0.00000     0.00000   8  24     0.00000     0.00000   116Sn
  50 117   7  15    14.79118     0.00000   7  15     9.02434     0.00000   117Sn
  50 118   2  15    15.14735     0.00000   2  15     9.54972     0.00000   118Sn
  50 119   8  15    15.29971     0.00000   8  15     9.22229     0.00000   119Sn
  50 120   6  21    14.72932     0.00000   6  21     9.02248     0.00000   120Sn
  50 121   3  19    15.15312     0.00000   3  19     8.91268     0.00000   121Sn
  50 122   6  19     0.00000     0.00000   6  19     0.00000     0.00000   122Sn
  50 123   3  15     0.00000     0.00000   3  15     0.00000     0.00000   123Sn
  50 124   8  20     0.00000     0.00000   8  20     0.00000     0.00000   124Sn
  50 125   8  16    12.65056     0.00000   8  16     5.69925     0.00000   125Sn
  50 126   8  22     0.00000     0.00000   8  22     0.00000     0.00000   126Sn
  50 127   2  15     0.00000     0.00000   2  15     0.00000     0.00000   127Sn
  50 128   7  15     0.00000     0.00000   7  15     0.00000     0.00000   128Sn
  50 129   2  13     0.00000     0.00000   2  13     0.00000     0.00000   129Sn
  50 130   8  20     0.00000     0.00000   8  20     0.00000     0.00000   130Sn
  50 131   4  15     0.00000     0.00000   4  15     0.00000     0.00000   131Sn
