  52 116   8  16     0.00000     0.00000   8  16     0.00000     0.00000   116Te
  52 117   4  17     0.00000     0.00000   4  17     0.00000     0.00000   117Te
  52 118   8  16     0.00000     0.00000   8  16     0.00000     0.00000   118Te
  52 119   8  15     0.00000     0.00000   8  15     0.00000     0.00000   119Te
  52 120   8  21     0.00000     0.00000   8  21     0.00000     0.00000   120Te
  52 121   5  17     0.00000     0.00000   5  17     0.00000     0.00000   121Te
  52 122   7  17     0.00000     0.00000   7  17     0.00000     0.00000   122Te
  52 123   7  16    17.75148     0.00000   7  16     9.48646     0.00000   123Te
  52 124   7  15    16.87852     0.00000   7  15     9.06574     0.00000   124Te
  52 125   2  15    17.93810     0.00000   2  15     9.72889     0.00000   125Te
  52 126   3  16    16.17425     0.00000   3  16     8.68038     0.00000   126Te
  52 127   2  16    16.65493     0.00000   2  16     8.93246     0.00000   127Te
  52 128   8  16     0.00000     0.00000   8  16     0.00000     0.00000   128Te
  52 129   3  16    16.34903     0.00000   3  16     9.02604     0.00000   129Te
  52 130   7  17     0.00000     0.00000   7  17     0.00000     0.00000   130Te
  52 131   7  16    15.19765     0.00000   7  16     8.04595     0.00000   131Te
  52 132   6  15     0.00000     0.00000   6  15     0.00000     0.00000   132Te
  52 133   2  15     0.00000     0.00000   2  15     0.00000     0.00000   133Te
  52 134   3  15     0.00000     0.00000   3  15     0.00000     0.00000   134Te
  52 135   8  18     0.00000     0.00000   8  18     0.00000     0.00000   135Te
  52 136   8  15     0.00000     0.00000   8  15     0.00000     0.00000   136Te
