  54 114   8  15     0.00000     0.00000   8  15     0.00000     0.00000   114Xe
  54 116   7  15     0.00000     0.00000   7  15     0.00000     0.00000   116Xe
  54 117   8  18     0.00000     0.00000   8  18     0.00000     0.00000   117Xe
  54 118   4  17     0.00000     0.00000   4  17     0.00000     0.00000   118Xe
  54 119   8  15     0.00000     0.00000   8  15     0.00000     0.00000   119Xe
  54 120   4  18     0.00000     0.00000   4  18     0.00000     0.00000   120Xe
  54 121   6  20     0.00000     0.00000   6  20     0.00000     0.00000   121Xe
  54 122   8  15     0.00000     0.00000   8  15     0.00000     0.00000   122Xe
  54 123   6  15     0.00000     0.00000   6  15     0.00000     0.00000   123Xe
  54 124   8  18     0.00000     0.00000   8  18     0.00000     0.00000   124Xe
  54 125   5  25     0.00000     0.00000   5  25     0.00000     0.00000   125Xe
  54 126   5  25     0.00000     0.00000   5  25     0.00000     0.00000   126Xe
  54 127   8  23     0.00000     0.00000   8  23     0.00000     0.00000   127Xe
  54 128   7  17     0.00000     0.00000   7  17     0.00000     0.00000   128Xe
  54 129   5  21    16.65450     0.00000   5  21     9.98048     0.00000   129Xe
  54 130   8  21    15.87238     0.00000   8  21    10.10466     0.00000   130Xe
  54 131   5  17    17.63083     0.00000   5  17    11.38503     0.00000   131Xe
  54 132   5  17    14.98224     0.00000   5  17     8.79488     0.00000   132Xe
  54 133   8  16    15.82651     0.00000   8  16     9.24469     0.00000   133Xe
  54 134   6  20     0.00000     0.00000   6  20     0.00000     0.00000   134Xe
  54 135   8  17     0.00000     0.00000   8  17     0.00000     0.00000   135Xe
  54 136   2  16     0.00000     0.00000   2  16     0.00000     0.00000   136Xe
  54 137   6  15     0.00000     0.00000   6  15     0.00000     0.00000   137Xe
  54 138   5  15     0.00000     0.00000   5  15     0.00000     0.00000   138Xe
  54 139   7  20     0.00000     0.00000   7  20     0.00000     0.00000   139Xe
  54 140   8  16     0.00000     0.00000   8  16     0.00000     0.00000   140Xe
  54 141   2  15     0.00000     0.00000   2  15     0.00000     0.00000   141Xe
  54 142   4  15     0.00000     0.00000   4  15     0.00000     0.00000   142Xe
