  57 127   8  17     0.00000     0.00000   8  17     0.00000     0.00000   127La
  57 128   2  15     0.00000     0.00000   2  15     0.00000     0.00000   128La
  57 129   2  16     0.00000     0.00000   2  16     0.00000     0.00000   129La
  57 130   3  15     0.00000     0.00000   3  15     0.00000     0.00000   130La
  57 131   8  15     0.00000     0.00000   8  15     0.00000     0.00000   131La
  57 132   8  15     0.00000     0.00000   8  15     0.00000     0.00000   132La
  57 133   4  15     0.00000     0.00000   4  15     0.00000     0.00000   133La
  57 134   8  18     0.00000     0.00000   8  18     0.00000     0.00000   134La
  57 135   4  15     0.00000     0.00000   4  15     0.00000     0.00000   135La
  57 136   6  16     0.00000     0.00000   6  16     0.00000     0.00000   136La
  57 137   8  16     0.00000     0.00000   8  16     0.00000     0.00000   137La
  57 138   6  20     0.00000     0.00000   6  20     0.00000     0.00000   138La
  57 139   4  21    13.29396     0.00000   4  21     7.02382     0.00000   139La
  57 140   8  25    15.54706     0.00000   8  25     8.59109     0.00000   140La
  57 141   8  18     0.00000     0.00000   8  18     0.00000     0.00000   141La
  57 142   8  15     0.00000     0.00000   8  15     0.00000     0.00000   142La
  57 143   7  18     0.00000     0.00000   7  18     0.00000     0.00000   143La
  57 144   8  15     0.00000     0.00000   8  15     0.00000     0.00000   144La
  57 145   2  15     0.00000     0.00000   2  15     0.00000     0.00000   145La
  57 146   6  16     0.00000     0.00000   6  16     0.00000     0.00000   146La
  57 147   2  15     0.00000     0.00000   2  15     0.00000     0.00000   147La
  57 148   8  16     0.00000     0.00000   8  16     0.00000     0.00000   148La
