  60 130   8  15     0.00000     0.00000   8  15     0.00000     0.00000   130Nd
  60 131   7  16     0.00000     0.00000   7  16     0.00000     0.00000   131Nd
  60 132   8  16     0.00000     0.00000   8  16     0.00000     0.00000   132Nd
  60 133   8  15     0.00000     0.00000   8  15     0.00000     0.00000   133Nd
  60 134   7  15     0.00000     0.00000   7  15     0.00000     0.00000   134Nd
  60 135   3  17     0.00000     0.00000   3  17     0.00000     0.00000   135Nd
  60 136   8  18     0.00000     0.00000   8  18     0.00000     0.00000   136Nd
  60 137   8  17     0.00000     0.00000   8  17     0.00000     0.00000   137Nd
  60 138   4  15     0.00000     0.00000   4  15     0.00000     0.00000   138Nd
  60 139   8  15     0.00000     0.00000   8  15     0.00000     0.00000   139Nd
  60 140   8  15     0.00000     0.00000   8  15     0.00000     0.00000   140Nd
  60 141   2  18     0.00000     0.00000   2  18     0.00000     0.00000   141Nd
  60 142   7  15     0.00000     0.00000   7  15     0.00000     0.00000   142Nd
  60 143   8  23    17.81887     0.00000   8  23     9.00455     0.00000   143Nd
  60 144   8  29    16.77003     0.00000   8  29     9.84748     0.00000   144Nd
  60 145   8  21    19.08182     0.00000   8  21    11.36169     0.00000   145Nd
  60 146   6  15    18.86091     0.00000   6  15    11.32775     0.00000   146Nd
  60 147   4  20    22.41594     0.00000   4  20    14.06959     0.00000   147Nd
  60 148   5  17    24.07277     0.00000   5  17    15.92519     0.00000   148Nd
  60 149   2  15    24.93639     0.00000   2  15    16.22469     0.00000   149Nd
  60 150   4  16     0.00000     0.00000   4  16     0.00000     0.00000   150Nd
  60 151   8  28    23.01464     0.00000   8  28    14.26376     0.00000   151Nd
  60 152   8  24     0.00000     0.00000   8  24     0.00000     0.00000   152Nd
  60 153   2  15     0.00000     0.00000   2  15     0.00000     0.00000   153Nd
  60 154   8  16     0.00000     0.00000   8  16     0.00000     0.00000   154Nd
