  65 143   8  15     0.00000     0.00000   8  15     0.00000     0.00000   143Tb
  65 144   2  15     0.00000     0.00000   2  15     0.00000     0.00000   144Tb
  65 146   2  15     0.00000     0.00000   2  15     0.00000     0.00000   146Tb
  65 147   4  18     0.00000     0.00000   4  18     0.00000     0.00000   147Tb
  65 148   8  27     0.00000     0.00000   8  27     0.00000     0.00000   148Tb
  65 149   5  17     0.00000     0.00000   5  17     0.00000     0.00000   149Tb
  65 150   2  15     0.00000     0.00000   2  15     0.00000     0.00000   150Tb
  65 151   3  18     0.00000     0.00000   3  18     0.00000     0.00000   151Tb
  65 152   2  15     0.00000     0.00000   2  15     0.00000     0.00000   152Tb
  65 153   8  26     0.00000     0.00000   8  26     0.00000     0.00000   153Tb
  65 155   6  16     0.00000     0.00000   6  16     0.00000     0.00000   155Tb
  65 156   8  16     0.00000     0.00000   8  16     0.00000     0.00000   156Tb
  65 157   8  20     0.00000     0.00000   8  20     0.00000     0.00000   157Tb
  65 158   7  29     0.00000     0.00000   7  29     0.00000     0.00000   158Tb
  65 159   2  15     0.00000     0.00000   2  15     0.00000     0.00000   159Tb
  65 160   4  22    21.16246     0.00000   4  22    13.15629     0.00000   160Tb
  65 161   4  15     0.00000     0.00000   4  15     0.00000     0.00000   161Tb
  65 163   8  17     0.00000     0.00000   8  17     0.00000     0.00000   163Tb
