  68 150   3  15     0.00000     0.00000   3  15     0.00000     0.00000   150Er
  68 151   5  27     0.00000     0.00000   5  27     0.00000     0.00000   151Er
  68 152   2  15     0.00000     0.00000   2  15     0.00000     0.00000   152Er
  68 153   2  15     0.00000     0.00000   2  15     0.00000     0.00000   153Er
  68 154   2  15     0.00000     0.00000   2  15     0.00000     0.00000   154Er
  68 155   8  15     0.00000     0.00000   8  15     0.00000     0.00000   155Er
  68 156   2  18     0.00000     0.00000   2  18     0.00000     0.00000   156Er
  68 157   6  16     0.00000     0.00000   6  16     0.00000     0.00000   157Er
  68 158   2  15     0.00000     0.00000   2  15     0.00000     0.00000   158Er
  68 159   7  15     0.00000     0.00000   7  15     0.00000     0.00000   159Er
  68 160   7  19     0.00000     0.00000   7  19     0.00000     0.00000   160Er
  68 161   6  25     0.00000     0.00000   6  25     0.00000     0.00000   161Er
  68 162   4  15     0.00000     0.00000   4  15     0.00000     0.00000   162Er
  68 163   8  18    24.19393     0.00000   8  18    15.76118     0.00000   163Er
  68 164   8  16     0.00000     0.00000   8  16     0.00000     0.00000   164Er
  68 165   3  19    22.79732     0.00000   3  19    14.24732     0.00000   165Er
  68 166   7  15     0.00000     0.00000   7  15     0.00000     0.00000   166Er
  68 167   6  28    22.16893     0.00000   6  28    13.45615     0.00000   167Er
  68 168   3  15    21.55732     0.00000   3  15    13.03250     0.00000   168Er
  68 169   8  16    21.76027     0.00000   8  16    12.75195     0.00000   169Er
  68 170   7  15     0.00000     0.00000   7  15     0.00000     0.00000   170Er
  68 171   8  19    22.34936     0.00000   8  19    13.03773     0.00000   171Er
  68 172   8  22     0.00000     0.00000   8  22     0.00000     0.00000   172Er
