  73 167   8  15     0.00000     0.00000   8  15     0.00000     0.00000   167Ta
  73 169   2  10     0.00000     0.00000   2  10     0.00000     0.00000   169Ta
  73 171   7  15     0.00000     0.00000   7  15     0.00000     0.00000   171Ta
  73 172   8  15     0.00000     0.00000   8  15     0.00000     0.00000   172Ta
  73 173   2  15     0.00000     0.00000   2  15     0.00000     0.00000   173Ta
  73 174   2  15     0.00000     0.00000   2  15     0.00000     0.00000   174Ta
  73 175   7  16     0.00000     0.00000   7  16     0.00000     0.00000   175Ta
  73 177   8  17     0.00000     0.00000   8  17     0.00000     0.00000   177Ta
  73 179   7  19     0.00000     0.00000   7  19     0.00000     0.00000   179Ta
  73 180   8  16     0.00000     0.00000   8  16     0.00000     0.00000   180Ta
  73 181   8  20    23.34335     0.00000   8  20    14.54617     0.00000   181Ta
  73 182   5  17    21.17897     0.00000   5  17    12.45864     0.00000   182Ta
  73 183   2  15    21.12126     0.00000   2  15    12.40065     0.00000   183Ta
  73 185   8  16     0.00000     0.00000   8  16     0.00000     0.00000   185Ta
