  77 175   8  16     0.00000     0.00000   8  16     0.00000     0.00000   175Ir
  77 177   7  15     0.00000     0.00000   7  15     0.00000     0.00000   177Ir
  77 181   7  16     0.00000     0.00000   7  16     0.00000     0.00000   181Ir
  77 182   8  15     0.00000     0.00000   8  15     0.00000     0.00000   182Ir
  77 183   8  16     0.00000     0.00000   8  16     0.00000     0.00000   183Ir
  77 184   8  17     0.00000     0.00000   8  17     0.00000     0.00000   184Ir
  77 185   3  16     0.00000     0.00000   3  16     0.00000     0.00000   185Ir
  77 186   8  17     0.00000     0.00000   8  17     0.00000     0.00000   186Ir
  77 187   8  25     0.00000     0.00000   8  25     0.00000     0.00000   187Ir
  77 188   6  15     0.00000     0.00000   6  15     0.00000     0.00000   188Ir
  77 189   3  16     0.00000     0.00000   3  16     0.00000     0.00000   189Ir
  77 190   8  20     0.00000     0.00000   8  20     0.00000     0.00000   190Ir
  77 191   6  16     0.00000     0.00000   6  16     0.00000     0.00000   191Ir
  77 192   5  25    23.76501     0.00000   5  25    15.02607     0.00000   192Ir
  77 193   5  17    22.42995     0.00000   5  17    13.99488     0.00000   193Ir
  77 194   8  27    21.86781     0.00000   8  27    13.15362     0.00000   194Ir
  77 195   8  15     0.00000     0.00000   8  15     0.00000     0.00000   195Ir
  77 197   8  15     0.00000     0.00000   8  15     0.00000     0.00000   197Ir
