  78 179   8  15     0.00000     0.00000   8  15     0.00000     0.00000   179Pt
  78 180   6  15     0.00000     0.00000   6  15     0.00000     0.00000   180Pt
  78 181   4  15     0.00000     0.00000   4  15     0.00000     0.00000   181Pt
  78 182   7  16     0.00000     0.00000   7  16     0.00000     0.00000   182Pt
  78 183   3  24     0.00000     0.00000   3  24     0.00000     0.00000   183Pt
  78 184   8  18     0.00000     0.00000   8  18     0.00000     0.00000   184Pt
  78 185   8  17     0.00000     0.00000   8  17     0.00000     0.00000   185Pt
  78 186   8  15     0.00000     0.00000   8  15     0.00000     0.00000   186Pt
  78 187   5  29     0.00000     0.00000   5  29     0.00000     0.00000   187Pt
  78 188   8  18     0.00000     0.00000   8  18     0.00000     0.00000   188Pt
  78 189   8  18     0.00000     0.00000   8  18     0.00000     0.00000   189Pt
  78 190   7  20     0.00000     0.00000   7  20     0.00000     0.00000   190Pt
  78 191   7  25     0.00000     0.00000   7  25     0.00000     0.00000   191Pt
  78 192   8  17     0.00000     0.00000   8  17     0.00000     0.00000   192Pt
  78 193   8  19    24.00490     0.00000   8  19    12.90471     0.00000   193Pt
  78 194   5  19     0.00000     0.00000   5  19     0.00000     0.00000   194Pt
  78 195   8  20    19.83420     0.00000   8  20    10.17590     0.00000   195Pt
  78 196   3  16    20.38147     0.00000   3  16    10.76807     0.00000   196Pt
  78 197   7  15    19.36859     0.00000   7  15    10.00265     0.00000   197Pt
  78 198   8  19     0.00000     0.00000   8  19     0.00000     0.00000   198Pt
  78 199   5  19    20.34262     0.00000   5  19    10.12206     0.00000   199Pt
