  80 180   8  18     0.00000     0.00000   8  18     0.00000     0.00000   180Hg
  80 181   2  10     0.00000     0.00000   2  10     0.00000     0.00000   181Hg
  80 182   8  15     0.00000     0.00000   8  15     0.00000     0.00000   182Hg
  80 183   8  15     0.00000     0.00000   8  15     0.00000     0.00000   183Hg
  80 184   2  15     0.00000     0.00000   2  15     0.00000     0.00000   184Hg
  80 185   8  15     0.00000     0.00000   8  15     0.00000     0.00000   185Hg
  80 186   8  18     0.00000     0.00000   8  18     0.00000     0.00000   186Hg
  80 187   2  15     0.00000     0.00000   2  15     0.00000     0.00000   187Hg
  80 188   6  15     0.00000     0.00000   6  15     0.00000     0.00000   188Hg
  80 190   8  21     0.00000     0.00000   8  21     0.00000     0.00000   190Hg
  80 191   8  22     0.00000     0.00000   8  22     0.00000     0.00000   191Hg
  80 192   3  20     0.00000     0.00000   3  20     0.00000     0.00000   192Hg
  80 193   8  16     0.00000     0.00000   8  16     0.00000     0.00000   193Hg
  80 194   8  16     0.00000     0.00000   8  16     0.00000     0.00000   194Hg
  80 195   8  18     0.00000     0.00000   8  18     0.00000     0.00000   195Hg
  80 196   7  24     0.00000     0.00000   7  24     0.00000     0.00000   196Hg
  80 197   8  15     0.00000     0.00000   8  15     0.00000     0.00000   197Hg
  80 198   3  15     0.00000     0.00000   3  15     0.00000     0.00000   198Hg
  80 199   2  16    19.46749     0.00000   2  16    11.32617     0.00000   199Hg
  80 200   5  16    16.68471     0.00000   5  16     8.94592     0.00000   200Hg
  80 201   3  15    14.33518     0.00000   3  15     3.74645     0.00000   201Hg
  80 202   8  24    16.38894     0.00000   8  24     8.36873     0.00000   202Hg
  80 203   8  17     0.00000     0.00000   8  17     0.00000     0.00000   203Hg
  80 204   8  19     0.00000     0.00000   8  19     0.00000     0.00000   204Hg
  80 205   5  16     0.00000     0.00000   5  16     0.00000     0.00000   205Hg
