  89 217   8  10     0.00000     0.00000   8  10     0.00000     0.00000   217Ac
  89 219   7  16     0.00000     0.00000   7  16     0.00000     0.00000   219Ac
  89 220   8  16     0.00000     0.00000   8  16     0.00000     0.00000   220Ac
  89 223   7  10     0.00000     0.00000   7  10     0.00000     0.00000   223Ac
  89 224   8  15     0.00000     0.00000   8  15     0.00000     0.00000   224Ac
  89 225   8  16     0.00000     0.00000   8  16     0.00000     0.00000   225Ac
  89 226   8  15     0.00000     0.00000   8  15     0.00000     0.00000   226Ac
  89 227   5  16     0.00000     0.00000   5  16     0.00000     0.00000   227Ac
  89 229   8  15     0.00000     0.00000   8  15     0.00000     0.00000   229Ac
  89 230   8  15     0.00000     0.00000   8  15     0.00000     0.00000   230Ac
  89 231   8  15     0.00000     0.00000   8  15     0.00000     0.00000   231Ac
