  90 220   2  15     0.00000     0.00000   2  15     0.00000     0.00000   220Th
  90 221   2  13     0.00000     0.00000   2  13     0.00000     0.00000   221Th
  90 222   2  15     0.00000     0.00000   2  15     0.00000     0.00000   222Th
  90 223   8  15     0.00000     0.00000   8  15     0.00000     0.00000   223Th
  90 224   5  16     0.00000     0.00000   5  16     0.00000     0.00000   224Th
  90 226   8  17     0.00000     0.00000   8  17     0.00000     0.00000   226Th
  90 227   8  15     0.00000     0.00000   8  15     0.00000     0.00000   227Th
  90 228   5  15     0.00000     0.00000   5  15     0.00000     0.00000   228Th
  90 229   8  22    33.65964     0.00000   8  22    22.22377     0.00000   229Th
  90 230   3  15    30.59566     0.00000   3  15    19.73734     0.00000   230Th
  90 231   3  16    32.61182     0.00000   3  16    20.94483     0.00000   231Th
  90 232   8  29     0.00000     0.00000   8  29     0.00000     0.00000   232Th
  90 233   7  16    33.28622     0.00000   7  16    21.14126     0.00000   233Th
  90 234   8  12     0.00000     0.00000   8  12     0.00000     0.00000   234Th
