  92 230   8  15     0.00000     0.00000   8  15     0.00000     0.00000   230U 
  92 232   2  16     0.00000     0.00000   2  16     0.00000     0.00000   232U 
  92 233   5  15    30.73900     0.00000   5  15    19.64137     0.00000   233U 
  92 234   3  15    30.19255     0.00000   3  15    19.27137     0.00000   234U 
  92 235   4  16    31.16122     0.00000   4  16    19.59770     0.00000   235U 
  92 236   4  17    31.83432     0.00000   4  17    20.52363     0.00000   236U 
  92 237   7  21    31.32425     0.00000   7  21    19.54777     0.00000   237U 
  92 238   3  18    31.94193     0.00000   3  18    20.31544     0.00000   238U 
  92 239   8  34    32.95137     0.00000   8  34    20.36284     0.00000   239U 
  92 240   8  13     0.00000     0.00000   8  13     0.00000     0.00000   240U 
