  94 236   2  10     0.00000     0.00000   2  10     0.00000     0.00000   236Pu
  94 237   7  15     0.00000     0.00000   7  15     0.00000     0.00000   237Pu
  94 238   2  16     0.00000     0.00000   2  16     0.00000     0.00000   238Pu
  94 239   4  15    29.58647     0.00000   4  15    18.28992     0.00000   239Pu
  94 240   6  23    30.78953     0.00000   6  23    19.46235     0.00000   240Pu
  94 241   6  17    30.82739     0.00000   6  17    19.05614     0.00000   241Pu
  94 242   8  15    31.83853     0.00000   8  15    20.19932     0.00000   242Pu
  94 243   2  18    31.74661     0.00000   2  18    19.67248     0.00000   243Pu
  94 244   6  15     0.00000     0.00000   6  15     0.00000     0.00000   244Pu
  94 245   7  15    33.43176     0.00000   7  15    20.83492     0.00000   245Pu
  94 246   8  12     0.00000     0.00000   8  12     0.00000     0.00000   246Pu
