   6   8    8.037675   35.094060                                             8C 
   6   9    9.031036   28.910491                                             9C 
   6  10   10.016853   15.698682                                            10C 
   6  11   11.011433   10.650342                                            11C 
   6  12   12.000000    0.000010                                            12C 
   6  13   13.003354    3.126129                                            13C 
   6  14   14.003241    3.108305                                            14C 
   6  15   15.010599    9.873144                                            15C 
   6  16   16.014701   13.694129                                            16C 
   6  17   17.022586   21.038832                                            17C 
   6  18   18.026759   24.926178                                            18C 
   6  19   19.034805   32.420666                                            19C 
   6  20   20.040319   37.557610                                            20C 
   6  21   21.049340   45.960000                                            21C 
   6  22   22.057200   53.281000                                            22C 
