   7  10   10.041653   38.800107                                            10N 
   7  11   11.026091   24.303642                                            11N 
   7  12   12.018613   17.338072                                            12N 
   7  13   13.005738    5.345481                                            13N 
   7  14   14.003074    2.904669                                            14N 
   7  15   15.000108    0.144866                                            15N 
   7  16   16.006101    5.683907                                            16N 
   7  17   17.008448    7.870075                                            17N 
   7  18   18.014077   13.113168                                            18N 
   7  19   19.017021   15.855521                                            19N 
   7  20   20.023365   21.765110                                            20N 
   7  21   21.027108   25.251164                                            21N 
   7  22   22.034394   32.038675                                            22N 
   7  23   23.041140   38.322000                                            23N 
   7  24   24.050390   46.938000                                            24N 
   7  25   25.060100   55.983000                                            25N 
