   8  12   12.034404   32.047954                                            12O 
   8  13   13.024812   23.112428                                            13O 
   8  14   14.008596    8.007356                                            14O 
   8  15   15.003065    2.855605                                            15O 
   8  16   15.994914   -4.737141                                            16O 
   8  17   16.999131   -0.808813                                            17O 
   8  18   17.999161   -0.781522                                            18O 
   8  19   19.003580    3.334870                                            19O 
   8  20   20.004076    3.797462                                            20O 
   8  21   21.008655    8.062906                                            21O 
   8  22   22.009966    9.284152                                            22O 
   8  23   23.015687   14.612960                                            23O 
   8  24   24.020472   19.070400                                            24O 
   8  25   25.029460   27.442000                                            25O 
   8  26   26.038340   35.713000                                            26O 
   8  27   27.048260   44.954000                                            27O 
   8  28   28.057810   53.850000                                            28O 
