   9  14   14.035060   32.658000                                            14F 
   9  15   15.018009   16.775372                                            15F 
   9  16   16.011465   10.680254                                            16F 
   9  17   17.002095    1.951701                                            17F 
   9  18   18.000937    0.873701                                            18F 
   9  19   18.998403   -1.487386                                            19F 
   9  20   19.999981   -0.017404                                            20F 
   9  21   20.999948   -0.047551                                            21F 
   9  22   22.002998    2.793378                                            22F 
   9  23   23.003574    3.329747                                            23F 
   9  24   24.008115    7.559527                                            24F 
   9  25   25.012101   11.272706                                            25F 
   9  26   26.019615   18.271772                                            26F 
   9  27   27.026760   24.926860                                            27F 
   9  28   28.035670   33.226000                                            28F 
   9  29   29.043260   40.296000                                            29F 
   9  30   30.052500   48.903000                                            30F 
   9  31   31.060429   56.289000                                            31F 
