  11  18   18.025969   24.189968                                            18Na
  11  19   19.013877   12.926808                                            19Na
  11  20   20.007351    6.847719                                            20Na
  11  21   20.997655   -2.184161                                            21Na
  11  22   21.994436   -5.182436                                            22Na
  11  23   22.989769   -9.614358                                            23Na
  11  24   23.990962   -8.418114                                            24Na
  11  25   24.989953   -9.357818                                            25Na
  11  26   25.992633   -6.862316                                            26Na
  11  27   26.994076   -5.517436                                            27Na
  11  28   27.998938   -0.989247                                            28Na
  11  29   29.002861    2.665004                                            29Na
  11  30   30.008976    8.361090                                            30Na
  11  31   31.013585   12.654768                                            31Na
  11  32   32.020466   19.064478                                            32Na
  11  33   33.026719   24.889293                                            33Na
  11  34   34.035170   32.761000                                            34Na
  11  35   35.042493   39.582000                                            35Na
  11  36   36.051480   47.953000                                            36Na
  11  37   37.059340   55.275000                                            37Na
