  14  22   22.034530   32.164000                                            22Si
  14  23   23.025520   23.772000                                            23Si
  14  24   24.011545   10.754673                                            24Si
  14  25   25.004105    3.824318                                            25Si
  14  26   25.992329   -7.144632                                            26Si
  14  27   26.986704  -12.384301                                            27Si
  14  28   27.976926  -21.571678                                            28Si
  14  29   28.976494  -21.895046                                            29Si
  14  30   29.973770  -24.432928                                            30Si
  14  31   30.975363  -22.949006                                            31Si
  14  32   31.974148  -24.080907                                            32Si
  14  33   32.978000  -20.492662                                            33Si
  14  34   33.978575  -19.956770                                            34Si
  14  35   34.984583  -14.360307                                            35Si
  14  36   35.986599  -12.482507                                            36Si
  14  37   36.992936   -6.579998                                            37Si
  14  38   37.995633   -4.067274                                            38Si
  14  39   39.002070    1.928205                                            39Si
  14  40   40.005869    5.467052                                            40Si
  14  41   41.014560   13.562553                                            41Si
  14  42   42.019790   18.434000                                            42Si
  14  43   43.028660   26.697000                                            43Si
  14  44   44.035260   32.844000                                            44Si
