  16  26   26.027880   25.970000                                            26S 
  16  27   27.018833   17.543000                                            27S 
  16  28   28.004372    4.073203                                            28S 
  16  29   28.996608   -3.159582                                            29S 
  16  30   29.984903  -14.062532                                            30S 
  16  31   30.979554  -19.044648                                            31S 
  16  32   31.972070  -26.015697                                            32S 
  16  33   32.971458  -26.585994                                            33S 
  16  34   33.967866  -29.931788                                            34S 
  16  35   34.969032  -28.846356                                            35S 
  16  36   35.967080  -30.664075                                            36S 
  16  37   36.971125  -26.896360                                            37S 
  16  38   37.971163  -26.861197                                            38S 
  16  39   38.975134  -23.162245                                            39S 
  16  40   39.975451  -22.866568                                            40S 
  16  41   40.979582  -19.019105                                            41S 
  16  42   41.981022  -17.677503                                            42S 
  16  43   42.987154  -11.965235                                            43S 
  16  44   43.990213   -9.116168                                            44S 
  16  45   44.996508   -3.252672                                            45S 
  16  46   46.000750    0.699000                                            46S 
  16  47   47.008590    8.002000                                            47S 
  16  48   48.014170   13.199000                                            48S 
  16  49   49.023619   22.001000                                            49S 
