  19  32   32.021920   20.418000                                            32K 
  19  33   33.007260    6.763000                                            33K 
  19  34   33.998410   -1.481000                                            34K 
  19  35   34.988009  -11.168900                                            35K 
  19  36   35.981292  -17.426171                                            36K 
  19  37   36.973375  -24.800199                                            37K 
  19  38   37.969081  -28.800691                                            38K 
  19  39   38.963706  -33.807011                                            39K 
  19  40   39.963998  -33.535205                                            40K 
  19  41   40.961825  -35.559074                                            41K 
  19  42   41.962402  -35.021556                                            42K 
  19  43   42.960715  -36.593239                                            43K 
  19  44   43.961556  -35.809606                                            44K 
  19  45   44.960699  -36.608186                                            45K 
  19  46   45.961976  -35.418323                                            46K 
  19  47   46.961678  -35.696272                                            47K 
  19  48   47.965513  -32.123935                                            48K 
  19  49   48.967450  -30.319265                                            49K 
  19  50   49.972783  -25.352141                                            50K 
  19  51   50.976380  -22.002000                                            51K 
  19  52   51.982610  -16.199000                                            52K 
  19  53   52.987120  -11.998000                                            53K 
  19  54   53.994200   -5.403000                                            54K 
  19  55   54.999710   -0.270000                                            55K 
