  21  36   36.014920   13.898000                                            36Sc
  21  37   37.003050    2.841000                                            37Sc
  21  38   37.994700   -4.937000                                            38Sc
  21  39   38.984790  -14.168021                                            39Sc
  21  40   39.977967  -20.523228                                            40Sc
  21  41   40.969251  -28.642392                                            41Sc
  21  42   41.965516  -32.121239                                            42Sc
  21  43   42.961150  -36.187929                                            43Sc
  21  44   43.959402  -37.816093                                            44Sc
  21  45   44.955911  -41.067792                                            45Sc
  21  46   45.955171  -41.757115                                            46Sc
  21  47   46.952407  -44.332121                                            47Sc
  21  48   47.952231  -44.496101                                            48Sc
  21  49   48.950023  -46.552368                                            49Sc
  21  50   49.952187  -44.536885                                            50Sc
  21  51   50.953603  -43.218184                                            51Sc
  21  52   51.956675  -40.356541                                            52Sc
  21  53   52.959610  -37.623000                                            53Sc
  21  54   53.963264  -34.218841                                            54Sc
  21  55   54.968243  -29.580571                                            55Sc
  21  56   55.972870  -25.271000                                            56Sc
  21  57   56.977790  -20.688000                                            57Sc
  21  58   57.983710  -15.174000                                            58Sc
  21  59   58.989220  -10.042000                                            59Sc
  21  60   59.995710   -3.996000                                            60Sc
