  23  40   40.011090   10.330000                                            40V 
  23  41   40.999780   -0.205000                                            41V 
  23  42   41.991230   -8.169000                                            42V 
  23  43   42.980650  -18.024000                                            43V 
  23  44   43.974110  -24.116380                                            44V 
  23  45   44.965775  -31.879629                                            45V 
  23  46   45.960200  -37.073013                                            46V 
  23  47   46.954908  -42.002051                                            47V 
  23  48   47.952253  -44.475385                                            48V 
  23  49   48.948516  -47.956943                                            49V 
  23  50   49.947158  -49.221554                                            50V 
  23  51   50.943959  -52.201383                                            51V 
  23  52   51.944775  -51.441310                                            52V 
  23  53   52.944337  -51.848839                                            53V 
  23  54   53.946439  -49.890954                                            54V 
  23  55   54.947233  -49.151491                                            55V 
  23  56   55.950530  -46.080109                                            56V 
  23  57   56.952561  -44.188742                                            57V 
  23  58   57.956834  -40.208743                                            58V 
  23  59   58.960207  -37.066562                                            59V 
  23  60   59.965026  -32.577268                                            60V 
  23  61   60.968480  -29.361000                                            61V 
  23  62   61.973780  -24.424000                                            62V 
  23  63   62.977550  -20.912000                                            63V 
  23  64   63.983470  -15.398000                                            64V 
  23  65   64.987920  -11.252000                                            65V 
