  24  42   42.006430    5.990000                                            42Cr
  24  43   42.997710   -2.133000                                            43Cr
  24  44   43.985549  -13.461000                                            44Cr
  24  45   44.979640  -18.965218                                            45Cr
  24  46   45.968358  -29.473742                                            46Cr
  24  47   46.962900  -34.558385                                            47Cr
  24  48   47.954031  -42.819180                                            48Cr
  24  49   48.951335  -45.330484                                            49Cr
  24  50   49.946044  -50.259499                                            50Cr
  24  51   50.944767  -51.448807                                            51Cr
  24  52   51.940507  -55.416933                                            52Cr
  24  53   52.940649  -55.284741                                            53Cr
  24  54   53.938880  -56.932545                                            54Cr
  24  55   54.940839  -55.107491                                            55Cr
  24  56   55.940653  -55.281245                                            56Cr
  24  57   56.943613  -52.524140                                            57Cr
  24  58   57.944353  -51.834726                                            58Cr
  24  59   58.948586  -47.891490                                            59Cr
  24  60   59.950076  -46.503876                                            60Cr
  24  61   60.954717  -42.180653                                            61Cr
  24  62   61.956613  -40.414553                                            62Cr
  24  63   62.961860  -35.527000                                            63Cr
  24  64   63.964410  -33.152000                                            64Cr
  24  65   64.970160  -27.796000                                            65Cr
  24  66   65.973380  -24.796000                                            66Cr
  24  67   66.979550  -19.049000                                            67Cr
