  25  44   44.006870    6.399000                                            44Mn
  25  45   44.994510   -5.114000                                            45Mn
  25  46   45.986720  -12.370000                                            46Mn
  25  47   46.976100  -22.263000                                            47Mn
  25  48   47.968520  -29.323431                                            48Mn
  25  49   48.959618  -37.615586                                            49Mn
  25  50   49.954238  -42.626814                                            50Mn
  25  51   50.948210  -48.241341                                            51Mn
  25  52   51.945565  -50.705444                                            52Mn
  25  53   52.941290  -54.687904                                            53Mn
  25  54   53.940358  -55.555370                                            54Mn
  25  55   54.938045  -57.710580                                            55Mn
  25  56   55.938904  -56.909710                                            56Mn
  25  57   56.938285  -57.486800                                            57Mn
  25  58   57.939981  -55.906827                                            58Mn
  25  59   58.940440  -55.479562                                            59Mn
  25  60   59.942911  -53.177832                                            60Mn
  25  61   60.944652  -51.555736                                            61Mn
  25  62   61.948428  -48.038804                                            62Mn
  25  63   62.950239  -46.351151                                            63Mn
  25  64   63.954249  -42.616698                                            64Mn
  25  65   64.956336  -40.672693                                            65Mn
  25  66   65.961080  -36.254000                                            66Mn
  25  67   66.964140  -33.403000                                            67Mn
  25  68   67.969300  -28.597000                                            68Mn
  25  69   68.972840  -25.299000                                            69Mn
