  30  54   53.992950   -6.567000                                            54Zn
  30  55   54.983980  -14.923000                                            55Zn
  30  56   55.972380  -25.728000                                            56Zn
  30  57   56.964788  -32.800000                                            57Zn
  30  58   57.954591  -42.297694                                            58Zn
  30  59   58.949263  -47.260499                                            59Zn
  30  60   59.941827  -54.187768                                            60Zn
  30  61   60.939510  -56.345480                                            61Zn
  30  62   61.934329  -61.171431                                            62Zn
  30  63   62.933211  -62.213025                                            63Zn
  30  64   63.929142  -66.003595                                            64Zn
  30  65   64.929240  -65.911599                                            65Zn
  30  66   65.926033  -68.899427                                            66Zn
  30  67   66.927127  -67.880441                                            67Zn
  30  68   67.924844  -70.007220                                            68Zn
  30  69   68.926550  -68.417973                                            69Zn
  30  70   69.925319  -69.564648                                            70Zn
  30  71   70.927721  -67.326897                                            71Zn
  30  72   71.926857  -68.131380                                            72Zn
  30  73   72.929779  -65.410343                                            73Zn
  30  74   73.929458  -65.708883                                            74Zn
  30  75   74.932936  -62.469023                                            75Zn
  30  76   75.933293  -62.136640                                            76Zn
  30  77   76.936958  -58.722344                                            77Zn
  30  78   77.938440  -57.342570                                            78Zn
  30  79   78.942652  -53.420000                                            79Zn
  30  80   79.944342  -51.844769                                            80Zn
  30  81   80.950480  -46.128000                                            81Zn
  30  82   81.954420  -42.457000                                            82Zn
  30  83   82.961030  -36.300000                                            83Zn
