  32  58   57.991010   -8.374000                                            58Ge
  32  59   58.981750  -17.000000                                            59Ge
  32  60   59.970190  -27.768000                                            60Ge
  32  61   60.963790  -33.729000                                            61Ge
  32  62   61.954650  -42.243000                                            62Ge
  32  63   62.949640  -46.910000                                            63Ge
  32  64   63.941653  -54.349881                                            64Ge
  32  65   64.939436  -56.414625                                            65Ge
  32  66   65.933843  -61.624427                                            66Ge
  32  67   66.932734  -62.657810                                            67Ge
  32  68   67.928094  -66.979785                                            68Ge
  32  69   68.927964  -67.100605                                            69Ge
  32  70   69.924247  -70.563111                                            70Ge
  32  71   70.924950  -69.907736                                            71Ge
  32  72   71.922075  -72.585911                                            72Ge
  32  73   72.923458  -71.297534                                            73Ge
  32  74   73.921177  -73.422437                                            74Ge
  32  75   74.922858  -71.856427                                            75Ge
  32  76   75.921402  -73.213046                                            76Ge
  32  77   76.923548  -71.214029                                            77Ge
  32  78   77.922852  -71.862211                                            78Ge
  32  79   78.925400  -69.488526                                            79Ge
  32  80   79.925372  -69.515169                                            80Ge
  32  81   80.928820  -66.303308                                            81Ge
  32  82   81.929549  -65.624008                                            82Ge
  32  83   82.934620  -60.901000                                            83Ge
  32  84   83.937470  -58.246000                                            84Ge
  32  85   84.943030  -53.067000                                            85Ge
  32  86   85.946490  -49.844000                                            86Ge
  32  87   86.952510  -44.237000                                            87Ge
  32  88   87.956910  -40.138000                                            88Ge
  32  89   88.963830  -33.692000                                            89Ge
