  33  60   59.993130   -6.399000                                            60As
  33  61   60.980620  -18.052000                                            61As
  33  62   61.973200  -24.964000                                            62As
  33  63   62.963690  -33.823000                                            63As
  33  64   63.957572  -39.521000                                            64As
  33  65   64.949564  -46.981000                                            65As
  33  66   65.944710  -51.502304                                            66As
  33  67   66.939186  -56.647810                                            67As
  33  68   67.936769  -58.899233                                            68As
  33  69   68.932273  -63.086666                                            69As
  33  70   69.930924  -64.343111                                            70As
  33  71   70.927112  -67.894336                                            71As
  33  72   71.926752  -68.229809                                            72As
  33  73   72.923824  -70.956701                                            73As
  33  74   73.923928  -70.859967                                            74As
  33  75   74.921596  -73.032410                                            75As
  33  76   75.922394  -72.289504                                            76As
  33  77   76.920647  -73.916577                                            77As
  33  78   77.921827  -72.817419                                            78As
  33  79   78.920947  -73.636526                                            79As
  33  80   79.922533  -72.159286                                            80As
  33  81   80.922132  -72.533308                                            81As
  33  82   81.924504  -70.324008                                            82As
  33  83   82.924980  -69.880657                                            83As
  33  84   83.929058  -66.082000                                            84As
  33  85   84.932020  -63.323000                                            85As
  33  86   85.936500  -59.150000                                            86As
  33  87   86.939900  -55.983000                                            87As
  33  88   87.944940  -51.288000                                            88As
  33  89   88.949390  -47.143000                                            89As
  33  90   89.955500  -41.451000                                            90As
  33  91   90.960430  -36.859000                                            91As
  33  92   91.966800  -30.926000                                            92As
