  34  65   64.964660  -32.919000                                            65Se
  34  66   65.955210  -41.722000                                            66Se
  34  67   66.950090  -46.491000                                            67Se
  34  68   67.941798  -54.214814                                            68Se
  34  69   68.939557  -56.301531                                            69Se
  34  70   69.933390  -62.046216                                            70Se
  34  71   70.932241  -63.116336                                            71Se
  34  72   71.927112  -67.894407                                            72Se
  34  73   72.926765  -68.217642                                            73Se
  34  74   73.922476  -72.212735                                            74Se
  34  75   74.922523  -72.169018                                            75Se
  34  76   75.919213  -75.252050                                            76Se
  34  77   76.919914  -74.599594                                            77Se
  34  78   77.917309  -77.026086                                            78Se
  34  79   78.918499  -75.917602                                            79Se
  34  80   79.916521  -77.759936                                            80Se
  34  81   80.917992  -76.389519                                            81Se
  34  82   81.916699  -77.594008                                            82Se
  34  83   82.919118  -75.340657                                            83Se
  34  84   83.918462  -75.951829                                            84Se
  34  85   84.922245  -72.428267                                            85Se
  34  86   85.924271  -70.540570                                            86Se
  34  87   86.928521  -66.581926                                            87Se
  34  88   87.931423  -63.878135                                            88Se
  34  89   88.936450  -59.196000                                            89Se
  34  90   89.939960  -55.927000                                            90Se
  34  91   90.945960  -50.338000                                            91Se
  34  92   91.949920  -46.649000                                            92Se
  34  93   92.956290  -40.716000                                            93Se
  34  94   93.960490  -36.803000                                            94Se
