  35  67   66.964790  -32.798000                                            67Br
  35  68   67.958516  -38.642000                                            68Br
  35  69   68.950106  -46.476000                                            69Br
  35  70   69.944792  -51.426000                                            70Br
  35  71   70.938740  -57.063323                                            71Br
  35  72   71.936644  -59.015201                                            72Br
  35  73   72.931691  -63.628936                                            73Br
  35  74   73.929891  -65.306081                                            74Br
  35  75   74.925776  -69.139018                                            75Br
  35  76   75.924541  -70.289169                                            76Br
  35  77   76.921379  -73.234914                                            77Br
  35  78   77.921145  -73.452302                                            78Br
  35  79   78.918337  -76.068514                                            79Br
  35  80   79.918529  -75.889472                                            80Br
  35  81   80.916290  -77.974839                                            81Br
  35  82   81.916804  -77.496465                                            82Br
  35  83   82.915180  -79.008930                                            83Br
  35  84   83.916478  -77.799335                                            84Br
  35  85   84.915608  -78.610267                                            85Br
  35  86   85.918797  -75.639570                                            86Br
  35  87   86.920711  -73.856926                                            87Br
  35  88   87.924065  -70.732135                                            88Br
  35  89   88.926385  -68.571620                                            89Br
  35  90   89.930627  -64.619846                                            90Br
  35  91   90.933968  -61.508323                                            91Br
  35  92   91.939258  -56.580144                                            92Br
  35  93   92.943050  -53.049000                                            93Br
  35  94   93.948680  -47.804000                                            94Br
  35  95   94.952870  -43.901000                                            95Br
  35  96   95.958530  -38.629000                                            96Br
  35  97   96.962800  -34.652000                                            97Br
