  37  71   70.965320  -32.304000                                            71Rb
  37  72   71.959080  -38.117000                                            72Rb
  37  73   72.950561  -46.052000                                            73Rb
  37  74   73.944264  -51.917050                                            74Rb
  37  75   74.938570  -57.221677                                            75Rb
  37  76   75.935072  -60.479832                                            76Rb
  37  77   76.930408  -64.824531                                            77Rb
  37  78   77.928141  -66.936228                                            78Rb
  37  79   78.923989  -70.803362                                            79Rb
  37  80   79.922519  -72.172854                                            80Rb
  37  81   80.918995  -75.454821                                            81Rb
  37  82   81.918208  -76.188201                                            82Rb
  37  83   82.915109  -79.074805                                            83Rb
  37  84   83.914384  -79.750025                                            84Rb
  37  85   84.911789  -82.167331                                            85Rb
  37  86   85.911167  -82.747017                                            86Rb
  37  87   86.909180  -84.597795                                            87Rb
  37  88   87.911315  -82.608998                                            88Rb
  37  89   88.912278  -81.712502                                            89Rb
  37  90   89.914801  -79.361712                                            90Rb
  37  91   90.916536  -77.745323                                            91Rb
  37  92   91.919728  -74.772048                                            92Rb
  37  93   92.922041  -72.617525                                            93Rb
  37  94   93.926404  -68.553352                                            94Rb
  37  95   94.929302  -65.853935                                            95Rb
  37  96   95.934272  -61.224644                                            96Rb
  37  97   96.937351  -58.356314                                            97Rb
  37  98   97.941790  -54.221644                                            98Rb
  37  99   98.945379  -50.878870                                            99Rb
  37 100   99.949870  -46.696000                                           100Rb
  37 101  100.953196  -43.597231                                           101Rb
  37 102  101.958870  -38.312000                                           102Rb
