  38  73   72.965970  -31.699000                                            73Sr
  38  74   73.956310  -40.697000                                            74Sr
  38  75   74.949949  -46.621677                                            75Sr
  38  76   75.941766  -54.243893                                            76Sr
  38  77   76.937944  -57.804063                                            77Sr
  38  78   77.932180  -63.173924                                            78Sr
  38  79   78.929708  -65.476577                                            79Sr
  38  80   79.924521  -70.308223                                            80Sr
  38  81   80.923211  -71.527705                                            81Sr
  38  82   81.918401  -76.008384                                            82Sr
  38  83   82.917556  -76.795439                                            83Sr
  38  84   83.913425  -80.643837                                            84Sr
  38  85   84.912932  -81.102572                                            85Sr
  38  86   85.909260  -84.523576                                            86Sr
  38  87   86.908877  -84.880413                                            87Sr
  38  88   87.905612  -87.921740                                            88Sr
  38  89   88.907450  -86.209141                                            89Sr
  38  90   89.907737  -85.941604                                            90Sr
  38  91   90.910203  -83.645279                                            91Sr
  38  92   91.911037  -82.867702                                            92Sr
  38  93   92.914025  -80.084606                                            93Sr
  38  94   93.915361  -78.840430                                            94Sr
  38  95   94.919358  -75.116826                                            95Sr
  38  96   95.921696  -72.938959                                            96Sr
  38  97   96.926152  -68.788109                                            97Sr
  38  98   97.928452  -66.645662                                            98Sr
  38  99   98.933240  -62.185677                                            99Sr
  38 100   99.935351  -60.219307                                           100Sr
  38 101  100.940517  -55.407231                                           101Sr
  38 102  101.943018  -53.077471                                           102Sr
  38 103  102.948950  -47.553000                                           103Sr
  38 104  103.952330  -44.404000                                           104Sr
  38 105  104.958580  -38.582000                                           105Sr
