  44  87   86.949180  -47.339000                                            87Ru
  44  88   87.940260  -55.647000                                            88Ru
  44  89   88.936110  -59.513000                                            89Ru
  44  90   89.929890  -65.307000                                            90Ru
  44  91   90.926292  -68.658000                                            91Ru
  44  92   91.920120  -74.408000                                            92Ru
  44  93   92.917052  -77.265533                                            93Ru
  44  94   93.911359  -82.567898                                            94Ru
  44  95   94.910412  -83.449819                                            95Ru
  44  96   95.907597  -86.072062                                            96Ru
  44  97   96.907554  -86.112242                                            97Ru
  44  98   97.905287  -88.224469                                            98Ru
  44  99   98.905939  -87.616977                                            99Ru
  44 100   99.904219  -89.218984                                           100Ru
  44 101  100.905582  -87.949720                                           101Ru
  44 102  101.904349  -89.098043                                           102Ru
  44 103  102.906323  -87.258775                                           103Ru
  44 104  103.905432  -88.088872                                           104Ru
  44 105  104.907752  -85.927653                                           105Ru
  44 106  105.907329  -86.322078                                           106Ru
  44 107  106.909905  -83.922869                                           107Ru
  44 108  107.910173  -83.672879                                           108Ru
  44 109  108.913203  -80.850668                                           109Ru
  44 110  109.914136  -79.981763                                           110Ru
  44 111  110.917696  -76.665683                                           111Ru
  44 112  111.918965  -75.483617                                           112Ru
  44 113  112.922487  -72.202714                                           113Ru
  44 114  113.924281  -70.532000                                           114Ru
  44 115  114.928686  -66.428402                                           115Ru
  44 116  115.930810  -64.450000                                           116Ru
  44 117  116.935580  -60.007000                                           117Ru
  44 118  117.937820  -57.920000                                           118Ru
  44 119  118.942840  -53.244000                                           119Ru
  44 120  119.945310  -50.943000                                           120Ru
