  45  89   88.948837  -47.658000                                            89Rh
  45  90   89.942870  -53.216000                                            90Rh
  45  91   90.936550  -59.103000                                            91Rh
  45  92   91.931980  -63.360000                                            92Rh
  45  93   92.925740  -69.173000                                            93Rh
  45  94   93.921698  -72.938000                                            94Rh
  45  95   94.915898  -78.339819                                            95Rh
  45  96   95.914460  -79.679409                                            96Rh
  45  97   96.911336  -82.589242                                            97Rh
  45  98   97.910708  -83.174815                                            98Rh
  45  99   98.908132  -85.574394                                            99Rh
  45 100   99.908121  -85.584225                                           100Rh
  45 101  100.906163  -87.408021                                           101Rh
  45 102  101.906843  -86.775004                                           102Rh
  45 103  102.905504  -88.022185                                           103Rh
  45 104  103.906655  -86.949825                                           104Rh
  45 105  104.905693  -87.845641                                           105Rh
  45 106  105.907287  -86.361478                                           106Rh
  45 107  106.906748  -86.863285                                           107Rh
  45 108  107.908728  -85.019304                                           108Rh
  45 109  108.908737  -85.010668                                           109Rh
  45 110  109.911136  -82.775901                                           110Rh
  45 111  110.911585  -82.357192                                           111Rh
  45 112  111.914394  -79.741327                                           112Rh
  45 113  112.915530  -78.682714                                           113Rh
  45 114  113.918806  -75.631725                                           114Rh
  45 115  114.920334  -74.208402                                           115Rh
  45 116  115.924062  -70.735792                                           116Rh
  45 117  116.925980  -68.949000                                           117Rh
  45 118  117.930070  -65.139000                                           118Rh
  45 119  118.932110  -63.239000                                           119Rh
  45 120  119.936410  -59.234000                                           120Rh
  45 121  120.938720  -57.082000                                           121Rh
  45 122  121.943210  -52.900000                                           122Rh
