  46  91   90.949110  -47.403000                                            91Pd
  46  92   91.940420  -55.498000                                            92Pd
  46  93   92.935910  -59.699000                                            93Pd
  46  94   93.928770  -66.350000                                            94Pd
  46  95   94.924690  -70.151000                                            95Pd
  46  96   95.918164  -76.229409                                            96Pd
  46  97   96.916479  -77.799242                                            97Pd
  46  98   97.912720  -81.299957                                            98Pd
  46  99   98.911767  -82.187735                                            99Pd
  46 100   99.908505  -85.226218                                           100Pd
  46 101  100.908289  -85.428021                                           101Pd
  46 102  101.905608  -87.925075                                           102Pd
  46 103  102.906087  -87.479110                                           103Pd
  46 104  103.904035  -89.390045                                           104Pd
  46 105  104.905084  -88.412828                                           105Pd
  46 106  105.903485  -89.902478                                           106Pd
  46 107  106.905133  -88.367594                                           107Pd
  46 108  107.903891  -89.524304                                           108Pd
  46 109  108.905950  -87.606591                                           109Pd
  46 110  109.905153  -88.349175                                           110Pd
  46 111  110.907670  -86.004158                                           111Pd
  46 112  111.907314  -86.336399                                           112Pd
  46 113  112.910152  -83.692028                                           113Pd
  46 114  113.910362  -83.496665                                           114Pd
  46 115  114.913683  -80.403000                                           115Pd
  46 116  115.914158  -79.960691                                           116Pd
  46 117  116.917841  -76.530301                                           117Pd
  46 118  117.918984  -75.465639                                           118Pd
  46 119  118.923110  -71.623000                                           119Pd
  46 120  119.924691  -70.149064                                           120Pd
  46 121  120.928870  -66.257000                                           121Pd
  46 122  121.930550  -64.692000                                           122Pd
  46 123  122.934930  -60.612000                                           123Pd
  46 124  123.936880  -58.796000                                           124Pd
