  48  95   94.949870  -46.696000                                            95Cd
  48  96   95.939770  -56.104000                                            96Cd
  48  97   96.934940  -60.603000                                            97Cd
  48  98   97.927395  -67.630614                                            98Cd
  48  99   98.925010  -69.853000                                            99Cd
  48 100   99.920289  -74.249829                                           100Cd
  48 101  100.918681  -75.747660                                           101Cd
  48 102  101.914462  -79.677893                                           102Cd
  48 103  102.913419  -80.649453                                           103Cd
  48 104  103.909849  -83.974674                                           104Cd
  48 105  104.909467  -84.330103                                           105Cd
  48 106  105.906459  -87.132499                                           106Cd
  48 107  106.906617  -86.984841                                           107Cd
  48 108  107.904183  -89.252325                                           108Cd
  48 109  108.904982  -88.508424                                           109Cd
  48 110  109.903002  -90.352990                                           110Cd
  48 111  110.904178  -89.257519                                           111Cd
  48 112  111.902757  -90.580518                                           112Cd
  48 113  112.904401  -89.049279                                           113Cd
  48 114  113.903358  -90.020941                                           114Cd
  48 115  114.905430  -88.090485                                           115Cd
  48 116  115.904755  -88.719392                                           116Cd
  48 117  116.907218  -86.425301                                           117Cd
  48 118  117.906914  -86.708557                                           118Cd
  48 119  118.909921  -83.907492                                           119Cd
  48 120  119.909850  -83.974064                                           120Cd
  48 121  120.912977  -81.061064                                           121Cd
  48 122  121.913332  -80.730320                                           122Cd
  48 123  122.917002  -77.311209                                           123Cd
  48 124  123.917647  -76.710752                                           124Cd
  48 125  124.921246  -73.358534                                           125Cd
  48 126  125.922353  -72.327416                                           126Cd
  48 127  126.926443  -68.517100                                           127Cd
  48 128  127.927762  -67.288998                                           128Cd
  48 129  128.932150  -63.202000                                           129Cd
  48 130  129.933901  -61.569949                                           130Cd
  48 131  130.940670  -55.266000                                           131Cd
  48 132  131.945550  -50.720000                                           132Cd
