  49  97   96.949540  -47.003000                                            97In
  49  98   97.942140  -53.896000                                            98In
  49  99   98.934220  -61.274000                                            99In
  49 100   99.931110  -64.169829                                           100In
  49 101  100.926340  -68.614000                                           101In
  49 102  101.924090  -70.709488                                           102In
  49 103  102.919914  -74.599453                                           103In
  49 104  103.918296  -76.106627                                           104In
  49 105  104.914673  -79.481085                                           105In
  49 106  105.913465  -80.606451                                           106In
  49 107  106.910295  -83.559577                                           107In
  49 108  107.909698  -84.115603                                           108In
  49 109  108.907150  -86.488746                                           109In
  49 110  109.907165  -86.474990                                           110In
  49 111  110.905103  -88.395728                                           111In
  49 112  111.905532  -87.996067                                           112In
  49 113  112.904057  -89.369620                                           113In
  49 114  113.904913  -88.572155                                           114In
  49 115  114.903878  -89.536616                                           115In
  49 116  115.905259  -88.250019                                           116In
  49 117  116.904513  -88.945042                                           117In
  49 118  117.906354  -87.230346                                           118In
  49 119  118.905845  -87.704492                                           119In
  49 120  119.907959  -85.735073                                           120In
  49 121  120.907845  -85.841064                                           121In
  49 122  121.910276  -83.577359                                           122In
  49 123  122.910438  -83.426209                                           123In
  49 124  123.913175  -80.876752                                           124In
  49 125  124.913600  -80.480534                                           125In
  49 126  125.916463  -77.813416                                           126In
  49 127  126.917353  -76.985100                                           127In
  49 128  127.920172  -74.358998                                           128In
  49 129  128.921696  -72.938793                                           129In
  49 130  129.924970  -69.889949                                           130In
  49 131  130.926851  -68.137141                                           131In
  49 132  131.932990  -62.419171                                           132In
  49 133  132.937810  -57.930000                                           133In
  49 134  133.944150  -52.024000                                           134In
  49 135  134.949330  -47.199000                                           135In
