  50  99   98.949330  -47.199000                                            99Sn
  50 100   99.939044  -56.779829                                           100Sn
  50 101  100.936060  -59.560000                                           101Sn
  50 102  101.930295  -64.929488                                           102Sn
  50 103  102.928100  -66.974000                                           103Sn
  50 104  103.923143  -71.591627                                           104Sn
  50 105  104.921349  -73.262528                                           105Sn
  50 106  105.916880  -77.425204                                           106Sn
  50 107  106.915644  -78.576801                                           107Sn
  50 108  107.911925  -82.040983                                           108Sn
  50 109  108.911283  -82.639154                                           109Sn
  50 110  109.907842  -85.843888                                           110Sn
  50 111  110.907734  -85.944797                                           111Sn
  50 112  111.904818  -88.661269                                           112Sn
  50 113  112.905170  -88.333039                                           113Sn
  50 114  113.902778  -90.560901                                           114Sn
  50 115  114.903342  -90.035978                                           115Sn
  50 116  115.901740  -91.528107                                           116Sn
  50 117  116.902951  -90.399950                                           117Sn
  50 118  117.901603  -91.656060                                           118Sn
  50 119  118.903307  -90.068363                                           119Sn
  50 120  119.902194  -91.105073                                           120Sn
  50 121  120.904235  -89.204076                                           121Sn
  50 122  121.903439  -89.945950                                           122Sn
  50 123  122.905720  -87.820474                                           123Sn
  50 124  123.905273  -88.236752                                           124Sn
  50 125  124.907784  -85.898534                                           125Sn
  50 126  125.907653  -86.020416                                           126Sn
  50 127  126.910360  -83.499100                                           127Sn
  50 128  127.910536  -83.334598                                           128Sn
  50 129  128.913479  -80.593793                                           129Sn
  50 130  129.913967  -80.138949                                           130Sn
  50 131  130.916999  -77.314218                                           131Sn
  50 132  131.917815  -76.554171                                           132Sn
  50 133  132.923829  -70.952598                                           133Sn
  50 134  133.928291  -66.795791                                           134Sn
  50 135  134.934730  -60.799000                                           135Sn
  50 136  135.939340  -56.504000                                           136Sn
  50 137  136.945990  -50.310000                                           137Sn
