  52 105  104.943640  -52.499000                                           105Te
  52 106  105.937504  -58.214429                                           106Te
  52 107  106.935006  -60.541000                                           107Te
  52 108  107.929444  -65.721935                                           108Te
  52 109  108.927415  -67.612012                                           109Te
  52 110  109.922407  -72.277120                                           110Te
  52 111  110.921110  -73.484917                                           111Te
  52 112  111.917013  -77.301267                                           112Te
  52 113  112.915891  -78.347030                                           113Te
  52 114  113.912089  -81.888570                                           114Te
  52 115  114.911902  -82.062759                                           115Te
  52 116  115.908460  -85.268962                                           116Te
  52 117  116.908644  -85.096897                                           117Te
  52 118  117.905827  -87.721044                                           118Te
  52 119  118.906403  -87.184443                                           119Te
  52 120  119.904020  -89.404587                                           120Te
  52 121  120.904936  -88.551151                                           121Te
  52 122  121.903043  -90.314028                                           122Te
  52 123  122.904270  -89.171894                                           123Te
  52 124  123.902817  -90.524548                                           124Te
  52 125  124.904430  -89.022201                                           125Te
  52 126  125.903311  -90.064575                                           126Te
  52 127  126.905226  -88.281100                                           127Te
  52 128  127.904463  -88.992091                                           128Te
  52 129  128.906598  -87.003181                                           129Te
  52 130  129.906224  -87.351410                                           130Te
  52 131  130.908523  -85.209473                                           131Te
  52 132  131.908553  -85.182183                                           132Te
  52 133  132.910955  -82.944598                                           133Te
  52 134  133.911368  -82.559490                                           134Te
  52 135  134.916448  -77.827636                                           135Te
  52 136  135.920101  -74.425210                                           136Te
  52 137  136.925322  -69.561221                                           137Te
  52 138  137.929220  -65.931000                                           138Te
  52 139  138.934730  -60.799000                                           139Te
  52 140  139.938850  -56.961000                                           140Te
  52 141  140.944650  -51.558000                                           141Te
  52 142  141.949080  -47.432000                                           142Te
