  53 108  107.943475  -52.652000                                           108I 
  53 109  108.938149  -57.613447                                           109I 
  53 110  109.935242  -60.321000                                           110I 
  53 111  110.930276  -64.947000                                           111I 
  53 112  111.927970  -67.096000                                           112I 
  53 113  112.923640  -71.128339                                           113I 
  53 114  113.921850  -72.796000                                           114I 
  53 115  114.918048  -76.337797                                           115I 
  53 116  115.916808  -77.492260                                           116I 
  53 117  116.913650  -80.434508                                           117I 
  53 118  117.913074  -80.971048                                           118I 
  53 119  118.910074  -83.765530                                           119I 
  53 120  119.910048  -83.789587                                           120I 
  53 121  120.907366  -86.287260                                           121I 
  53 122  121.907589  -86.080028                                           122I 
  53 123  122.905588  -87.943313                                           123I 
  53 124  123.906209  -87.364961                                           124I 
  53 125  124.904630  -88.836431                                           125I 
  53 126  125.905624  -87.910536                                           126I 
  53 127  126.904472  -88.983125                                           127I 
  53 128  127.905809  -87.737939                                           128I 
  53 129  128.904987  -88.503367                                           129I 
  53 130  129.906674  -86.932379                                           130I 
  53 131  130.906124  -87.444363                                           131I 
  53 132  131.907997  -85.699888                                           132I 
  53 133  132.907796  -85.886598                                           133I 
  53 134  133.909744  -84.072490                                           134I 
  53 135  134.910048  -83.789636                                           135I 
  53 136  135.914653  -79.499294                                           136I 
  53 137  136.917870  -76.502820                                           137I 
  53 138  137.922349  -72.330890                                           138I 
  53 139  138.926099  -68.837893                                           139I 
  53 140  139.931000  -64.273000                                           140I 
  53 141  140.935030  -60.519000                                           141I 
  53 142  141.940180  -55.722000                                           142I 
  53 143  142.944560  -51.642000                                           143I 
  53 144  143.949990  -46.584000                                           144I 
