  54 110  109.944278  -51.904646                                           110Xe
  54 111  110.941602  -54.397000                                           111Xe
  54 112  111.935623  -59.966685                                           112Xe
  54 113  112.933341  -62.092297                                           113Xe
  54 114  113.927980  -67.085913                                           114Xe
  54 115  114.926293  -68.656771                                           115Xe
  54 116  115.921581  -73.046747                                           116Xe
  54 117  116.920358  -74.185361                                           117Xe
  54 118  117.916178  -78.079081                                           118Xe
  54 119  118.915410  -78.794437                                           119Xe
  54 120  119.911784  -82.172448                                           120Xe
  54 121  120.911461  -82.472775                                           121Xe
  54 122  121.908367  -85.355002                                           122Xe
  54 123  122.908481  -85.248552                                           123Xe
  54 124  123.905893  -87.660103                                           124Xe
  54 125  124.906395  -87.192064                                           125Xe
  54 126  125.904273  -89.168536                                           126Xe
  54 127  126.905183  -88.320793                                           127Xe
  54 128  127.903531  -89.860039                                           128Xe
  54 129  128.904779  -88.697386                                           129Xe
  54 130  129.903508  -89.881713                                           130Xe
  54 131  130.905082  -88.415211                                           131Xe
  54 132  131.904153  -89.280480                                           132Xe
  54 133  132.905910  -87.643598                                           133Xe
  54 134  133.905394  -88.124490                                           134Xe
  54 135  134.907227  -86.417033                                           135Xe
  54 136  135.907218  -86.425137                                           136Xe
  54 137  136.911562  -82.379350                                           137Xe
  54 138  137.913954  -80.150890                                           138Xe
  54 139  138.918792  -75.643893                                           139Xe
  54 140  139.921640  -72.990992                                           140Xe
  54 141  140.926648  -68.326902                                           141Xe
  54 142  141.929709  -65.475096                                           142Xe
  54 143  142.935110  -60.445000                                           143Xe
  54 144  143.938510  -57.278000                                           144Xe
  54 145  144.944070  -52.098000                                           145Xe
  54 146  145.947750  -48.671000                                           146Xe
  54 147  146.953560  -43.259000                                           147Xe
