  60 124  123.952230  -44.497000                                           124Nd
  60 125  124.948880  -47.618000                                           125Nd
  60 126  125.943220  -52.890000                                           126Nd
  60 127  126.940500  -55.424000                                           127Nd
  60 128  127.935390  -60.184000                                           128Nd
  60 129  128.933188  -62.235000                                           129Nd
  60 130  129.928506  -66.596233                                           130Nd
  60 131  130.927247  -67.768984                                           131Nd
  60 132  131.923321  -71.425808                                           132Nd
  60 133  132.922348  -72.332373                                           133Nd
  60 134  133.918790  -75.646459                                           134Nd
  60 135  134.918181  -76.213758                                           135Nd
  60 136  135.914976  -79.199314                                           136Nd
  60 137  136.914567  -79.580199                                           137Nd
  60 138  137.911949  -82.018083                                           138Nd
  60 139  138.911978  -81.991697                                           139Nd
  60 140  139.909552  -84.251770                                           140Nd
  60 141  140.909609  -84.197879                                           141Nd
  60 142  141.907723  -85.955195                                           142Nd
  60 143  142.909814  -84.007448                                           143Nd
  60 144  143.910087  -83.753165                                           144Nd
  60 145  144.912573  -81.437134                                           145Nd
  60 146  145.913116  -80.931050                                           146Nd
  60 147  146.916100  -78.151936                                           147Nd
  60 148  147.916893  -77.413404                                           148Nd
  60 149  148.920148  -74.380875                                           149Nd
  60 150  149.920890  -73.689663                                           150Nd
  60 151  150.923828  -70.952896                                           151Nd
  60 152  151.924682  -70.158061                                           152Nd
  60 153  152.927698  -67.348663                                           153Nd
  60 154  153.929477  -65.691466                                           154Nd
  60 155  154.932932  -62.473000                                           155Nd
  60 156  155.935018  -60.530237                                           156Nd
  60 157  156.939030  -56.793000                                           157Nd
  60 158  157.941600  -54.399000                                           158Nd
  60 159  158.946090  -50.217000                                           159Nd
  60 160  159.949090  -47.422000                                           160Nd
  60 161  160.953880  -42.961000                                           161Nd
