  62 128  127.958080  -39.048000                                           128Sm
  62 129  128.954640  -42.253000                                           129Sm
  62 130  129.948920  -47.581000                                           130Sm
  62 131  130.946110  -50.198000                                           131Sm
  62 132  131.940690  -55.247000                                           132Sm
  62 133  132.938670  -57.129000                                           133Sm
  62 134  133.933970  -61.507000                                           134Sm
  62 135  134.932520  -62.857216                                           135Sm
  62 136  135.928275  -66.810917                                           136Sm
  62 137  136.926971  -68.025381                                           137Sm
  62 138  137.923243  -71.497790                                           138Sm
  62 139  138.922296  -72.380247                                           139Sm
  62 140  139.918994  -75.455963                                           140Sm
  62 141  140.918476  -75.938662                                           141Sm
  62 142  141.915197  -78.992889                                           142Sm
  62 143  142.914628  -79.523191                                           143Sm
  62 144  143.911999  -81.971958                                           144Sm
  62 145  144.913410  -80.657737                                           145Sm
  62 146  145.913040  -81.001880                                           146Sm
  62 147  146.914897  -79.272075                                           147Sm
  62 148  147.914822  -79.342169                                           148Sm
  62 149  148.917184  -77.141922                                           149Sm
  62 150  149.917275  -77.057339                                           150Sm
  62 151  150.919932  -74.582481                                           151Sm
  62 152  151.919732  -74.768765                                           152Sm
  62 153  152.922097  -72.565846                                           153Sm
  62 154  153.922209  -72.461596                                           154Sm
  62 155  154.924640  -70.197239                                           155Sm
  62 156  155.925527  -69.370326                                           156Sm
  62 157  156.928358  -66.733426                                           157Sm
  62 158  157.929991  -65.212669                                           158Sm
  62 159  158.933211  -62.213301                                           159Sm
  62 160  159.935140  -60.417000                                           160Sm
  62 161  160.938830  -56.979000                                           161Sm
  62 162  161.941220  -54.753000                                           162Sm
  62 163  162.945360  -50.897000                                           163Sm
  62 164  163.948280  -48.177000                                           164Sm
  62 165  164.952980  -43.799000                                           165Sm
