  67 140  139.968539  -29.305000                                           140Ho
  67 141  140.963098  -34.374000                                           141Ho
  67 142  141.959770  -37.474000                                           142Ho
  67 143  142.954610  -42.281000                                           143Ho
  67 144  143.951480  -45.196000                                           144Ho
  67 145  144.947200  -49.183000                                           145Ho
  67 146  145.944640  -51.568000                                           146Ho
  67 147  146.940056  -55.837477                                           147Ho
  67 148  147.937718  -58.015310                                           148Ho
  67 149  148.933774  -61.688403                                           149Ho
  67 150  149.933496  -61.947908                                           150Ho
  67 151  150.931688  -63.632086                                           151Ho
  67 152  151.931713  -63.608266                                           152Ho
  67 153  152.930198  -65.019410                                           153Ho
  67 154  153.930601  -64.644213                                           154Ho
  67 155  154.929103  -66.039673                                           155Ho
  67 156  155.929839  -65.354551                                           156Ho
  67 157  156.928256  -66.828930                                           157Ho
  67 158  157.928941  -66.191026                                           158Ho
  67 159  158.927711  -67.335876                                           159Ho
  67 160  159.928729  -66.388064                                           160Ho
  67 161  160.927854  -67.202843                                           161Ho
  67 162  161.929095  -66.047112                                           162Ho
  67 163  162.928733  -66.383942                                           163Ho
  67 164  163.930233  -64.987069                                           164Ho
  67 165  164.930322  -64.904574                                           165Ho
  67 166  165.932284  -63.076897                                           166Ho
  67 167  166.933132  -62.286551                                           167Ho
  67 168  167.935515  -60.066731                                           168Ho
  67 169  168.936872  -58.803099                                           169Ho
  67 170  169.939618  -56.244606                                           170Ho
  67 171  170.941465  -54.524862                                           171Ho
  67 172  171.944820  -51.400000                                           172Ho
  67 173  172.947290  -49.099000                                           173Ho
  67 174  173.951150  -45.503000                                           174Ho
  67 175  174.954050  -42.802000                                           175Ho
