  68 143  142.966340  -31.354000                                           143Er
  68 144  143.960380  -36.906000                                           144Er
  68 145  144.957390  -39.691000                                           145Er
  68 146  145.952000  -44.712000                                           146Er
  68 147  146.949490  -47.050000                                           147Er
  68 148  147.944550  -51.651000                                           148Er
  68 149  148.942306  -53.741615                                           149Er
  68 150  149.937913  -57.832887                                           150Er
  68 151  150.937448  -58.265971                                           151Er
  68 152  151.935050  -60.500173                                           152Er
  68 153  152.935063  -60.487968                                           153Er
  68 154  153.932783  -62.612157                                           154Er
  68 155  154.933208  -62.215463                                           155Er
  68 156  155.931064  -64.212821                                           156Er
  68 157  156.931916  -63.419838                                           157Er
  68 158  157.929893  -65.303809                                           158Er
  68 159  158.930684  -64.567376                                           159Er
  68 160  159.929083  -66.058488                                           160Er
  68 161  160.929995  -65.208950                                           161Er
  68 162  161.928778  -66.342620                                           162Er
  68 163  162.930032  -65.174074                                           163Er
  68 164  163.929200  -65.949562                                           164Er
  68 165  164.930726  -64.528312                                           165Er
  68 166  165.930293  -64.931595                                           166Er
  68 167  166.932048  -63.296733                                           167Er
  68 168  167.932370  -62.996731                                           168Er
  68 169  168.934590  -60.928684                                           169Er
  68 170  169.935464  -60.114606                                           170Er
  68 171  170.938029  -57.724862                                           171Er
  68 172  171.939356  -56.489417                                           172Er
  68 173  172.942400  -53.654000                                           173Er
  68 174  173.944230  -51.949000                                           174Er
  68 175  174.947770  -48.652000                                           175Er
  68 176  175.950080  -46.500000                                           176Er
  68 177  176.954050  -42.802000                                           177Er
