  69 145  144.970073  -27.877000                                           145Tm
  69 146  145.966425  -31.275000                                           146Tm
  69 147  146.960961  -36.365000                                           147Tm
  69 148  147.957840  -39.272000                                           148Tm
  69 149  148.952720  -44.041000                                           149Tm
  69 150  149.949960  -46.612000                                           150Tm
  69 151  150.945483  -50.781802                                           151Tm
  69 152  151.944422  -51.770574                                           152Tm
  69 153  152.942012  -54.015370                                           153Tm
  69 154  153.941567  -54.429236                                           154Tm
  69 155  154.939199  -56.635339                                           155Tm
  69 156  155.938979  -56.839827                                           156Tm
  69 157  156.936973  -58.709273                                           157Tm
  69 158  157.936979  -58.703194                                           158Tm
  69 159  158.934975  -60.570398                                           159Tm
  69 160  159.935262  -60.302313                                           160Tm
  69 161  160.933549  -61.898708                                           161Tm
  69 162  161.933994  -61.483558                                           162Tm
  69 163  162.932651  -62.735074                                           163Tm
  69 164  163.933560  -61.888462                                           164Tm
  69 165  164.932435  -62.935934                                           165Tm
  69 166  165.933554  -61.893929                                           166Tm
  69 167  166.932851  -62.548311                                           167Tm
  69 168  167.934172  -61.317664                                           168Tm
  69 169  168.934213  -61.279963                                           169Tm
  69 170  169.935801  -59.800614                                           170Tm
  69 171  170.936429  -59.215595                                           171Tm
  69 172  171.938400  -57.379990                                           172Tm
  69 173  172.939603  -56.258878                                           173Tm
  69 174  173.942168  -53.869598                                           174Tm
  69 175  174.943836  -52.315634                                           175Tm
  69 176  175.946994  -49.374133                                           176Tm
  69 177  176.949040  -47.469000                                           177Tm
  69 178  177.952640  -44.116000                                           178Tm
  69 179  178.955340  -41.601000                                           179Tm
