  70 148  147.967420  -30.348000                                           148Yb
  70 149  148.964040  -33.497000                                           149Yb
  70 150  149.958420  -38.732000                                           150Yb
  70 151  150.955400  -41.543916                                           151Yb
  70 152  151.950288  -46.305574                                           152Yb
  70 153  152.949480  -47.059000                                           153Yb
  70 154  153.946393  -49.933735                                           154Yb
  70 155  154.945782  -50.503433                                           155Yb
  70 156  155.942818  -53.264490                                           156Yb
  70 157  156.942627  -53.441815                                           157Yb
  70 158  157.939865  -56.014817                                           158Yb
  70 159  158.940050  -55.842973                                           159Yb
  70 160  159.937552  -58.169617                                           160Yb
  70 161  160.937901  -57.844214                                           161Yb
  70 162  161.935768  -59.831527                                           162Yb
  70 163  162.936334  -59.304213                                           163Yb
  70 164  163.934489  -61.022716                                           164Yb
  70 165  164.935279  -60.287224                                           165Yb
  70 166  165.933882  -61.588481                                           166Yb
  70 167  166.934949  -60.594053                                           167Yb
  70 168  167.933896  -61.574646                                           168Yb
  70 169  168.935189  -60.370311                                           169Yb
  70 170  169.934761  -60.768957                                           170Yb
  70 171  170.936325  -59.312137                                           171Yb
  70 172  171.936381  -59.260280                                           172Yb
  70 173  172.938210  -57.556282                                           173Yb
  70 174  173.938862  -56.949598                                           174Yb
  70 175  174.941276  -54.700634                                           175Yb
  70 176  175.942571  -53.494133                                           176Yb
  70 177  176.945260  -50.989216                                           177Yb
  70 178  177.946646  -49.698297                                           178Yb
  70 179  178.950170  -46.416000                                           179Yb
  70 180  179.952330  -44.404000                                           180Yb
  70 181  180.956150  -40.846000                                           181Yb
