  71 150  149.973228  -24.938000                                           150Lu
  71 151  150.967577  -30.202000                                           151Lu
  71 152  151.964120  -33.422000                                           152Lu
  71 153  152.958767  -38.407984                                           153Lu
  71 154  153.957522  -39.568000                                           154Lu
  71 155  154.954316  -42.554171                                           155Lu
  71 156  155.953032  -43.749923                                           156Lu
  71 157  156.950098  -46.483134                                           157Lu
  71 158  157.949313  -47.214373                                           158Lu
  71 159  158.946628  -49.714975                                           159Lu
  71 160  159.946033  -50.269937                                           160Lu
  71 161  160.943572  -52.562344                                           161Lu
  71 162  161.943277  -52.836866                                           162Lu
  71 163  162.941179  -54.791409                                           163Lu
  71 164  163.941339  -54.642370                                           164Lu
  71 165  164.939406  -56.442273                                           165Lu
  71 166  165.939859  -56.020981                                           166Lu
  71 167  166.938270  -57.501125                                           167Lu
  71 168  167.938739  -57.064151                                           168Lu
  71 169  168.937651  -58.077311                                           169Lu
  71 170  169.938474  -57.310199                                           170Lu
  71 171  170.937913  -57.833542                                           171Lu
  71 172  171.939085  -56.741334                                           172Lu
  71 173  172.938930  -56.885778                                           173Lu
  71 174  173.940337  -55.575279                                           174Lu
  71 175  174.940771  -55.170695                                           175Lu
  71 176  175.942686  -53.387359                                           176Lu
  71 177  176.943758  -52.389034                                           177Lu
  71 178  177.945954  -50.343004                                           178Lu
  71 179  178.947327  -49.064170                                           179Lu
  71 180  179.949881  -46.685398                                           180Lu
  71 181  180.951970  -44.740000                                           181Lu
  71 182  181.955040  -41.880000                                           182Lu
  71 183  182.957570  -39.523000                                           183Lu
  71 184  183.960910  -36.412000                                           184Lu
