  73 155  154.974592  -23.668000                                           155Ta
  73 156  155.972303  -25.799000                                           156Ta
  73 157  156.968192  -29.628547                                           157Ta
  73 158  157.966699  -31.019000                                           158Ta
  73 159  158.963018  -34.448350                                           159Ta
  73 160  159.961486  -35.875507                                           160Ta
  73 161  160.958417  -38.734000                                           161Ta
  73 162  161.957291  -39.782377                                           162Ta
  73 163  162.954330  -42.541078                                           163Ta
  73 164  163.953534  -43.282801                                           164Ta
  73 165  164.950772  -45.855107                                           165Ta
  73 166  165.950512  -46.097776                                           166Ta
  73 167  166.948093  -48.351060                                           167Ta
  73 168  167.948047  -48.393908                                           168Ta
  73 169  168.946011  -50.290430                                           169Ta
  73 170  169.946175  -50.137665                                           170Ta
  73 171  170.944476  -51.720273                                           171Ta
  73 172  171.944895  -51.329977                                           172Ta
  73 173  172.943750  -52.396538                                           173Ta
  73 174  173.944454  -51.740766                                           174Ta
  73 175  174.943737  -52.408647                                           175Ta
  73 176  175.944857  -51.365374                                           176Ta
  73 177  176.944472  -51.723623                                           177Ta
  73 178  177.945778  -50.507262                                           178Ta
  73 179  178.945929  -50.366314                                           179Ta
  73 180  179.947464  -48.936195                                           180Ta
  73 181  180.947995  -48.441634                                           181Ta
  73 182  181.950151  -46.433254                                           182Ta
  73 183  182.951372  -45.296117                                           183Ta
  73 184  183.954007  -42.841304                                           184Ta
  73 185  184.955559  -41.396176                                           185Ta
  73 186  185.958552  -38.608542                                           186Ta
  73 187  186.960530  -36.766000                                           187Ta
  73 188  187.963700  -33.813000                                           188Ta
  73 189  188.965830  -31.829000                                           189Ta
  73 190  189.969230  -28.662000                                           190Ta
