  76 162  161.984431  -14.503000                                           162Os
  76 163  162.982690  -16.124000                                           163Os
  76 164  163.978035  -20.459661                                           164Os
  76 165  164.976762  -21.646000                                           165Os
  76 166  165.972690  -25.438400                                           166Os
  76 167  166.971547  -26.502896                                           167Os
  76 168  167.967803  -29.990680                                           168Os
  76 169  168.967019  -30.721352                                           169Os
  76 170  169.963577  -33.927780                                           170Os
  76 171  170.963184  -34.293120                                           171Os
  76 172  171.960023  -37.238053                                           172Os
  76 173  172.959808  -37.438225                                           173Os
  76 174  173.957062  -39.996301                                           174Os
  76 175  174.956945  -40.104697                                           175Os
  76 176  175.954806  -42.097940                                           176Os
  76 177  176.954965  -41.949530                                           177Os
  76 178  177.953251  -43.546189                                           178Os
  76 179  178.953816  -43.020103                                           179Os
  76 180  179.952378  -44.358859                                           180Os
  76 181  180.953244  -43.552934                                           181Os
  76 182  181.952110  -44.609074                                           182Os
  76 183  182.953126  -43.662754                                           183Os
  76 184  183.952489  -44.256145                                           184Os
  76 185  184.954042  -42.809355                                           185Os
  76 186  185.953838  -42.999479                                           186Os
  76 187  186.955750  -41.218183                                           187Os
  76 188  187.955838  -41.136426                                           188Os
  76 189  188.958147  -38.985380                                           189Os
  76 190  189.958447  -38.706326                                           190Os
  76 191  190.960929  -36.393733                                           191Os
  76 192  191.961480  -35.880506                                           192Os
  76 193  192.964151  -33.392604                                           193Os
  76 194  193.965182  -32.432681                                           194Os
  76 195  194.968126  -29.689824                                           195Os
  76 196  195.969639  -28.280779                                           196Os
