  78 166  165.994855   -4.792000                                           166Pt
  78 167  166.992979   -6.540000                                           167Pt
  78 168  167.988150  -11.037512                                           168Pt
  78 169  168.986715  -12.375000                                           169Pt
  78 170  169.982495  -16.305533                                           170Pt
  78 171  170.981244  -17.470596                                           171Pt
  78 172  171.977347  -21.101014                                           172Pt
  78 173  172.976444  -21.941570                                           173Pt
  78 174  173.972818  -25.319155                                           174Pt
  78 175  174.972420  -25.690090                                           175Pt
  78 176  175.968944  -28.927898                                           176Pt
  78 177  176.968469  -29.370489                                           177Pt
  78 178  177.965648  -31.998007                                           178Pt
  78 179  178.965363  -32.263781                                           179Pt
  78 180  179.963031  -34.435958                                           180Pt
  78 181  180.963097  -34.374658                                           181Pt
  78 182  181.961170  -36.169301                                           182Pt
  78 183  182.961596  -35.772441                                           183Pt
  78 184  183.959922  -37.332183                                           184Pt
  78 185  184.960619  -36.683166                                           185Pt
  78 186  185.959350  -37.864474                                           186Pt
  78 187  186.960587  -36.712973                                           187Pt
  78 188  187.959395  -37.822950                                           188Pt
  78 189  188.960833  -36.483186                                           189Pt
  78 190  189.959931  -37.323422                                           190Pt
  78 191  190.961676  -35.697960                                           191Pt
  78 192  191.961038  -36.292864                                           192Pt
  78 193  192.962987  -34.477014                                           193Pt
  78 194  193.962680  -34.763121                                           194Pt
  78 195  194.964791  -32.796847                                           195Pt
  78 196  195.964951  -32.647448                                           196Pt
  78 197  196.967340  -30.422425                                           197Pt
  78 198  197.967892  -29.907673                                           198Pt
  78 199  198.970593  -27.392356                                           199Pt
  78 200  199.971440  -26.602838                                           200Pt
  78 201  200.974512  -23.741111                                           201Pt
  78 202  201.975740  -22.598000                                           202Pt
