  82 178  178.003830    3.567800                                           178Pb
  82 179  179.002150    2.003000                                           179Pb
  82 180  179.997918   -1.939209                                           180Pb
  82 181  180.996623   -3.144762                                           181Pb
  82 182  181.992671   -6.826135                                           182Pb
  82 183  182.991874   -7.568734                                           183Pb
  82 184  183.988142  -11.045339                                           184Pb
  82 185  184.987609  -11.541263                                           185Pb
  82 186  185.984238  -14.681328                                           186Pb
  82 187  186.983918  -14.979941                                           187Pb
  82 188  187.980874  -17.815439                                           188Pb
  82 189  188.980807  -17.878165                                           189Pb
  82 190  189.978081  -20.416935                                           190Pb
  82 191  190.978265  -20.246022                                           191Pb
  82 192  191.975785  -22.555968                                           192Pb
  82 193  192.976173  -22.194490                                           193Pb
  82 194  193.974012  -24.207600                                           194Pb
  82 195  194.974542  -23.713927                                           195Pb
  82 196  195.972774  -25.360754                                           196Pb
  82 197  196.973431  -24.748749                                           197Pb
  82 198  197.972033  -26.050199                                           198Pb
  82 199  198.972916  -25.227978                                           199Pb
  82 200  199.971826  -26.243283                                           200Pb
  82 201  200.972884  -25.257915                                           201Pb
  82 202  201.972159  -25.933600                                           202Pb
  82 203  202.973390  -24.786570                                           203Pb
  82 204  203.973043  -25.109735                                           204Pb
  82 205  204.974481  -23.770091                                           205Pb
  82 206  205.974465  -23.785440                                           206Pb
  82 207  206.975896  -22.451905                                           207Pb
  82 208  207.976652  -21.748455                                           208Pb
  82 209  208.981090  -17.614440                                           209Pb
  82 210  209.984188  -14.728292                                           210Pb
  82 211  210.988736  -10.491450                                           211Pb
  82 212  211.991897   -7.547389                                           212Pb
  82 213  212.996581   -3.184313                                           213Pb
  82 214  213.999805   -0.181261                                           214Pb
  82 215  215.004807    4.477000                                           215Pb
