  83 184  184.001124    1.047000                                           184Bi
  83 185  184.997625   -2.213000                                           185Bi
  83 186  185.996597   -3.169291                                           186Bi
  83 187  186.993157   -6.373435                                           187Bi
  83 188  187.992265   -7.204962                                           188Bi
  83 189  188.989199  -10.061055                                           189Bi
  83 190  189.988295  -10.903017                                           190Bi
  83 191  190.985786  -13.240145                                           191Bi
  83 192  191.985457  -13.545828                                           192Bi
  83 193  192.982959  -15.872871                                           193Bi
  83 194  193.982833  -15.990063                                           194Bi
  83 195  194.980650  -18.023722                                           195Bi
  83 196  195.980666  -18.009031                                           196Bi
  83 197  196.978864  -19.687634                                           197Bi
  83 198  197.979206  -19.369486                                           198Bi
  83 199  198.977671  -20.798434                                           199Bi
  83 200  199.978131  -20.370070                                           200Bi
  83 201  200.977009  -21.415944                                           201Bi
  83 202  201.977742  -20.732892                                           202Bi
  83 203  202.976876  -21.539866                                           203Bi
  83 204  203.977812  -20.667303                                           204Bi
  83 205  204.977389  -21.061670                                           205Bi
  83 206  205.978499  -20.027931                                           206Bi
  83 207  206.978470  -20.054433                                           207Bi
  83 208  207.979742  -18.870022                                           208Bi
  83 209  208.980398  -18.258461                                           209Bi
  83 210  209.984120  -14.791778                                           210Bi
  83 211  210.987269  -11.858421                                           211Bi
  83 212  211.991285   -8.117295                                           212Bi
  83 213  212.994384   -5.230649                                           213Bi
  83 214  213.998711   -1.200193                                           214Bi
  83 215  215.001769    1.648537                                           215Bi
  83 216  216.006305    5.873948                                           216Bi
  83 217  217.009470    8.821000                                           217Bi
  83 218  218.014316   13.335000                                           218Bi
