  84 188  187.999422   -0.538359                                           188Po
  84 189  188.998480   -1.415347                                           189Po
  84 190  189.995101   -4.563217                                           190Po
  84 191  190.994574   -5.053834                                           191Po
  84 192  191.991335   -8.071257                                           192Po
  84 193  192.991025   -8.359902                                           193Po
  84 194  193.988185  -11.005037                                           194Po
  84 195  194.988110  -11.074785                                           195Po
  84 196  195.985534  -13.474451                                           196Po
  84 197  196.985659  -13.357968                                           197Po
  84 198  197.983388  -15.473405                                           198Po
  84 199  198.983666  -15.214964                                           199Po
  84 200  199.981798  -16.954491                                           200Po
  84 201  200.982259  -16.524923                                           201Po
  84 202  201.980757  -17.924235                                           202Po
  84 203  202.981420  -17.307062                                           203Po
  84 204  203.980318  -18.333551                                           204Po
  84 205  204.981203  -17.508993                                           205Po
  84 206  205.980481  -18.181739                                           206Po
  84 207  206.981593  -17.145849                                           207Po
  84 208  207.981245  -17.469516                                           208Po
  84 209  208.982430  -16.365944                                           209Po
  84 210  209.982873  -15.953071                                           210Po
  84 211  210.986653  -12.432507                                           211Po
  84 212  211.988867  -10.369420                                           212Po
  84 213  212.992857   -6.653400                                           213Po
  84 214  213.995201   -4.469913                                           214Po
  84 215  214.999419   -0.540277                                           215Po
  84 216  216.001915    1.783844                                           216Po
  84 217  217.006334    5.900825                                           217Po
  84 218  218.008973    8.358331                                           218Po
  84 219  219.013744   12.802000                                           219Po
  84 220  220.016602   15.465000                                           220Po
