  85 193  192.999843   -0.146140                                           193At
  85 194  193.998725   -1.187575                                           194At
  85 195  194.996268   -3.476244                                           195At
  85 196  195.995788   -3.923380                                           196At
  85 197  196.993189   -6.344205                                           197At
  85 198  197.992837   -6.672103                                           198At
  85 199  198.990532   -8.819148                                           199At
  85 200  199.990351   -8.987739                                           200At
  85 201  200.988416  -10.789496                                           201At
  85 202  201.988630  -10.590867                                           202At
  85 203  202.986941  -12.163464                                           203At
  85 204  203.987251  -11.875313                                           204At
  85 205  204.986074  -12.971536                                           205At
  85 206  205.986667  -12.419576                                           206At
  85 207  206.985783  -13.242582                                           207At
  85 208  207.986589  -12.491356                                           208At
  85 209  208.986173  -12.879634                                           209At
  85 210  209.987147  -11.971830                                           210At
  85 211  210.987496  -11.647148                                           211At
  85 212  211.990744   -8.621190                                           212At
  85 213  212.992936   -6.579472                                           213At
  85 214  213.996371   -3.379708                                           214At
  85 215  214.998652   -1.255123                                           215At
  85 216  216.002423    2.257250                                           216At
  85 217  217.004718    4.395555                                           217At
  85 218  218.008694    8.098722                                           218At
  85 219  219.011161   10.397048                                           219At
  85 220  220.015407   14.352164                                           220At
  85 221  221.018050   16.813000                                           221At
  85 222  222.022330   20.800000                                           222At
  85 223  223.025190   23.464000                                           223At
