  87 199  199.007258    6.760921                                           199Fr
  87 200  200.006572    6.122235                                           200Fr
  87 201  201.003860    3.596375                                           201Fr
  87 202  202.003372    3.141787                                           202Fr
  87 203  203.000924    0.861303                                           203Fr
  87 204  204.000653    0.608456                                           204Fr
  87 205  204.998593   -1.309717                                           205Fr
  87 206  205.998666   -1.242551                                           206Fr
  87 207  206.996949   -2.841602                                           207Fr
  87 208  207.997138   -2.665206                                           208Fr
  87 209  208.995953   -3.769239                                           209Fr
  87 210  209.996407   -3.346170                                           210Fr
  87 211  210.995536   -4.157682                                           211Fr
  87 212  211.996202   -3.537587                                           212Fr
  87 213  212.996189   -3.549848                                           213Fr
  87 214  213.998971   -0.958372                                           214Fr
  87 215  215.000341    0.318103                                           215Fr
  87 216  216.003197    2.978909                                           216Fr
  87 217  217.004631    4.314635                                           217Fr
  87 218  218.007578    7.059162                                           218Fr
  87 219  219.009252    8.618322                                           219Fr
  87 220  220.012327   11.482904                                           220Fr
  87 221  221.014254   13.278226                                           221Fr
  87 222  222.017551   16.349332                                           222Fr
  87 223  223.019735   18.383833                                           223Fr
  87 224  224.023249   21.657190                                           224Fr
  87 225  225.025565   23.814031                                           225Fr
  87 226  226.029386   27.373099                                           226Fr
  87 227  227.031835   29.654986                                           227Fr
  87 228  228.035729   33.282000                                           228Fr
  87 229  229.038450   35.816157                                           229Fr
  87 230  230.042510   39.598000                                           230Fr
  87 231  231.045440   42.328000                                           231Fr
  87 232  232.049772   46.363000                                           232Fr
