  89 206  206.014504   13.511303                                           206Ac
  89 207  207.011949   11.131119                                           207Ac
  89 208  208.011551   10.760201                                           208Ac
  89 209  209.009494    8.844409                                           209Ac
  89 210  210.009435    8.789565                                           210Ac
  89 211  211.007734    7.204953                                           211Ac
  89 212  212.007813    7.278529                                           212Ac
  89 213  213.006607    6.154980                                           213Ac
  89 214  214.006901    6.428984                                           214Ac
  89 215  215.006453    6.011514                                           215Ac
  89 216  216.008720    8.122698                                           216Ac
  89 217  217.009346    8.706595                                           217Ac
  89 218  218.011641   10.843944                                           218Ac
  89 219  219.012420   11.569518                                           219Ac
  89 220  220.014762   13.751627                                           220Ac
  89 221  221.015591   14.523155                                           221Ac
  89 222  222.017843   16.621441                                           222Ac
  89 223  223.019137   17.826437                                           223Ac
  89 224  224.021722   20.234720                                           224Ac
  89 225  225.023229   21.638220                                           225Ac
  89 226  226.026098   24.310214                                           226Ac
  89 227  227.027752   25.850941                                           227Ac
  89 228  228.031021   28.895981                                           228Ac
  89 229  229.033015   30.753502                                           229Ac
  89 230  230.036294   33.807809                                           230Ac
  89 231  231.038558   35.917278                                           231Ac
  89 232  232.042027   39.148307                                           232Ac
  89 233  233.044550   41.498000                                           233Ac
  89 234  234.048420   45.103000                                           234Ac
  89 235  235.051232   47.722000                                           235Ac
  89 236  236.055296   51.508000                                           236Ac
