  91 212  212.023204   21.614516                                           212Pa
  91 213  213.021109   19.663224                                           213Pa
  91 214  214.020918   19.485380                                           214Pa
  91 215  215.019185   17.871519                                           215Pa
  91 216  216.019109   17.800445                                           216Pa
  91 217  217.018323   17.068683                                           217Pa
  91 218  218.020041   18.668900                                           218Pa
  91 219  219.019883   18.521029                                           219Pa
  91 220  220.021875   20.376714                                           220Pa
  91 221  221.021877   20.379211                                           221Pa
  91 222  222.023742   22.116000                                           222Pa
  91 223  223.023962   22.320714                                           223Pa
  91 224  224.025625   23.870222                                           224Pa
  91 225  225.026130   24.340570                                           225Pa
  91 226  226.027947   26.033165                                           226Pa
  91 227  227.028805   26.831753                                           227Pa
  91 228  228.031051   28.924171                                           228Pa
  91 229  229.032096   29.897971                                           229Pa
  91 230  230.034540   32.174506                                           230Pa
  91 231  231.035883   33.425722                                           231Pa
  91 232  232.038591   35.947837                                           232Pa
  91 233  233.040247   37.490098                                           233Pa
  91 234  234.043308   40.341197                                           234Pa
  91 235  235.045443   42.330456                                           235Pa
  91 236  236.048681   45.346325                                           236Pa
  91 237  237.051145   47.641875                                           237Pa
  91 238  238.054502   50.768948                                           238Pa
  91 239  239.057260   53.337000                                           239Pa
  91 240  240.060980   56.803000                                           240Pa
