  94 228  228.038742   36.088247                                           228Pu
  94 229  229.040150   37.399683                                           229Pu
  94 230  230.039649   36.933632                                           230Pu
  94 231  231.041101   38.285435                                           231Pu
  94 232  232.041187   38.365534                                           232Pu
  94 233  233.042997   40.051797                                           233Pu
  94 234  234.043317   40.349597                                           234Pu
  94 235  235.045286   42.183684                                           235Pu
  94 236  236.046057   42.902718                                           236Pu
  94 237  237.048409   45.093307                                           237Pu
  94 238  238.049559   46.164745                                           238Pu
  94 239  239.052163   48.589877                                           239Pu
  94 240  240.053813   50.126995                                           240Pu
  94 241  241.056851   52.956791                                           241Pu
  94 242  242.058742   54.718390                                           242Pu
  94 243  243.062003   57.755509                                           243Pu
  94 244  244.064203   59.805555                                           244Pu
  94 245  245.067747   63.106068                                           245Pu
  94 246  246.070204   65.395190                                           246Pu
  94 247  247.074070   68.996000                                           247Pu
