  95 231  231.045560   42.439000                                           231Am
  95 232  232.046590   43.398000                                           232Am
  95 233  233.046348   43.173000                                           233Am
  95 234  234.047809   44.534000                                           234Am
  95 235  235.047946   44.662000                                           235Am
  95 236  236.049579   46.183000                                           236Am
  95 237  237.049996   46.571000                                           237Am
  95 238  238.051984   48.423087                                           238Am
  95 239  239.053024   49.391985                                           239Am
  95 240  240.055300   51.511785                                           240Am
  95 241  241.056829   52.936008                                           241Am
  95 242  242.059549   55.469685                                           242Am
  95 243  243.061381   57.176109                                           243Am
  95 244  244.064284   59.880951                                           244Am
  95 245  245.066452   61.899746                                           245Am
  95 246  246.069774   64.994640                                           246Am
  95 247  247.072093   67.154000                                           247Am
  95 248  248.075752   70.562000                                           248Am
  95 249  249.078480   73.104000                                           249Am
