  96 233  233.050771   47.293098                                           233Cm
  96 234  234.050159   46.723592                                           234Cm
  96 235  235.051434   47.910000                                           235Cm
  96 236  236.051413   47.890000                                           236Cm
  96 237  237.052901   49.277000                                           237Cm
  96 238  238.053028   49.395914                                           238Cm
  96 239  239.054957   51.192000                                           239Cm
  96 240  240.055529   51.725434                                           240Cm
  96 241  241.057653   53.703425                                           241Cm
  96 242  242.058835   54.805218                                           242Cm
  96 243  243.061389   57.183593                                           243Cm
  96 244  244.062752   58.453651                                           244Cm
  96 245  245.065491   61.004706                                           245Cm
  96 246  246.067223   62.618439                                           246Cm
  96 247  247.070353   65.533901                                           247Cm
  96 248  248.072348   67.392202                                           248Cm
  96 249  249.075953   70.750150                                           249Cm
  96 250  250.078356   72.989038                                           250Cm
  96 251  251.082284   76.647617                                           251Cm
  96 252  252.084870   79.056000                                           252Cm
