  97 235  235.056580   52.704000                                           235Bk
  97 236  236.057330   53.403000                                           236Bk
  97 237  237.057003   53.098000                                           237Bk
  97 238  238.058281   54.288000                                           238Bk
  97 239  239.058279   54.287000                                           239Bk
  97 240  240.059759   55.665000                                           240Bk
  97 241  241.060230   56.103000                                           241Bk
  97 242  242.061981   57.735000                                           242Bk
  97 243  243.063007   58.691176                                           243Bk
  97 244  244.065180   60.715501                                           244Bk
  97 245  245.066361   61.815448                                           245Bk
  97 246  246.068672   63.968439                                           246Bk
  97 247  247.070307   65.490624                                           247Bk
  97 248  248.073086   68.080000                                           248Bk
  97 249  249.074986   69.849622                                           249Bk
  97 250  250.078316   72.951370                                           250Bk
  97 251  251.080760   75.227617                                           251Bk
  97 252  252.084310   78.534000                                           252Bk
  97 253  253.086880   80.929000                                           253Bk
  97 254  254.090600   84.393000                                           254Bk
