  98 237  237.062070   57.818000                                           237Cf
  98 238  238.061410   57.203000                                           238Cf
  98 239  239.062422   58.145000                                           239Cf
  98 240  240.062302   58.034000                                           240Cf
  98 241  241.063726   59.361000                                           241Cf
  98 242  242.063701   59.337614                                           242Cf
  98 243  243.065427   60.945000                                           243Cf
  98 244  244.066000   61.479247                                           244Cf
  98 245  245.068048   63.386875                                           245Cf
  98 246  246.068805   64.091733                                           246Cf
  98 247  247.071000   66.136624                                           247Cf
  98 248  248.072184   67.239766                                           248Cf
  98 249  249.074853   69.725622                                           249Cf
  98 250  250.076406   71.171793                                           250Cf
  98 251  251.079586   74.134617                                           251Cf
  98 252  252.081625   76.033987                                           252Cf
  98 253  253.085133   79.301015                                           253Cf
  98 254  254.087322   81.340767                                           254Cf
  98 255  255.091046   84.809000                                           255Cf
  98 256  256.093440   87.039000                                           256Cf
