  99 240  240.068920   64.199000                                           240Es
  99 241  241.068538   63.843000                                           241Es
  99 242  242.069745   64.967000                                           242Es
  99 243  243.069548   64.783000                                           243Es
  99 244  244.070883   66.027000                                           244Es
  99 245  245.071324   66.438000                                           245Es
  99 246  246.072896   67.902000                                           246Es
  99 247  247.073656   68.610000                                           247Es
  99 248  248.075471   70.301000                                           248Es
  99 249  249.076411   71.176000                                           249Es
  99 250  250.078612   73.227000                                           250Es
  99 251  251.079992   74.512202                                           251Es
  99 252  252.082978   77.293987                                           252Es
  99 253  253.084824   79.013697                                           253Es
  99 254  254.088022   81.991986                                           254Es
  99 255  255.090273   84.088873                                           255Es
  99 256  256.093598   87.186000                                           256Es
  99 257  257.095979   89.403000                                           257Es
  99 258  258.099520   92.702000                                           258Es
