 100 242  242.073430   68.400000                                           242Fm
 100 243  243.074353   69.259000                                           243Fm
 100 244  244.074084   69.009000                                           244Fm
 100 245  245.075385   70.221000                                           245Fm
 100 246  246.075299   70.140589                                           246Fm
 100 247  247.076847   71.583000                                           247Fm
 100 248  248.077194   71.906414                                           248Fm
 100 249  249.079034   73.619000                                           249Fm
 100 250  250.079521   74.073581                                           250Fm
 100 251  251.081575   75.986640                                           251Fm
 100 252  252.082466   76.817382                                           252Fm
 100 253  253.085185   79.349538                                           253Fm
 100 254  254.086854   80.904186                                           254Fm
 100 255  255.089962   83.799253                                           255Fm
 100 256  256.091773   85.486109                                           256Fm
 100 257  257.095104   88.589481                                           257Fm
 100 258  258.097076   90.426000                                           258Fm
 100 259  259.100595   93.704000                                           259Fm
 100 260  260.102678   95.644000                                           260Fm
