 101 245  245.080829   75.292000                                           245Md
 101 246  246.081886   76.276000                                           246Md
 101 247  247.081635   76.043000                                           247Md
 101 248  248.082823   77.149000                                           248Md
 101 249  249.083013   77.326000                                           249Md
 101 250  250.084420   78.636000                                           250Md
 101 251  251.084839   79.027000                                           251Md
 101 252  252.086560   80.630000                                           252Md
 101 253  253.087280   81.301000                                           253Md
 101 254  254.089656   83.514000                                           254Md
 101 255  255.091082   84.842994                                           255Md
 101 256  256.094059   87.615418                                           256Md
 101 257  257.095541   88.996213                                           257Md
 101 258  258.098431   91.688184                                           258Md
 101 259  259.100509   93.624000                                           259Md
 101 260  260.103652   96.551000                                           260Md
 101 261  261.105721   98.478000                                           261Md
 101 262  262.108865  101.407000                                           262Md
