 103 251  251.094360   87.896000                                           251Lr
 103 252  252.095371   88.837000                                           252Lr
 103 253  253.095210   88.687000                                           253Lr
 103 254  254.096454   89.847000                                           254Lr
 103 255  255.096681   90.057000                                           255Lr
 103 256  256.098629   91.872000                                           256Lr
 103 257  257.099555   92.735000                                           257Lr
 103 258  258.101814   94.839000                                           258Lr
 103 259  259.102901   95.852000                                           259Lr
 103 260  260.105504   98.276000                                           260Lr
 103 261  261.106883   99.561000                                           261Lr
 103 262  262.109634  102.123000                                           262Lr
 103 263  263.111293  103.669000                                           263Lr
 103 264  264.114038  106.226000                                           264Lr
 103 265  265.115839  107.903000                                           265Lr
 103 266  266.119305  111.132000                                           266Lr
