 104 253  253.100689   93.791000                                           253Rf
 104 254  254.100184   93.320000                                           254Rf
 104 255  255.101340   94.397000                                           255Rf
 104 256  256.101166   94.235704                                           256Rf
 104 257  257.102990   95.934000                                           257Rf
 104 258  258.103489   96.399000                                           258Rf
 104 259  259.105637   98.400000                                           259Rf
 104 260  260.106440   99.149000                                           260Rf
 104 261  261.108766  101.315395                                           261Rf
 104 262  262.109925  102.394000                                           262Rf
 104 263  263.112547  104.837000                                           263Rf
 104 264  264.113985  106.176000                                           264Rf
 104 265  265.116704  108.709000                                           265Rf
 104 266  266.117956  109.876000                                           266Rf
 104 267  267.121529  113.204000                                           267Rf
 104 268  268.123644  115.174000                                           268Rf
