 107 260  260.121970  113.614000                                           260Bh
 107 261  261.121664  113.329000                                           261Bh
 107 262  262.122892  114.473000                                           262Bh
 107 263  263.123035  114.606000                                           263Bh
 107 264  264.124604  116.068000                                           264Bh
 107 265  265.125147  116.574000                                           265Bh
 107 266  266.126942  118.246000                                           266Bh
 107 267  267.127650  118.906000                                           267Bh
 107 268  268.129755  120.866000                                           268Bh
 107 269  269.130694  121.741000                                           269Bh
 107 270  270.133616  124.463000                                           270Bh
 107 271  271.135179  125.919000                                           271Bh
 107 272  272.138032  128.576000                                           272Bh
 107 273  273.139618  130.053000                                           273Bh
 107 274  274.142440  132.682000                                           274Bh
 107 275  275.144250  134.368000                                           275Bh
