 108 263  263.128558  119.751000                                           263Hs
 108 264  264.128394  119.599066                                           264Hs
 108 265  265.130085  121.173000                                           265Hs
 108 266  266.130097  121.185000                                           266Hs
 108 267  267.131789  122.761000                                           267Hs
 108 268  268.132162  123.108000                                           268Hs
 108 269  269.134056  124.872000                                           269Hs
 108 270  270.134650  125.426000                                           270Hs
 108 271  271.137657  128.226000                                           271Hs
 108 272  272.139052  129.526000                                           272Hs
 108 273  273.141986  132.259000                                           273Hs
 108 274  274.143131  133.325000                                           274Hs
 108 275  275.145952  135.953000                                           275Hs
 108 276  276.147208  137.123000                                           276Hs
 108 277  277.149841  139.576000                                           277Hs
