 110 267  267.144341  134.453000                                           267Ds
 110 268  268.143795  133.944000                                           268Ds
 110 269  269.145124  135.183000                                           269Ds
 110 270  270.144720  134.806000                                           270Ds
 110 271  271.146062  136.056000                                           271Ds
 110 272  272.146317  136.293000                                           272Ds
 110 273  273.148863  138.665000                                           273Ds
 110 274  274.149492  139.251000                                           274Ds
 110 275  275.152176  141.751000                                           275Ds
 110 276  276.153034  142.551000                                           276Ds
 110 277  277.155647  144.984000                                           277Ds
 110 278  278.156469  145.750000                                           278Ds
 110 279  279.158861  147.978000                                           279Ds
 110 280  280.159795  148.848000                                           280Ds
 110 281  281.162061  150.959000                                           281Ds
