 111 272  272.153273  142.773000                                           272Rg
 111 273  273.153127  142.636000                                           273Rg
 111 274  274.155253  144.617000                                           274Rg
 111 275  275.155939  145.257000                                           275Rg
 111 276  276.158334  147.487000                                           276Rg
 111 277  277.159069  148.172000                                           277Rg
 111 278  278.161493  150.430000                                           278Rg
 111 279  279.162722  151.574000                                           279Rg
 111 280  280.165138  153.825000                                           280Rg
 111 281  281.166360  154.963000                                           281Rg
 111 282  282.169119  157.534000                                           282Rg
 111 283  283.170544  158.861000                                           283Rg
