 112 276  276.161410  150.352000                                           276Cn
 112 277  277.163641  152.430000                                           277Cn
 112 278  278.164156  152.910000                                           278Cn
 112 279  279.166542  155.133000                                           279Cn
 112 280  280.167147  155.697000                                           280Cn
 112 281  281.169746  158.117000                                           281Cn
 112 282  282.170496  158.816000                                           282Cn
 112 283  283.173270  161.400000                                           283Cn
 112 284  284.174156  162.225000                                           284Cn
 112 285  285.177117  164.983000                                           285Cn
