 118 278    1.17    0.01    0.20    0.80    0.00    0.00    0.00    0.00     278B8
 118 279    1.17    0.05    0.31    1.10    0.00    0.00    0.00    0.00     279B8
 118 280    1.17    0.01    0.23    1.40    0.00    0.00    0.00    0.00     280B8
 118 281    1.17    0.03    0.27    1.70    0.00    0.00    0.00    0.00     281B8
 118 282    1.17    0.04    0.25    1.70    0.00    0.00    0.00    0.00     282B8
 118 290    1.16    0.09    0.24    6.00    0.00    0.00    0.00    0.00     290B8
 118 291    1.15    0.09    0.26    7.10    0.00    0.00    0.00    0.00     291B8
 118 292    1.17   -0.01    0.33    6.80    0.00    0.00    0.00    0.00     292B8
 118 293    1.17   -0.01    0.31    7.40    0.00    0.00    0.00    0.00     293B8
 118 294    1.17   -0.01    0.35    6.60    0.00    0.00    0.00    0.00     294B8
 118 295    1.17   -0.01    0.33    7.10    0.00    0.00    0.00    0.00     295B8
 118 296    1.18   -0.02    0.40    7.00    0.00    0.00    0.00    0.00     296B8
 118 297    1.17   -0.02    0.37    7.60    0.00    0.00    0.00    0.00     297B8
 118 298    1.18   -0.02    0.40    7.40    0.00    0.00    0.00    0.00     298B8
 118 299    1.18   -0.02    0.40    7.90    0.00    0.00    0.00    0.00     299B8
 118 300    1.17   -0.03    0.37    7.70    0.00    0.00    0.00    0.00     300B8
 118 301    1.18   -0.02    0.38    7.70    0.00    0.00    0.00    0.00     301B8
 118 302    1.18   -0.04    0.38    7.40    0.00    0.00    0.00    0.00     302B8
 118 303    1.18   -0.04    0.38    7.10    0.00    0.00    0.00    0.00     303B8
 118 304    1.19   -0.04    0.43    6.50    0.00    0.00    0.00    0.00     304B8
 118 305    1.17   -0.04    0.37    5.90    0.00    0.00    0.00    0.00     305B8
 118 306    1.18   -0.04    0.38    5.60    0.00    0.00    0.00    0.00     306B8
 118 314    1.23   -0.20    0.14    1.40    0.00    0.00    0.00    0.00     314B8
 118 315    1.24   -0.21    0.00    0.80    0.00    0.00    0.00    0.00     315B8
 118 316    1.24   -0.20    0.02    0.50    0.00    0.00    0.00    0.00     316B8
 118 317    1.24   -0.20    0.00    0.50    0.00    0.00    0.00    0.00     317B8
 118 318    1.23   -0.20    0.00    0.40    0.00    0.00    0.00    0.00     318B8
