  17  31   6  15     1.71988     0.00000                                    31Cl
  17  32   8  20     0.34578     0.00000                                    32Cl
  17  33   5  29    -0.22357     0.00000                                    33Cl
  17  34   3  17     0.25332     0.00000                                    34Cl
  17  35   2  20     0.29063     0.00000                                    35Cl
  17  36   8  17     0.09762     0.22295                                    36Cl
  17  37   3  19    -0.16096     0.00000                                    37Cl
  17  38   2  15     1.60718     0.59967                                    38Cl
  17  39   8  17     1.36649     0.00000                                    39Cl
  17  40   6  15     1.13200     0.00000                                    40Cl
  17  42   5  11     1.47503     0.00000                                    42Cl
