  19  35   7  13     2.99999     0.00000                                    35K 
  19  36   2  15     3.00000     0.00000                                    36K 
  19  37   8  27     0.38343     0.00000                                    37K 
  19  38   3  16    -0.21982     0.00000                                    38K 
  19  39   2  25     0.00323     0.00000                                    39K 
  19  40   8  19     0.41836     0.27315                                    40K 
  19  41   8  19    -0.17149     0.00000                                    41K 
  19  42   8  16    -0.91816     0.04667                                    42K 
  19  43   6  15     0.11284     0.00000                                    43K 
  19  44   8  16     0.69308     0.00000                                    44K 
  19  45   6  15     1.49097     0.00000                                    45K 
  19  46   2  15     3.00000     0.00000                                    46K 
  19  47   5  25     1.89464     0.00000                                    47K 
