  20  38   8  15     0.00000     0.57375                                    38Ca
  20  39   8  15     0.00000    -0.34716                                    39Ca
  20  40   8  19     0.00000     0.32304                                    40Ca
  20  41   6  16     0.17616     0.32495                                    41Ca
  20  42   8  16     0.00000     0.27682                                    42Ca
  20  43   3  29    -0.11818     0.11234                                    43Ca
  20  44   8  27    -0.04688     0.27406                                    44Ca
  20  45   8  23     0.21600     0.75685                                    45Ca
  20  46   5  15     0.00000     0.87957                                    46Ca
  20  47   5  16     0.00000     0.19638                                    47Ca
  20  48   8  28     0.00000     0.78249                                    48Ca
