  25  49   2  12     3.00000     0.00000                                    49Mn
  25  50   8  10     0.44482     0.00000                                    50Mn
  25  51   2  20     0.32568     0.00000                                    51Mn
  25  52   7  19     0.69733     0.00000                                    52Mn
  25  53   6  27    -0.53971     0.00000                                    53Mn
  25  54   5  23     0.91155     0.00000                                    54Mn
  25  55   8  29     0.06776     0.00000                                    55Mn
  25  56   6  16     0.40014     0.25955                                    56Mn
  25  57   4  18     0.01040     0.00000                                    57Mn
  25  58   8  18     0.56901     0.00000                                    58Mn
