  26  51   5  11     2.65894     0.00000                                    51Fe
  26  52   3  15     1.66935     0.00000                                    52Fe
  26  53   2  15     0.39975     0.00000                                    53Fe
  26  54   3  15     0.30752     0.00000                                    54Fe
  26  55   3  15     0.04608     0.17805                                    55Fe
  26  56   3  20     0.23556     0.00000                                    56Fe
  26  57   8  15     0.56104     0.35154                                    57Fe
  26  58   2  22     0.29804     0.18245                                    58Fe
  26  59   6  16     0.66037    -0.04088                                    59Fe
  26  60   5  15     0.87443     0.00000                                    60Fe
  26  62   2  14     2.64339     0.00000                                    62Fe
