  27  54   7  16    -0.37768     0.00000                                    54Co
  27  55   8  18    -0.20947     0.00000                                    55Co
  27  56   5  17     0.06377     0.00000                                    56Co
  27  57   2  15    -0.12217     0.00000                                    57Co
  27  58   7  19    -0.08479     0.00000                                    58Co
  27  59   6  20     0.10203     0.00000                                    59Co
  27  60   7  15     0.66861     0.48158                                    60Co
  27  61   8  25     0.57109     0.00000                                    61Co
  27  62   8  16     0.43674     0.00000                                    62Co
  27  63   6  15     0.34668     0.00000                                    63Co
  27  64   5  16     0.87315     0.00000                                    64Co
