  28  55   5  16     0.13785     0.00000                                    55Ni
  28  56   5  21    -0.24245     0.00000                                    56Ni
  28  57   3  16    -0.10587     0.00000                                    57Ni
  28  58   2  18    -0.12076     0.00000                                    58Ni
  28  59   2  23    -0.11110     0.03036                                    59Ni
  28  60   7  32     0.71725     0.27475                                    60Ni
  28  61   8  15     0.51170     0.13828                                    61Ni
  28  62   6  18    -0.29336     0.15990                                    62Ni
  28  63   8  18     0.72216     0.11598                                    63Ni
  28  64   4  17     0.22710     0.00000                                    64Ni
  28  65   7  17     0.80213     0.33119                                    65Ni
  28  66   4  15     0.06669     0.00000                                    66Ni
  28  68   8  18     1.02782     0.00000                                    68Ni
