  32  66   7  15     0.00000     1.17308                                    66Ge
  32  67   8  15     0.00000     0.23274                                    67Ge
  32  68   3  17     0.00000     0.37148                                    68Ge
  32  69   6  19     0.00000     0.12027                                    69Ge
  32  70   2  17     0.00000     0.56239                                    70Ge
  32  71   2  17     0.08368     0.12907                                    71Ge
  32  72   7  29     0.00000     0.54883                                    72Ge
  32  73   6  20    -0.14716     0.04270                                    73Ge
  32  74   6  19     0.10412     0.64603                                    74Ge
  32  75   6  24    -0.11820     0.35040                                    75Ge
  32  76   8  28     0.00000     0.51782                                    76Ge
  32  77   8  15     0.08673     0.36306                                    77Ge
  32  78   5  17     0.00000     0.72719                                    78Ge
  32  79   8  17     0.00000     1.27619                                    79Ge
  32  80   8  18     0.00000     1.69255                                    80Ge
  32  81   5  15     0.00000    -0.03244                                    81Ge
