  34  69   7  15     0.00000     1.46091                                    69Se
  34  70   7  15     0.00000     1.55958                                    70Se
  34  71   8  17     0.00000     1.77126                                    71Se
  34  72   7  26     0.00000     0.60887                                    72Se
  34  73   7  19     0.00000     0.12007                                    73Se
  34  74   4  15     0.00000     0.40870                                    74Se
  34  75   8  25    -0.01171    -0.06809                                    75Se
  34  76   8  17     0.00000     0.47482                                    76Se
  34  77   5  16     0.05788     0.20670                                    77Se
  34  78   4  16     0.09253     0.52656                                    78Se
  34  79   4  15     0.01181     0.00827                                    79Se
  34  80   6  15     0.00000     0.25258                                    80Se
  34  81   7  19     0.02801     0.92833                                    81Se
  34  82   6  19     0.00000     1.25682                                    82Se
  34  83   8  15     0.25136     0.74316                                    83Se
  34  84   5  19     0.00000     0.22992                                    84Se
