  39  80   7  18     0.00000     0.19566                                    80Y 
  39  81   8  17     0.00000     0.79273                                    81Y 
  39  82   7  15     0.00000     0.15698                                    82Y 
  39  83   4  16     0.00000     0.06897                                    83Y 
  39  85   5  24     0.00000     0.09684                                    85Y 
  39  86   8  17     0.00000     0.46810                                    86Y 
  39  87   8  22     0.00000    -0.03216                                    87Y 
  39  88   8  15     0.00000     0.21931                                    88Y 
  39  89   5  15     0.00000    -0.01309                                    89Y 
  39  90   3  16     0.09397     0.18537                                    90Y 
  39  91   8  15     0.00000     0.74489                                    91Y 
  39  93   7  17     0.00000     0.68728                                    93Y 
  39  97   8  15     0.00000     0.62173                                    97Y 
  39  98   3  16     0.00000    -0.38639                                    98Y 
  39  99   8  19     0.00000     0.46110                                    99Y 
  39 100   8  15     0.00000     0.44381                                   100Y 
  39 101   8  19     0.00000     0.28067                                   101Y 
