  43  92   8  21     0.00000     0.44930                                    92Tc
  43  93   8  19     0.00000     0.59527                                    93Tc
  43  94   8  20     0.00000     0.41885                                    94Tc
  43  95   2  16     0.00000     0.10983                                    95Tc
  43  96   6  15     0.00000     0.06708                                    96Tc
  43  97   5  20     0.00000    -0.15108                                    97Tc
  43  98   8  25     0.00000     0.12895                                    98Tc
  43  99   8  15     0.00000    -0.16183                                    99Tc
  43 100   8  17    -0.03929    -0.16444                                   100Tc
  43 101   8  17     0.00000    -0.09268                                   101Tc
  43 102   8  15     0.00000    -0.22570                                   102Tc
  43 103   7  15     0.00000     0.28088                                   103Tc
  43 104   8  16     0.00000     0.38361                                   104Tc
  43 105   4  17     0.00000     0.12543                                   105Tc
