  44  91   2  15     1.18128     0.00000                                    91Ru
  44  92   2  15     2.61914     0.00000                                    92Ru
  44  93   2  15     1.78071     0.00000                                    93Ru
  44  94   8  16     0.62404     0.00000                                    94Ru
  44  95   8  15     0.03199     0.00000                                    95Ru
  44  96   6  26    -0.00214     0.00000                                    96Ru
  44  97   8  16     0.58190     0.00000                                    97Ru
  44  98   5  16     0.00042     0.00000                                    98Ru
  44  99   7  18     0.42798     0.00000                                    99Ru
  44 100   6  28     0.13063     0.21589                                   100Ru
  44 101   6  17    -0.00652     0.00000                                   101Ru
  44 102   7  19     0.47904     0.32165                                   102Ru
  44 103   7  16     0.18330     0.02762                                   103Ru
  44 104   8  19     0.77224     0.00000                                   104Ru
  44 105   8  21     0.16686    -0.50584                                   105Ru
  44 106   7  15     1.02576     0.00000                                   106Ru
  44 107   5  17     0.15791     0.00000                                   107Ru
  44 108   8  15     0.54475     0.00000                                   108Ru
  44 109   8  18     0.33273     0.00000                                   109Ru
  44 110   8  15     0.40654     0.00000                                   110Ru
  44 111   8  18    -0.71527     0.00000                                   111Ru
  44 112   8  15     1.34117     0.00000                                   112Ru
