  46  94   2  12     3.00000     0.00000                                    94Pd
  46  97   4  16    -0.20674     0.00000                                    97Pd
  46  98   2  23     0.25072     0.00000                                    98Pd
  46  99   7  17     0.48913     0.00000                                    99Pd
  46 100   4  16     0.18991     0.00000                                   100Pd
  46 101   8  22     0.33676     0.00000                                   101Pd
  46 102   6  19     0.30633     0.00000                                   102Pd
  46 103   7  15     0.14492     0.00000                                   103Pd
  46 104   8  17     0.03982     0.00000                                   104Pd
  46 105   4  17     0.17066     0.05691                                   105Pd
  46 106   6  28     0.42879     0.29938                                   106Pd
  46 107   8  19     0.24756     0.07882                                   107Pd
  46 108   8  22     0.73095     0.40078                                   108Pd
  46 109   8  16    -0.20091    -0.08804                                   109Pd
  46 110   7  28     0.42136     0.00000                                   110Pd
  46 111   7  15     0.13210     0.09639                                   111Pd
  46 112   8  15     0.15665     0.00000                                   112Pd
  46 113   8  15    -0.66686     0.00000                                   113Pd
  46 114   8  15     1.12381     0.00000                                   114Pd
  46 116   5  16     0.45128     0.00000                                   116Pd
