  47  98   4  15     1.63234     0.00000                                    98Ag
  47  99   2  14     2.54078     0.00000                                    99Ag
  47 100   7  18     0.49381     0.00000                                   100Ag
  47 101   6  18     0.21804     0.00000                                   101Ag
  47 102   7  16     0.62820     0.00000                                   102Ag
  47 103   5  17     0.30141     0.00000                                   103Ag
  47 104   5  18     0.12979     0.00000                                   104Ag
  47 105   2  18     0.17917     0.00000                                   105Ag
  47 106   6  19    -0.02005     0.00000                                   106Ag
  47 107   6  17     0.03900     0.00000                                   107Ag
  47 108   3  28    -0.02725     0.22709                                   108Ag
  47 109   8  19    -0.17412     0.00000                                   109Ag
  47 110   6  18    -0.06216     0.11985                                   110Ag
  47 111   2  17     0.12295     0.00000                                   111Ag
  47 113   8  15    -0.75973     0.00000                                   113Ag
  47 115   7  14    -0.81386     0.00000                                   115Ag
  47 118   8  14    -0.40644     0.00000                                   118Ag
