  48 103   2  15     0.00000     0.44782                                   103Cd
  48 104   3  15     0.00000     0.05212                                   104Cd
  48 105   8  26     0.00000     0.66433                                   105Cd
  48 106   5  21     0.00000    -0.19361                                   106Cd
  48 107   6  16     0.01109     0.02828                                   107Cd
  48 108   5  16     0.00000     0.12583                                   108Cd
  48 109   5  17     0.00734     0.11278                                   109Cd
  48 110   8  19     0.00000    -0.14988                                   110Cd
  48 111   4  27     0.05046     0.01845                                   111Cd
  48 112   6  27     0.07407     0.33513                                   112Cd
  48 113   6  15     0.02349     0.05631                                   113Cd
  48 114   6  23     0.08216     0.27716                                   114Cd
  48 115   8  16     0.17638     0.38309                                   115Cd
  48 116   6  19     0.00000     0.12859                                   116Cd
  48 117   6  15     0.06480     0.14868                                   117Cd
  48 118   5  16     0.00000     0.16060                                   118Cd
  48 119   8  16     0.00000     0.54030                                   119Cd
  48 120   8  15     0.00000     0.40107                                   120Cd
  48 121   8  22     0.00000     0.49551                                   121Cd
  48 123   8  16     0.00000     0.37517                                   123Cd
