  49 104   7  17     0.00000     0.90245                                   104In
  49 106   6  16     0.00000     0.97812                                   106In
  49 107   5  18     0.00000     0.16663                                   107In
  49 108   8  19     0.00000     0.29150                                   108In
  49 109   5  16     0.00000     0.07663                                   109In
  49 110   8  25     0.00000     0.36170                                   110In
  49 111   2  15     0.00000     0.04534                                   111In
  49 112   4  24     0.00000    -0.11590                                   112In
  49 113   8  15     0.00000     0.17790                                   113In
  49 114   6  15    -0.09258    -0.27531                                   114In
  49 115   8  16     0.00000     0.15866                                   115In
  49 116   8  15     0.00868     0.02411                                   116In
  49 117   5  18     0.00000     0.19132                                   117In
  49 119   8  15     0.00000     0.34513                                   119In
  49 121   7  15     0.00000     0.24133                                   121In
  49 123   8  19     0.00000     0.56373                                   123In
  49 125   6  21     0.00000     0.40722                                   125In
