  52 108   2  15     3.00000     0.00000                                   108Te
  52 109   2  15     3.00000     0.00000                                   109Te
  52 110   8  17     1.55779     0.00000                                   110Te
  52 111   2  15     1.52881     0.00000                                   111Te
  52 112   8  17     2.08610     0.00000                                   112Te
  52 114   5  15     0.32259     0.00000                                   114Te
  52 115   2  15     2.02864     0.00000                                   115Te
  52 116   8  16     1.21986     0.00000                                   116Te
  52 117   4  17     0.07981     0.00000                                   117Te
  52 118   8  16     0.54173     0.00000                                   118Te
  52 119   8  15    -0.26122     0.00000                                   119Te
  52 120   8  21     0.70917     0.00000                                   120Te
  52 121   5  17    -0.13391     0.00000                                   121Te
  52 122   7  17     0.15706     0.00000                                   122Te
  52 123   7  16    -0.07422    -0.20637                                   123Te
  52 124   7  15    -0.12406    -0.06255                                   124Te
  52 125   2  15    -0.00024     0.14996                                   125Te
  52 126   3  16     0.10994     0.12535                                   126Te
  52 127   2  16     0.32640     0.47499                                   127Te
  52 128   8  16     0.00068     0.00000                                   128Te
  52 129   3  16     0.22565     0.49954                                   129Te
  52 130   7  17     0.07929     0.00000                                   130Te
  52 131   7  16     0.55196     0.41422                                   131Te
  52 132   6  15     0.66388     0.00000                                   132Te
  52 133   2  15     0.36775     0.00000                                   133Te
  52 134   3  15     1.95729     0.00000                                   134Te
  52 135   8  18     0.51643     0.00000                                   135Te
  52 136   8  15     0.97717     0.00000                                   136Te
