  53 120   8  22     0.00000     0.16353                                   120I 
  53 121   8  18     0.00000     0.32749                                   121I 
  53 123   5  20     0.00000     0.31587                                   123I 
  53 124   8  15     0.00000    -0.13568                                   124I 
  53 125   8  15     0.00000     0.47084                                   125I 
  53 126   3  29     0.00000    -0.03396                                   126I 
  53 127   8  29     0.00000     0.41058                                   127I 
  53 128   8  18    -0.00034     0.01612                                   128I 
  53 129   8  17     0.00000     0.39908                                   129I 
  53 130   8  22    -0.07562     0.04058                                   130I 
  53 131   3  15     0.00000     0.11350                                   131I 
  53 133   2  19     0.00000     0.30712                                   133I 
