  58 126   7  15     1.19409     0.00000                                   126Ce
  58 127   5  16     0.06896     0.00000                                   127Ce
  58 128   8  23     1.08363     0.00000                                   128Ce
  58 129   3  15     0.19597     0.00000                                   129Ce
  58 130   7  16     1.00674     0.00000                                   130Ce
  58 131   8  15     0.56188     0.00000                                   131Ce
  58 132   2  15     1.80624     0.00000                                   132Ce
  58 133   6  17     0.18774     0.00000                                   133Ce
  58 134   7  15     0.40902     0.00000                                   134Ce
  58 135   8  16     1.12393     0.00000                                   135Ce
  58 136   5  20     0.23136     0.00000                                   136Ce
  58 137   8  17     0.30150     0.09659                                   137Ce
  58 138   7  16    -0.01635     0.00000                                   138Ce
  58 139   4  16    -0.28890     0.00000                                   139Ce
  58 140   4  15    -0.11767     0.00000                                   140Ce
  58 141   6  19    -0.22197    -0.08841                                   141Ce
  58 142   2  21    -0.03110     0.00000                                   142Ce
  58 143   2  17     0.03792    -0.11019                                   143Ce
  58 144   2  16    -0.02727     0.00000                                   144Ce
  58 145   8  16     0.35734     0.00000                                   145Ce
  58 146   7  16     0.26062     0.00000                                   146Ce
  58 147   3  17    -0.00595     0.00000                                   147Ce
  58 148   8  17     0.32589     0.00000                                   148Ce
  58 149   7  16    -0.63067     0.00000                                   149Ce
