  59 129   2  10     3.00000     0.00000                                   129Pr
  59 131   2  15     1.54742     0.00000                                   131Pr
  59 132   8  15     0.22826     0.00000                                   132Pr
  59 133   5  17     0.07790     0.00000                                   133Pr
  59 135   8  21     0.36849     0.00000                                   135Pr
  59 136   8  16     0.15913     0.00000                                   136Pr
  59 137   7  15     0.27117     0.00000                                   137Pr
  59 138   7  15     0.31495     0.00000                                   138Pr
  59 139   7  21     0.33609     0.00000                                   139Pr
  59 140   8  27     0.31651     0.00000                                   140Pr
  59 141   2  16    -0.55050     0.00000                                   141Pr
  59 142   8  24     0.46371     0.40789                                   142Pr
  59 143   8  15     0.39493     0.00000                                   143Pr
  59 145   4  15     0.15549     0.00000                                   145Pr
  59 147   3  17     0.15859     0.00000                                   147Pr
  59 148   8  16    -0.13156     0.00000                                   148Pr
  59 149   7  16    -0.06915     0.00000                                   149Pr
