  60 132   8  16     0.00000     1.50315                                   132Nd
  60 133   8  15     0.00000     0.00824                                   133Nd
  60 134   7  15     0.00000     0.76995                                   134Nd
  60 135   3  17     0.00000     0.07542                                   135Nd
  60 136   8  18     0.00000     0.85719                                   136Nd
  60 137   8  17     0.00000     0.88330                                   137Nd
  60 138   4  15     0.00000     0.10984                                   138Nd
  60 139   8  15     0.00000     0.37597                                   139Nd
  60 140   8  15     0.00000     0.50462                                   140Nd
  60 141   2  18     0.00000     0.00835                                   141Nd
  60 142   7  15     0.00000    -0.49314                                   142Nd
  60 143   8  23    -0.01555    -0.03264                                   143Nd
  60 144   8  29    -0.11170    -0.29499                                   144Nd
  60 145   8  21     0.02704     0.03529                                   145Nd
  60 146   6  15    -0.05568    -0.03672                                   146Nd
  60 147   4  20     0.05914     0.11513                                   147Nd
  60 148   5  17     0.06272     0.14900                                   148Nd
  60 149   2  15    -0.12157    -0.13998                                   149Nd
  60 150   4  16     0.00000     0.01470                                   150Nd
  60 151   8  28     0.08764     0.27534                                   151Nd
  60 152   8  24     0.00000     0.90457                                   152Nd
