  63 139   4  15     0.00000    -0.64516                                   139Eu
  63 140   8  16     0.00000     0.26500                                   140Eu
  63 141   8  15     0.00000     0.30891                                   141Eu
  63 142   2  17     0.00000     0.00673                                   142Eu
  63 143   4  16     0.00000     0.66967                                   143Eu
  63 144   7  18     0.00000    -0.11403                                   144Eu
  63 145   3  16     0.00000     0.03080                                   145Eu
  63 146   8  15     0.00000     0.32697                                   146Eu
  63 147   7  27     0.00000     0.19931                                   147Eu
  63 149   3  20     0.00000     0.00646                                   149Eu
  63 150   7  16     0.00000     0.12142                                   150Eu
  63 151   3  15     0.00000    -0.04956                                   151Eu
  63 152   2  17    -0.06087    -0.11958                                   152Eu
  63 153   6  15     0.04413     0.13231                                   153Eu
  63 154   8  19    -0.04517    -0.08975                                   154Eu
  63 155   8  16     0.10431     0.27519                                   155Eu
  63 156   2  15    -0.08015    -0.01707                                   156Eu
  63 157   7  15     0.00000     0.28105                                   157Eu
  63 159   8  18     0.00000     0.67948                                   159Eu
