  64 138   5  27     1.67038     0.00000                                   138Gd
  64 139   2  15     1.54583     0.00000                                   139Gd
  64 140   2  15     1.90063     0.00000                                   140Gd
  64 141   7  16    -0.38020     0.00000                                   141Gd
  64 142   8  16     1.10798     0.00000                                   142Gd
  64 143   8  15    -0.10827     0.00000                                   143Gd
  64 144   8  18     0.46344     0.00000                                   144Gd
  64 145   8  20     0.56600     0.00000                                   145Gd
  64 146   6  28    -0.22213     0.00000                                   146Gd
  64 147   8  20     0.05477     0.00000                                   147Gd
  64 148   7  19     0.23104     0.00000                                   148Gd
  64 149   8  22     0.12484     0.00000                                   149Gd
  64 150   7  22     0.05942     0.00000                                   150Gd
  64 151   8  22    -0.11683     0.00000                                   151Gd
  64 152   7  27     0.12081     0.00000                                   152Gd
  64 153   6  19    -0.01713    -0.04254                                   153Gd
  64 154   6  15    -0.02043     0.00000                                   154Gd
  64 155   8  16     0.00913     0.00338                                   155Gd
  64 156   4  16    -0.06979     0.12424                                   156Gd
  64 157   5  15     0.02313    -0.08435                                   157Gd
  64 158   2  17     0.06280     0.19957                                   158Gd
  64 159   8  19     0.27685     0.10696                                   159Gd
  64 160   8  21     0.15910     0.00000                                   160Gd
  64 161   8  23     0.17503     0.07436                                   161Gd
  64 162   7  15     0.81326     0.00000                                   162Gd
