  66 153   8  21     0.00000     0.48864                                   153Dy
  66 154   6  15     0.00000     0.18003                                   154Dy
  66 155   2  22     0.00000     0.00398                                   155Dy
  66 156   8  16     0.00000     0.20982                                   156Dy
  66 157   8  16     0.08030     0.10248                                   157Dy
  66 158   8  18     0.00000     0.21641                                   158Dy
  66 159   6  27     0.03588     0.06233                                   159Dy
  66 160   7  29     0.00000    -0.03352                                   160Dy
  66 161   8  20     0.05139     0.18331                                   161Dy
  66 162   3  18     0.01423     0.04263                                   162Dy
  66 163   3  16    -0.05583    -0.13414                                   163Dy
  66 164   3  15     0.03620     0.12073                                   164Dy
  66 165   6  19     1.89311     2.67330                                   165Dy
  66 166   4  16     0.00000     0.01771                                   166Dy
