  67 155   7  16     0.00000     0.11740                                   155Ho
  67 157   8  29     0.00000     0.18561                                   157Ho
  67 158   4  26     0.00000    -0.19006                                   158Ho
  67 159   5  17     0.00000     0.07169                                   159Ho
  67 161   4  16     0.00000     0.05445                                   161Ho
  67 163   2  22     0.00000     0.05792                                   163Ho
  67 164   7  15     0.00000     0.08963                                   164Ho
  67 165   5  16     0.00000     0.09330                                   165Ho
  67 166   2  16    -0.01336     0.02842                                   166Ho
  67 167   8  20     0.00000     0.58362                                   167Ho
  67 169   8  16     0.00000     0.64682                                   169Ho
