  69 151   2  15     3.00000     0.00000                                   151Tm
  69 153   2  17     0.18164     0.00000                                   153Tm
  69 157   7  16    -0.38994     0.00000                                   157Tm
  69 159   8  21     0.17990     0.00000                                   159Tm
  69 160   7  11     0.27638     0.00000                                   160Tm
  69 161   8  17     0.19003     0.00000                                   161Tm
  69 162   4  19     0.22523     0.00000                                   162Tm
  69 163   8  18     0.08159     0.00000                                   163Tm
  69 164   8  17    -0.12460     0.00000                                   164Tm
  69 165   8  17     0.12043     0.00000                                   165Tm
  69 167   6  19     0.11652     0.00000                                   167Tm
  69 168   7  16    -0.07913     0.00000                                   168Tm
  69 169   8  20     0.15229     0.00000                                   169Tm
  69 170   2  21     0.03735     0.19319                                   170Tm
  69 171   7  15     0.09240     0.19267                                   171Tm
  69 172   2  13     0.42788     0.00000                                   172Tm
  69 173   8  17     0.53706     0.00000                                   173Tm
  69 175   8  15     0.25707     0.00000                                   175Tm
