  70 153   7  13     0.80787     0.00000                                   153Yb
  70 154   2  15     3.00000     0.00000                                   154Yb
  70 156   2  15     3.00000     0.00000                                   156Yb
  70 158   8  18     2.02316     0.00000                                   158Yb
  70 160   8  15     0.29372     0.00000                                   160Yb
  70 161   8  15     1.11041     0.00000                                   161Yb
  70 162   7  18     0.53788     0.00000                                   162Yb
  70 163   8  20     0.21609     0.00000                                   163Yb
  70 164   2  19     0.14427     0.00000                                   164Yb
  70 165   8  15     0.16641     0.00000                                   165Yb
  70 166   4  24     0.17507     0.00000                                   166Yb
  70 167   4  17     0.07425     0.00000                                   167Yb
  70 168   5  15    -0.03740     0.00000                                   168Yb
  70 169   8  25     0.23605     0.06070                                   169Yb
  70 170   6  19    -0.01248    -0.00145                                   170Yb
  70 171   8  15     0.25359     0.26702                                   171Yb
  70 172   5  16     0.08845     0.14475                                   172Yb
  70 173   2  16    -0.11503    -0.05539                                   173Yb
  70 174   8  15     0.09046     0.25960                                   174Yb
  70 175   3  15    -0.08007    -0.04661                                   175Yb
  70 176   7  16     0.21342     0.00000                                   176Yb
  70 177   3  16     0.01003     0.03066                                   177Yb
  70 178   4  15     1.14572     0.00000                                   178Yb
