  71 169   8  18     0.00000     0.22600                                   169Lu
  71 170   6  15     0.00000    -0.07579                                   170Lu
  71 171   7  15     0.00000     0.13309                                   171Lu
  71 172   8  15     0.00000     0.00625                                   172Lu
  71 173   3  19     0.00000     0.04317                                   173Lu
  71 174   2  17     0.00000     0.00860                                   174Lu
  71 175   8  16     0.00000     0.11324                                   175Lu
  71 176   7  20     0.23642    -0.07347                                   176Lu
  71 177   7  20     0.05465     0.12145                                   177Lu
  71 178   6  15     0.00000     0.18060                                   178Lu
  71 179   8  15     0.00000     0.45413                                   179Lu
