  72 157   2  15     2.41814     0.00000                                   157Hf
  72 158   2  15     2.65319     0.00000                                   158Hf
  72 159   2  15     3.00000     0.00000                                   159Hf
  72 160   2  15     3.00000     0.00000                                   160Hf
  72 162   2  15     1.80411     0.00000                                   162Hf
  72 164   6  15     0.76022     0.00000                                   164Hf
  72 165   2  15     1.55635     0.00000                                   165Hf
  72 166   7  16     0.39246     0.00000                                   166Hf
  72 167   8  15     0.36088     0.00000                                   167Hf
  72 168   8  17     0.63057     0.00000                                   168Hf
  72 169   8  15     0.22176     0.00000                                   169Hf
  72 170   8  16     0.41509     0.00000                                   170Hf
  72 171   7  21     0.20998     0.00000                                   171Hf
  72 172   3  15     0.21137     0.00000                                   172Hf
  72 173   8  15     0.23680     0.00000                                   173Hf
  72 174   5  22    -0.12728     0.00000                                   174Hf
  72 175   6  15     0.02410    -0.05372                                   175Hf
  72 176   8  16    -0.22905     0.00000                                   176Hf
  72 177   3  23    -0.10364    -0.06569                                   177Hf
  72 178   7  18     0.06992     0.25668                                   178Hf
  72 179   3  21     0.04739    -0.00828                                   179Hf
  72 180   6  19     0.09642     0.29959                                   180Hf
  72 181   8  15     0.31291     0.14273                                   181Hf
  72 182   8  17     1.01438     0.00000                                   182Hf
