  73 167   8  15    -0.27305     0.00000                                   167Ta
  73 169   2  10     3.00000     0.00000                                   169Ta
  73 171   7  15     0.44310     0.00000                                   171Ta
  73 172   8  15     0.14264     0.00000                                   172Ta
  73 173   2  15     1.66110     0.00000                                   173Ta
  73 174   2  15     2.42240     0.00000                                   174Ta
  73 175   7  16     0.18793     0.00000                                   175Ta
  73 177   8  17     0.18235     0.00000                                   177Ta
  73 179   7  19     0.21249     0.00000                                   179Ta
  73 180   8  16    -0.10199     0.00000                                   180Ta
  73 181   8  20     0.62964     0.14241                                   181Ta
  73 182   5  17     0.11557     0.31294                                   182Ta
  73 183   2  15     0.26837     0.28100                                   183Ta
  73 185   8  16     0.83290     0.00000                                   185Ta
