  75 177   8  18     0.00000     0.18294                                   177Re
  75 179   7  16     0.00000     0.60124                                   179Re
  75 181   8  16     0.00000     0.33841                                   181Re
  75 183   2  21     0.00000     0.12117                                   183Re
  75 184   8  16     0.00000     0.01918                                   184Re
  75 185   5  18     0.00000     0.09116                                   185Re
  75 186   2  26    -0.06931    -0.02624                                   186Re
  75 187   4  21     0.00000     0.11629                                   187Re
  75 188   2  20    -0.01210    -0.01556                                   188Re
  75 189   8  15     0.00000     0.58828                                   189Re
  75 191   8  21     0.00000     0.33299                                   191Re
