  77 181   7  16     0.00000     0.12186                                   181Ir
  77 182   8  15     0.00000     0.23108                                   182Ir
  77 183   8  16     0.00000     0.80376                                   183Ir
  77 184   8  17     0.00000     0.03465                                   184Ir
  77 185   3  16     0.00000     0.00850                                   185Ir
  77 187   8  25     0.00000     0.26953                                   187Ir
  77 188   6  15     0.00000     0.25493                                   188Ir
  77 189   3  16     0.00000     0.09022                                   189Ir
  77 190   8  20     0.00000    -0.28298                                   190Ir
  77 191   6  16     0.00000     0.12058                                   191Ir
  77 192   5  25    -0.15794    -0.33862                                   192Ir
  77 193   5  17     0.10227     0.07391                                   193Ir
  77 194   8  27    -0.06015     0.02801                                   194Ir
  77 195   8  15     0.00000     0.29895                                   195Ir
  77 197   8  15     0.00000     0.38649                                   197Ir
