  79 184   5  15     0.00000    -0.90568                                   184Au
  79 185   8  16     0.00000    -0.02522                                   185Au
  79 186   2  17     0.00000    -0.11096                                   186Au
  79 187   8  21     0.00000     0.20394                                   187Au
  79 189   8  18     0.00000     0.18313                                   189Au
  79 190   5  13     0.00000    -0.46390                                   190Au
  79 191   8  15     0.00000     0.30120                                   191Au
  79 192   7  16     0.00000     0.11742                                   192Au
  79 193   5  15     0.00000     0.16957                                   193Au
  79 194   4  15     0.00000     0.15330                                   194Au
  79 195   8  16     0.00000    -0.01213                                   195Au
  79 196   7  26     0.00000    -0.02676                                   196Au
  79 197   7  19     0.00000     0.23890                                   197Au
  79 198   3  17    -0.09477    -0.29382                                   198Au
  79 199   6  16     0.00000     0.32013                                   199Au
  79 200   8  11     0.00000    -0.26663                                   200Au
  79 201   8  15     0.00000     0.90695                                   201Au
