  80 180   8  18    -0.02044     0.00000                                   180Hg
  80 181   2  10     0.32690     0.00000                                   181Hg
  80 182   8  15     0.73698     0.00000                                   182Hg
  80 183   8  15    -0.46057     0.00000                                   183Hg
  80 184   2  15     2.08619     0.00000                                   184Hg
  80 185   8  15     0.26016     0.00000                                   185Hg
  80 186   8  18     0.58991     0.00000                                   186Hg
  80 187   2  15     1.16634     0.00000                                   187Hg
  80 188   6  15     0.51316     0.00000                                   188Hg
  80 190   8  21     0.57294     0.00000                                   190Hg
  80 191   8  22     0.42645     0.00000                                   191Hg
  80 192   3  20     0.17480     0.00000                                   192Hg
  80 193   8  16     1.11695     0.00000                                   193Hg
  80 194   8  16     0.41347     0.00000                                   194Hg
  80 195   8  18     0.32123     0.00000                                   195Hg
  80 196   7  24     0.04292     0.00000                                   196Hg
  80 197   8  15    -0.03419     0.00000                                   197Hg
  80 198   3  15     0.05534     0.00000                                   198Hg
  80 199   2  16     0.05798     0.00398                                   199Hg
  80 200   5  16    -0.47247    -0.12275                                   200Hg
  80 201   3  15     0.52306    -0.16498                                   201Hg
  80 202   8  24    -0.00398     0.17440                                   202Hg
  80 203   8  17     0.54730     0.00000                                   203Hg
  80 204   8  19     0.06329     0.00000                                   204Hg
  80 205   5  16     0.57060     0.00000                                   205Hg
