  81 183   2  12     1.57654     0.00000                                   183Tl
  81 187   8  17    -0.60946     0.00000                                   187Tl
  81 189   3  15    -0.16853     0.00000                                   189Tl
  81 191   3  15     0.68759     0.00000                                   191Tl
  81 192   2  16     1.39341     0.00000                                   192Tl
  81 194   2  15     0.40842     0.00000                                   194Tl
  81 195   5  18    -0.03418     0.00000                                   195Tl
  81 196   2  16     1.18624     0.00000                                   196Tl
  81 197   8  16     0.19197     0.00000                                   197Tl
  81 198   6  17     0.22700     0.00000                                   198Tl
  81 199   7  15     0.10530     0.00000                                   199Tl
  81 200   2  16     0.42089     0.00000                                   200Tl
  81 201   3  15    -0.13173     0.00000                                   201Tl
  81 202   2  15     1.16283     0.00000                                   202Tl
  81 203   7  17    -0.25787     0.00000                                   203Tl
  81 204   8  26     0.22828     0.09373                                   204Tl
  81 205   5  18     0.42642     0.00000                                   205Tl
  81 206   2  15     0.41200     0.22945                                   206Tl
  81 207   7  16    -0.48818     0.00000                                   207Tl
