  83 197   2  13     1.55157     0.00000                                   197Bi
  83 199   8  18     0.41794     0.00000                                   199Bi
  83 201   5  16     0.02650     0.00000                                   201Bi
  83 202   8  16     1.64303     0.00000                                   202Bi
  83 203   4  18    -0.11556     0.00000                                   203Bi
  83 204   6  16     0.61413     0.00000                                   204Bi
  83 205   4  17     0.08969     0.00000                                   205Bi
  83 206   8  18     0.52571     0.00000                                   206Bi
  83 207   5  23     0.40360     0.00000                                   207Bi
  83 208   6  25     0.48599     0.00000                                   208Bi
  83 209   5  15    -0.02178     0.00000                                   209Bi
  83 210   8  21     0.75436     0.58598                                   210Bi
  83 211   6  22    -0.04967     0.00000                                   211Bi
  83 214   2  11     0.48375     0.00000                                   214Bi
