  84 203   7  16     0.00000     0.18950                                   203Po
  84 204   8  19     0.00000     0.51320                                   204Po
  84 205   8  21     0.00000     0.53187                                   205Po
  84 206   8  16     0.00000     0.56952                                   206Po
  84 207   7  18     0.00000     0.58182                                   207Po
  84 208   8  19     0.00000     0.89070                                   208Po
  84 209   8  20     0.00000     0.49373                                   209Po
  84 210   3  15     0.00000    -0.12549                                   210Po
  84 211   7  17     0.00000    -0.17639                                   211Po
  84 212   2  18     0.00000    -0.02991                                   212Po
  84 214   5  16     0.00000     0.16199                                   214Po
  84 215   8  14     0.00000    -0.74825                                   215Po
