  85 203   6  15     0.83430     0.00000                                   203At
  85 205   2  15     0.92144     0.00000                                   205At
  85 207   8  15    -0.05131     0.00000                                   207At
  85 208   8  19     0.40063     0.00000                                   208At
  85 209   7  18     0.17389     0.00000                                   209At
  85 210   6  15     0.12439     0.00000                                   210At
  85 211   8  26     0.55731     0.00000                                   211At
  85 212   7  16     0.18058     0.00000                                   212At
  85 214   8  15     0.33362     0.00000                                   214At
  85 216   7  17    -0.99182     0.00000                                   216At
  85 217   8  15    -0.91405     0.00000                                   217At
