  89 217   8  10     0.75972     0.00000                                   217Ac
  89 219   7  16     0.61256     0.00000                                   219Ac
  89 220   8  16    -0.87318     0.00000                                   220Ac
  89 223   7  10    -1.38169     0.00000                                   223Ac
  89 224   8  15    -0.14222     0.00000                                   224Ac
  89 225   8  16    -0.56778     0.00000                                   225Ac
  89 226   8  15    -0.06726     0.00000                                   226Ac
  89 227   5  16     0.10394     0.00000                                   227Ac
  89 229   8  15     0.30500     0.00000                                   229Ac
  89 230   8  15     0.08712     0.00000                                   230Ac
  89 231   8  15    -0.08892     0.00000                                   231Ac
