  90 220   2  15     0.69290     0.00000                                   220Th
  90 221   2  13     0.59059     0.00000                                   221Th
  90 222   2  15     1.76182     0.00000                                   222Th
  90 223   8  15     0.28307     0.00000                                   223Th
  90 224   5  16     0.75635     0.00000                                   224Th
  90 226   8  17     0.73169     0.00000                                   226Th
  90 227   8  15    -0.63608     0.00000                                   227Th
  90 228   5  15     0.45155     0.00000                                   228Th
  90 229   8  22     0.02057    -0.01384                                   229Th
  90 230   3  15     0.20359     0.36578                                   230Th
  90 231   3  16    -0.06618    -0.04509                                   231Th
  90 232   8  29     0.05695     0.00000                                   232Th
  90 233   7  16     0.10203     0.06953                                   233Th
  90 234   8  12     1.15675     0.00000                                   234Th
