  14  22   22.036178   33.700000  0.0900  0.0200                     0.0 1  22Si
  14  23   23.024563   22.880000  0.1600  0.0500                     0.5 1  23Si
  14  24   24.011669   10.870000  0.2500  0.0400                     0.0 1  24Si
  14  25   25.004702    4.380000 -0.2900  0.0900                     0.5 1  25Si
  14  26   25.992764   -6.740000  0.2600  0.0500                     0.0 1  26Si
  14  27   26.986763  -12.330000 -0.3600  0.1400                     1.5 1  27Si
  14  28   27.977584  -20.880000 -0.3900  0.1700                     0.0 1  28Si
  14  29   28.976522  -21.870000 -0.3100  0.1000                     0.5 1  29Si
  14  30   29.974546  -23.710000 -0.2500  0.0500                     0.0 1  30Si
  14  31   30.976726  -21.680000 -0.2300  0.0300                     1.5 1  31Si
  14  32   31.975362  -22.950000  0.2200  0.0200                     0.0 1  32Si
  14  33   32.978422  -20.100000  0.2000  0.0300                     1.5 1  33Si
  14  34   33.978701  -19.840000  0.1900  0.0400                     0.0 1  34Si
  14  35   34.984713  -14.240000  0.2700  0.0900                     0.5-1  35Si
  14  36   35.985840  -13.190000  0.1700  0.0400                     0.0 1  36Si
  14  37   36.992979   -6.540000 -0.2200  0.0800                     2.5-1  37Si
  14  38   37.994783   -4.860000  0.2700  0.0700                     0.0 1  38Si
  14  39   39.002201    2.050000  0.3400  0.1000                     2.5-1  39Si
  14  40   40.005003    4.660000 -0.3000  0.1400                     0.0 1  40Si
  14  41   41.013269   12.360000  0.3400  0.0200                     0.5-1  41Si
  14  42   42.016361   15.240000 -0.3600  0.2000                     0.0 1  42Si
  14  43   43.024391   22.720000 -0.3300  0.1500                     1.5-1  43Si
  14  44   44.030596   28.500000 -0.3100  0.1200                     0.0 1  44Si
  14  45   45.039904   37.170000 -0.2700  0.0600                     0.5-1  45Si
  14  46   46.046667   43.470000 -0.2800  0.0600                     0.0 1  46Si
  14  47   47.056307   52.450000  0.0900  0.0200                     0.5-1  47Si
  14  48   48.063790   59.420000 -0.0700  0.0000                     0.0 1  48Si
  14  49   49.073946   68.880000 -0.0900  0.0300                     0.5 1  49Si
  14  50   50.081826   76.220000 -0.1700  0.0200                     0.0 1  50Si
