  18  27   27.066914   62.330000  0.1200  0.0500                     2.5 1  27Ar
  18  28   28.051927   48.370000  0.1300  0.0200                     0.0 1  28Ar
  18  29   29.040591   37.810000  0.2500  0.0400                     1.5 1  29Ar
  18  30   30.023650   22.030000  0.1600  0.0100                     0.0 1  30Ar
  18  31   31.012990   12.100000 -0.2300  0.0200                     0.5 1  31Ar
  18  32   31.998841   -1.080000  0.2200  0.0200                     0.0 1  32Ar
  18  33   32.990467   -8.880000 -0.2300  0.0200                     0.5 1  33Ar
  18  34   33.980612  -18.060000 -0.2300  0.0100                     0.0 1  34Ar
  18  35   34.975555  -22.770000 -0.2300  0.0000                     1.5 1  35Ar
  18  36   35.967901  -29.900000  0.1100  0.0000                     0.0 1  36Ar
  18  37   36.965818  -31.840000  0.1900  0.0300                     1.5 1  37Ar
  18  38   37.963059  -34.410000  0.0700  0.0000                     0.0 1  38Ar
  18  39   38.964863  -32.730000 -0.1100  0.0100                     3.5-1  39Ar
  18  40   39.961825  -35.560000  0.0800  0.0000                     0.0 1  40Ar
  18  41   40.964219  -33.330000  0.1200  0.0100                     3.5-1  41Ar
  18  42   41.961632  -35.740000  0.1600  0.0200                     0.0 1  42Ar
  18  43   42.965979  -31.690000  0.2700  0.0700                     2.5-1  43Ar
  18  44   43.964627  -32.950000 -0.1600  0.0300                     0.0 1  44Ar
  18  45   44.968717  -29.140000  0.2600  0.0300                     3.5-1  45Ar
  18  46   45.969125  -28.760000 -0.2100  0.0500                     0.0 1  46Ar
  18  47   46.973559  -24.630000 -0.2100  0.0300                     1.5-1  47Ar
  18  48   47.976522  -21.870000 -0.2000  0.0200                     0.0 1  48Ar
  18  49   48.982619  -16.190000 -0.2000  0.0000                     0.5-1  49Ar
  18  50   49.986710  -12.380000 -0.2000  0.0000                     0.0 1  50Ar
  18  51   50.993645   -5.920000 -0.1200  0.0000                     0.5-1  51Ar
  18  52   51.998583   -1.320000 -0.1800 -0.0100                     0.0 1  52Ar
  18  53   53.006323    5.890000 -0.1800 -0.0100                     0.5-1  53Ar
  18  54   54.012378   11.530000 -0.1400  0.0000                     0.0 1  54Ar
  18  55   55.021492   20.020000 -0.1200 -0.0200                     2.5-1  55Ar
  18  56   56.027730   25.830000 -0.1000 -0.0100                     0.0 1  56Ar
  18  57   57.038701   36.050000  0.0000  0.0000                     2.5-1  57Ar
  18  58   58.043521   40.540000  0.1000  0.0200                     0.0 1  58Ar
  18  59   59.054128   50.420000 -0.0600  0.0100                     0.5 1  59Ar
  18  60   60.060269   56.140000  0.1400  0.0200                     0.0 1  60Ar
  18  61   61.071122   66.250000  0.1100  0.0100                     1.5-1  61Ar
  18  62   62.077617   72.300000  0.1900  0.0500                     0.0 1  62Ar
  18  63   63.087977   81.950000  0.1900  0.0500                     2.5 1  63Ar
  18  64   64.095449   88.910000  0.2300  0.0700                     0.0 1  64Ar
  18  65   65.104638   97.470000  0.2300  0.1000                     0.5 1  65Ar
  18  66   66.114107  106.290000 -0.2300  0.0800                     0.0 1  66Ar
