  21  32   32.077349   72.050000  0.0000  0.0000                     3.0 1  32Sc
  21  33   33.057596   53.650000  0.1400  0.0900                     0.5 1  33Sc
  21  34   34.046957   43.740000  0.1700  0.1100                     3.0-1  34Sc
  21  35   35.031594   29.430000 -0.1000  0.0300                     0.5 1  35Sc
  21  36   36.017885   16.660000 -0.1000  0.0300                     1.0 1  36Sc
  21  37   37.005711    5.320000 -0.0900  0.0200                     3.5-1  37Sc
  21  38   37.997413   -2.410000 -0.0800  0.0100                     2.0-1  38Sc
  21  39   38.985411  -13.590000  0.2200  0.0700                     0.5-1  39Sc
  21  40   39.978744  -19.800000 -0.1400  0.0100                     2.0-1  40Sc
  21  41   40.970037  -27.910000 -0.0600  0.0200                     3.5-1  41Sc
  21  42   41.966140  -31.540000 -0.1000  0.0200                     7.0 1  42Sc
  21  43   42.959849  -37.400000 -0.0800  0.0100                     3.5-1  43Sc
  21  44   43.959152  -38.050000  0.0900  0.0100                     7.0 1  44Sc
  21  45   44.955029  -41.890000 -0.0900  0.0200                     3.5-1  45Sc
  21  46   45.955426  -41.520000  0.0900  0.0300                     7.0 1  46Sc
  21  47   46.952163  -44.560000 -0.0900  0.0200                     3.5-1  47Sc
  21  48   47.953129  -43.660000  0.1300  0.0400                     7.0 1  48Sc
  21  49   48.950928  -45.710000 -0.1100  0.0300                     3.5-1  49Sc
  21  50   49.953290  -43.510000 -0.1100  0.0200                     5.0 1  50Sc
  21  51   50.953655  -43.170000 -0.0800  0.0200                     3.5-1  51Sc
  21  52   51.957370  -39.710000  0.0900  0.0400                     5.0 1  52Sc
  21  53   52.959055  -38.140000 -0.0700  0.0100                     3.5-1  53Sc
  21  54   53.963682  -33.830000 -0.0800  0.0200                     3.0 1  54Sc
  21  55   54.966516  -31.190000 -0.0800  0.0200                     3.5-1  55Sc
  21  56   55.972775  -25.360000 -0.0900  0.0100                     1.0 1  56Sc
  21  57   56.975996  -22.360000 -0.0700  0.0100                     3.5-1  57Sc
  21  58   57.982802  -16.020000 -0.0500  0.0000                     1.0 1  58Sc
  21  59   58.986763  -12.330000 -0.0600  0.0100                     3.5-1  59Sc
  21  60   59.993902   -5.680000 -0.0600  0.0200                     1.0 1  60Sc
  21  61   60.998604   -1.300000 -0.0800  0.0100                     3.5-1  61Sc
  21  62   62.006227    5.800000 -0.0700  0.0200                     8.0-1  62Sc
  21  63   63.011337   10.560000 -0.0700  0.0100                     3.5-1  63Sc
  21  64   64.019517   18.180000  0.0700  0.0200                     8.0-1  64Sc
  21  65   65.024960   23.250000  0.0800  0.0300                     3.5-1  65Sc
  21  66   66.033495   31.200000  0.0700  0.0200                     8.0-1  66Sc
  21  67   67.039560   36.850000  0.0900  0.0300                     3.5-1  67Sc
  21  68   68.048191   44.890000  0.0800  0.0300                     8.0-1  68Sc
  21  69   69.054880   51.120000  0.1100  0.0600                     3.5-1  69Sc
  21  70   70.064198   59.800000  0.1400  0.0700                     8.0-1  70Sc
  21  71   71.071015   66.150000 -0.0800  0.0200                     3.5-1  71Sc
  21  72   72.080226   74.730000 -0.1000  0.0300                     4.0-1  72Sc
  21  73   73.088063   82.030000 -0.1100  0.0200                     3.5-1  73Sc
  21  74   74.097478   90.800000 -0.1000  0.0300                     6.0-1  74Sc
  21  75   75.105519   98.290000 -0.1300  0.0400                     3.5-1  75Sc
  21  76   76.114794  106.930000  0.0800  0.0600                     6.0-1  76Sc
  21  77   77.123136  114.700000  0.0900  0.0500                     3.5-1  77Sc
  21  78   78.133012  123.900000  0.0800  0.0500                     6.0-1  78Sc
  21  79   79.141804  132.090000  0.0600  0.0400                     3.5-1  79Sc
  21  80   80.151241  140.880000  0.0500  0.0500                     5.0 1  80Sc
