  22  34   34.067955   63.300000  0.3900  0.2000                     0.0 1  34Ti
  22  35   35.054708   50.960000  0.3800  0.1900                     2.5 1  35Ti
  22  36   36.037531   34.960000  0.2400  0.0900                     0.0 1  36Ti
  22  37   37.025153   23.430000  0.2200  0.0500                     0.5 1  37Ti
  22  38   38.011455   10.670000  0.1400  0.0200                     0.0 1  38Ti
  22  39   39.001889    1.760000  0.2200  0.0400                     0.5 1  39Ti
  22  40   39.989748   -9.550000  0.1000  0.0100                     0.0 1  40Ti
  22  41   40.983317  -15.540000 -0.0500  0.0000                     1.5 1  41Ti
  22  42   41.971873  -26.200000  0.0500  0.0000                     0.0 1  42Ti
  22  43   42.967418  -30.350000 -0.0600  0.0100                     3.5-1  43Ti
  22  44   43.958100  -39.030000  0.0700  0.0100                     0.0 1  44Ti
  22  45   44.956919  -40.130000  0.2400  0.1200                     1.5-1  45Ti
  22  46   45.950467  -46.140000  0.1500  0.0300                     0.0 1  46Ti
  22  47   46.951658  -45.030000 -0.0900  0.0100                     3.5-1  47Ti
  22  48   47.946634  -49.710000  0.1700  0.0600                     0.0 1  48Ti
  22  49   48.947751  -48.670000  0.1500  0.0500                     3.5-1  49Ti
  22  50   49.944809  -51.410000  0.1000  0.0200                     0.0 1  50Ti
  22  51   50.946913  -49.450000  0.1300  0.0200                     1.5-1  51Ti
  22  52   51.946570  -49.770000 -0.1100  0.0200                     0.0 1  52Ti
  22  53   52.949984  -46.590000  0.1100  0.0200                     1.5-1  53Ti
  22  54   53.950445  -46.160000  0.1100  0.0100                     0.0 1  54Ti
  22  55   54.955137  -41.790000  0.1300  0.0100                     0.5-1  55Ti
  22  56   55.956500  -40.520000  0.1100  0.0100                     0.0 1  56Ti
  22  57   56.962297  -35.120000 -0.0900  0.0100                     2.5-1  57Ti
  22  58   57.964498  -33.070000  0.1000  0.0000                     0.0 1  58Ti
  22  59   58.970510  -27.470000  0.1000  0.0100                     2.5-1  59Ti
  22  60   59.973848  -24.360000  0.0900  0.0100                     0.0 1  60Ti
  22  61   60.980655  -18.020000  0.0800  0.0100                     2.5-1  61Ti
  22  62   61.984423  -14.510000  0.0700  0.0000                     0.0 1  62Ti
  22  63   62.992582   -6.910000 -0.0500  0.0100                     4.5 1  63Ti
  22  64   63.995931   -3.790000  0.0800  0.0100                     0.0 1  64Ti
  22  65   65.003210    2.990000  0.1700  0.0700                     1.5 1  65Ti
  22  66   66.008148    7.590000  0.1400  0.0400                     0.0 1  66Ti
  22  67   67.016779   15.630000  0.2600  0.1100                     2.5 1  67Ti
  22  68   68.021610   20.130000  0.1600  0.0700                     0.0 1  68Ti
  22  69   69.030156   28.090000  0.2400  0.1000                     3.5 1  69Ti
  22  70   70.036136   33.660000  0.1700  0.0600                     0.0 1  70Ti
  22  71   71.045175   42.080000  0.1600  0.0800                     4.5 1  71Ti
  22  72   72.051949   48.390000  0.1300  0.0200                     0.0 1  72Ti
  22  73   73.060848   56.680000  0.1300  0.0200                     0.5 1  73Ti
  22  74   74.068277   63.600000  0.1500  0.0300                     0.0 1  74Ti
  22  75   75.077746   72.420000 -0.1200  0.0300                     2.5 1  75Ti
  22  76   76.085529   79.670000 -0.1200  0.0300                     0.0 1  76Ti
  22  77   77.095266   88.740000 -0.1300  0.0300                     2.5 1  77Ti
  22  78   78.102921   95.870000  0.1000  0.0400                     0.0 1  78Ti
  22  79   79.112744  105.020000  0.0900  0.0400                     2.5 1  79Ti
  22  80   80.121085  112.790000  0.0600  0.0300                     0.0 1  80Ti
  22  81   81.132121  123.070000  0.0000  0.0000                     1.5 1  81Ti
  22  82   82.140978  131.320000  0.0000  0.0000                     0.0 1  82Ti
