  23  36   36.067923   63.270000  0.3800  0.2200                     4.0-1  36V 
  23  37   37.052239   48.660000  0.3300  0.1700                     1.5-1  37V 
  23  38   38.038111   35.500000  0.2700  0.1100                     2.0-1  38V 
  23  39   39.023403   21.800000  0.2600  0.0900                     1.5-1  39V 
  23  40   40.012786   11.910000  0.2000  0.0300                     1.0-1  40V 
  23  41   41.000097    0.090000  0.1200  0.0100                     3.5-1  41V 
  23  42   41.991583   -7.840000 -0.0900 -0.0100                     2.0-1  42V 
  23  43   42.980762  -17.920000  0.0700  0.0100                     3.5-1  43V 
  23  44   43.974160  -24.070000  0.0800  0.0300                     7.0 1  44V 
  23  45   44.964391  -33.170000  0.1300  0.0300                     3.5-1  45V 
  23  46   45.960612  -36.690000  0.2500  0.1300                     3.0 1  46V 
  23  47   46.953666  -43.160000  0.2400  0.1100                     1.5-1  47V 
  23  48   47.952775  -43.990000  0.2800  0.1200                     4.0 1  48V 
  23  49   48.948051  -48.390000  0.2400  0.1000                     1.5-1  49V 
  23  50   49.947815  -48.610000  0.2300  0.0700                     5.0 1  50V 
  23  51   50.944755  -51.460000 -0.1500  0.0400                     3.5-1  51V 
  23  52   51.945196  -51.050000 -0.1500  0.0300                     5.0 1  52V 
  23  53   52.944627  -51.580000  0.1700  0.0300                     1.5-1  53V 
  23  54   53.946763  -49.590000  0.1500  0.0200                     5.0 1  54V 
  23  55   54.947031  -49.340000  0.1400  0.0000                     3.5-1  55V 
  23  56   55.950499  -46.110000  0.1700  0.0200                     1.0 1  56V 
  23  57   56.951766  -44.930000  0.1300  0.0000                     3.5-1  57V 
  23  58   57.956275  -40.730000  0.1300  0.0000                     1.0 1  58V 
  23  59   58.958411  -38.740000  0.0900 -0.0200                     3.5-1  59V 
  23  60   59.963253  -34.230000  0.1100 -0.0100                     1.0 1  60V 
  23  61   60.966495  -31.210000  0.0700 -0.0100                     3.5-1  61V 
  23  62   61.972421  -25.690000  0.2700  0.1600                     1.0 1  62V 
  23  63   62.975588  -22.740000  0.0600  0.0100                     3.5-1  63V 
  23  64   63.982254  -16.530000 -0.0600  0.0100                     8.0-1  64V 
  23  65   64.985088  -13.890000  0.2700  0.1500                     1.5-1  65V 
  23  66   65.991734   -7.700000  0.2800  0.1300                     4.0-1  66V 
  23  67   66.996006   -3.720000  0.2600  0.1400                     1.5-1  67V 
  23  68   68.003210    2.990000  0.2700  0.1200                     4.0-1  68V 
  23  69   69.008180    7.620000  0.2400  0.1200                     1.5-1  69V 
  23  70   70.015695   14.620000  0.2600  0.1400                     2.0-1  70V 
  23  71   71.021857   20.360000  0.2400  0.1100                     1.5-1  71V 
  23  72   72.028900   26.920000  0.2000  0.0400                     2.0-1  72V 
  23  73   73.036694   34.180000  0.2400  0.0900                     1.5-1  73V 
  23  74   74.044681   41.620000  0.1400  0.0300                     4.0-1  74V 
  23  75   75.051745   48.200000  0.1600  0.0300                     1.5-1  75V 
  23  76   76.060999   56.820000  0.1400  0.0600                     6.0-1  76V 
  23  77   77.068342   63.660000 -0.1300  0.0300                     3.5-1  77V 
  23  78   78.077639   72.320000 -0.1600  0.0500                     4.0-1  78V 
  23  79   79.085486   79.630000 -0.1300  0.0200                     3.5-1  79V 
  23  80   80.095019   88.510000 -0.1000  0.0300                     4.0-1  80V 
  23  81   81.103318   96.240000  0.0800  0.0400                     3.5-1  81V 
  23  82   82.113033  105.290000  0.0500  0.0400                     2.0-1  82V 
  23  83   83.121751  113.410000  0.0600  0.0300                     3.5-1  83V 
  23  84   84.131552  122.540000  0.0500  0.0200                     2.0-1  84V 
