  30  50   50.042147   39.260000 -0.0600  0.0100                     0.0 1  50Zn
  30  51   51.029909   27.860000 -0.0800  0.0300                     3.5-1  51Zn
  30  52   52.015609   14.540000  0.1200  0.0100                     0.0 1  52Zn
  30  53   53.006334    5.900000  0.2300  0.0800                     1.5-1  53Zn
  30  54   53.992346   -7.130000  0.2200  0.0400                     0.0 1  54Zn
  30  55   54.984358  -14.570000  0.2800  0.0600                     2.5-1  55Zn
  30  56   55.972442  -25.670000  0.2700  0.0500                     0.0 1  56Zn
  30  57   56.966645  -31.070000  0.3200  0.0400                     0.5-1  57Zn
  30  58   57.955147  -41.780000 -0.2100  0.0800                     0.0 1  58Zn
  30  59   58.949522  -47.020000 -0.2100  0.0700                     1.5-1  59Zn
  30  60   59.942039  -53.990000 -0.2200  0.0700                     0.0 1  60Zn
  30  61   60.939302  -56.540000 -0.2300  0.0600                     0.5-1  61Zn
  30  62   61.934192  -61.300000 -0.2400  0.0700                     0.0 1  62Zn
  30  63   62.933601  -61.850000 -0.2400  0.0600                     0.5-1  63Zn
  30  64   63.929554  -65.620000 -0.2500  0.0600                     0.0 1  64Zn
  30  65   64.929618  -65.560000 -0.2000  0.0400                     0.5-1  65Zn
  30  66   65.926290  -68.660000 -0.2200  0.0400                     0.0 1  66Zn
  30  67   66.927074  -67.930000 -0.2300  0.0500                     0.5-1  67Zn
  30  68   67.924648  -70.190000 -0.2400  0.0500                     0.0 1  68Zn
  30  69   68.926301  -68.650000 -0.2000  0.0300                     4.5 1  69Zn
  30  70   69.924777  -70.070000 -0.1600  0.0200                     0.0 1  70Zn
  30  71   70.927504  -67.530000 -0.1600  0.0100                     4.5 1  71Zn
  30  72   71.926205  -68.740000  0.1500  0.0100                     0.0 1  72Zn
  30  73   72.928835  -66.290000 -0.1500  0.0200                     4.5 1  73Zn
  30  74   73.928523  -66.580000  0.1800  0.0400                     0.0 1  74Zn
  30  75   74.932141  -63.210000  0.2500  0.0600                     2.5 1  75Zn
  30  76   75.932206  -63.150000  0.1800  0.0400                     0.0 1  76Zn
  30  77   76.936468  -59.180000  0.1800  0.0200                     3.5 1  77Zn
  30  78   77.937552  -58.170000  0.1600  0.0300                     0.0 1  78Zn
  30  79   78.942769  -53.310000  0.0700 -0.0100                     4.5 1  79Zn
  30  80   79.944670  -51.540000 -0.0800  0.0100                     0.0 1  80Zn
  30  81   80.950220  -46.370000 -0.1400  0.0400                     2.5 1  81Zn
  30  82   81.954278  -42.590000 -0.1400  0.0500                     0.0 1  82Zn
  30  83   82.960773  -36.540000  0.1900  0.0400                     1.5 1  83Zn
  30  84   83.965335  -32.290000  0.2100  0.0200                     0.0 1  84Zn
  30  85   84.972560  -25.560000 -0.2000  0.0600                     1.5 1  85Zn
  30  86   85.977509  -20.950000 -0.1900  0.0600                     0.0 1  86Zn
  30  87   86.985013  -13.960000 -0.2000  0.0700                     3.5 1  87Zn
  30  88   87.990510   -8.840000 -0.2100  0.0600                     0.0 1  88Zn
  30  89   88.998368   -1.520000 -0.2200  0.0600                     1.5 1  89Zn
  30  90   90.004241    3.950000 -0.2200  0.0500                     0.0 1  90Zn
  30  91   91.012528   11.670000 -0.2400  0.0600                     5.5-1  91Zn
  30  92   92.018841   17.550000 -0.2300  0.0500                     0.0 1  92Zn
  30  93   93.027536   25.650000 -0.2200  0.0400                     5.5-1  93Zn
  30  94   94.034214   31.870000 -0.2500  0.0600                     0.0 1  94Zn
  30  95   95.043328   40.360000  0.3200  0.0900                     2.5 1  95Zn
  30  96   96.050220   46.780000 -0.2500  0.0500                     0.0 1  96Zn
  30  97   97.059711   55.620000 -0.2100  0.0300                     0.5 1  97Zn
  30  98   98.066474   61.920000  0.3000  0.0900                     0.0 1  98Zn
  30  99   99.076232   71.010000  0.2900  0.1200                     0.5 1  99Zn
  30 100  100.083146   77.450000  0.2600  0.0800                     0.0 1 100Zn
  30 101  101.092990   86.620000  0.2600  0.0800                     2.5 1 101Zn
  30 102  102.100580   93.690000  0.2800  0.1100                     0.0 1 102Zn
  30 103  103.109727  102.210000  0.2600  0.0600                     1.5 1 103Zn
  30 104  104.118552  110.430000  0.2300  0.1000                     0.0 1 104Zn
  30 105  105.127355  118.630000  0.2800  0.0800                     0.5-1 105Zn
  30 106  106.136812  127.440000  0.2300  0.1000                     0.0 1 106Zn
