  31  52   52.042834   39.900000  0.0600  0.0200                     5.0 1  52Ga
  31  53   53.028953   26.970000  0.0900  0.0000                     1.5-1  53Ga
  31  54   54.020011   18.640000  0.0000  0.0000                     5.0 1  54Ga
  31  55   55.003908    3.640000  0.2400  0.0400                     0.5-1  55Ga
  31  56   55.994740   -4.900000  0.2800  0.0500                     3.0 1  56Ga
  31  57   56.982641  -16.170000  0.2800  0.0400                     0.5-1  57Ga
  31  58   57.975792  -22.550000  0.3200  0.0300                     1.0 1  58Ga
  31  59   58.964627  -32.950000 -0.2200  0.0900                     0.5-1  59Ga
  31  60   59.957820  -39.290000 -0.2200  0.0700                     2.0 1  60Ga
  31  61   60.949511  -47.030000 -0.2400  0.0700                     0.5-1  61Ga
  31  62   61.945464  -50.800000 -0.2400  0.0600                     5.0 1  62Ga
  31  63   62.939162  -56.670000 -0.2500  0.0600                     2.5-1  63Ga
  31  64   63.937595  -58.130000 -0.2600  0.0600                     2.0 1  64Ga
  31  65   64.932807  -62.590000 -0.2500  0.0500                     2.5-1  65Ga
  31  66   65.932399  -62.970000 -0.2000  0.0300                     2.0 1  66Ga
  31  67   66.928448  -66.650000 -0.2500  0.0500                     2.5-1  67Ga
  31  68   67.928534  -66.570000 -0.2400  0.0400                     2.0 1  68Ga
  31  69   68.925657  -69.250000 -0.2400  0.0400                     2.5-1  69Ga
  31  70   69.926559  -68.410000 -0.2400  0.0400                     1.0 1  70Ga
  31  71   70.924401  -70.420000 -0.2300  0.0400                     2.5-1  71Ga
  31  72   71.926913  -68.080000  0.3200  0.0800                     3.0-1  72Ga
  31  73   72.924584  -70.250000 -0.2000  0.0300                     2.5-1  73Ga
  31  74   73.926387  -68.570000  0.2700  0.0500                     3.0-1  74Ga
  31  75   74.925775  -69.140000  0.2400  0.0500                     0.5-1  75Ga
  31  76   75.928566  -66.540000  0.2500  0.0500                     3.0-1  76Ga
  31  77   76.928169  -66.910000  0.1900  0.0200                     0.5-1  77Ga
  31  78   77.931519  -63.790000  0.1900  0.0200                     4.0-1  78Ga
  31  79   78.932313  -63.050000  0.2000  0.0200                     0.5-1  79Ga
  31  80   79.936360  -59.280000  0.1400 -0.0100                     6.0-1  80Ga
  31  81   80.938282  -57.490000 -0.1400  0.0400                     1.5-1  81Ga
  31  82   81.943317  -52.800000 -0.1400  0.0400                     4.0-1  82Ga
  31  83   82.946752  -49.600000 -0.1600  0.0400                     1.5-1  83Ga
  31  84   83.952635  -44.120000 -0.1900  0.0500                     2.0-1  84Ga
  31  85   84.956736  -40.300000  0.2100  0.0200                     1.5-1  85Ga
  31  86   85.963306  -34.180000  0.2200  0.0200                     2.0-1  86Ga
  31  87   86.967858  -29.940000 -0.2100  0.0600                     1.5-1  87Ga
  31  88   87.974922  -23.360000 -0.2200  0.0600                     5.0-1  88Ga
  31  89   88.979882  -18.740000 -0.2400  0.0700                     1.5-1  89Ga
  31  90   89.987654  -11.500000 -0.2400  0.0700                     0.0-1  90Ga
  31  91   90.992721   -6.780000 -0.2400  0.0500                     1.5-1  91Ga
  31  92   92.000494    0.460000 -0.2400  0.0500                     4.0 1  92Ga
  31  93   93.006323    5.890000 -0.2400  0.0500                     1.5-1  93Ga
  31  94   94.014697   13.690000 -0.2700  0.0700                     1.0-1  94Ga
  31  95   95.020719   19.300000 -0.2400  0.0400                     1.5-1  95Ga
  31  96   96.029533   27.510000 -0.2600  0.0600                     1.0-1  96Ga
  31  97   97.035835   33.380000 -0.2600  0.0500                     1.5-1  97Ga
  31  98   98.044820   41.750000 -0.2600  0.0600                     3.0 1  98Ga
  31  99   99.051466   47.940000 -0.2300  0.0400                     1.5-1  99Ga
  31 100  100.061192   57.000000 -0.2000  0.0200                     3.0 1 100Ga
  31 101  101.067526   62.900000  0.2900  0.0700                     1.5-1 101Ga
  31 102  102.076801   71.540000  0.2800  0.0500                     1.0-1 102Ga
  31 103  103.083973   78.220000  0.2600  0.0400                     0.5-1 103Ga
  31 104  104.093441   87.040000  0.2400  0.0400                     1.0-1 104Ga
  31 105  105.101321   94.380000  0.2400  0.0400                     0.5-1 105Ga
  31 106  106.110618  103.040000  0.2800  0.0600                     3.0 1 106Ga
  31 107  107.118809  110.670000  0.2200  0.0800                     0.5-1 107Ga
  31 108  108.128310  119.520000  0.2400  0.0800                     0.0 1 108Ga
