  32  54   54.038175   35.560000  0.1200  0.0100                     0.0 1  54Ge
  32  55   55.027751   25.850000  0.1700  0.0200                     1.5-1  55Ge
  32  56   56.012195   11.360000  0.2100  0.0300                     0.0 1  56Ge
  32  57   57.003521    3.280000  0.2800  0.0700                     2.5-1  57Ge
  32  58   57.990209   -9.120000  0.2700  0.0300                     0.0 1  58Ge
  32  59   58.983188  -15.660000  0.3200  0.0400                     0.5-1  59Ge
  32  60   59.970778  -27.220000 -0.2300  0.0800                     0.0 1  60Ge
  32  61   60.963489  -34.010000 -0.2200  0.0600                     1.5-1  61Ge
  32  62   61.954235  -42.630000 -0.2400  0.0600                     0.0 1  62Ge
  32  63   62.949318  -47.210000 -0.2400  0.0600                     2.5-1  63Ge
  32  64   63.941792  -54.220000 -0.2400  0.0600                     0.0 1  64Ge
  32  65   64.938937  -56.880000 -0.2500  0.0500                     0.5-1  65Ge
  32  66   65.933483  -61.960000 -0.2500  0.0500                     0.0 1  66Ge
  32  67   66.932721  -62.670000 -0.2800  0.0700                     4.5 1  67Ge
  32  68   67.928115  -66.960000 -0.2600  0.0500                     0.0 1  68Ge
  32  69   68.927911  -67.150000 -0.2200  0.0300                     4.5 1  69Ge
  32  70   69.924154  -70.650000 -0.2600  0.0500                     0.0 1  70Ge
  32  71   70.924787  -70.060000 -0.2000  0.0300                     4.5 1  71Ge
  32  72   71.921578  -73.050000 -0.2300  0.0300                     0.0 1  72Ge
  32  73   72.922909  -71.810000  0.2000  0.0200                     1.5 1  73Ge
  32  74   73.920676  -73.890000  0.2500  0.0300                     0.0 1  74Ge
  32  75   74.922007  -72.650000  0.2800  0.0600                     2.5 1  75Ge
  32  76   75.920665  -73.900000  0.2300  0.0300                     0.0 1  76Ge
  32  77   76.922995  -71.730000  0.2400  0.0200                     2.5 1  77Ge
  32  78   77.922018  -72.640000  0.1900  0.0200                     0.0 1  78Ge
  32  79   78.925088  -69.780000  0.1900  0.0000                     3.5 1  79Ge
  32  80   79.925056  -69.810000  0.1900  0.0200                     0.0 1  80Ge
  32  81   80.929135  -66.010000  0.1400  0.0000                     4.5 1  81Ge
  32  82   81.929951  -65.250000 -0.1100  0.0200                     0.0 1  82Ge
  32  83   82.934482  -61.030000 -0.1500  0.0400                     2.5 1  83Ge
  32  84   83.937606  -58.120000 -0.1600  0.0500                     0.0 1  84Ge
  32  85   84.942995  -53.100000  0.2100  0.0100                     1.5 1  85Ge
  32  86   85.946495  -49.840000  0.2300  0.0100                     0.0 1  86Ge
  32  87   86.952700  -44.060000  0.2300  0.0000                     0.5 1  87Ge
  32  88   87.956844  -40.200000 -0.2200  0.0600                     0.0 1  88Ge
  32  89   88.963575  -33.930000 -0.2400  0.0700                     3.5 1  89Ge
  32  90   89.968008  -29.800000 -0.2200  0.0600                     0.0 1  90Ge
  32  91   90.975062  -23.230000 -0.2200  0.0600                     1.5 1  91Ge
  32  92   91.980000  -18.630000 -0.2300  0.0500                     0.0 1  92Ge
  32  93   92.987343  -11.790000 -0.2400  0.0500                     5.5-1  93Ge
  32  94   93.992678   -6.820000 -0.2400  0.0500                     0.0 1  94Ge
  32  95   95.000655    0.610000 -0.2700  0.0700                     0.5 1  95Ge
  32  96   96.006269    5.840000 -0.2700  0.0600                     0.0 1  96Ge
  32  97   97.014751   13.740000 -0.2800  0.0700                     4.5-1  97Ge
  32  98   98.020376   18.980000 -0.2600  0.0500                     0.0 1  98Ge
  32  99   99.029104   27.110000 -0.2500  0.0300                     4.5-1  99Ge
  32 100  100.035277   32.860000 -0.2400  0.0200                     0.0 1 100Ge
  32 101  101.044252   41.220000 -0.2000  0.0200                     0.5 1 101Ge
  32 102  102.050618   47.150000  0.3000  0.0300                     0.0 1 102Ge
  32 103  103.059442   55.370000  0.2600  0.0100                     0.5 1 103Ge
  32 104  104.066259   61.720000  0.2600  0.0300                     0.0 1 104Ge
  32 105  105.075771   70.580000  0.2400  0.0200                     1.5 1 105Ge
  32 106  106.082620   76.960000  0.2400  0.0300                     0.0 1 106Ge
  32 107  107.093076   86.700000  0.1800  0.0200                     3.5-1 107Ge
  32 108  108.099603   92.780000  0.2200  0.0400                     0.0 1 108Ge
  32 109  109.108782  101.330000  0.2400  0.0500                     0.5-1 109Ge
  32 110  110.116963  108.950000  0.2000  0.0300                     0.0 1 110Ge
