  33  56   56.041278   38.450000  0.2200  0.0700                     3.0 1  56As
  33  57   57.024219   22.560000  0.2100  0.0200                     1.5-1  57As
  33  58   58.016049   14.950000  0.3500  0.1400                     1.0 1  58As
  33  59   59.002040    1.900000  0.2700  0.0200                     1.5-1  59As
  33  60   59.994750   -4.890000  0.3300  0.0300                     1.0 1  60As
  33  61   60.981363  -17.360000 -0.2300  0.0700                     0.5-1  61As
  33  62   61.974063  -24.160000 -0.2300  0.0600                     1.0 1  62As
  33  63   62.963886  -33.640000 -0.2400  0.0600                     0.5-1  63As
  33  64   63.957896  -39.220000 -0.2500  0.0600                     2.0 1  64As
  33  65   64.949565  -46.980000 -0.2500  0.0500                     0.5-1  65As
  33  66   65.945689  -50.590000 -0.2700  0.0600                     1.0 1  66As
  33  67   66.938926  -56.890000 -0.2700  0.0500                     0.5-1  67As
  33  68   67.936961  -58.720000 -0.2900  0.0700                     5.0-1  68As
  33  69   68.931819  -63.510000 -0.2600  0.0400                     0.5-1  69As
  33  70   69.930896  -64.370000 -0.2400  0.0400                     1.0 1  70As
  33  71   70.926849  -68.140000 -0.2600  0.0500                     0.5-1  71As
  33  72   71.926462  -68.500000 -0.2600  0.0400                     2.0 1  72As
  33  73   72.923177  -71.560000 -0.2500  0.0400                     0.5-1  73As
  33  74   73.923843  -70.940000 -0.2500  0.0300                     3.0-1  74As
  33  75   74.921073  -73.520000 -0.2500  0.0400                     0.5-1  75As
  33  76   75.921857  -72.790000  0.2700  0.0300                     1.0 1  76As
  33  77   76.920193  -74.340000  0.2700  0.0500                     1.5-1  77As
  33  78   77.921631  -73.000000  0.2600  0.0400                     1.0 1  78As
  33  79   78.919999  -74.520000  0.2100  0.0200                     1.5-1  79As
  33  80   79.922243  -72.430000  0.1900  0.0000                     2.0-1  80As
  33  81   80.921889  -72.760000  0.2200  0.0200                     1.5-1  81As
  33  82   81.924991  -69.870000  0.1000 -0.0300                     2.0-1  82As
  33  83   82.925528  -69.370000 -0.1200  0.0200                     2.5-1  83As
  33  84   83.929425  -65.740000 -0.1400  0.0300                     0.0-1  84As
  33  85   84.932055  -63.290000 -0.1600  0.0400                     2.5-1  85As
  33  86   85.936951  -58.730000  0.2100  0.0000                     1.0-1  86As
  33  87   86.939871  -56.010000  0.2200  0.0100                     0.5-1  87As
  33  88   87.945604  -50.670000  0.2300  0.0000                     0.0-1  88As
  33  89   88.949296  -47.230000 -0.2300  0.0600                     0.5-1  89As
  33  90   89.955222  -41.710000 -0.2400  0.0700                     3.0-1  90As
  33  91   90.959302  -37.910000 -0.2500  0.0700                     0.5-1  91As
  33  92   91.966076  -31.600000 -0.2500  0.0700                     6.0 1  92As
  33  93   92.970188  -27.770000 -0.2600  0.0700                     0.5-1  93As
  33  94   93.976897  -21.520000 -0.2600  0.0700                     2.0-1  94As
  33  95   94.981879  -16.880000 -0.2700  0.0700                     0.5-1  95As
  33  96   95.989876   -9.430000 -0.2900  0.0800                     1.0-1  96As
  33  97   96.994525   -5.100000 -0.2700  0.0600                     0.5-1  97As
  33  98   98.002093    1.950000 -0.2700  0.0500                     3.0-1  98As
  33  99   99.007837    7.300000 -0.2700  0.0500                     0.5-1  99As
  33 100  100.015899   14.810000 -0.2700  0.0500                     5.0 1 100As
  33 101  101.021911   20.410000 -0.2600  0.0400                     0.5-1 101As
  33 102  102.030306   28.230000 -0.2600  0.0300                     4.0 1 102As
  33 103  103.036554   34.050000 -0.2500  0.0300                     0.5-1 103As
  33 104  104.045389   42.280000  0.2800  0.0000                     0.0-1 104As
  33 105  105.051401   47.880000  0.2700  0.0000                     0.5-1 105As
  33 106  106.060870   56.700000  0.2100  0.0000                     3.0 1 106As
  33 107  107.067000   62.410000  0.2600  0.0000                     0.5-1 107As
  33 108  108.075771   70.580000  0.2300  0.0100                     1.0-1 108As
  33 109  109.083232   77.530000  0.2300  0.0100                     0.5-1 109As
  33 110  110.092250   85.930000  0.2400  0.0100                     0.0 1 110As
  33 111  111.100011   93.160000  0.2100  0.0000                     0.5-1 111As
  33 112  112.109179  101.700000  0.2100  0.0100                     0.0 1 112As
  33 113  113.117274  109.240000  0.2100  0.0100                     0.5-1 113As
  33 114  114.126710  118.030000  0.1900  0.0000                     0.0 1 114As
  33 115  115.135170  125.910000  0.2200  0.0200                     0.5-1 115As
  33 116  116.144542  134.640000  0.2200  0.0100                     1.0 1 116As
  33 117  117.152926  142.450000  0.2200  0.0000                     0.5-1 117As
  33 118  118.162116  151.010000  0.2100  0.0000                     0.0 1 118As
  33 119  119.171220  159.490000  0.2300 -0.0100                     0.5-1 119As
  33 120  120.180688  168.310000 -0.2100  0.0800                     1.0 1 120As
