  34  58   58.036039   33.570000  0.1700  0.0100                     0.0 1  58Se
  34  59   59.026023   24.240000  0.2900  0.0800                     2.5-1  59Se
  34  60   60.011530   10.740000  0.2900  0.0400                     0.0 1  60Se
  34  61   61.002813    2.620000  0.3400  0.0500                     0.5-1  61Se
  34  62   61.989275   -9.990000 -0.2400  0.0800                     0.0 1  62Se
  34  63   62.980590  -18.080000 -0.2300  0.0600                     1.5-1  63Se
  34  64   63.970220  -27.740000 -0.2500  0.0600                     0.0 1  64Se
  34  65   64.963607  -33.900000 -0.2500  0.0600                     2.5-1  65Se
  34  66   65.954342  -42.530000 -0.2700  0.0600                     0.0 1  66Se
  34  67   66.949114  -47.400000 -0.2600  0.0500                     0.5-1  67Se
  34  68   67.941642  -54.360000 -0.2800  0.0600                     0.0 1  68Se
  34  69   68.938829  -56.980000 -0.2800  0.0600                     4.5 1  69Se
  34  70   69.932861  -62.540000 -0.2800  0.0700                     0.0 1  70Se
  34  71   70.931239  -64.050000 -0.2300  0.0300                     0.5-1  71Se
  34  72   71.926870  -68.120000 -0.2900  0.0600                     0.0 1  72Se
  34  73   72.926001  -68.930000 -0.2600  0.0500                     1.5-1  73Se
  34  74   73.921986  -72.670000 -0.2600  0.0400                     0.0 1  74Se
  34  75   74.922415  -72.270000 -0.2500  0.0400                     3.5 1  75Se
  34  76   75.918797  -75.640000 -0.2500  0.0300                     0.0 1  76Se
  34  77   76.919108  -75.350000  0.2500  0.0200                     2.5 1  77Se
  34  78   77.916607  -77.680000  0.2100  0.0100                     0.0 1  78Se
  34  79   78.917928  -76.450000  0.2600  0.0400                     2.5 1  79Se
  34  80   79.915652  -78.570000  0.2000  0.0100                     0.0 1  80Se
  34  81   80.917745  -76.620000  0.1900  0.0000                     3.5 1  81Se
  34  82   81.916500  -77.780000  0.2200  0.0100                     0.0 1  82Se
  34  83   82.919302  -75.170000  0.0900 -0.0300                     4.5 1  83Se
  34  84   83.918883  -75.560000 -0.1100  0.0200                     0.0 1  84Se
  34  85   84.922479  -72.210000 -0.1300  0.0300                     2.5 1  85Se
  34  86   85.924551  -70.280000 -0.1700  0.0400                     0.0 1  86Se
  34  87   86.929125  -66.020000  0.1900 -0.0200                     1.5 1  87Se
  34  88   87.931508  -63.800000  0.2200  0.0000                     0.0 1  88Se
  34  89   88.936919  -58.760000  0.2300  0.0000                     0.5 1  89Se
  34  90   89.939946  -55.940000  0.2400 -0.0100                     0.0 1  90Se
  34  91   90.945850  -50.440000 -0.2400  0.0600                     1.5 1  91Se
  34  92   91.949296  -47.230000 -0.2400  0.0600                     0.0 1  92Se
  34  93   92.955598  -41.360000 -0.2500  0.0600                     5.5-1  93Se
  34  94   93.959270  -37.940000 -0.2600  0.0700                     0.0 1  94Se
  34  95   94.965722  -31.930000 -0.2600  0.0600                     1.5 1  95Se
  34  96   95.970123  -27.830000 -0.2700  0.0700                     0.0 1  96Se
  34  97   96.977584  -20.880000 -0.2800  0.0700                     0.5 1  97Se
  34  98   97.981900  -16.860000 -0.2800  0.0700                     0.0 1  98Se
  34  99   98.989243  -10.020000 -0.2800  0.0600                     4.5-1  99Se
  34 100   99.994407   -5.210000 -0.2700  0.0500                     0.0 1 100Se
  34 101  101.002147    2.000000 -0.2800  0.0500                     4.5-1 101Se
  34 102  102.007568    7.050000 -0.2600  0.0300                     0.0 1 102Se
  34 103  103.015642   14.570000 -0.2600  0.0400                     3.5-1 103Se
  34 104  104.021578   20.100000 -0.2500  0.0300                     0.0 1 104Se
  34 105  105.030167   28.100000  0.2800  0.0000                     0.5 1 105Se
  34 106  106.035599   33.160000  0.2700  0.0000                     0.0 1 106Se
  34 107  107.043833   40.830000  0.2700 -0.0200                     0.5 1 107Se
  34 108  108.050564   47.100000  0.2500  0.0000                     0.0 1 108Se
  34 109  109.059034   54.990000  0.2300  0.0000                     1.5 1 109Se
  34 110  110.066109   61.580000  0.2200  0.0000                     0.0 1 110Se
  34 111  111.074837   69.710000  0.2400  0.0100                     0.5-1 111Se
  34 112  112.082126   76.500000  0.1700  0.0000                     0.0 1 112Se
  34 113  113.091584   85.310000  0.2100  0.0000                     0.5-1 113Se
  34 114  114.098734   91.970000  0.1500  0.0000                     0.0 1 114Se
  34 115  115.107730  100.350000  0.1900 -0.0100                     0.5-1 115Se
  34 116  116.116952  108.940000  0.0000  0.0000                     0.0 1 116Se
  34 117  117.125691  117.080000 -0.0700  0.0200                     1.5-1 117Se
  34 118  118.133570  124.420000  0.1900  0.0500                     0.0 1 118Se
  34 119  119.142620  132.850000  0.1900  0.0000                     5.5-1 119Se
  34 120  120.151477  141.100000  0.1900 -0.0100                     0.0 1 120Se
  34 121  121.160645  149.640000 -0.1800  0.0600                     0.5-1 121Se
  34 122  122.169824  158.190000 -0.1800  0.0700                     0.0 1 122Se
