  35  60   60.039678   36.960000  0.3000  0.0800                     3.0-1  60Br
  35  61   61.025303   23.570000  0.3000  0.0400                     1.5-1  61Br
  35  62   62.014976   13.950000 -0.2500  0.0800                     0.0 1  62Br
  35  63   63.001224    1.140000 -0.2000  0.0500                     0.5-1  63Br
  35  64   63.992539   -6.950000 -0.2400  0.0700                     1.0 1  64Br
  35  65   64.981642  -17.100000 -0.2600  0.0700                     4.5 1  65Br
  35  66   65.974224  -24.010000 -0.2600  0.0600                     2.0-1  66Br
  35  67   66.964466  -33.100000 -0.2600  0.0500                     4.5 1  67Br
  35  68   67.958282  -38.860000 -0.2700  0.0600                     5.0-1  68Br
  35  69   68.949941  -46.630000 -0.2900  0.0700                     4.5 1  69Br
  35  70   69.945893  -50.400000 -0.3000  0.0700                     9.0 1  70Br
  35  71   70.938786  -57.020000 -0.3000  0.0700                     4.5 1  71Br
  35  72   71.936403  -59.240000 -0.2500  0.0400                     5.0-1  72Br
  35  73   72.931239  -64.050000 -0.2700  0.0600                     4.5 1  73Br
  35  74   73.929543  -65.630000 -0.1900  0.0100                     5.0-1  74Br
  35  75   74.925485  -69.410000 -0.2500  0.0400                     4.5 1  75Br
  35  76   75.925045  -69.820000 -0.2600  0.0500                     1.0 1  76Br
  35  77   76.921191  -73.410000 -0.2400  0.0400                     4.5 1  77Br
  35  78   77.921256  -73.350000 -0.1600  0.0000                     0.0 1  78Br
  35  79   78.917530  -76.820000  0.1900  0.0100                     1.5-1  79Br
  35  80   79.918282  -76.120000  0.1800  0.0200                     1.0-1  80Br
  35  81   80.916113  -78.140000  0.2300  0.0200                     1.5-1  81Br
  35  82   81.916951  -77.360000  0.1700 -0.0100                     2.0-1  82Br
  35  83   82.915040  -79.140000  0.1500  0.0200                     2.5-1  83Br
  35  84   83.917015  -77.300000  0.0900 -0.0100                     2.0-1  84Br
  35  85   84.916199  -78.060000  0.1000  0.0000                     2.5-1  85Br
  35  86   85.919248  -75.220000 -0.1300  0.0300                     0.0-1  86Br
  35  87   86.920891  -73.690000 -0.1400  0.0300                     2.5-1  87Br
  35  88   87.925067  -69.800000 -0.1700  0.0400                     0.0-1  88Br
  35  89   88.927063  -67.940000  0.1900 -0.0100                     1.5-1  89Br
  35  90   89.931948  -63.390000 -0.1900  0.0400                     1.0-1  90Br
  35  91   90.934600  -60.920000 -0.2000  0.0500                     0.5-1  91Br
  35  92   91.939656  -56.210000 -0.2500  0.0700                     3.0 1  92Br
  35  93   92.942780  -53.300000 -0.2700  0.0800                     4.5 1  93Br
  35  94   93.948427  -48.040000 -0.2800  0.0800                    10.0-1  94Br
  35  95   94.951787  -44.910000 -0.2900  0.0900                     4.5 1  95Br
  35  96   95.957702  -39.400000 -0.2800  0.0800                     6.0 1  96Br
  35  97   96.961760  -35.620000 -0.3000  0.0900                     4.5 1  97Br
  35  98   97.968137  -29.680000 -0.2900  0.0800                     9.0-1  98Br
  35  99   98.972592  -25.530000 -0.3000  0.0800                     4.5 1  99Br
  35 100   99.979366  -19.220000 -0.2900  0.0700                     5.0 1 100Br
  35 101  100.984251  -14.670000 -0.2900  0.0700                     4.5 1 101Br
  35 102  101.991283   -8.120000 -0.2900  0.0700                     7.0 1 102Br
  35 103  102.996565   -3.200000 -0.2900  0.0600                     4.5 1 103Br
  35 104  104.004026    3.750000 -0.2900  0.0600                     8.0-1 104Br
  35 105  105.009651    8.990000 -0.2900  0.0600                     4.5 1 105Br
  35 106  106.017617   16.410000 -0.2800  0.0500                     2.0-1 106Br
  35 107  107.023350   21.750000 -0.2800  0.0500                     4.5 1 107Br
  35 108  108.031154   29.020000  0.2800  0.0000                     1.0 1 108Br
  35 109  109.037799   35.210000  0.2300  0.0300                     0.5 1 109Br
  35 110  110.045787   42.650000  0.2300  0.0200                     2.0 1 110Br
  35 111  111.052303   48.720000  0.1500  0.0000                     1.5-1 111Br
  35 112  112.060666   56.510000  0.1500 -0.0100                     7.0 1 112Br
  35 113  113.067043   62.450000  0.1400 -0.0100                     1.5-1 113Br
  35 114  114.075857   70.660000  0.1300 -0.0100                     7.0 1 114Br
  35 115  115.082695   77.030000  0.1000  0.0000                     1.5-1 115Br
  35 116  116.092926   86.560000  0.0000  0.0000                     7.0 1 116Br
  35 117  117.099346   92.540000  0.0000  0.0000                     1.5-1 117Br
  35 118  118.108374  100.950000 -0.0800  0.0200                     3.0 1 118Br
  35 119  119.116319  108.350000  0.1100  0.0000                     1.5-1 119Br
  35 120  120.125562  116.960000  0.1600  0.0200                     4.0 1 120Br
  35 121  121.133935  124.760000  0.1600  0.0200                     1.5-1 121Br
  35 122  122.142910  133.120000 -0.1700  0.0700                     1.0 1 122Br
  35 123  123.152078  141.660000 -0.1400  0.0500                     1.5-1 123Br
  35 124  124.161160  150.120000 -0.1900  0.0700                     4.0 1 124Br
