  39  68   68.036962   34.430000 -0.1900  0.0300                     3.0-1  68Y 
  39  69   69.023597   21.980000 -0.2000  0.0300                     4.5 1  69Y 
  39  70   70.013795   12.850000 -0.2500  0.0500                     1.0 1  70Y 
  39  71   71.001492    1.390000 -0.2600  0.0500                     1.5-1  71Y 
  39  72   71.993365   -6.180000 -0.2700  0.0500                     2.0 1  72Y 
  39  73   72.982201  -16.580000 -0.2800  0.0500                     1.5-1  73Y 
  39  74   73.975416  -22.900000 -0.2900  0.0600                     6.0-1  74Y 
  39  75   74.966688  -31.030000  0.1900  0.0100                     0.5-1  75Y 
  39  76   75.960730  -36.580000  0.2100  0.0200                     2.0 1  76Y 
  39  77   76.951444  -45.230000  0.2000  0.0200                     1.5 1  77Y 
  39  78   77.946666  -49.680000  0.1200 -0.0100                     1.0 1  78Y 
  39  79   78.937885  -57.860000 -0.2400  0.0200                     1.5-1  79Y 
  39  80   79.935201  -60.360000 -0.2400  0.0200                     3.0-1  80Y 
  39  81   80.929307  -65.850000 -0.2000  0.0200                     4.5 1  81Y 
  39  82   81.927310  -67.710000  0.2600  0.0300                     1.0-1  82Y 
  39  83   82.922125  -72.540000 -0.2000  0.0200                     4.5 1  83Y 
  39  84   83.920708  -73.860000 -0.1900  0.0300                     4.0-1  84Y 
  39  85   84.916049  -78.200000 -0.1200  0.0100                     0.5-1  85Y 
  39  86   85.915319  -78.880000  0.0800  0.0000                     4.0-1  86Y 
  39  87   86.910907  -82.990000  0.1000  0.0000                     0.5-1  87Y 
  39  88   87.910134  -83.710000  0.0700 -0.0100                     4.0-1  88Y 
  39  89   88.906924  -86.700000  0.0800  0.0100                     0.5-1  89Y 
  39  90   89.908437  -85.290000 -0.1200  0.0200                     2.0-1  90Y 
  39  91   90.908223  -85.490000 -0.1600  0.0300                     0.5-1  91Y 
  39  92   91.910617  -83.260000 -0.1600  0.0300                     2.0-1  92Y 
  39  93   92.910466  -83.400000 -0.1700  0.0300                     4.5 1  93Y 
  39  94   93.913440  -80.630000 -0.1700  0.0300                     1.0 1  94Y 
  39  95   94.914127  -79.990000 -0.1800  0.0200                     4.5 1  95Y 
  39  96   95.917605  -76.750000 -0.1900  0.0200                     3.0 1  96Y 
  39  97   96.918947  -75.500000 -0.1900  0.0200                     4.5 1  97Y 
  39  98   97.923038  -71.690000 -0.1900  0.0200                     6.0 1  98Y 
  39  99   98.924949  -69.910000  0.4700  0.1800                     2.5 1  99Y 
  39 100   99.928566  -66.540000  0.4200  0.1600                     4.0 1 100Y 
  39 101  100.930713  -64.540000  0.4600  0.1600                     2.5 1 101Y 
  39 102  101.935255  -60.310000  0.4300  0.1400                     5.0-1 102Y 
  39 103  102.937734  -58.000000  0.4200  0.1200                     2.5 1 103Y 
  39 104  103.942662  -53.410000  0.4500  0.1300                     3.0 1 104Y 
  39 105  104.945990  -50.310000  0.4400  0.1100                     2.5 1 105Y 
  39 106  105.951336  -45.330000  0.4500  0.1200                     5.0 1 106Y 
  39 107  106.955040  -41.880000  0.4400  0.1000                     2.5 1 107Y 
  39 108  107.960698  -36.610000  0.4500  0.1100                     3.0-1 108Y 
  39 109  108.965067  -32.540000  0.4400  0.0900                     2.5 1 109Y 
  39 110  109.971229  -26.800000 -0.2000  0.0100                     4.0 1 110Y 
  39 111  110.975384  -22.930000 -0.2100  0.0200                     0.5-1 111Y 
  39 112  111.982018  -16.750000 -0.2100  0.0200                     2.0 1 112Y 
  39 113  112.986226  -12.830000 -0.2000  0.0100                     4.5 1 113Y 
  39 114  113.993172   -6.360000 -0.2000  0.0200                     2.0-1 114Y 
  39 115  114.998583   -1.320000  0.1100  0.0000                     0.5-1 115Y 
  39 116  116.004638    4.320000 -0.1200 -0.0100                     5.0 1 116Y 
  39 117  117.009608    8.950000  0.0500 -0.0100                     0.5-1 117Y 
  39 118  118.017080   15.910000  0.0000  0.0000                     5.0 1 118Y 
  39 119  119.021761   20.270000  0.0000  0.0000                     0.5-1 119Y 
  39 120  120.028911   26.930000  0.0000  0.0000                     5.0 1 120Y 
  39 121  121.033742   31.430000  0.0000  0.0000                     0.5-1 121Y 
  39 122  122.042716   39.790000  0.0000  0.0000                     3.0 1 122Y 
  39 123  123.049984   46.560000  0.0000  0.0000                     0.5-1 123Y 
  39 124  124.058562   54.550000  0.0500 -0.0100                     3.0 1 124Y 
  39 125  125.066195   61.660000 -0.0500  0.0300                     0.5-1 125Y 
  39 126  126.075298   70.140000 -0.0700  0.0300                     3.0 1 126Y 
  39 127  127.083135   77.440000 -0.0700  0.0300                     0.5-1 127Y 
  39 128  128.092475   86.140000  0.0400  0.0200                     3.0 1 128Y 
  39 129  129.100473   93.590000 -0.0800  0.0300                     0.5-1 129Y 
  39 130  130.109920  102.390000  0.0500  0.0000                     1.0 1 130Y 
  39 131  131.118208  110.110000 -0.0600  0.0300                     0.5-1 131Y 
  39 132  132.127763  119.010000 -0.0400  0.0200                     1.0 1 132Y 
