  41  72   72.041235   38.410000  0.2700  0.0700                     1.0 1  72Nb
  41  73   73.024917   23.210000 -0.2800  0.0600                     3.5 1  73Nb
  41  74   74.015266   14.220000 -0.2700  0.0500                     3.0-1  74Nb
  41  75   75.002727    2.540000 -0.2900  0.0600                     3.5 1  75Nb
  41  76   75.994761   -4.880000 -0.2900  0.0700                     1.0 1  76Nb
  41  77   76.983564  -15.310000 -0.2600  0.0500                     3.5 1  77Nb
  41  78   77.976940  -21.480000  0.2300  0.0300                     0.0-1  78Nb
  41  79   78.966205  -31.480000 -0.2900  0.0600                     1.5-1  79Nb
  41  80   79.960075  -37.190000  0.1300  0.0100                     4.0-1  80Nb
  41  81   80.950735  -45.890000  0.1900  0.0300                     1.5 1  81Nb
  41  82   81.946130  -50.180000 -0.2500  0.0200                     1.0 1  82Nb
  41  83   82.937863  -57.880000  0.1300  0.0200                     4.5 1  83Nb
  41  84   83.934686  -60.840000 -0.1300  0.0000                     1.0 1  84Nb
  41  85   84.927568  -67.470000  0.1300  0.0200                     4.5 1  85Nb
  41  86   85.925668  -69.240000  0.1300  0.0200                     1.0 1  86Nb
  41  87   86.919860  -74.650000  0.1100  0.0200                     4.5 1  87Nb
  41  88   87.918142  -76.250000 -0.0800  0.0100                     1.0 1  88Nb
  41  89   88.912860  -81.170000 -0.0800  0.0100                     4.5 1  89Nb
  41  90   89.911583  -82.360000  0.0800 -0.0100                     1.0 1  90Nb
  41  91   90.907385  -86.270000 -0.0600  0.0100                     4.5 1  91Nb
  41  92   91.907503  -86.160000 -0.0800  0.0100                     7.0 1  92Nb
  41  93   92.906355  -87.230000 -0.0900  0.0100                     4.5 1  93Nb
  41  94   93.908019  -85.680000 -0.1100  0.0200                     7.0 1  94Nb
  41  95   94.907095  -86.540000  0.1300  0.0200                     4.5 1  95Nb
  41  96   95.909318  -84.470000 -0.1900  0.0300                     4.0 1  96Nb
  41  97   96.909039  -84.730000 -0.1900  0.0300                     3.5 1  97Nb
  41  98   97.911497  -82.440000 -0.2200  0.0500                     5.0 1  98Nb
  41  99   98.911862  -82.100000 -0.2300  0.0500                     3.5 1  99Nb
  41 100   99.915308  -78.890000 -0.2400  0.0500                     2.0-1 100Nb
  41 101  100.915609  -78.610000 -0.2400  0.0500                     3.5 1 101Nb
  41 102  101.918722  -75.710000  0.3600  0.1000                     0.0-1 102Nb
  41 103  102.919903  -74.610000  0.3700  0.1000                     1.5-1 103Nb
  41 104  103.923735  -71.040000 -0.2400  0.0400                     1.0 1 104Nb
  41 105  104.925324  -69.560000 -0.2400  0.0400                     3.5 1 105Nb
  41 106  105.929533  -65.640000 -0.2500  0.0400                     1.0-1 106Nb
  41 107  106.931766  -63.560000 -0.2600  0.0500                     3.5 1 107Nb
  41 108  107.936328  -59.310000 -0.2700  0.0400                     3.0 1 108Nb
  41 109  108.938990  -56.830000 -0.2600  0.0400                     3.5 1 109Nb
  41 110  109.943854  -52.300000 -0.2500  0.0200                     1.0-1 110Nb
  41 111  110.947139  -49.240000 -0.2600  0.0400                     3.5 1 111Nb
  41 112  111.953204  -43.590000 -0.2600  0.0400                     1.0-1 112Nb
  41 113  112.955727  -41.240000 -0.2300  0.0100                     3.5 1 113Nb
  41 114  113.961556  -35.810000 -0.2300  0.0100                     3.0 1 114Nb
  41 115  114.965239  -32.380000 -0.1800  0.0000                     3.5 1 115Nb
  41 116  115.972109  -25.980000 -0.0900  0.0000                     1.0-1 116Nb
  41 117  116.975459  -22.860000 -0.0800  0.0000                     4.5 1 117Nb
  41 118  117.981363  -17.360000 -0.0800  0.0000                     1.0-1 118Nb
  41 119  118.985217  -13.770000 -0.0800  0.0000                     4.5 1 119Nb
  41 120  119.992056   -7.400000 -0.1000 -0.0100                     1.0-1 120Nb
  41 121  120.996532   -3.230000  0.0000  0.0000                     4.5 1 121Nb
  41 122  122.002931    2.730000  0.0000  0.0000                     1.0-1 122Nb
  41 123  123.007042    6.560000  0.0000  0.0000                     4.5 1 123Nb
  41 124  124.015609   14.540000  0.0000  0.0000                     8.0-1 124Nb
  41 125  125.022469   20.930000  0.0000  0.0000                     4.5 1 125Nb
  41 126  126.030349   28.270000 -0.0600  0.0000                     8.0-1 126Nb
  41 127  127.037252   34.700000 -0.0800  0.0100                     4.5 1 127Nb
  41 128  128.046119   42.960000 -0.0700  0.0200                     8.0-1 128Nb
  41 129  129.053452   49.790000 -0.0900  0.0200                     4.5 1 129Nb
  41 130  130.062298   58.030000 -0.0900  0.0200                     8.0-1 130Nb
  41 131  131.069974   65.180000 -0.1000  0.0300                     4.5 1 131Nb
  41 132  132.079292   73.860000 -0.0800  0.0100                     6.0-1 132Nb
  41 133  133.086989   81.030000 -0.1000  0.0200                     4.5 1 133Nb
  41 134  134.096114   89.530000 -0.1100  0.0200                     6.0-1 134Nb
  41 135  135.104531   97.370000 -0.1900  0.0500                     3.5 1 135Nb
  41 136  136.113764  105.970000 -0.2000  0.0500                     3.0-1 136Nb
