  42  74   74.034869   32.480000  0.3000  0.0500                     0.0 1  74Mo
  42  75   75.024337   22.670000 -0.2600  0.0400                     0.5-1  75Mo
  42  76   76.011487   10.700000 -0.2700  0.0500                     0.0 1  76Mo
  42  77   77.003435    3.200000 -0.3000  0.0600                     4.5 1  77Mo
  42  78   77.991165   -8.230000 -0.2100  0.0100                     0.0 1  78Mo
  42  79   78.983435  -15.430000 -0.2100  0.0100                     1.5-1  79Mo
  42  80   79.972453  -25.660000 -0.2100  0.0100                     0.0 1  80Mo
  42  81   80.966774  -30.950000  0.1500  0.0200                     0.5-1  81Mo
  42  82   81.955738  -41.230000 -0.2400  0.0200                     0.0 1  82Mo
  42  83   82.950306  -46.290000 -0.2400  0.0200                     3.5 1  83Mo
  42  84   83.942447  -53.610000  0.0700  0.0000                     0.0 1  84Mo
  42  85   84.937606  -58.120000  0.0700 -0.0100                     4.5 1  85Mo
  42  86   85.930123  -65.090000  0.1000  0.0000                     0.0 1  86Mo
  42  87   86.927665  -67.380000  0.0900  0.0100                     4.5 1  87Mo
  42  88   87.921417  -73.200000  0.0700 -0.0100                     0.0 1  88Mo
  42  89   88.919248  -75.220000  0.0800 -0.0100                     4.5 1  89Mo
  42  90   89.915072  -79.110000  0.0000  0.0000                     0.0 1  90Mo
  42  91   90.911282  -82.640000  0.0700 -0.0100                     4.5 1  91Mo
  42  92   91.908040  -85.660000  0.0000  0.0000                     0.0 1  92Mo
  42  93   92.906849  -86.770000 -0.0900  0.0100                     2.5 1  93Mo
  42  94   93.905142  -88.360000  0.0800  0.0000                     0.0 1  94Mo
  42  95   94.906258  -87.320000  0.1300  0.0100                     2.5 1  95Mo
  42  96   95.904798  -88.680000 -0.1500  0.0200                     0.0 1  96Mo
  42  97   96.906419  -87.170000 -0.1700  0.0200                     0.5 1  97Mo
  42  98   97.905807  -87.740000  0.2100  0.0600                     0.0 1  98Mo
  42  99   98.907707  -85.970000 -0.1900  0.0300                     1.5 1  99Mo
  42 100   99.907643  -86.030000 -0.1900  0.0400                     0.0 1 100Mo
  42 101  100.910370  -83.490000 -0.2000  0.0300                     1.5 1 101Mo
  42 102  101.910413  -83.450000 -0.2300  0.0400                     0.0 1 102Mo
  42 103  102.913333  -80.730000 -0.2300  0.0400                     1.5 1 103Mo
  42 104  103.914020  -80.090000 -0.2300  0.0400                     0.0 1 104Mo
  42 105  104.917530  -76.820000 -0.2400  0.0300                     2.5 1 105Mo
  42 106  105.918615  -75.810000 -0.2400  0.0300                     0.0 1 106Mo
  42 107  106.922587  -72.110000 -0.2600  0.0400                     4.5-1 107Mo
  42 108  107.924122  -70.680000 -0.2500  0.0300                     0.0 1 108Mo
  42 109  108.928158  -66.920000 -0.2400  0.0200                     4.5-1 109Mo
  42 110  109.930370  -64.860000 -0.2400  0.0200                     0.0 1 110Mo
  42 111  110.935255  -60.310000 -0.2200  0.0100                     3.5-1 111Mo
  42 112  111.937573  -58.150000 -0.2200  0.0000                     0.0 1 112Mo
  42 113  112.943038  -53.060000 -0.2200  0.0200                     0.5 1 113Mo
  42 114  113.945689  -50.590000 -0.2100  0.0100                     0.0 1 114Mo
  42 115  114.951368  -45.300000 -0.2200  0.0200                     0.5 1 115Mo
  42 116  115.954374  -42.500000 -0.1700 -0.0200                     0.0 1 116Mo
  42 117  116.960783  -36.530000 -0.1100  0.0000                     5.5-1 117Mo
  42 118  117.964176  -33.370000  0.0800  0.0000                     0.0 1 118Mo
  42 119  118.969565  -28.350000 -0.1300  0.0000                     5.5-1 119Mo
  42 120  119.973473  -24.710000  0.0400  0.0000                     0.0 1 120Mo
  42 121  120.979839  -18.780000  0.0000  0.0000                     5.5-1 121Mo
  42 122  121.983424  -15.440000  0.0000  0.0000                     0.0 1 122Mo
  42 123  122.989469   -9.810000  0.0000  0.0000                     5.5-1 123Mo
  42 124  123.993226   -6.310000  0.0000  0.0000                     0.0 1 124Mo
  42 125  125.001535    1.430000  0.0000  0.0000                     3.5-1 125Mo
  42 126  126.008148    7.590000  0.0000  0.0000                     0.0 1 126Mo
  42 127  127.016211   15.100000  0.0300  0.0000                     3.5-1 127Mo
  42 128  128.022920   21.350000  0.0400  0.0000                     0.0 1 128Mo
  42 129  129.031390   29.240000 -0.0700  0.0100                     3.5-1 129Mo
  42 130  130.038605   35.960000  0.0800  0.0100                     0.0 1 130Mo
  42 131  131.047279   44.040000  0.0600 -0.0100                     3.5-1 131Mo
  42 132  132.054933   51.170000 -0.0900  0.0200                     0.0 1 132Mo
  42 133  133.063618   59.260000 -0.0900  0.0200                     1.5-1 133Mo
  42 134  134.071380   66.490000 -0.1500  0.0300                     0.0 1 134Mo
  42 135  135.080269   74.770000 -0.1100  0.0300                     1.5-1 135Mo
  42 136  136.088084   82.050000 -0.1800  0.0400                     0.0 1 136Mo
  42 137  137.096877   90.240000 -0.1700  0.0400                     0.5-1 137Mo
  42 138  138.105089   97.890000 -0.2100  0.0500                     0.0 1 138Mo
  42 139  139.113645  105.860000 -0.2000  0.0400                     6.5 1 139Mo
  42 140  140.122577  114.180000 -0.2100  0.0500                     0.0 1 140Mo
  42 141  141.132067  123.020000 -0.2200  0.0500                     1.5-1 141Mo
  42 142  142.140355  130.740000 -0.2300  0.0500                     0.0 1 142Mo
  42 143  143.150318  140.020000 -0.2400  0.0400                     3.5-1 143Mo
  42 144  144.158831  147.950000 -0.2300  0.0500                     0.0 1 144Mo
  42 145  145.168525  156.980000 -0.2200  0.0300                     5.5 1 145Mo
  42 146  146.177457  165.300000 -0.2300  0.0300                     0.0 1 146Mo
