  44  78   78.035631   33.190000  0.3100  0.0500                     0.0 1  78Ru
  44  79   79.025883   24.110000 -0.3000  0.0700                     4.5 1  79Ru
  44  80   80.012840   11.960000 -0.1800  0.0200                     0.0 1  80Ru
  44  81   81.003929    3.660000 -0.1900  0.0200                     1.5-1  81Ru
  44  82   81.991809   -7.630000 -0.2200  0.0300                     0.0 1  82Ru
  44  83   82.984004  -14.900000  0.1200  0.0100                     0.5-1  83Ru
  44  84   83.973462  -24.720000  0.0800 -0.0100                     0.0 1  84Ru
  44  85   84.966194  -31.490000 -0.1500  0.0100                     4.5 1  85Ru
  44  86   85.955856  -41.120000  0.1000  0.0000                     0.0 1  86Ru
  44  87   86.949919  -46.650000  0.0700 -0.0100                     4.5 1  87Ru
  44  88   87.941084  -54.880000  0.0900  0.0100                     0.0 1  88Ru
  44  89   88.936811  -58.860000  0.0900  0.0100                     4.5 1  89Ru
  44  90   89.928953  -66.180000  0.0900  0.0000                     0.0 1  90Ru
  44  91   90.925904  -69.020000  0.0700  0.0100                     4.5 1  91Ru
  44  92   91.920826  -73.750000  0.0000  0.0000                     0.0 1  92Ru
  44  93   92.916156  -78.100000  0.0700 -0.0100                     4.5 1  93Ru
  44  94   93.912098  -81.880000  0.0000  0.0000                     0.0 1  94Ru
  44  95   94.910262  -83.590000 -0.0700  0.0100                     2.5 1  95Ru
  44  96   95.907471  -86.190000 -0.0700  0.0100                     0.0 1  96Ru
  44  97   96.907643  -86.030000  0.1200  0.0200                     2.5 1  97Ru
  44  98   97.905227  -88.280000  0.1800  0.0500                     0.0 1  98Ru
  44  99   98.906129  -87.440000  0.1800  0.0500                     1.5 1  99Ru
  44 100   99.904218  -89.220000  0.2200  0.0600                     0.0 1 100Ru
  44 101  100.905614  -87.920000  0.2100  0.0500                     1.5 1 101Ru
  44 102  101.904304  -89.140000  0.2300  0.0400                     0.0 1 102Ru
  44 103  102.906290  -87.290000  0.2600  0.0400                     0.5-1 103Ru
  44 104  103.905474  -88.050000  0.2700  0.0500                     0.0 1 104Ru
  44 105  104.907901  -85.790000  0.3200  0.0800                     1.5-1 105Ru
  44 106  105.907825  -85.860000  0.3100  0.0900                     0.0 1 106Ru
  44 107  106.910381  -83.480000 -0.2300  0.0300                     2.5 1 107Ru
  44 108  107.910509  -83.360000 -0.2400  0.0300                     0.0 1 108Ru
  44 109  108.913268  -80.790000 -0.2100  0.0200                     0.5 1 109Ru
  44 110  109.914159  -79.960000 -0.2300  0.0200                     0.0 1 110Ru
  44 111  110.917541  -76.810000 -0.2400  0.0200                     4.5-1 111Ru
  44 112  111.918819  -75.620000 -0.2300  0.0200                     0.0 1 112Ru
  44 113  112.922834  -71.880000 -0.2200  0.0100                     3.5-1 113Ru
  44 114  113.924347  -70.470000 -0.2200  0.0100                     0.0 1 114Ru
  44 115  114.928845  -66.280000 -0.2100  0.0100                     0.5 1 115Ru
  44 116  115.930756  -64.500000 -0.1900  0.0000                     0.0 1 116Ru
  44 117  116.935738  -59.860000  0.1800  0.0200                     3.5-1 117Ru
  44 118  117.937820  -57.920000 -0.1900  0.0000                     0.0 1 118Ru
  44 119  118.943360  -52.760000 -0.0900  0.0000                     5.5-1 119Ru
  44 120  119.945410  -50.850000  0.1000  0.0000                     0.0 1 120Ru
  44 121  120.950703  -45.920000  0.0700  0.0000                     5.5-1 121Ru
  44 122  121.953108  -43.680000  0.0600  0.0000                     0.0 1 122Ru
  44 123  122.958368  -38.780000  0.0500  0.0000                     5.5-1 123Ru
  44 124  123.961911  -35.480000  0.0000  0.0000                     0.0 1 124Ru
  44 125  124.967203  -30.550000  0.0000  0.0000                     5.5-1 125Ru
  44 126  125.970220  -27.740000  0.0000  0.0000                     0.0 1 126Ru
  44 127  126.978014  -20.480000  0.0000  0.0000                     3.5-1 127Ru
  44 128  127.984101  -14.810000  0.0000  0.0000                     0.0 1 128Ru
  44 129  128.991981   -7.470000  0.0000  0.0000                     3.5-1 129Ru
  44 130  129.997606   -2.230000  0.0800  0.0300                     0.0 1 130Ru
  44 131  131.005894    5.490000  0.0800  0.0100                     3.5-1 131Ru
  44 132  132.012475   11.620000  0.1000  0.0200                     0.0 1 132Ru
  44 133  133.020827   19.400000  0.1600  0.0300                     2.5-1 133Ru
  44 134  134.027440   25.560000  0.1300  0.0300                     0.0 1 134Ru
  44 135  135.036103   33.630000  0.1500  0.0100                     1.5-1 135Ru
  44 136  136.043167   40.210000  0.1800  0.0400                     0.0 1 136Ru
  44 137  137.052045   48.480000  0.1200  0.0100                     1.5-1 137Ru
  44 138  138.059174   55.120000  0.2000  0.0500                     0.0 1 138Ru
  44 139  139.067827   63.180000  0.1500  0.0200                     0.5-1 139Ru
  44 140  140.075438   70.270000  0.2300  0.0800                     0.0 1 140Ru
  44 141  141.084284   78.510000 -0.2300  0.0600                     0.5-1 141Ru
  44 142  142.091691   85.410000  0.2700  0.1000                     0.0 1 142Ru
  44 143  143.100849   93.940000 -0.2000  0.0300                     1.5-1 143Ru
  44 144  144.108954  101.490000  0.3100  0.0700                     0.0 1 144Ru
  44 145  145.117682  109.620000 -0.2300  0.0400                     3.5-1 145Ru
  44 146  146.125841  117.220000  0.3000  0.1000                     0.0 1 146Ru
  44 147  147.134730  125.500000  0.3100  0.0900                     0.5-1 147Ru
  44 148  148.143715  133.870000 -0.2300  0.0500                     0.0 1 148Ru
  44 149  149.152787  142.320000  0.2500  0.1100                     1.5-1 149Ru
  44 150  150.161322  150.270000 -0.2300  0.0100                     0.0 1 150Ru
