  45  80   80.039238   36.550000  0.2600  0.0400                     2.0 1  80Rh
  45  81   81.025883   24.110000 -0.2100  0.0400                     1.5 1  81Rh
  45  82   82.016522   15.390000 -0.1900  0.0300                     1.0 1  82Rh
  45  83   83.003843    3.580000 -0.1800  0.0200                     0.5-1  83Rh
  45  84   83.996167   -3.570000 -0.1000  0.0100                     4.0-1  84Rh
  45  85   84.985099  -13.880000 -0.0600  0.0200                     4.5 1  85Rh
  45  86   85.976693  -21.710000 -0.1000  0.0000                     1.0 1  86Rh
  45  87   86.966656  -31.060000  0.0800  0.0100                     4.5 1  87Rh
  45  88   87.959517  -37.710000  0.0700 -0.0100                     1.0 1  88Rh
  45  89   88.950123  -46.460000  0.0800  0.0100                     4.5 1  89Rh
  45  90   89.944412  -51.780000  0.1000  0.0100                     1.0 1  90Rh
  45  91   90.936178  -59.450000  0.0900  0.0100                     4.5 1  91Rh
  45  92   91.931819  -63.510000  0.1100  0.0200                     1.0 1  92Rh
  45  93   92.926140  -68.800000  0.0000  0.0000                     4.5 1  93Rh
  45  94   93.922587  -72.110000  0.0000  0.0000                     1.0 1  94Rh
  45  95   94.916435  -77.840000  0.0000  0.0000                     4.5 1  95Rh
  45  96   95.915888  -78.350000  0.0000  0.0000                     7.0 1  96Rh
  45  97   96.911518  -82.420000  0.0700  0.0000                     4.5 1  97Rh
  45  98   97.911143  -82.770000  0.1700  0.0500                     3.0 1  98Rh
  45  99   98.908158  -85.550000  0.1700  0.0600                     2.5 1  99Rh
  45 100   99.908244  -85.470000  0.2100  0.0600                     4.0 1 100Rh
  45 101  100.906108  -87.460000  0.1900  0.0500                     2.5 1 101Rh
  45 102  101.906891  -86.730000  0.2200  0.0500                     1.0 1 102Rh
  45 103  102.904948  -88.540000  0.2200  0.0500                     2.5 1 103Rh
  45 104  103.906398  -87.190000  0.2500  0.0500                     0.0 1 104Rh
  45 105  104.905217  -88.290000  0.2500  0.0200                     0.5-1 105Rh
  45 106  105.907310  -86.340000  0.2400  0.0200                     2.0-1 106Rh
  45 107  106.906569  -87.030000  0.2900  0.0600                     0.5-1 107Rh
  45 108  107.909275  -84.510000  0.3100  0.0600                     2.0-1 108Rh
  45 109  108.908920  -84.840000  0.3100  0.0600                     0.5-1 109Rh
  45 110  109.911357  -82.570000  0.2900  0.0700                     1.0-1 110Rh
  45 111  110.911883  -82.080000 -0.2400  0.0300                     1.5 1 111Rh
  45 112  111.914739  -79.420000 -0.2400  0.0200                     3.0-1 112Rh
  45 113  112.915630  -78.590000 -0.2100  0.0100                     1.5 1 113Rh
  45 114  113.919108  -75.350000  0.2700  0.0200                     2.0-1 114Rh
  45 115  114.920407  -74.140000 -0.2200  0.0200                     1.5 1 115Rh
  45 116  115.924347  -70.470000 -0.2100  0.0000                     1.0 1 116Rh
  45 117  116.926237  -68.710000 -0.1700  0.0100                     0.5-1 117Rh
  45 118  117.930112  -65.100000 -0.1500  0.0100                     1.0-1 118Rh
  45 119  118.931862  -63.470000 -0.1500 -0.0100                     4.5 1 119Rh
  45 120  119.936908  -58.770000  0.1000  0.0100                     1.0-1 120Rh
  45 121  120.938819  -56.990000  0.0900  0.0100                     4.5 1 121Rh
  45 122  121.943199  -52.910000  0.0800  0.0100                     1.0-1 122Rh
  45 123  122.945496  -50.770000  0.0600 -0.0100                     4.5 1 123Rh
  45 124  123.950123  -46.460000  0.0500  0.0000                     1.0-1 124Rh
  45 125  124.953118  -43.670000  0.0000  0.0000                     4.5 1 125Rh
  45 126  125.958035  -39.090000  0.0000  0.0000                     1.0-1 126Rh
  45 127  126.960665  -36.640000  0.0000  0.0000                     4.5 1 127Rh
  45 128  127.968202  -29.620000  0.0000  0.0000                     8.0-1 128Rh
  45 129  128.973999  -24.220000  0.0000  0.0000                     4.5 1 129Rh
  45 130  129.981181  -17.530000  0.0600  0.0200                     8.0-1 130Rh
  45 131  130.987332  -11.800000  0.1000  0.0300                     4.5 1 131Rh
  45 132  131.995191   -4.480000  0.0900  0.0200                     8.0-1 132Rh
  45 133  133.001492    1.390000  0.1400  0.0400                     4.5 1 133Rh
  45 134  134.009394    8.750000  0.1400  0.0400                     8.0-1 134Rh
  45 135  135.016039   14.940000  0.1600  0.0400                     2.5 1 135Rh
  45 136  136.024251   22.590000  0.1900  0.0600                     4.0-1 136Rh
  45 137  137.030982   28.860000  0.1900  0.0800                     2.5 1 137Rh
  45 138  138.039603   36.890000  0.2000  0.0300                     3.0-1 138Rh
  45 139  139.046356   43.180000  0.2000  0.0800                     2.5 1 139Rh
  45 140  140.054697   50.950000  0.2300  0.0800                     2.0 1 140Rh
  45 141  141.062029   57.780000  0.2500  0.0700                     0.5-1 141Rh
  45 142  142.070596   65.760000  0.2700  0.0900                     2.0-1 142Rh
  45 143  143.077853   72.520000  0.2900  0.1100                     0.5-1 143Rh
  45 144  144.086474   80.550000  0.2200  0.0900                     1.0-1 144Rh
  45 145  145.093967   87.530000  0.3000  0.1100                     0.5-1 145Rh
  45 146  146.103543   96.450000  0.3400  0.0900                     2.0 1 146Rh
  45 147  147.111080  103.470000  0.3400  0.1000                     0.5-1 147Rh
  45 148  148.119550  111.360000  0.2800  0.0800                     1.0 1 148Rh
  45 149  149.128235  119.450000  0.3400  0.0900                     0.5 1 149Rh
  45 150  150.137832  128.390000  0.3400  0.0900                     3.0 1 150Rh
  45 151  151.145659  135.680000  0.3000  0.0500                     0.5-1 151Rh
  45 152  152.154955  144.340000  0.3200  0.0800                     3.0 1 152Rh
