  46  82   82.035899   33.440000  0.1800 -0.0100                     0.0 1  82Pd
  46  83   83.026270   24.470000  0.1900  0.0200                     2.5-1  83Pd
  46  84   84.013387   12.470000 -0.1400  0.0100                     0.0 1  84Pd
  46  85   85.004283    3.990000  0.0900  0.0000                     0.5-1  85Pd
  46  86   85.992625   -6.870000 -0.0700  0.0000                     0.0 1  86Pd
  46  87   86.984122  -14.790000 -0.1000  0.0000                     4.5 1  87Pd
  46  88   87.973333  -24.840000  0.0700  0.0100                     0.0 1  88Pd
  46  89   88.965604  -32.040000  0.0700 -0.0100                     4.5 1  89Pd
  46  90   89.955459  -41.490000  0.1000  0.0000                     0.0 1  90Pd
  46  91   90.949597  -46.950000  0.0900  0.0100                     4.5 1  91Pd
  46  92   91.940386  -55.530000  0.0800  0.0000                     0.0 1  92Pd
  46  93   92.935620  -59.970000  0.0800  0.0100                     4.5 1  93Pd
  46  94   93.929382  -65.780000  0.0000  0.0000                     0.0 1  94Pd
  46  95   94.925292  -69.590000  0.0000  0.0000                     4.5 1  95Pd
  46  96   95.918679  -75.750000  0.0000  0.0000                     0.0 1  96Pd
  46  97   96.916060  -78.190000 -0.0700  0.0100                     2.5 1  97Pd
  46  98   97.912259  -81.730000  0.0800  0.0100                     0.0 1  98Pd
  46  99   98.911583  -82.360000  0.1200  0.0200                     2.5 1  99Pd
  46 100   99.908190  -85.520000  0.1700  0.0500                     0.0 1 100Pd
  46 101  100.908255  -85.460000  0.1800  0.0500                     1.5 1 101Pd
  46 102  101.905474  -88.050000  0.1700  0.0400                     0.0 1 102Pd
  46 103  102.905711  -87.830000  0.2000  0.0400                     1.5 1 103Pd
  46 104  103.903735  -89.670000  0.2100  0.0200                     0.0 1 104Pd
  46 105  104.905013  -88.480000  0.2200  0.0300                     2.5 1 105Pd
  46 106  105.903134  -90.230000  0.2100  0.0300                     0.0 1 106Pd
  46 107  106.904637  -88.830000  0.2200  0.0200                     0.5-1 107Pd
  46 108  107.903553  -89.840000  0.2200  0.0100                     0.0 1 108Pd
  46 109  108.905646  -87.890000  0.2100  0.0200                     0.5 1 109Pd
  46 110  109.905056  -88.440000  0.2600  0.0300                     0.0 1 110Pd
  46 111  110.907128  -86.510000  0.2400  0.0300                     0.5 1 111Pd
  46 112  111.907493  -86.170000  0.2900  0.0400                     0.0 1 112Pd
  46 113  112.910627  -83.250000  0.2400  0.0600                     2.5 1 113Pd
  46 114  113.910542  -83.330000  0.2400  0.0200                     0.0 1 114Pd
  46 115  114.913397  -80.670000  0.2500  0.0200                     2.5 1 115Pd
  46 116  115.914353  -79.780000  0.2300  0.0100                     0.0 1 116Pd
  46 117  116.918035  -76.350000  0.2200  0.0200                     3.5-1 117Pd
  46 118  117.918926  -75.520000  0.1900  0.0200                     0.0 1 118Pd
  46 119  118.922426  -72.260000  0.1600  0.0100                     5.5-1 119Pd
  46 120  119.924165  -70.640000  0.1300  0.0100                     0.0 1 120Pd
  46 121  120.928309  -66.780000  0.1100  0.0100                     5.5-1 121Pd
  46 122  121.929779  -65.410000  0.0800  0.0000                     0.0 1 122Pd
  46 123  122.933569  -61.880000  0.1200  0.0100                     5.5-1 123Pd
  46 124  123.935899  -59.710000  0.0500  0.0000                     0.0 1 124Pd
  46 125  124.940247  -55.660000  0.0600  0.0000                     5.5-1 125Pd
  46 126  125.943059  -53.040000  0.0000  0.0000                     0.0 1 126Pd
  46 127  126.947611  -48.800000  0.0000  0.0000                     5.5-1 127Pd
  46 128  127.949876  -46.690000  0.0000  0.0000                     0.0 1 128Pd
  46 129  128.957155  -39.910000  0.0000  0.0000                     3.5-1 129Pd
  46 130  129.962684  -34.760000  0.0000  0.0000                     0.0 1 130Pd
  46 131  130.970080  -27.870000  0.0000  0.0000                     3.5-1 131Pd
  46 132  131.975330  -22.980000  0.1000  0.0200                     0.0 1 132Pd
  46 133  132.982780  -16.040000  0.0900  0.0100                     3.5-1 133Pd
  46 134  133.988857  -10.380000  0.1300  0.0400                     0.0 1 134Pd
  46 135  134.996715   -3.060000  0.1100  0.0300                     3.5-1 135Pd
  46 136  136.002931    2.730000  0.1500  0.0300                     0.0 1 136Pd
  46 137  137.010972   10.220000  0.1000  0.0100                     1.5-1 137Pd
  46 138  138.017370   16.180000  0.1700  0.0300                     0.0 1 138Pd
  46 139  139.025357   23.620000  0.1800  0.0400                     0.5-1 139Pd
  46 140  140.032346   30.130000  0.2000  0.0200                     0.0 1 140Pd
  46 141  141.040279   37.520000  0.2000  0.0700                     0.5 1 141Pd
  46 142  142.047612   44.350000  0.2300  0.0200                     0.0 1 142Pd
  46 143  143.055846   52.020000  0.2700  0.1100                     0.5-1 143Pd
  46 144  144.063039   58.720000  0.2900  0.1100                     0.0 1 144Pd
  46 145  145.071681   66.770000  0.2700  0.0800                     2.5 1 145Pd
  46 146  146.078551   73.170000  0.2800  0.0700                     0.0 1 146Pd
  46 147  147.087086   81.120000  0.2400  0.0800                     2.5-1 147Pd
  46 148  148.094976   88.470000  0.3300  0.1000                     0.0 1 148Pd
  46 149  149.103543   96.450000  0.2700  0.0600                     0.5-1 149Pd
  46 150  150.111369  103.740000  0.2900  0.0700                     0.0 1 150Pd
  46 151  151.120291  112.050000  0.2800  0.0800                     3.5-1 151Pd
  46 152  152.128353  119.560000  0.2800  0.0400                     0.0 1 152Pd
  46 153  153.137682  128.250000  0.2500  0.0400                     1.5-1 153Pd
  46 154  154.145744  135.760000  0.2600  0.0400                     0.0 1 154Pd
