  49  88   88.040397   37.630000  0.0600 -0.0100                     4.0-1  88In
  49  89   89.027493   25.610000  0.0600 -0.0200                     4.5 1  89In
  49  90   90.017885   16.660000 -0.0700  0.0000                     1.0 1  90In
  49  91   91.005035    4.690000  0.0600 -0.0100                     4.5 1  91In
  49  92   91.995706   -4.000000  0.0600 -0.0200                     1.0 1  92In
  49  93   92.984219  -14.700000  0.0600 -0.0100                     4.5 1  93In
  49  94   93.976114  -22.250000  0.0500 -0.0100                     1.0 1  94In
  49  95   94.965292  -32.330000  0.0600 -0.0100                     4.5 1  95In
  49  96   95.957853  -39.260000  0.0700 -0.0100                     1.0 1  96In
  49  97   96.948448  -48.020000  0.0700 -0.0100                     4.5 1  97In
  49  98   97.943940  -52.220000  0.0000  0.0000                     1.0 1  98In
  49  99   98.935555  -60.030000  0.0000  0.0000                     4.5 1  99In
  49 100   99.931637  -63.680000  0.0600  0.0200                     7.0 1 100In
  49 101  100.926076  -68.860000  0.0800  0.0000                     4.5 1 101In
  49 102  101.924380  -70.440000  0.0800  0.0000                     7.0 1 102In
  49 103  102.919903  -74.610000  0.0900  0.0000                     4.5 1 103In
  49 104  103.918443  -75.970000  0.1000  0.0100                     7.0 1 104In
  49 105  104.914814  -79.350000  0.1100  0.0000                     4.5 1 105In
  49 106  105.914406  -79.730000  0.1600  0.0400                     3.0 1 106In
  49 107  106.910692  -83.190000  0.1500  0.0100                     4.5 1 107In
  49 108  107.910026  -83.810000  0.1600  0.0000                     1.0 1 108In
  49 109  108.907149  -86.490000  0.1700  0.0000                     4.5 1 109In
  49 110  109.907396  -86.260000  0.1500 -0.0200                     1.0 1 110In
  49 111  110.905517  -88.010000  0.1600 -0.0200                     4.5 1 111In
  49 112  111.905893  -87.660000  0.1900  0.0000                     4.0 1 112In
  49 113  112.904014  -89.410000  0.1600 -0.0200                     4.5 1 113In
  49 114  113.904669  -88.800000  0.1800  0.0000                     7.0 1 114In
  49 115  114.904197  -89.240000  0.1000 -0.0400                     4.5 1 115In
  49 116  115.905453  -88.070000  0.0900 -0.0100                     3.0 1 116In
  49 117  116.904401  -89.050000  0.1000 -0.0400                     4.5 1 117In
  49 118  117.906000  -87.560000  0.1000 -0.0100                     3.0 1 118In
  49 119  118.905356  -88.160000  0.1100 -0.0100                     4.5 1 119In
  49 120  119.907256  -86.390000  0.0900  0.0000                     1.0-1 120In
  49 121  120.906988  -86.640000  0.0900 -0.0300                     4.5 1 121In
  49 122  121.909468  -84.330000  0.0900 -0.0200                     1.0-1 122In
  49 123  122.909468  -84.330000  0.0800 -0.0300                     4.5 1 123In
  49 124  123.911862  -82.100000  0.0800  0.0000                     1.0-1 124In
  49 125  124.912152  -81.830000  0.0600 -0.0100                     4.5 1 125In
  49 126  125.915147  -79.040000  0.0700  0.0000                     1.0-1 126In
  49 127  126.915780  -78.450000  0.0500 -0.0200                     4.5 1 127In
  49 128  127.919001  -75.450000  0.0400 -0.0100                     1.0-1 128In
  49 129  128.920998  -73.590000  0.0000  0.0000                     4.5 1 129In
  49 130  129.924444  -70.380000  0.0000  0.0000                     1.0-1 130In
  49 131  130.925603  -69.300000  0.0000  0.0000                     4.5 1 131In
  49 132  131.932131  -63.220000  0.0000  0.0000                     8.0-1 132In
  49 133  132.936779  -58.890000  0.0000  0.0000                     4.5 1 133In
  49 134  133.942394  -53.660000  0.0500 -0.0100                     8.0-1 134In
  49 135  134.947321  -49.070000  0.0600 -0.0100                     4.5 1 135In
  49 136  135.954170  -42.690000  0.0700  0.0000                     8.0-1 136In
  49 137  136.959560  -37.670000  0.0700  0.0000                     4.5 1 137In
  49 138  137.966720  -31.000000  0.0600 -0.0100                     8.0-1 138In
  49 139  138.972206  -25.890000  0.1000  0.0000                     4.5 1 139In
  49 140  139.979388  -19.200000  0.0900  0.0100                     6.0-1 140In
  49 141  140.985443  -13.560000  0.1400  0.0100                     4.5 1 141In
  49 142  141.992721   -6.780000  0.1400  0.0000                     6.0-1 142In
  49 143  142.998722   -1.190000  0.1500  0.0000                     4.5 1 143In
  49 144  144.006441    6.000000  0.1400  0.0100                     4.0-1 144In
  49 145  145.012217   11.380000  0.3000  0.1500                     3.5 1 145In
  49 146  146.019807   18.450000  0.3200  0.1400                     3.0-1 146In
  49 147  147.025668   23.910000  0.3100  0.1400                     3.5 1 147In
  49 148  148.033452   31.160000  0.3100  0.1400                     1.0 1 148In
  49 149  149.039539   36.830000  0.3100  0.1200                     3.5 1 149In
  49 150  150.047547   44.290000  0.3200  0.1000                     1.0-1 150In
  49 151  151.054139   50.430000  0.3200  0.1100                     3.5 1 151In
  49 152  152.063049   58.730000  0.3400  0.0700                     1.0 1 152In
  49 153  153.069040   64.310000  0.3200  0.0900                     3.5 1 153In
  49 154  154.077392   72.090000  0.3000  0.0900                     3.0 1 154In
  49 155  155.084273   78.500000  0.2800  0.0300                     0.5 1 155In
  49 156  156.092733   86.380000  0.2700  0.0300                     3.0-1 156In
  49 157  157.100140   93.280000  0.2700  0.0300                     0.5 1 157In
  49 158  158.108761  101.310000  0.2600  0.0200                     1.0-1 158In
  49 159  159.116565  108.580000  0.2600  0.0200                     0.5 1 159In
  49 160  160.125798  117.180000  0.1000 -0.0100                     2.0-1 160In
  49 161  161.132797  123.700000  0.2100 -0.0100                     0.5 1 161In
  49 162  162.142352  132.600000  0.0700 -0.0100                     2.0 1 162In
  49 163  163.149427  139.190000  0.0900 -0.0200                     4.5 1 163In
  49 164  164.158337  147.490000  0.0700 -0.0100                     2.0 1 164In
  49 165  165.165702  154.350000  0.0800 -0.0200                     4.5 1 165In
