  50  90   90.039270   36.580000  0.0000  0.0000                     0.0 1  90Sn
  50  91   91.028202   26.270000 -0.0400  0.0100                     4.5 1  91Sn
  50  92   92.014997   13.970000  0.0000  0.0000                     0.0 1  92Sn
  50  93   93.005550    5.170000  0.0000  0.0000                     4.5 1  93Sn
  50  94   93.993806   -5.770000  0.0000  0.0000                     0.0 1  94Sn
  50  95   94.985013  -13.960000  0.0000  0.0000                     4.5 1  95Sn
  50  96   95.973043  -25.110000 -0.0500  0.0100                     0.0 1  96Sn
  50  97   96.966291  -31.400000  0.0000  0.0000                     4.5 1  97Sn
  50  98   97.956371  -40.640000  0.0000  0.0000                     0.0 1  98Sn
  50  99   98.949672  -46.880000  0.0000  0.0000                     4.5 1  99Sn
  50 100   99.940697  -55.240000  0.0000  0.0000                     0.0 1 100Sn
  50 101  100.936253  -59.380000 -0.0800  0.0200                     2.5 1 101Sn
  50 102  101.931755  -63.570000  0.0000  0.0000                     0.0 1 102Sn
  50 103  102.928148  -66.930000 -0.0800  0.0200                     2.5 1 103Sn
  50 104  103.923134  -71.600000  0.0600 -0.0100                     0.0 1 104Sn
  50 105  104.921578  -73.050000 -0.0800  0.0100                     2.5 1 105Sn
  50 106  105.917294  -77.040000  0.0800  0.0000                     0.0 1 106Sn
  50 107  106.916027  -78.220000 -0.0900  0.0100                     3.5 1 107Sn
  50 108  107.912291  -81.700000  0.1700  0.0300                     0.0 1 108Sn
  50 109  108.911508  -82.430000  0.1600  0.0300                     2.5 1 109Sn
  50 110  109.908416  -85.310000  0.1700  0.0100                     0.0 1 110Sn
  50 111  110.908233  -85.480000  0.1600  0.0100                     3.5 1 111Sn
  50 112  111.905539  -87.990000  0.1800  0.0100                     0.0 1 112Sn
  50 113  112.905711  -87.830000  0.1600  0.0100                     2.5 1 113Sn
  50 114  113.903553  -89.840000  0.1400  0.0100                     0.0 1 114Sn
  50 115  114.903971  -89.450000 -0.1400  0.0200                     0.5 1 115Sn
  50 116  115.902286  -91.020000 -0.1300  0.0200                     0.0 1 116Sn
  50 117  116.903241  -90.130000 -0.0900 -0.0100                     1.5 1 117Sn
  50 118  117.901717  -91.550000 -0.1000  0.0000                     0.0 1 118Sn
  50 119  118.903123  -90.240000 -0.0800 -0.0100                     1.5 1 119Sn
  50 120  119.901942  -91.340000 -0.1100  0.0100                     0.0 1 120Sn
  50 121  120.903639  -89.760000  0.0700 -0.0200                     5.5-1 121Sn
  50 122  121.903005  -90.350000 -0.0800  0.0100                     0.0 1 122Sn
  50 123  122.904852  -88.630000  0.0700  0.0000                     5.5-1 123Sn
  50 124  123.904691  -88.780000  0.0500  0.0000                     0.0 1 124Sn
  50 125  124.906849  -86.770000 -0.0600  0.0000                     5.5-1 125Sn
  50 126  125.906988  -86.640000  0.0300  0.0000                     0.0 1 126Sn
  50 127  126.909479  -84.320000 -0.0500  0.0000                     5.5-1 127Sn
  50 128  127.909554  -84.250000  0.0400 -0.0100                     0.0 1 128Sn
  50 129  128.912946  -81.090000  0.0000  0.0000                     5.5-1 129Sn
  50 130  129.913526  -80.550000  0.0000  0.0000                     0.0 1 130Sn
  50 131  130.916629  -77.660000  0.0000  0.0000                     5.5-1 131Sn
  50 132  131.917434  -76.910000  0.0000  0.0000                     0.0 1 132Sn
  50 133  132.923703  -71.070000  0.0000  0.0000                     3.5-1 133Sn
  50 134  133.928040  -67.030000  0.0000  0.0000                     0.0 1 134Sn
  50 135  134.934213  -61.280000  0.0400  0.0100                     3.5-1 135Sn
  50 136  135.939388  -56.460000  0.0000  0.0000                     0.0 1 136Sn
  50 137  136.945464  -50.800000  0.0400  0.0000                     3.5-1 137Sn
  50 138  137.951336  -45.330000  0.0000  0.0000                     0.0 1 138Sn
  50 139  138.958132  -39.000000  0.0000  0.0000                     3.5-1 139Sn
  50 140  139.962490  -34.940000  0.0800  0.0200                     0.0 1 140Sn
  50 141  140.969361  -28.540000  0.0700  0.0100                     1.5-1 141Sn
  50 142  141.975040  -23.250000  0.1300  0.0300                     0.0 1 142Sn
  50 143  142.982211  -16.570000  0.1700  0.0300                     0.5-1 143Sn
  50 144  143.987998  -11.180000  0.2100  0.0600                     0.0 1 144Sn
  50 145  144.994611   -5.020000  0.1300  0.0200                     0.5-1 145Sn
  50 146  146.000719    0.670000  0.2900  0.1400                     0.0 1 146Sn
  50 147  147.007783    7.250000  0.2900  0.1200                     0.5-1 147Sn
  50 148  148.013634   12.700000  0.2900  0.1200                     0.0 1 148Sn
  50 149  149.021342   19.880000  0.3100  0.1000                     2.5 1 149Sn
  50 150  150.027000   25.150000  0.3100  0.1000                     0.0 1 150Sn
  50 151  151.034600   32.230000  0.3000  0.0900                     2.5-1 151Sn
  50 152  152.040805   38.010000  0.3100  0.0900                     0.0 1 152Sn
  50 153  153.048997   45.640000  0.3000  0.0500                     3.5 1 153Sn
  50 154  154.055245   51.460000  0.3100  0.0800                     0.0 1 154Sn
  50 155  155.063157   58.830000  0.2900  0.0800                     0.5-1 155Sn
  50 156  156.070178   65.370000  0.3000  0.0700                     0.0 1 156Sn
  50 157  157.078315   72.950000  0.2900  0.0500                     3.5-1 157Sn
  50 158  158.085454   79.600000  0.2700  0.0300                     0.0 1 158Sn
  50 159  159.093860   87.430000  0.2500  0.0200                     1.5-1 159Sn
  50 160  160.101267   94.330000  0.2200  0.0100                     0.0 1 160Sn
  50 161  161.110317  102.760000 -0.1100  0.0300                     2.5-1 161Sn
  50 162  162.117231  109.200000 -0.1300  0.0100                     0.0 1 162Sn
  50 163  163.125980  117.350000 -0.1100 -0.0100                     6.5 1 163Sn
  50 164  164.133162  124.040000  0.0700 -0.0100                     0.0 1 164Sn
  50 165  165.141837  132.120000  0.0800  0.0000                     6.5 1 165Sn
  50 166  166.148815  138.620000  0.0600 -0.0100                     0.0 1 166Sn
  50 167  167.157382  146.600000  0.0700  0.0100                     6.5 1 167Sn
  50 168  168.164692  153.410000 -0.0400  0.0200                     0.0 1 168Sn
  50 169  169.173453  161.570000 -0.0600  0.0000                     6.5 1 169Sn
  50 170  170.181354  168.930000  0.0000  0.0000                     0.0 1 170Sn
  50 171  171.190093  177.070000  0.0000  0.0000                     6.5 1 171Sn
  50 172  172.197393  183.870000  0.0000  0.0000                     0.0 1 172Sn
  50 173  173.206464  192.320000  0.0000  0.0000                     6.5 1 173Sn
  50 174  174.213796  199.150000  0.0000  0.0000                     0.0 1 174Sn
  50 175  175.223394  208.090000  0.0000  0.0000                     6.5 1 175Sn
  50 176  176.230651  214.850000  0.0000  0.0000                     0.0 1 176Sn
  50 177  177.240034  223.590000  0.0000  0.0000                     0.5 1 177Sn
  50 178  178.249406  232.320000  0.0000  0.0000                     0.0 1 178Sn
