  54  98   98.045550   42.430000  0.1700  0.0500                     0.0 1  98Xe
  54  99   99.036071   33.600000  0.1800  0.0600                     2.5 1  99Xe
  54 100  100.022791   21.230000  0.1500  0.0400                     0.0 1 100Xe
  54 101  101.014139   13.170000  0.1700  0.0300                     3.5 1 101Xe
  54 102  102.001428    1.330000  0.1300  0.0500                     0.0 1 102Xe
  54 103  102.993376   -6.170000  0.0900  0.0000                     4.5 1 103Xe
  54 104  103.982297  -16.490000  0.0600  0.0000                     0.0 1 104Xe
  54 105  104.975985  -22.370000 -0.1000  0.0300                     2.5 1 105Xe
  54 106  105.967107  -30.640000  0.1500  0.0400                     0.0 1 106Xe
  54 107  106.961846  -35.540000  0.2000  0.0700                     0.5 1 107Xe
  54 108  107.953805  -43.030000  0.1900  0.0800                     0.0 1 108Xe
  54 109  108.949758  -46.800000  0.2300  0.0900                     1.5 1 109Xe
  54 110  109.942823  -53.260000  0.2200  0.0800                     0.0 1 110Xe
  54 111  110.939602  -56.260000  0.2300  0.0500                     1.5 1 111Xe
  54 112  111.934181  -61.310000  0.2500  0.0800                     0.0 1 112Xe
  54 113  112.932152  -63.200000  0.2900  0.0800                     1.5 1 113Xe
  54 114  113.926913  -68.080000  0.2700  0.0700                     0.0 1 114Xe
  54 115  114.924927  -69.930000  0.2900  0.0900                     1.5 1 115Xe
  54 116  115.920633  -73.930000  0.3000  0.0700                     0.0 1 116Xe
  54 117  116.919527  -74.960000  0.3200  0.1000                     2.5 1 117Xe
  54 118  117.915501  -78.710000  0.3300  0.1000                     0.0 1 118Xe
  54 119  118.914439  -79.700000  0.3300  0.0900                     2.5 1 119Xe
  54 120  119.911250  -82.670000  0.3300  0.0800                     0.0 1 120Xe
  54 121  120.910746  -83.140000  0.3100  0.0700                     0.5 1 121Xe
  54 122  121.907879  -85.810000  0.3000  0.0500                     0.0 1 122Xe
  54 123  122.908029  -85.670000  0.3000  0.0400                     3.5-1 123Xe
  54 124  123.905539  -87.990000  0.2600  0.0400                     0.0 1 124Xe
  54 125  124.906398  -87.190000  0.2300  0.0400                     3.5-1 125Xe
  54 126  125.904197  -89.240000  0.2200  0.0600                     0.0 1 126Xe
  54 127  126.904948  -88.540000  0.2100  0.0400                     3.5 1 127Xe
  54 128  127.903445  -89.940000  0.1800  0.0300                     0.0 1 128Xe
  54 129  128.904197  -89.240000  0.1700  0.0300                     0.5 1 129Xe
  54 130  129.903317  -90.060000  0.1400  0.0200                     0.0 1 130Xe
  54 131  130.905066  -88.430000  0.1400  0.0100                     5.5-1 131Xe
  54 132  131.903789  -89.620000  0.1300  0.0200                     0.0 1 132Xe
  54 133  132.905743  -87.800000  0.0900  0.0100                     5.5-1 133Xe
  54 134  133.904841  -88.640000 -0.0800  0.0100                     0.0 1 134Xe
  54 135  134.906097  -87.470000  0.0700  0.0000                     5.5-1 135Xe
  54 136  135.907053  -86.580000  0.0000  0.0000                     0.0 1 136Xe
  54 137  136.910670  -83.210000 -0.0600  0.0100                     3.5-1 137Xe
  54 138  137.913633  -80.450000  0.0800  0.0100                     0.0 1 138Xe
  54 139  138.918539  -75.880000  0.1200  0.0600                     3.5-1 139Xe
  54 140  139.921352  -73.260000  0.1400  0.0500                     0.0 1 140Xe
  54 141  140.926301  -68.650000  0.1700  0.0800                     1.5-1 141Xe
  54 142  141.929264  -65.890000  0.1700  0.0900                     0.0 1 142Xe
  54 143  142.935104  -60.450000  0.2100  0.1000                     1.5-1 143Xe
  54 144  143.937971  -57.780000  0.2000  0.0900                     0.0 1 144Xe
  54 145  144.943596  -52.540000  0.2100  0.0800                     2.5-1 145Xe
  54 146  145.947021  -49.350000  0.2200  0.1100                     0.0 1 146Xe
  54 147  146.953011  -43.770000  0.2300  0.0700                     2.5-1 147Xe
  54 148  147.956661  -40.370000  0.2500  0.1000                     0.0 1 148Xe
  54 149  148.962447  -34.980000  0.2500  0.1200                     2.5-1 149Xe
  54 150  149.966677  -31.040000  0.2700  0.1100                     0.0 1 150Xe
  54 151  150.973108  -25.050000  0.3000  0.1300                     0.5-1 151Xe
  54 152  151.977134  -21.300000  0.3000  0.1100                     0.0 1 152Xe
  54 153  152.983306  -15.550000  0.3100  0.1000                     2.5 1 153Xe
  54 154  153.988116  -11.070000  0.3000  0.0800                     0.0 1 154Xe
  54 155  154.994224   -5.380000  0.3100  0.0700                     2.5-1 155Xe
  54 156  155.999817   -0.170000  0.3300  0.0700                     0.0 1 156Xe
  54 157  157.006259    5.830000  0.3500  0.0800                     3.5 1 157Xe
  54 158  158.011809   11.000000  0.3100  0.0400                     0.0 1 158Xe
  54 159  159.018862   17.570000  0.3100  0.0500                     0.5-1 159Xe
  54 160  160.024552   22.870000  0.3000  0.0300                     0.0 1 160Xe
  54 161  161.031723   29.550000  0.2700  0.0200                     0.5-1 161Xe
  54 162  162.037853   35.260000  0.2800  0.0100                     0.0 1 162Xe
  54 163  163.045261   42.160000  0.2700  0.0100                     1.5-1 163Xe
  54 164  164.051637   48.100000  0.2700  0.0200                     0.0 1 164Xe
  54 165  165.058830   54.800000  0.2300  0.0000                     3.5-1 165Xe
  54 166  166.065637   61.140000  0.2500 -0.0100                     0.0 1 166Xe
  54 167  167.073817   68.760000  0.2300  0.0000                     4.5 1 167Xe
  54 168  168.080226   74.730000  0.2000  0.0100                     0.0 1 168Xe
  54 169  169.088106   82.070000  0.1800 -0.0100                     1.5-1 169Xe
  54 170  170.095180   88.660000  0.1600  0.0000                     0.0 1 170Xe
  54 171  171.103339   96.260000  0.1400  0.0000                     6.5 1 171Xe
  54 172  172.109920  102.390000  0.1200 -0.0100                     0.0 1 172Xe
  54 173  173.117875  109.800000  0.1100 -0.0100                     6.5 1 173Xe
  54 174  174.124477  115.950000  0.1000 -0.0100                     0.0 1 174Xe
  54 175  175.132647  123.560000  0.0800 -0.0300                     6.5 1 175Xe
  54 176  176.139067  129.540000  0.0700 -0.0100                     0.0 1 176Xe
  54 177  177.147129  137.050000  0.0600 -0.0100                     6.5 1 177Xe
  54 178  178.154236  143.670000  0.0000  0.0000                     0.0 1 178Xe
  54 179  179.162631  151.490000  0.0000  0.0000                     6.5 1 179Xe
  54 180  180.168514  156.970000  0.0000  0.0000                     0.0 1 180Xe
  54 181  181.178810  166.560000  0.0000  0.0000                     0.5 1 181Xe
  54 182  182.187226  174.400000  0.0000  0.0000                     0.0 1 182Xe
  54 183  183.196394  182.940000  0.0500  0.0300                     1.5-1 183Xe
  54 184  184.205423  191.350000  0.0800  0.0500                     0.0 1 184Xe
  54 185  185.214795  200.080000  0.0700  0.0300                     1.5-1 185Xe
  54 186  186.223866  208.530000  0.0900  0.0500                     0.0 1 186Xe
