  55 108  107.973763  -24.440000  0.2200  0.0700                     2.0 1 108Cs
  55 109  108.965217  -32.400000  0.2300  0.0900                     1.5 1 109Cs
  55 110  109.960279  -37.000000  0.2400  0.0800                     3.0 1 110Cs
  55 111  110.952968  -43.810000  0.2600  0.0800                     1.5 1 111Cs
  55 112  111.949339  -47.190000  0.2600  0.0700                     1.0-1 112Cs
  55 113  112.942834  -53.250000  0.2500  0.0700                     1.5 1 113Cs
  55 114  113.940107  -55.790000  0.2900  0.0800                     0.0 1 114Cs
  55 115  114.934728  -60.800000  0.3200  0.0900                     1.5 1 115Cs
  55 116  115.932173  -63.180000  0.3100  0.0900                     0.0 1 116Cs
  55 117  116.927353  -67.670000  0.3500  0.1200                     4.5 1 117Cs
  55 118  117.925840  -69.080000  0.3400  0.1100                     2.0-1 118Cs
  55 119  118.921395  -73.220000  0.3600  0.1500                     0.5-1 119Cs
  55 120  119.919742  -74.760000  0.3400  0.0900                     7.0 1 120Cs
  55 121  120.916156  -78.100000  0.3300  0.0800                     4.5 1 121Cs
  55 122  121.914997  -79.180000  0.3300  0.0800                     4.0 1 122Cs
  55 123  122.912248  -81.740000  0.3100  0.0700                     4.5 1 123Cs
  55 124  123.911916  -82.050000  0.3200  0.0400                     1.0-1 124Cs
  55 125  124.909103  -84.670000  0.3100  0.0500                     4.5 1 125Cs
  55 126  125.909114  -84.660000  0.3000  0.0300                     7.0 1 126Cs
  55 127  126.907267  -86.380000  0.2600  0.0200                     0.5 1 127Cs
  55 128  127.907514  -86.150000  0.2400  0.0200                     4.0 1 128Cs
  55 129  128.905872  -87.680000  0.2200  0.0300                     0.5 1 129Cs
  55 130  129.906365  -87.220000  0.1900  0.0100                     0.0 1 130Cs
  55 131  130.905227  -88.280000  0.1700  0.0200                     0.5 1 131Cs
  55 132  131.906505  -87.090000  0.1600  0.0100                     2.0-1 132Cs
  55 133  132.905013  -88.480000  0.1300  0.0000                     3.5 1 133Cs
  55 134  133.906387  -87.200000  0.1100  0.0000                     2.0-1 134Cs
  55 135  134.905507  -88.020000  0.0900  0.0100                     3.5 1 135Cs
  55 136  135.906430  -87.160000  0.0700  0.0000                     2.0-1 136Cs
  55 137  136.907010  -86.620000  0.0000  0.0000                     3.5 1 137Cs
  55 138  137.911722  -82.230000  0.0000  0.0000                     1.0-1 138Cs
  55 139  138.912957  -81.080000  0.0800  0.0200                     3.5 1 139Cs
  55 140  139.917251  -77.080000  0.1300  0.0600                     1.0-1 140Cs
  55 141  140.919602  -74.890000  0.1500  0.0700                     3.5 1 141Cs
  55 142  141.924111  -70.690000  0.1700  0.0800                     1.0-1 142Cs
  55 143  142.926741  -68.240000  0.1800  0.0900                     0.5 1 143Cs
  55 144  143.931626  -63.690000  0.1900  0.0700                     1.0-1 144Cs
  55 145  144.934471  -61.040000  0.2100  0.0900                     0.5 1 145Cs
  55 146  145.939495  -56.360000  0.2100  0.1000                     2.0-1 146Cs
  55 147  146.942769  -53.310000  0.2500  0.1000                     0.5 1 147Cs
  55 148  147.948030  -48.410000  0.2700  0.1300                     2.0 1 148Cs
  55 149  148.951594  -45.090000  0.2800  0.1100                     0.5 1 149Cs
  55 150  149.957005  -40.050000  0.2800  0.1000                     3.0-1 150Cs
  55 151  150.960837  -36.480000  0.2700  0.1100                     0.5 1 151Cs
  55 152  151.967214  -30.540000  0.2800  0.0700                     1.0-1 152Cs
  55 153  152.970617  -27.370000  0.2900  0.1000                     0.5 1 153Cs
  55 154  153.976565  -21.830000  0.3300  0.1200                     1.0-1 154Cs
  55 155  154.980998  -17.700000  0.3100  0.0800                     4.5 1 155Cs
  55 156  155.987096  -12.020000  0.3300  0.0900                     2.0-1 156Cs
  55 157  156.991863   -7.580000  0.3200  0.0700                     4.5 1 157Cs
  55 158  157.998164   -1.710000  0.3300  0.0600                     1.0 1 158Cs
  55 159  159.003478    3.240000  0.3100  0.0400                     4.5 1 159Cs
  55 160  160.010145    9.450000  0.3000  0.0300                     8.0-1 160Cs
  55 161  161.015663   14.590000  0.3100  0.0300                     4.5 1 161Cs
  55 162  162.022501   20.960000  0.3000  0.0200                     4.0-1 162Cs
  55 163  163.028427   26.480000  0.3000  0.0200                     0.5 1 163Cs
  55 164  164.035599   33.160000  0.2700  0.0200                     2.0-1 164Cs
  55 165  165.041471   38.630000  0.2600  0.0000                     0.5 1 165Cs
  55 166  166.048717   45.380000  0.2400  0.0100                     4.0-1 166Cs
  55 167  167.055116   51.340000  0.2500 -0.0100                     0.5 1 167Cs
  55 168  168.063189   58.860000  0.2500  0.0100                     3.0-1 168Cs
  55 169  169.069437   64.680000  0.2100 -0.0100                     0.5 1 169Cs
  55 170  170.077209   71.920000  0.1900 -0.0100                     1.0-1 170Cs
  55 171  171.083876   78.130000  0.1800 -0.0100                     0.5 1 171Cs
  55 172  172.091981   85.680000  0.1500 -0.0100                     3.0 1 172Cs
  55 173  173.098262   91.530000  0.1400 -0.0100                     3.5 1 173Cs
  55 174  174.106388   99.100000  0.1200  0.0000                     3.0 1 174Cs
  55 175  175.112636  104.920000  0.1100 -0.0100                     3.5 1 175Cs
  55 176  176.120409  112.160000  0.1000 -0.0100                     6.0-1 176Cs
  55 177  177.127118  118.410000  0.0600 -0.0100                     3.5 1 177Cs
  55 178  178.135911  126.600000  0.0000  0.0000                     3.0 1 178Cs
  55 179  179.141525  131.830000  0.0000  0.0000                     3.5 1 179Cs
  55 180  180.149759  139.500000  0.0000  0.0000                     4.0-1 180Cs
  55 181  181.155213  144.580000  0.0000  0.0000                     3.5 1 181Cs
  55 182  182.165798  154.440000  0.0000  0.0000                     3.0 1 182Cs
  55 183  183.173861  161.950000  0.0000  0.0000                     3.5 1 183Cs
  55 184  184.183447  170.880000  0.0000  0.0000                     2.0-1 184Cs
  55 185  185.191875  178.730000  0.0800  0.0500                     3.5 1 185Cs
  55 186  186.201225  187.440000  0.0800  0.0400                     2.0-1 186Cs
  55 187  187.210329  195.920000  0.1200  0.0400                     3.5 1 187Cs
  55 188  188.219454  204.420000  0.1300  0.0700                     4.0-1 188Cs
