  56 110  109.974106  -24.120000  0.2400  0.0700                     0.0 1 110Ba
  56 111  110.968567  -29.280000  0.2400  0.0800                     1.5 1 111Ba
  56 112  111.960590  -36.710000  0.2700  0.0900                     0.0 1 112Ba
  56 113  112.955802  -41.170000  0.2400  0.0500                     1.5 1 113Ba
  56 114  113.949017  -47.490000  0.2800  0.0700                     0.0 1 114Ba
  56 115  114.945797  -50.490000  0.2900  0.0700                     1.5 1 115Ba
  56 116  115.939817  -56.060000  0.3300  0.1200                     0.0 1 116Ba
  56 117  116.937026  -58.660000  0.3200  0.0700                     1.5 1 117Ba
  56 118  117.931991  -63.350000  0.3600  0.1600                     0.0 1 118Ba
  56 119  118.929908  -65.290000  0.3700  0.1400                     2.5-1 119Ba
  56 120  119.925002  -69.860000  0.3400  0.1000                     0.0 1 120Ba
  56 121  120.923252  -71.490000  0.3500  0.1000                     2.5 1 121Ba
  56 122  121.919345  -75.130000  0.3500  0.0900                     0.0 1 122Ba
  56 123  122.918110  -76.280000  0.3500  0.0800                     0.5 1 123Ba
  56 124  123.914557  -79.590000  0.3300  0.0700                     0.0 1 124Ba
  56 125  124.913934  -80.170000  0.3200  0.0400                     3.5-1 125Ba
  56 126  125.910810  -83.080000  0.3100  0.0400                     0.0 1 126Ba
  56 127  126.910370  -83.490000  0.2900  0.0400                     2.5 1 127Ba
  56 128  127.908072  -85.630000  0.2400  0.0200                     0.0 1 128Ba
  56 129  128.908126  -85.580000  0.2300  0.0200                     3.5 1 129Ba
  56 130  129.906151  -87.420000  0.2100  0.0200                     0.0 1 130Ba
  56 131  130.906849  -86.770000  0.2000  0.0000                     0.5 1 131Ba
  56 132  131.904862  -88.620000  0.1700  0.0100                     0.0 1 132Ba
  56 133  132.906119  -87.450000  0.1500  0.0100                     5.5-1 133Ba
  56 134  133.904272  -89.170000  0.1300  0.0100                     0.0 1 134Ba
  56 135  134.905550  -87.980000  0.1200  0.0100                     5.5-1 135Ba
  56 136  135.904261  -89.180000  0.1000  0.0000                     0.0 1 136Ba
  56 137  136.905045  -88.450000  0.0700 -0.0200                     5.5-1 137Ba
  56 138  137.905378  -88.140000  0.0000  0.0000                     0.0 1 138Ba
  56 139  138.908190  -85.520000 -0.0600  0.0100                     3.5-1 139Ba
  56 140  139.910284  -83.570000  0.1000  0.0200                     0.0 1 140Ba
  56 141  140.914331  -79.800000  0.1300  0.0500                     3.5-1 141Ba
  56 142  141.916306  -77.960000  0.1600  0.0700                     0.0 1 142Ba
  56 143  142.920440  -74.110000  0.1800  0.0800                     1.5-1 143Ba
  56 144  143.922716  -71.990000  0.1800  0.0700                     0.0 1 144Ba
  56 145  144.927267  -67.750000  0.2000  0.0600                     1.5-1 145Ba
  56 146  145.929661  -65.520000  0.2200  0.0900                     0.0 1 146Ba
  56 147  146.934482  -61.030000  0.2400  0.1000                     1.5-1 147Ba
  56 148  147.937230  -58.470000  0.2500  0.1100                     0.0 1 148Ba
  56 149  148.942297  -53.750000  0.2500  0.0700                     1.5 1 149Ba
  56 150  149.945281  -50.970000  0.2700  0.1100                     0.0 1 150Ba
  56 151  150.950327  -46.270000  0.2800  0.1100                     2.5-1 151Ba
  56 152  151.953827  -43.010000  0.3000  0.1100                     0.0 1 152Ba
  56 153  152.959613  -37.620000  0.2800  0.0800                     0.5-1 153Ba
  56 154  153.962973  -34.490000  0.3000  0.1100                     0.0 1 154Ba
  56 155  154.968910  -28.960000  0.3100  0.1000                     0.5-1 155Ba
  56 156  155.972839  -25.300000  0.3300  0.0900                     0.0 1 156Ba
  56 157  156.978282  -20.230000  0.3200  0.0900                     2.5-1 157Ba
  56 158  157.983092  -15.750000  0.3200  0.0800                     0.0 1 158Ba
  56 159  158.989458   -9.820000  0.3500  0.1000                     3.5 1 159Ba
  56 160  159.994181   -5.420000  0.3100  0.0400                     0.0 1 160Ba
  56 161  161.000666    0.620000  0.3000  0.0300                     3.5-1 161Ba
  56 162  162.005733    5.340000  0.3000  0.0300                     0.0 1 162Ba
  56 163  163.012163   11.330000  0.2900  0.0300                     0.5-1 163Ba
  56 164  164.018036   16.800000  0.2800  0.0200                     0.0 1 164Ba
  56 165  165.024981   23.270000  0.2800  0.0000                     1.5-1 165Ba
  56 166  166.030671   28.570000  0.2600  0.0000                     0.0 1 166Ba
  56 167  167.037724   35.140000  0.2400  0.0000                     3.5-1 167Ba
  56 168  168.043897   40.890000  0.2500 -0.0100                     0.0 1 168Ba
  56 169  169.051380   47.860000  0.2500 -0.0100                     3.5-1 169Ba
  56 170  170.057510   53.570000  0.2100 -0.0200                     0.0 1 170Ba
  56 171  171.065046   60.590000  0.2100 -0.0200                     1.5-1 171Ba
  56 172  172.071541   66.640000  0.1900 -0.0200                     0.0 1 172Ba
  56 173  173.079464   74.020000  0.1500 -0.0200                     6.5 1 173Ba
  56 174  174.085669   79.800000  0.1600 -0.0100                     0.0 1 174Ba
  56 175  175.093259   86.870000  0.1500 -0.0100                     2.5-1 175Ba
  56 176  176.099636   92.810000  0.1100 -0.0100                     0.0 1 176Ba
  56 177  177.107269   99.920000  0.1000 -0.0100                     2.5-1 177Ba
  56 178  178.113645  105.860000  0.0600 -0.0100                     0.0 1 178Ba
  56 179  179.121504  113.180000  0.0700 -0.0200                     2.5-1 179Ba
  56 180  180.127956  119.190000  0.0000  0.0000                     0.0 1 180Ba
  56 181  181.135846  126.540000  0.0000  0.0000                     0.5-1 181Ba
  56 182  182.141139  131.470000  0.0000  0.0000                     0.0 1 182Ba
  56 183  183.151949  141.540000  0.0000  0.0000                     0.5 1 183Ba
  56 184  184.159572  148.640000  0.0000  0.0000                     0.0 1 184Ba
  56 185  185.168708  157.150000  0.0500  0.0300                     1.5-1 185Ba
  56 186  186.177543  165.380000  0.0800  0.0200                     0.0 1 186Ba
  56 187  187.186668  173.880000  0.1000  0.0300                     1.5-1 187Ba
  56 188  188.195696  182.290000  0.1200  0.0900                     0.0 1 188Ba
  56 189  189.204703  190.680000  0.1200  0.0500                     0.5-1 189Ba
  56 190  190.214140  199.470000  0.1600  0.0500                     0.0 1 190Ba
