  60 118  117.987955  -11.220000  0.3900  0.1900                     0.0 1 118Nd
  60 119  118.981889  -16.870000  0.4300  0.2000                     4.5 1 119Nd
  60 120  119.973408  -24.770000  0.4100  0.1700                     0.0 1 120Nd
  60 121  120.968202  -29.620000  0.4100  0.1700                     1.5 1 121Nd
  60 122  121.960644  -36.660000  0.4100  0.1800                     0.0 1 122Nd
  60 123  122.956425  -40.590000  0.4100  0.1500                     2.5-1 123Nd
  60 124  123.950338  -46.260000  0.3900  0.1300                     0.0 1 124Nd
  60 125  124.947010  -49.360000  0.3800  0.1200                     2.5 1 125Nd
  60 126  125.941760  -54.250000  0.3800  0.1000                     0.0 1 126Nd
  60 127  126.939087  -56.740000  0.3700  0.0800                     0.5 1 127Nd
  60 128  127.934417  -61.090000  0.3600  0.0800                     0.0 1 128Nd
  60 129  128.932571  -62.810000  0.3600  0.0700                     3.5-1 129Nd
  60 130  129.928319  -66.770000  0.3900  0.0800                     0.0 1 130Nd
  60 131  130.926613  -68.360000  0.3500  0.0700                     2.5 1 131Nd
  60 132  131.922930  -71.790000  0.2900  0.0200                     0.0 1 132Nd
  60 133  132.922061  -72.600000  0.2900 -0.0200                     3.5 1 133Nd
  60 134  133.918711  -75.720000  0.2800  0.0000                     0.0 1 134Nd
  60 135  134.918078  -76.310000  0.2100 -0.0100                     4.5-1 135Nd
  60 136  135.914846  -79.320000  0.2100 -0.0100                     0.0 1 136Nd
  60 137  136.914192  -79.930000  0.2000  0.0000                     0.5 1 137Nd
  60 138  137.911980  -81.990000  0.1700 -0.0100                     0.0 1 138Nd
  60 139  138.911905  -82.060000  0.1400  0.0000                     5.5-1 139Nd
  60 140  139.909919  -83.910000 -0.1000 -0.0100                     0.0 1 140Nd
  60 141  140.909371  -84.420000  0.0800 -0.0200                     5.5-1 141Nd
  60 142  141.908491  -85.240000  0.0000  0.0000                     0.0 1 142Nd
  60 143  142.909801  -84.020000 -0.0700  0.0100                     3.5-1 143Nd
  60 144  143.910509  -83.360000  0.0900  0.0100                     0.0 1 144Nd
  60 145  144.913161  -80.890000  0.1400  0.0300                     3.5-1 145Nd
  60 146  145.913601  -80.480000  0.1800  0.0600                     0.0 1 146Nd
  60 147  146.916435  -77.840000  0.1800  0.0700                     1.5-1 147Nd
  60 148  147.916908  -77.400000  0.2100  0.0900                     0.0 1 148Nd
  60 149  148.919763  -74.740000  0.2600  0.1400                     0.5 1 149Nd
  60 150  149.920536  -74.020000  0.2500  0.1100                     0.0 1 150Nd
  60 151  150.923821  -70.960000  0.3500  0.2000                     1.5 1 151Nd
  60 152  151.924734  -70.110000  0.3200  0.1800                     0.0 1 152Nd
  60 153  152.927901  -67.160000  0.3300  0.1800                     1.5-1 153Nd
  60 154  153.929790  -65.400000  0.3400  0.2100                     0.0 1 154Nd
  60 155  154.933494  -61.950000  0.3400  0.1800                     2.5 1 155Nd
  60 156  155.935394  -60.180000  0.3500  0.1800                     0.0 1 156Nd
  60 157  156.939527  -56.330000  0.3500  0.1700                     2.5-1 157Nd
  60 158  157.941964  -54.060000  0.3500  0.1500                     0.0 1 158Nd
  60 159  158.946312  -50.010000  0.3500  0.1400                     0.5-1 159Nd
  60 160  159.949350  -47.180000  0.3600  0.1300                     0.0 1 160Nd
  60 161  160.954374  -42.500000  0.3400  0.1100                     2.5-1 161Nd
  60 162  161.957445  -39.640000  0.3600  0.1100                     0.0 1 162Nd
  60 163  162.962598  -34.840000  0.3500  0.0800                     2.5-1 163Nd
  60 164  163.966291  -31.400000  0.3400  0.0900                     0.0 1 164Nd
  60 165  164.972077  -26.010000  0.3700  0.1300                     0.5 1 165Nd
  60 166  165.975963  -22.390000  0.3100  0.0400                     0.0 1 166Nd
  60 167  166.981889  -16.870000  0.3000  0.0100                     0.5-1 167Nd
  60 168  167.986141  -12.910000  0.3100  0.0300                     0.0 1 168Nd
  60 169  168.992571   -6.920000  0.2800  0.0000                     4.5 1 169Nd
  60 170  169.996758   -3.020000  0.2800 -0.0100                     0.0 1 170Nd
  60 171  171.002909    2.710000  0.2600 -0.0300                     1.5-1 171Nd
  60 172  172.007933    7.390000  0.2600 -0.0200                     0.0 1 172Nd
  60 173  173.014310   13.330000  0.2400 -0.0300                     3.5-1 173Nd
  60 174  174.019657   18.310000  0.2400 -0.0300                     0.0 1 174Nd
  60 175  175.026559   24.740000  0.2300 -0.0300                     5.5 1 175Nd
  60 176  176.031766   29.590000  0.2000 -0.0500                     0.0 1 176Nd
  60 177  177.038594   35.950000  0.2000 -0.0500                     1.5-1 177Nd
  60 178  178.044370   41.330000  0.1700 -0.0400                     0.0 1 178Nd
  60 179  179.051970   48.410000  0.1300 -0.0200                     2.5-1 179Nd
  60 180  180.056898   53.000000 -0.1300 -0.0100                     0.0 1 180Nd
  60 181  181.064456   60.040000  0.0800 -0.0200                     2.5-1 181Nd
  60 182  182.069630   64.860000  0.0600 -0.0100                     0.0 1 182Nd
  60 183  183.076522   71.280000  0.0500 -0.0100                     2.5-1 183Nd
  60 184  184.081890   76.280000  0.0000  0.0000                     0.0 1 184Nd
  60 185  185.088524   82.460000  0.0000  0.0000                     0.5-1 185Nd
  60 186  186.093076   86.700000  0.0000  0.0000                     0.0 1 186Nd
  60 187  187.102523   95.500000  0.0000  0.0000                     0.5 1 187Nd
  60 188  188.110156  102.610000  0.0000  0.0000                     0.0 1 188Nd
  60 189  189.119485  111.300000  0.0000  0.0000                     4.5 1 189Nd
  60 190  190.126925  118.230000  0.0700  0.0200                     0.0 1 190Nd
  60 191  191.136050  126.730000  0.0900  0.0300                     4.5 1 191Nd
  60 192  192.144016  134.150000  0.1100  0.0300                     0.0 1 192Nd
  60 193  193.153206  142.710000  0.1300  0.0300                     4.5 1 193Nd
  60 194  194.161118  150.080000  0.1300  0.0400                     0.0 1 194Nd
  60 195  195.170210  158.550000  0.1400  0.0700                     4.5 1 195Nd
  60 196  196.178262  166.050000  0.1800  0.0600                     0.0 1 196Nd
  60 197  197.186818  174.020000  0.2000  0.0800                     0.5 1 197Nd
  60 198  198.195160  181.790000  0.2200  0.1100                     0.0 1 198Nd
