  61 120  119.994010   -5.580000  0.4300  0.1800                     7.0-1 120Pm
  61 121  120.984831  -14.130000  0.3700  0.1300                     1.5 1 121Pm
  61 122  121.979152  -19.420000  0.3900  0.1400                     3.0 1 122Pm
  61 123  122.971304  -26.730000  0.3900  0.1400                     1.5 1 123Pm
  61 124  123.966462  -31.240000  0.4300  0.1700                     4.0-1 124Pm
  61 125  124.959667  -37.570000  0.3600  0.1000                     1.5 1 125Pm
  61 126  125.955770  -41.200000  0.3600  0.1000                     1.0 1 126Pm
  61 127  126.950059  -46.520000  0.3600  0.0900                     1.5 1 127Pm
  61 128  127.947139  -49.240000  0.3600  0.0800                     2.0 1 128Pm
  61 129  128.941868  -54.150000  0.3600  0.0800                     1.5 1 129Pm
  61 130  129.940064  -55.830000  0.3700  0.0700                     5.0-1 130Pm
  61 131  130.935244  -60.320000  0.3700  0.0700                     1.5 1 131Pm
  61 132  131.932882  -62.520000  0.3400  0.0600                     4.0 1 132Pm
  61 133  132.930295  -64.930000  0.4400  0.1100                     2.5-1 133Pm
  61 134  133.928234  -66.850000  0.3600  0.0800                     4.0 1 134Pm
  61 135  134.924562  -70.270000  0.2700 -0.0100                     0.5-1 135Pm
  61 136  135.923617  -71.150000  0.2600  0.0100                     6.0-1 136Pm
  61 137  136.920085  -74.440000  0.2300 -0.0100                     0.5-1 137Pm
  61 138  137.919205  -75.260000  0.2100  0.0000                     1.0-1 138Pm
  61 139  138.916972  -77.340000 -0.1600  0.0100                     1.5 1 139Pm
  61 140  139.916489  -77.790000  0.1800  0.0000                     2.0-1 140Pm
  61 141  140.913741  -80.350000  0.0800  0.0200                     2.5 1 141Pm
  61 142  141.912925  -81.110000  0.0800  0.0000                     8.0-1 142Pm
  61 143  142.911508  -82.430000  0.0000  0.0000                     2.5 1 143Pm
  61 144  143.912560  -81.450000 -0.0700  0.0100                     6.0-1 144Pm
  61 145  144.912871  -81.160000  0.0900  0.0100                     2.5 1 145Pm
  61 146  145.915469  -78.740000  0.1200  0.0500                     6.0-1 146Pm
  61 147  146.915469  -78.740000  0.1700  0.0700                     0.5-1 147Pm
  61 148  147.917724  -76.640000  0.2100  0.0800                     3.0-1 148Pm
  61 149  148.917970  -76.410000  0.2100  0.0900                     1.5-1 149Pm
  61 150  149.920708  -73.860000  0.2500  0.1000                     3.0 1 150Pm
  61 151  150.921116  -73.480000  0.2500  0.0900                     1.5-1 151Pm
  61 152  151.923564  -71.200000  0.3400  0.1800                     1.0 1 152Pm
  61 153  152.924315  -70.500000  0.3200  0.1700                     2.5 1 153Pm
  61 154  153.927149  -67.860000  0.3200  0.1600                     1.0-1 154Pm
  61 155  154.928480  -66.620000  0.3400  0.1800                     2.5 1 155Pm
  61 156  155.932034  -63.310000  0.3400  0.1600                     0.0 1 156Pm
  61 157  156.933623  -61.830000  0.3500  0.1800                     2.5 1 157Pm
  61 158  157.937230  -58.470000  0.3400  0.1500                     0.0-1 158Pm
  61 159  158.939463  -56.390000  0.3600  0.1600                     2.5 1 159Pm
  61 160  159.943607  -52.530000  0.3700  0.1300                     2.0-1 160Pm
  61 161  160.946205  -50.110000  0.3700  0.1300                     2.5 1 161Pm
  61 162  161.950875  -45.760000  0.3600  0.1100                     6.0 1 162Pm
  61 163  162.953752  -43.080000  0.3700  0.1100                     2.5 1 163Pm
  61 164  163.958443  -38.710000  0.3600  0.1000                     5.0-1 164Pm
  61 165  164.961943  -35.450000  0.3600  0.1000                     2.5 1 165Pm
  61 166  165.967396  -30.370000  0.3700  0.0900                     2.0 1 166Pm
  61 167  166.970971  -27.040000  0.3400  0.0700                     2.5 1 167Pm
  61 168  167.976468  -21.920000  0.3200  0.0300                     2.0-1 168Pm
  61 169  168.980698  -17.980000  0.2900 -0.0100                     1.5-1 169Pm
  61 170  169.986473  -12.600000  0.3200  0.0100                     3.0-1 170Pm
  61 171  170.990585   -8.770000  0.2800 -0.0300                     1.5 1 171Pm
  61 172  171.996747   -3.030000  0.2700 -0.0100                     0.0-1 172Pm
  61 173  173.001481    1.380000  0.2600 -0.0100                     1.5 1 173Pm
  61 174  174.007730    7.200000  0.2700 -0.0200                     2.0-1 174Pm
  61 175  175.012560   11.700000  0.2600 -0.0400                     0.5-1 175Pm
  61 176  176.019345   18.020000  0.2300 -0.0400                     5.0-1 176Pm
  61 177  177.024380   22.710000  0.2300 -0.0400                     0.5-1 177Pm
  61 178  178.031251   29.110000  0.2000 -0.0200                     1.0 1 178Pm
  61 179  179.036941   34.410000 -0.1600  0.0100                     5.5-1 179Pm
  61 180  180.043897   40.890000  0.1600 -0.0300                     0.0-1 180Pm
  61 181  181.048599   45.270000 -0.1300 -0.0100                     2.5 1 181Pm
  61 182  182.055288   51.500000 -0.1200 -0.0100                     0.0-1 182Pm
  61 183  183.060204   56.080000 -0.0900 -0.0200                     2.5 1 183Pm
  61 184  184.067182   62.580000  0.0600 -0.0100                     0.0-1 184Pm
  61 185  185.072486   67.520000  0.0000  0.0000                     2.5 1 185Pm
  61 186  186.078852   73.450000  0.0000  0.0000                     2.0-1 186Pm
  61 187  187.083189   77.490000  0.0000  0.0000                     2.5 1 187Pm
  61 188  188.092443   86.110000  0.0000  0.0000                     3.0 1 188Pm
  61 189  189.099872   93.030000  0.0000  0.0000                     2.5 1 189Pm
  61 190  190.109018  101.550000  0.0000  0.0000                     7.0 1 190Pm
  61 191  191.116211  108.250000  0.0700  0.0400                     2.5 1 191Pm
  61 192  192.125326  116.740000  0.0900  0.0400                     7.0 1 192Pm
  61 193  193.133109  123.990000  0.1100  0.0300                     2.5 1 193Pm
  61 194  194.142019  132.290000  0.1300  0.0500                     7.0 1 194Pm
  61 195  195.149749  139.490000  0.1400  0.0600                     2.5 1 195Pm
  61 196  196.158885  148.000000  0.1500  0.0300                     7.0 1 196Pm
  61 197  197.166603  155.190000  0.1800  0.0500                     0.5-1 197Pm
  61 198  198.174773  162.800000  0.2300  0.1100                     4.0-1 198Pm
  61 199  199.182986  170.450000  0.2700  0.1600                     1.5-1 199Pm
  61 200  200.191349  178.240000  0.2900  0.2000                     3.0 1 200Pm
