  62 122  121.994289   -5.320000  0.4200  0.2000                     0.0 1 122Sm
  62 123  122.988041  -11.140000  0.3900  0.1300                     1.5 1 123Sm
  62 124  123.979538  -19.060000  0.4000  0.1500                     0.0 1 124Sm
  62 125  124.974063  -24.160000  0.4000  0.1600                     2.5-1 125Sm
  62 126  125.966946  -30.790000  0.4000  0.1300                     0.0 1 126Sm
  62 127  126.962555  -34.880000  0.3900  0.1200                     2.5 1 127Sm
  62 128  127.956371  -40.640000  0.3800  0.0900                     0.0 1 128Sm
  62 129  128.953075  -43.710000  0.3800  0.0800                     0.5 1 129Sm
  62 130  129.947482  -48.920000  0.3700  0.0800                     0.0 1 130Sm
  62 131  130.944992  -51.240000  0.3700  0.0700                     3.5-1 131Sm
  62 132  131.939946  -55.940000  0.3600  0.0700                     0.0 1 132Sm
  62 133  132.937906  -57.840000  0.3700  0.0600                     0.5-1 133Sm
  62 134  133.933816  -61.650000  0.3600  0.0800                     0.0 1 134Sm
  62 135  134.932120  -63.230000  0.3600  0.0800                     2.5 1 135Sm
  62 136  135.927987  -67.080000  0.2700 -0.0100                     0.0 1 136Sm
  62 137  136.926945  -68.050000  0.2600  0.0100                     4.5-1 137Sm
  62 138  137.923220  -71.520000  0.2300 -0.0100                     0.0 1 138Sm
  62 139  138.922071  -72.590000  0.2200 -0.0100                     0.5 1 139Sm
  62 140  139.919173  -75.290000  0.1900 -0.0100                     0.0 1 140Sm
  62 141  140.918529  -75.890000  0.1400  0.0000                     5.5-1 141Sm
  62 142  141.915673  -78.550000  0.1200  0.0000                     0.0 1 142Sm
  62 143  142.914696  -79.460000  0.0800 -0.0200                     5.5-1 143Sm
  62 144  143.913118  -80.930000  0.0000  0.0000                     0.0 1 144Sm
  62 145  144.913666  -80.420000 -0.0800  0.0200                     3.5-1 145Sm
  62 146  145.913601  -80.480000  0.1000  0.0000                     0.0 1 146Sm
  62 147  146.915823  -78.410000  0.1500  0.0300                     3.5-1 147Sm
  62 148  147.915576  -78.640000  0.1700  0.0700                     0.0 1 148Sm
  62 149  148.917584  -76.770000  0.2300  0.0900                     1.5-1 149Sm
  62 150  149.917294  -77.040000  0.2400  0.0900                     0.0 1 150Sm
  62 151  150.919516  -74.970000  0.2900  0.1100                     0.5 1 151Sm
  62 152  151.919602  -74.890000  0.2800  0.1200                     0.0 1 152Sm
  62 153  152.921986  -72.670000  0.3300  0.1700                     1.5 1 153Sm
  62 154  153.922318  -72.360000  0.3400  0.1600                     0.0 1 154Sm
  62 155  154.924659  -70.180000  0.3400  0.1800                     1.5-1 155Sm
  62 156  155.925657  -69.250000  0.3400  0.1600                     0.0 1 156Sm
  62 157  156.928888  -66.240000  0.3500  0.1800                     2.5 1 157Sm
  62 158  157.930112  -65.100000  0.3600  0.1700                     0.0 1 158Sm
  62 159  158.933548  -61.900000  0.3500  0.1500                     2.5-1 159Sm
  62 160  159.935373  -60.200000  0.3600  0.1400                     0.0 1 160Sm
  62 161  160.939259  -56.580000  0.3800  0.1400                     0.5-1 161Sm
  62 162  161.941481  -54.510000  0.3600  0.1300                     0.0 1 162Sm
  62 163  162.945765  -50.520000  0.3600  0.1200                     3.5 1 163Sm
  62 164  163.948277  -48.180000  0.3600  0.1100                     0.0 1 164Sm
  62 165  164.952914  -43.860000  0.3500  0.1000                     2.5-1 165Sm
  62 166  165.956060  -40.930000  0.3500  0.0800                     0.0 1 166Sm
  62 167  166.961492  -35.870000  0.3600  0.1000                     0.5 1 167Sm
  62 168  167.964605  -32.970000  0.3300  0.0400                     0.0 1 168Sm
  62 169  168.969823  -28.110000  0.3300  0.0300                     0.5-1 169Sm
  62 170  169.973644  -24.550000  0.3200  0.0300                     0.0 1 170Sm
  62 171  170.979227  -19.350000  0.3200  0.0000                     0.5-1 171Sm
  62 172  171.983339  -15.520000  0.2900 -0.0300                     0.0 1 172Sm
  62 173  172.988857  -10.380000  0.2800 -0.0100                     1.5-1 173Sm
  62 174  173.993376   -6.170000  0.2800 -0.0400                     0.0 1 174Sm
  62 175  174.999302   -0.650000  0.2700 -0.0400                     3.5-1 175Sm
  62 176  176.004079    3.800000  0.2600 -0.0400                     0.0 1 176Sm
  62 177  177.010671    9.940000  0.2300 -0.0400                     5.5 1 177Sm
  62 178  178.015717   14.640000  0.2100 -0.0300                     0.0 1 178Sm
  62 179  179.023146   21.560000 -0.2000  0.0400                     1.5 1 179Sm
  62 180  180.027493   25.610000 -0.1800  0.0200                     0.0 1 180Sm
  62 181  181.033967   31.640000  0.1500 -0.0400                     2.5-1 181Sm
  62 182  182.038701   36.050000 -0.1500  0.0100                     0.0 1 182Sm
  62 183  183.045347   42.240000 -0.1100 -0.0200                     2.5-1 183Sm
  62 184  184.050725   47.250000  0.0800 -0.0100                     0.0 1 184Sm
  62 185  185.056941   53.040000  0.0500 -0.0100                     2.5-1 185Sm
  62 186  186.062137   57.880000  0.0000  0.0000                     0.0 1 186Sm
  62 187  187.068256   63.580000  0.0000  0.0000                     0.5-1 187Sm
  62 188  188.072400   67.440000  0.0000  0.0000                     0.0 1 188Sm
  62 189  189.081461   75.880000  0.0000  0.0000                     4.5 1 189Sm
  62 190  190.088718   82.640000  0.0000  0.0000                     0.0 1 190Sm
  62 191  191.097682   90.990000  0.0000  0.0000                     4.5 1 191Sm
  62 192  192.104681   97.510000  0.0500  0.0000                     0.0 1 192Sm
  62 193  193.113613  105.830000  0.0700  0.0100                     4.5 1 193Sm
  62 194  194.121085  112.790000  0.0900  0.0400                     0.0 1 194Sm
  62 195  195.129963  121.060000  0.1400  0.0600                     4.5 1 195Sm
  62 196  196.137360  127.950000  0.1400  0.0500                     0.0 1 196Sm
  62 197  197.146560  136.520000  0.1100  0.0100                     4.5 1 197Sm
  62 198  198.153603  143.080000  0.2000  0.0900                     0.0 1 198Sm
  62 199  199.161558  150.490000  0.2100  0.1000                     0.5-1 199Sm
  62 200  200.169641  158.020000  0.2500  0.1300                     0.0 1 200Sm
  62 201  201.177650  165.480000  0.2700  0.1700                     2.5 1 201Sm
  62 202  202.185637  172.920000  0.3000  0.1700                     0.0 1 202Sm
