  63 124  124.000204    0.190000  0.3900  0.1400                     4.0-1 124Eu
  63 125  124.991336   -8.070000  0.4200  0.1400                     1.5 1 125Eu
  63 126  125.986183  -12.870000  0.3500  0.1000                     5.0 1 126Eu
  63 127  126.977509  -20.950000  0.3800  0.1000                     2.5-1 127Eu
  63 128  127.972582  -25.540000  0.4000  0.1200                     1.0 1 128Eu
  63 129  128.965743  -31.910000  0.3800  0.0900                     2.5-1 129Eu
  63 130  129.962029  -35.370000  0.4000  0.0800                     2.0 1 130Eu
  63 131  130.956060  -40.930000  0.3800  0.0700                     2.5-1 131Eu
  63 132  131.953086  -43.700000  0.3700  0.0600                     6.0 1 132Eu
  63 133  132.947675  -48.740000  0.3700  0.0600                     2.5-1 133Eu
  63 134  133.945271  -50.980000  0.3800  0.0800                     3.0 1 134Eu
  63 135  134.940880  -55.070000  0.3700  0.0700                     2.5-1 135Eu
  63 136  135.938754  -57.050000  0.3600  0.0700                     5.0 1 136Eu
  63 137  136.934943  -60.600000  0.2700 -0.0200                     1.5-1 137Eu
  63 138  137.933569  -61.880000  0.2500 -0.0100                     6.0 1 138Eu
  63 139  138.929575  -65.600000  0.2300 -0.0100                     1.5-1 139Eu
  63 140  139.928115  -66.960000  0.2200 -0.0100                     2.0-1 140Eu
  63 141  140.925067  -69.800000 -0.1600  0.0200                     2.5 1 141Eu
  63 142  141.924025  -70.770000  0.1700 -0.0100                     3.0-1 142Eu
  63 143  142.920472  -74.080000 -0.1100 -0.0100                     2.5 1 143Eu
  63 144  143.919237  -75.230000  0.0700 -0.0200                     8.0-1 144Eu
  63 145  144.917198  -77.130000  0.0000  0.0000                     2.5 1 145Eu
  63 146  145.917541  -76.810000 -0.0800  0.0100                     6.0-1 146Eu
  63 147  146.916951  -77.360000  0.0900  0.0000                     2.5 1 147Eu
  63 148  147.919098  -75.360000  0.1100  0.0100                     6.0-1 148Eu
  63 149  148.918411  -76.000000  0.1900  0.0900                     1.5-1 149Eu
  63 150  149.920064  -74.460000  0.2800  0.1100                     3.0-1 150Eu
  63 151  150.919366  -75.110000  0.2200  0.0900                     1.5 1 151Eu
  63 152  151.921116  -73.480000  0.2900  0.1200                     2.0 1 152Eu
  63 153  152.920923  -73.660000  0.3000  0.1300                     1.5 1 153Eu
  63 154  153.922962  -71.760000  0.3500  0.1800                     3.0 1 154Eu
  63 155  154.922930  -71.790000  0.3300  0.1700                     2.5-1 155Eu
  63 156  155.924991  -69.870000  0.3400  0.1700                     1.0 1 156Eu
  63 157  156.925764  -69.150000  0.3500  0.1700                     2.5-1 157Eu
  63 158  157.928545  -66.560000  0.3400  0.1500                     0.0-1 158Eu
  63 159  158.929393  -65.770000  0.3600  0.1700                     2.5-1 159Eu
  63 160  159.932463  -62.910000  0.3500  0.1400                     0.0 1 160Eu
  63 161  160.934160  -61.330000  0.3700  0.1400                     2.5 1 161Eu
  63 162  161.937337  -58.370000  0.3500  0.1300                     2.0 1 162Eu
  63 163  162.939613  -56.250000  0.3800  0.1300                     2.5 1 163Eu
  63 164  163.943532  -52.600000  0.3600  0.1100                     6.0-1 164Eu
  63 165  164.945636  -50.640000  0.3600  0.1100                     2.5-1 165Eu
  63 166  165.950145  -46.440000  0.3400  0.0600                     5.0 1 166Eu
  63 167  166.953011  -43.770000  0.3300  0.0500                     2.5-1 167Eu
  63 168  167.957735  -39.370000  0.3800  0.1000                     2.0-1 168Eu
  63 169  168.960848  -36.470000  0.3300  0.0400                     1.5 1 169Eu
  63 170  169.965872  -31.790000  0.3300  0.0400                     3.0 1 170Eu
  63 171  170.969468  -28.440000  0.3300  0.0100                     1.5 1 171Eu
  63 172  171.974654  -23.610000  0.3200  0.0000                     1.0-1 172Eu
  63 173  172.978207  -20.300000  0.3100  0.0000                     1.5 1 173Eu
  63 174  173.983779  -15.110000  0.2900 -0.0400                     0.0 1 174Eu
  63 175  174.987987  -11.190000  0.2800 -0.0400                     1.5-1 175Eu
  63 176  175.993612   -5.950000  0.2700 -0.0400                     2.0 1 176Eu
  63 177  176.998229   -1.650000  0.2400 -0.0600                     1.5-1 177Eu
  63 178  178.004444    4.140000  0.2400 -0.0600                     4.0-1 178Eu
  63 179  179.010038    9.350000 -0.2000  0.0300                     1.5 1 179Eu
  63 180  180.016135   15.030000 -0.1900  0.0200                     0.0 1 180Eu
  63 181  181.020505   19.100000 -0.1900  0.0300                     1.5 1 181Eu
  63 182  182.027107   25.250000 -0.1600  0.0100                     0.0-1 182Eu
  63 183  183.031251   29.110000 -0.1400  0.0000                     2.5 1 183Eu
  63 184  184.037714   35.130000 -0.1300 -0.0100                     0.0-1 184Eu
  63 185  185.042233   39.340000 -0.0900 -0.0300                     2.5 1 185Eu
  63 186  186.048771   45.430000  0.0600 -0.0100                     0.0-1 186Eu
  63 187  187.053903   50.210000  0.0000  0.0000                     2.5 1 187Eu
  63 188  188.059753   55.660000  0.0000  0.0000                     2.0-1 188Eu
  63 189  189.063726   59.360000  0.0000  0.0000                     2.5 1 189Eu
  63 190  190.072593   67.620000  0.0000  0.0000                     7.0 1 190Eu
  63 191  191.079668   74.210000  0.0000  0.0000                     2.5 1 191Eu
  63 192  192.088449   82.390000  0.0000  0.0000                     7.0 1 192Eu
  63 193  193.095170   88.650000  0.0600  0.0100                     2.5 1 193Eu
  63 194  194.104016   96.890000  0.0700  0.0300                     7.0 1 194Eu
  63 195  195.111412  103.780000  0.0800  0.0200                     2.5 1 195Eu
  63 196  196.120044  111.820000  0.1400  0.0600                     7.0 1 196Eu
  63 197  197.127172  118.460000  0.1600  0.0600                     2.5 1 197Eu
  63 198  198.135943  126.630000  0.2000  0.0700                     3.0-1 198Eu
  63 199  199.143050  133.250000  0.2100  0.1100                     1.5 1 199Eu
  63 200  200.150801  140.470000  0.2200  0.1100                     4.0 1 200Eu
  63 201  201.158584  147.720000  0.2400  0.1400                     1.5 1 201Eu
  63 202  202.166625  155.210000  0.2500  0.1200                     4.0 1 202Eu
  63 203  203.174290  162.350000  0.2800  0.1400                     1.5 1 203Eu
  63 204  204.182320  169.830000  0.2900  0.1400                     2.0 1 204Eu
  63 205  205.190254  177.220000  0.2800  0.1300                     1.5 1 205Eu
  63 206  206.198638  185.030000  0.3200  0.1800                     5.0 1 206Eu
  63 207  207.206389  192.250000  0.3200  0.1600                     2.5-1 207Eu
  63 208  208.214623  199.920000  0.3200  0.1600                     5.0-1 208Eu
  63 209  209.223136  207.850000  0.3400  0.1500                     2.5-1 209Eu
  63 210  210.231918  216.030000  0.3700  0.1900                     1.0 1 210Eu
  63 211  211.240367  223.900000  0.3500  0.1600                     2.5-1 211Eu
  63 212  212.248923  231.870000  0.3600  0.1800                     3.0 1 212Eu
