  64 126  126.001396    1.300000  0.4100  0.1400                     0.0 1 126Gd
  64 127  126.994847   -4.800000  0.4100  0.1300                     2.5-1 127Gd
  64 128  127.986634  -12.450000  0.3900  0.1000                     0.0 1 128Gd
  64 129  128.981073  -17.630000  0.4000  0.1100                     2.5 1 129Gd
  64 130  129.973666  -24.530000  0.3800  0.0800                     0.0 1 130Gd
  64 131  130.969254  -28.640000  0.3800  0.0700                     0.5 1 131Gd
  64 132  131.962877  -34.580000  0.3800  0.0700                     0.0 1 132Gd
  64 133  132.959527  -37.700000  0.3800  0.0600                     3.5-1 133Gd
  64 134  133.953762  -43.070000  0.3700  0.0400                     0.0 1 134Gd
  64 135  134.950842  -45.790000  0.3400  0.0300                     2.5 1 135Gd
  64 136  135.946301  -50.020000  0.3500  0.0600                     0.0 1 136Gd
  64 137  136.944165  -52.010000  0.3700  0.0400                     2.5 1 137Gd
  64 138  137.939592  -56.270000  0.2900 -0.0100                     0.0 1 138Gd
  64 139  138.938314  -57.460000 -0.2500  0.0600                     0.5-1 139Gd
  64 140  139.933795  -61.670000 -0.2000  0.0200                     0.0 1 140Gd
  64 141  140.932023  -63.320000  0.1900 -0.0300                     0.5 1 141Gd
  64 142  141.928244  -66.840000 -0.1800  0.0100                     0.0 1 142Gd
  64 143  142.927117  -67.890000  0.1700 -0.0100                     1.5 1 143Gd
  64 144  143.923574  -71.190000 -0.1100  0.0000                     0.0 1 144Gd
  64 145  144.922039  -72.620000  0.0800 -0.0100                     5.5-1 145Gd
  64 146  145.919742  -74.760000  0.0000  0.0000                     0.0 1 146Gd
  64 147  146.919602  -74.890000 -0.0800  0.0200                     3.5-1 147Gd
  64 148  147.918754  -75.680000  0.1000 -0.0200                     0.0 1 148Gd
  64 149  148.920386  -74.160000  0.1800  0.0500                     0.5-1 149Gd
  64 150  149.919495  -74.990000  0.1900  0.0800                     0.0 1 150Gd
  64 151  150.920826  -73.750000  0.2300  0.0900                     1.5-1 151Gd
  64 152  151.919881  -74.630000  0.2300  0.0700                     0.0 1 152Gd
  64 153  152.921331  -73.280000  0.3100  0.1200                     0.5 1 153Gd
  64 154  153.920826  -73.750000  0.2900  0.1100                     0.0 1 154Gd
  64 155  154.922318  -72.360000  0.3300  0.1600                     1.5 1 155Gd
  64 156  155.922329  -72.350000  0.3300  0.1200                     0.0 1 156Gd
  64 157  156.924122  -70.680000  0.3600  0.1600                     1.5-1 157Gd
  64 158  157.924251  -70.560000  0.3400  0.1500                     0.0 1 158Gd
  64 159  158.926870  -68.120000  0.3500  0.1100                     2.5-1 159Gd
  64 160  159.927332  -67.690000  0.3600  0.1600                     0.0 1 160Gd
  64 161  160.930112  -65.100000  0.3600  0.1500                     2.5-1 161Gd
  64 162  161.931250  -64.040000  0.3600  0.1300                     0.0 1 162Gd
  64 163  162.934385  -61.120000  0.3600  0.1000                     0.5-1 163Gd
  64 164  163.936081  -59.540000  0.3600  0.1100                     0.0 1 164Gd
  64 165  164.939871  -56.010000  0.3600  0.1000                     3.5 1 165Gd
  64 166  165.941674  -54.330000  0.3600  0.0900                     0.0 1 166Gd
  64 167  166.945571  -50.700000  0.3500  0.0800                     2.5-1 167Gd
  64 168  167.948105  -48.340000  0.3400  0.0600                     0.0 1 168Gd
  64 169  168.952646  -44.110000  0.3400  0.0500                     3.5-1 169Gd
  64 170  169.955534  -41.420000  0.3500  0.0500                     0.0 1 170Gd
  64 171  170.960472  -36.820000  0.3400  0.0800                     0.5 1 171Gd
  64 172  171.963231  -34.250000  0.3300  0.0200                     0.0 1 172Gd
  64 173  172.968180  -29.640000  0.3200  0.0200                     0.5-1 173Gd
  64 174  173.971723  -26.340000  0.2900 -0.0300                     0.0 1 174Gd
  64 175  174.977219  -21.220000  0.3100 -0.0100                     1.5-1 175Gd
  64 176  175.980988  -17.710000  0.2900 -0.0400                     0.0 1 176Gd
  64 177  176.986473  -12.600000  0.2700 -0.0400                     3.5-1 177Gd
  64 178  177.990896   -8.480000  0.2800 -0.0400                     0.0 1 178Gd
  64 179  178.996844   -2.940000  0.2900 -0.0400                     0.5 1 179Gd
  64 180  180.002158    2.010000 -0.2200  0.0400                     0.0 1 180Gd
  64 181  181.007976    7.430000 -0.2000  0.0200                     1.5 1 181Gd
  64 182  182.012120   11.290000 -0.1900  0.0200                     0.0 1 182Gd
  64 183  183.018658   17.380000 -0.1600  0.0100                     0.5 1 183Gd
  64 184  184.022448   20.910000 -0.1600  0.0100                     0.0 1 184Gd
  64 185  185.028427   26.480000 -0.1200 -0.0100                     2.5-1 185Gd
  64 186  186.032926   30.670000 -0.1100 -0.0100                     0.0 1 186Gd
  64 187  187.039861   37.130000  0.0600  0.0000                     2.5-1 187Gd
  64 188  188.044574   41.520000  0.0000  0.0000                     0.0 1 188Gd
  64 189  189.050177   46.740000  0.0000  0.0000                     0.5-1 189Gd
  64 190  190.053946   50.250000  0.0000  0.0000                     0.0 1 190Gd
  64 191  191.062620   58.330000  0.0000  0.0000                     4.5 1 191Gd
  64 192  192.069491   64.730000  0.0000  0.0000                     0.0 1 192Gd
  64 193  193.078079   72.730000  0.0000  0.0000                     4.5 1 193Gd
  64 194  194.085454   79.600000  0.0000  0.0000                     0.0 1 194Gd
  64 195  195.094064   87.620000  0.0000  0.0000                     4.5 1 195Gd
  64 196  196.100237   93.370000  0.1100  0.0300                     0.0 1 196Gd
  64 197  197.108772  101.320000  0.1400  0.0400                     4.5 1 197Gd
  64 198  198.115685  107.760000  0.1600  0.0700                     0.0 1 198Gd
  64 199  199.124596  116.060000 -0.1400  0.0500                     4.5 1 199Gd
  64 200  200.131091  122.110000  0.2000  0.1100                     0.0 1 200Gd
  64 201  201.138874  129.360000  0.2300  0.1100                     2.5 1 201Gd
  64 202  202.146442  136.410000  0.2900  0.1400                     0.0 1 202Gd
  64 203  203.153978  143.430000  0.2500  0.1200                     2.5 1 203Gd
  64 204  204.161525  150.460000  0.2900  0.1500                     0.0 1 204Gd
  64 205  205.169470  157.860000  0.3000  0.1300                     0.5 1 205Gd
  64 206  206.177221  165.080000  0.3100  0.1300                     0.0 1 206Gd
  64 207  207.185648  172.930000  0.3400  0.1600                     6.5 1 207Gd
  64 208  208.192733  179.530000  0.3100  0.1600                     0.0 1 208Gd
  64 209  209.201322  187.530000  0.3200  0.1200                     2.5 1 209Gd
  64 210  210.209148  194.820000  0.3200  0.1500                     0.0 1 210Gd
  64 211  211.217597  202.690000  0.3500  0.1900                     3.5-1 211Gd
  64 212  212.226035  210.550000  0.3200  0.1100                     0.0 1 212Gd
  64 213  213.234494  218.430000  0.3400  0.1600                     0.5-1 213Gd
  64 214  214.243480  226.800000  0.3500  0.1300                     0.0 1 214Gd
  64 215  215.252057  234.790000  0.3300  0.1000                     3.5 1 215Gd
  64 216  216.261032  243.150000  0.3300  0.0900                     0.0 1 216Gd
  64 217  217.269814  251.330000  0.3400  0.1100                     0.5-1 217Gd
  64 218  218.279272  260.140000  0.3300  0.1000                     0.0 1 218Gd
  64 219  219.288537  268.770000  0.3400  0.0900                     0.5-1 219Gd
  64 220  220.297640  277.250000  0.3500  0.0900                     0.0 1 220Gd
  64 221  221.308043  286.940000  0.3100  0.0900                     3.5 1 221Gd
  64 222  222.316170  294.510000  0.3200  0.0600                     0.0 1 222Gd
