  68 134  134.016382   15.260000  0.3800  0.0600                     0.0 1 134Er
  68 135  135.009984    9.300000  0.3800  0.0500                     0.5 1 135Er
  68 136  136.001557    1.450000  0.3600  0.0200                     0.0 1 136Er
  68 137  136.996178   -3.560000  0.3700  0.0100                     3.5-1 137Er
  68 138  137.988781  -10.450000  0.3800  0.0200                     0.0 1 138Er
  68 139  138.984176  -14.740000  0.3500  0.0100                     0.5-1 139Er
  68 140  139.977713  -20.760000  0.3600  0.0100                     0.0 1 140Er
  68 141  140.974181  -24.050000  0.3700  0.0200                     2.5 1 141Er
  68 142  141.968610  -29.240000  0.3300 -0.0100                     0.0 1 142Er
  68 143  142.965249  -32.370000 -0.2400  0.0300                     0.5-1 143Er
  68 144  143.959828  -37.420000 -0.2000  0.0100                     0.0 1 144Er
  68 145  144.956779  -40.260000 -0.2000  0.0100                     1.5-1 145Er
  68 146  145.952141  -44.580000 -0.1700  0.0100                     0.0 1 146Er
  68 147  146.950155  -46.430000 -0.1700  0.0100                     0.5-1 147Er
  68 148  147.945045  -51.190000 -0.1200  0.0000                     0.0 1 148Er
  68 149  148.942082  -53.950000 -0.0900 -0.0100                     5.5-1 149Er
  68 150  149.938840  -56.970000  0.0000  0.0000                     0.0 1 150Er
  68 151  150.937520  -58.200000 -0.0700  0.0100                     3.5-1 151Er
  68 152  151.935491  -60.090000  0.0600 -0.0200                     0.0 1 152Er
  68 153  152.935523  -60.060000 -0.1300  0.0300                     3.5-1 153Er
  68 154  153.933279  -62.150000  0.1700  0.0400                     0.0 1 154Er
  68 155  154.933633  -61.820000  0.1900  0.0600                     1.5-1 155Er
  68 156  155.931433  -63.870000  0.2000  0.0700                     0.0 1 156Er
  68 157  156.932173  -63.180000  0.2900  0.0700                     0.5 1 157Er
  68 158  157.930177  -65.040000  0.2300  0.0900                     0.0 1 158Er
  68 159  158.930767  -64.490000  0.2600  0.1000                     1.5-1 159Er
  68 160  159.929103  -66.040000  0.2800  0.0700                     0.0 1 160Er
  68 161  160.929898  -65.300000  0.3300  0.0900                     1.5-1 161Er
  68 162  161.928813  -66.310000  0.3200  0.1000                     0.0 1 162Er
  68 163  162.930241  -64.980000  0.3700  0.1200                     2.5 1 163Er
  68 164  163.929350  -65.810000  0.3400  0.1100                     0.0 1 164Er
  68 165  164.931025  -64.250000  0.3500  0.0900                     2.5 1 165Er
  68 166  165.930552  -64.690000  0.3500  0.0800                     0.0 1 166Er
  68 167  166.932259  -63.100000  0.3500  0.0800                     0.5-1 167Er
  68 168  167.932689  -62.700000  0.3600  0.0700                     0.0 1 168Er
  68 169  168.935147  -60.410000  0.3100  0.0600                     2.5-1 169Er
  68 170  169.935684  -59.910000  0.3600  0.0600                     0.0 1 170Er
  68 171  170.938293  -57.480000  0.3500  0.0400                     2.5-1 171Er
  68 172  171.939377  -56.470000  0.3400  0.0300                     0.0 1 172Er
  68 173  172.942855  -53.230000  0.3400  0.0200                     3.5-1 173Er
  68 174  173.944090  -52.080000  0.3200  0.0000                     0.0 1 174Er
  68 175  174.947794  -48.630000  0.3200 -0.0100                     4.5 1 175Er
  68 176  175.949490  -47.050000  0.3200 -0.0100                     0.0 1 176Er
  68 177  176.953312  -43.490000  0.3000 -0.0400                     0.5-1 177Er
  68 178  177.955695  -41.270000  0.3000 -0.0400                     0.0 1 178Er
  68 179  178.959882  -37.370000  0.3000 -0.0500                     1.5-1 179Er
  68 180  179.962866  -34.590000  0.2900 -0.0500                     0.0 1 180Er
  68 181  180.967579  -30.200000  0.2700 -0.0400                     3.5-1 181Er
  68 182  181.970896  -27.110000  0.2800 -0.0500                     0.0 1 182Er
  68 183  182.977080  -21.350000 -0.2100  0.0300                     0.5-1 183Er
  68 184  183.979549  -19.050000 -0.2000  0.0000                     0.0 1 184Er
  68 185  184.984659  -14.290000 -0.2100  0.0300                     1.5 1 185Er
  68 186  185.987719  -11.440000 -0.1900  0.0100                     0.0 1 186Er
  68 187  186.993140   -6.390000 -0.1800  0.0100                     0.5 1 187Er
  68 188  187.996575   -3.190000 -0.1500  0.0000                     0.0 1 188Er
  68 189  189.001481    1.380000 -0.1600  0.0000                     2.5-1 189Er
  68 190  190.005174    4.820000 -0.1200 -0.0100                     0.0 1 190Er
  68 191  191.010939   10.190000  0.0700 -0.0100                     2.5-1 191Er
  68 192  192.015223   14.180000  0.0000  0.0000                     0.0 1 192Er
  68 193  193.019839   18.480000  0.0000  0.0000                     0.5-1 193Er
  68 194  194.022791   21.230000  0.0000  0.0000                     0.0 1 194Er
  68 195  195.030650   28.550000  0.0000  0.0000                     4.5 1 195Er
  68 196  196.036619   34.110000  0.0000  0.0000                     0.0 1 196Er
  68 197  197.044166   41.140000 -0.0600 -0.0100                     4.5 1 197Er
  68 198  198.050049   46.620000  0.0600  0.0100                     0.0 1 198Er
  68 199  199.057875   53.910000  0.0800  0.0300                     4.5 1 199Er
  68 200  200.064176   59.780000  0.1300  0.0400                     0.0 1 200Er
  68 201  201.071681   66.770000  0.1400  0.0400                     4.5 1 201Er
  68 202  202.077800   72.470000  0.1500  0.0600                     0.0 1 202Er
  68 203  203.085239   79.400000  0.1600  0.0800                     1.5 1 203Er
  68 204  204.091359   85.100000  0.2000  0.1200                     0.0 1 204Er
  68 205  205.099238   92.440000  0.2000  0.1000                     2.5 1 205Er
  68 206  206.104875   97.690000  0.2300  0.1200                     0.0 1 206Er
  68 207  207.112271  104.580000  0.2400  0.1100                     2.5 1 207Er
  68 208  208.118670  110.540000  0.2600  0.1300                     0.0 1 208Er
  68 209  209.126335  117.680000  0.2700  0.1200                     0.5 1 209Er
  68 210  210.132497  123.420000  0.3000  0.1300                     0.0 1 210Er
  68 211  211.140033  130.440000  0.3100  0.1000                     2.5-1 211Er
  68 212  212.146936  136.870000  0.2900  0.1300                     0.0 1 212Er
  68 213  213.154805  144.200000  0.3000  0.1100                     2.5 1 213Er
  68 214  214.161558  150.490000  0.3100  0.1100                     0.0 1 214Er
  68 215  215.169921  158.280000  0.3000  0.1000                     3.5-1 215Er
  68 216  216.176834  164.720000  0.3100  0.0900                     0.0 1 216Er
  68 217  217.185165  172.480000  0.3200  0.0900                     3.5 1 217Er
  68 218  218.192508  179.320000  0.3100  0.0700                     0.0 1 218Er
  68 219  219.200903  187.140000  0.3100  0.0600                     0.5 1 219Er
  68 220  220.208439  194.160000  0.3100  0.0400                     0.0 1 220Er
  68 221  221.217403  202.510000  0.3100  0.0300                     1.5 1 221Er
  68 222  222.224972  209.560000  0.3200  0.0400                     0.0 1 222Er
  68 223  223.234516  218.450000  0.3000  0.0100                     4.5-1 223Er
  68 224  224.241247  224.720000  0.3100  0.0100                     0.0 1 224Er
  68 225  225.249760  232.650000  0.3100  0.0100                     3.5 1 225Er
  68 226  226.258413  240.710000  0.3100  0.0100                     0.0 1 226Er
  68 227  227.266840  248.560000  0.3200  0.0200                     0.5-1 227Er
  68 228  228.275751  256.860000  0.3100  0.0100                     0.0 1 228Er
  68 229  229.284983  265.460000  0.3100  0.0000                     1.5 1 229Er
  68 230  230.293518  273.410000  0.2900 -0.0400                     0.0 1 230Er
