  71 148  147.982469  -16.330000 -0.1900  0.0200                     1.0 1 148Lu
  71 149  148.976575  -21.820000 -0.1600  0.0100                     5.5-1 149Lu
  71 150  149.973451  -24.730000 -0.1400  0.0000                     1.0 1 150Lu
  71 151  150.966967  -30.770000 -0.1100 -0.0100                     5.5-1 151Lu
  71 152  151.963167  -34.310000 -0.0800 -0.0200                     1.0 1 152Lu
  71 153  152.959119  -38.080000  0.0000  0.0000                     5.5-1 153Lu
  71 154  153.958958  -38.230000  0.0000  0.0000                     2.0 1 154Lu
  71 155  154.953623  -43.200000 -0.0900  0.0200                     5.5-1 155Lu
  71 156  155.953000  -43.780000 -0.1000  0.0200                     2.0 1 156Lu
  71 157  156.949533  -47.010000  0.1300  0.0200                     5.5-1 157Lu
  71 158  157.949103  -47.410000  0.1700  0.0400                     1.0-1 158Lu
  71 159  158.946140  -50.170000  0.1700  0.0400                     2.5 1 159Lu
  71 160  159.945582  -50.690000  0.2000  0.0600                     1.0-1 160Lu
  71 161  160.943693  -52.450000  0.2200  0.0800                     2.5 1 161Lu
  71 162  161.943360  -52.760000  0.2300  0.0400                     3.0-1 162Lu
  71 163  162.941105  -54.860000  0.2500  0.0700                     3.5-1 163Lu
  71 164  163.940966  -54.990000  0.2800  0.0900                     2.0 1 164Lu
  71 165  164.939194  -56.640000  0.3000  0.1000                     3.5 1 165Lu
  71 166  165.939409  -56.440000  0.3000  0.0900                     1.0-1 166Lu
  71 167  166.937906  -57.840000  0.3000  0.0600                     3.5 1 167Lu
  71 168  167.938647  -57.150000  0.3400  0.0900                     2.0-1 168Lu
  71 169  168.937477  -58.240000  0.3100  0.0800                     3.5 1 169Lu
  71 170  169.938185  -57.580000  0.3400  0.0700                     3.0-1 170Lu
  71 171  170.937670  -58.060000  0.3400  0.0600                     3.5 1 171Lu
  71 172  171.938937  -56.880000  0.3100  0.0500                     7.0 1 172Lu
  71 173  172.938894  -56.920000  0.3400  0.0500                     3.5 1 173Lu
  71 174  173.941062  -54.900000  0.3100  0.0200                     1.0 1 174Lu
  71 175  174.940805  -55.140000  0.3000 -0.0100                     3.5 1 175Lu
  71 176  175.942941  -53.150000  0.3100  0.0000                     1.0-1 176Lu
  71 177  176.943499  -52.630000  0.3100 -0.0100                     3.5 1 177Lu
  71 178  177.946409  -49.920000  0.3000 -0.0200                     1.0 1 178Lu
  71 179  178.947192  -49.190000  0.3000 -0.0200                     3.5 1 179Lu
  71 180  179.950027  -46.550000  0.2800 -0.0400                     3.0-1 180Lu
  71 181  180.951766  -44.930000  0.2800 -0.0500                     3.5 1 181Lu
  71 182  181.955018  -41.900000  0.2800 -0.0500                     2.0-1 182Lu
  71 183  182.957112  -39.950000  0.2700 -0.0600                     3.5 1 183Lu
  71 184  183.960805  -36.510000  0.2600 -0.0700                     1.0-1 184Lu
  71 185  184.963253  -34.230000  0.2500 -0.0700                     3.5 1 185Lu
  71 186  185.968470  -29.370000 -0.2000  0.0300                     3.0 1 186Lu
  71 187  186.970574  -27.410000 -0.2000  0.0200                     2.5-1 187Lu
  71 188  187.974568  -23.690000 -0.1900  0.0100                     4.0-1 188Lu
  71 189  188.976876  -21.540000 -0.1700  0.0100                     2.5-1 189Lu
  71 190  189.981116  -17.590000 -0.1700  0.0000                     2.0-1 190Lu
  71 191  190.983897  -15.000000 -0.1300 -0.0100                     5.5-1 191Lu
  71 192  191.988170  -11.020000 -0.1300 -0.0100                     3.0 1 192Lu
  71 193  192.990918   -8.460000 -0.1100 -0.0200                     5.5-1 193Lu
  71 194  193.995513   -4.180000 -0.1000 -0.0200                     3.0 1 194Lu
  71 195  194.999281   -0.670000  0.0000  0.0000                     5.5-1 195Lu
  71 196  196.003156    2.940000  0.0000  0.0000                     5.0 1 196Lu
  71 197  197.005550    5.170000  0.0000  0.0000                     5.5-1 197Lu
  71 198  198.012807   11.930000  0.0000  0.0000                     1.0-1 198Lu
  71 199  199.018089   16.850000  0.0000  0.0000                     5.5-1 199Lu
  71 200  200.024713   23.020000  0.0500  0.0100                     1.0-1 200Lu
  71 201  201.030231   28.160000  0.0700  0.0100                     5.5-1 201Lu
  71 202  202.037488   34.920000  0.0700  0.0000                     1.0-1 202Lu
  71 203  203.042963   40.020000  0.1100  0.0500                     5.5-1 203Lu
  71 204  204.049963   46.540000  0.1100  0.0400                     1.0-1 204Lu
  71 205  205.055524   51.720000  0.1500  0.0700                     5.5-1 205Lu
  71 206  206.062330   58.060000  0.1600  0.0700                     1.0-1 206Lu
  71 207  207.067859   63.210000  0.1800  0.0800                     2.5 1 207Lu
  71 208  208.074751   69.630000  0.2000  0.0800                     5.0 1 208Lu
  71 209  209.080537   75.020000  0.2200  0.1100                     2.5 1 209Lu
  71 210  210.087354   81.370000  0.2300  0.1000                     5.0 1 210Lu
  71 211  211.093151   86.770000  0.2400  0.1100                     3.5-1 211Lu
  71 212  212.100097   93.240000  0.2400  0.1100                     4.0-1 212Lu
  71 213  213.105927   98.670000  0.2600  0.1000                     3.5-1 213Lu
  71 214  214.112819  105.090000  0.2700  0.1000                     1.0 1 214Lu
  71 215  215.118959  110.810000  0.2800  0.1000                     3.5-1 215Lu
  71 216  216.126249  117.600000  0.2900  0.1000                     1.0-1 216Lu
  71 217  217.132357  123.290000  0.3000  0.0900                     3.5-1 217Lu
  71 218  218.140194  130.590000  0.3000  0.0900                     1.0 1 218Lu
  71 219  219.146313  136.290000  0.2900  0.0600                     3.5-1 219Lu
  71 220  220.153506  142.990000  0.2800  0.0600                     7.0-1 220Lu
  71 221  221.160592  149.590000  0.3000  0.0600                     3.5 1 221Lu
  71 222  222.168214  156.690000  0.3100  0.0600                     4.0 1 222Lu
  71 223  223.175460  163.440000  0.2900  0.0300                     3.5 1 223Lu
  71 224  224.183705  171.120000  0.3000  0.0200                     5.0 1 224Lu
  71 225  225.190511  177.460000  0.3000  0.0100                     3.5 1 225Lu
  71 226  226.198348  184.760000  0.2900  0.0100                     8.0-1 226Lu
  71 227  227.205809  191.710000  0.2900  0.0000                     3.5 1 227Lu
  71 228  228.214376  199.690000  0.2900  0.0000                     1.0 1 228Lu
  71 229  229.221612  206.430000  0.3000 -0.0100                     3.5 1 229Lu
  71 230  230.230479  214.690000  0.2900 -0.0100                     2.0 1 230Lu
  71 231  231.237833  221.540000  0.2900 -0.0100                     3.5 1 231Lu
  71 232  232.246539  229.650000  0.2700 -0.0300                     2.0 1 232Lu
  71 233  233.254462  237.030000  0.2700 -0.0300                     3.5 1 233Lu
  71 234  234.263555  245.500000  0.2600 -0.0400                     2.0 1 234Lu
  71 235  235.271607  253.000000  0.2800 -0.0600                     3.5 1 235Lu
  71 236  236.280571  261.350000  0.2500 -0.0500                     3.0 1 236Lu
  71 237  237.288977  269.180000  0.2500 -0.0500                     3.5 1 237Lu
  71 238  238.297919  277.510000  0.2600 -0.0300                     1.0 1 238Lu
  71 239  239.306733  285.720000  0.2500 -0.0500                     3.5 1 239Lu
  71 240  240.316084  294.430000  0.2400 -0.0500                     1.0-1 240Lu
  71 241  241.325241  302.960000 -0.1900  0.0100                     2.5-1 241Lu
  71 242  242.334967  312.020000 -0.1800  0.0100                     2.0 1 242Lu
