  72 150  149.983521  -15.350000 -0.1700  0.0100                     0.0 1 150Hf
  72 151  150.980333  -18.320000 -0.1200 -0.0100                     5.5-1 151Hf
  72 152  151.973623  -24.570000 -0.1200  0.0000                     0.0 1 152Hf
  72 153  152.969544  -28.370000 -0.0900 -0.0200                     5.5-1 153Hf
  72 154  153.965228  -32.390000  0.0000  0.0000                     0.0 1 154Hf
  72 155  154.964798  -32.790000  0.0000  0.0000                     3.5-1 155Hf
  72 156  155.959012  -38.180000 -0.0800  0.0000                     0.0 1 156Hf
  72 157  156.958067  -39.060000 -0.1200  0.0200                     3.5-1 157Hf
  72 158  157.954557  -42.330000  0.1300  0.0200                     0.0 1 158Hf
  72 159  158.953913  -42.930000  0.1500  0.0400                     3.5-1 159Hf
  72 160  159.950628  -45.990000  0.1700  0.0400                     0.0 1 160Hf
  72 161  160.949876  -46.690000  0.1900  0.0600                     1.5-1 161Hf
  72 162  161.947257  -49.130000  0.2000  0.0600                     0.0 1 162Hf
  72 163  162.946892  -49.470000  0.2200  0.0600                     0.5 1 163Hf
  72 164  163.944530  -51.670000  0.2400  0.0600                     0.0 1 164Hf
  72 165  164.944369  -51.820000  0.2700  0.0300                     2.5-1 165Hf
  72 166  165.942179  -53.860000  0.2600  0.0600                     0.0 1 166Hf
  72 167  166.942276  -53.770000  0.2700  0.0600                     2.5-1 167Hf
  72 168  167.940515  -55.410000  0.2900  0.0600                     0.0 1 168Hf
  72 169  168.941116  -54.850000  0.3200  0.0900                     2.5 1 169Hf
  72 170  169.939431  -56.420000  0.3100  0.0600                     0.0 1 170Hf
  72 171  170.939989  -55.900000  0.3200  0.0600                     0.5-1 171Hf
  72 172  171.939302  -56.540000  0.3200  0.0500                     0.0 1 172Hf
  72 173  172.940408  -55.510000  0.3500  0.0700                     3.5 1 173Hf
  72 174  173.939763  -56.110000  0.3100  0.0200                     0.0 1 174Hf
  72 175  174.941138  -54.830000  0.3200  0.0400                     2.5-1 175Hf
  72 176  175.941148  -54.820000  0.3100  0.0100                     0.0 1 176Hf
  72 177  176.943091  -53.010000  0.3200  0.0000                     3.5-1 177Hf
  72 178  177.943177  -52.930000  0.2900 -0.0300                     0.0 1 178Hf
  72 179  178.945797  -50.490000  0.3000 -0.0200                     4.5 1 179Hf
  72 180  179.946237  -50.080000  0.2900 -0.0400                     0.0 1 180Hf
  72 181  180.948835  -47.660000  0.2800 -0.0500                     0.5-1 181Hf
  72 182  181.950209  -46.380000  0.2800 -0.0500                     0.0 1 182Hf
  72 183  182.953279  -43.520000  0.2800 -0.0600                     1.5-1 183Hf
  72 184  183.954997  -41.920000  0.2700 -0.0600                     0.0 1 184Hf
  72 185  184.958497  -38.660000  0.2600 -0.0800                     5.5 1 185Hf
  72 186  185.961793  -35.590000 -0.2000  0.0300                     0.0 1 186Hf
  72 187  186.964960  -32.640000 -0.2200  0.0300                     1.5 1 187Hf
  72 188  187.967064  -30.680000 -0.2100  0.0300                     0.0 1 188Hf
  72 189  188.970778  -27.220000 -0.1800  0.0100                     1.5 1 189Hf
  72 190  189.972947  -25.200000 -0.1600  0.0100                     0.0 1 190Hf
  72 191  190.976865  -21.550000 -0.1600 -0.0100                     2.5-1 191Hf
  72 192  191.978969  -19.590000 -0.1600 -0.0100                     0.0 1 192Hf
  72 193  192.983188  -15.660000 -0.1300 -0.0100                     2.5-1 193Hf
  72 194  193.985668  -13.350000 -0.1100 -0.0200                     0.0 1 194Hf
  72 195  194.990263   -9.070000 -0.1000 -0.0300                     2.5-1 195Hf
  72 196  195.993763   -5.810000  0.0000  0.0000                     0.0 1 196Hf
  72 197  196.997391   -2.430000  0.0000  0.0000                     0.5-1 197Hf
  72 198  197.999603   -0.370000  0.0000  0.0000                     0.0 1 198Hf
  72 199  199.006656    6.200000  0.0000  0.0000                     4.5 1 199Hf
  72 200  200.011702   10.900000  0.0000  0.0000                     0.0 1 200Hf
  72 201  201.018293   17.040000 -0.0500  0.0000                     4.5 1 201Hf
  72 202  202.023393   21.790000  0.0700  0.0100                     0.0 1 202Hf
  72 203  203.030521   28.430000  0.0600  0.0000                     4.5 1 203Hf
  72 204  204.035867   33.410000  0.1100  0.0400                     0.0 1 204Hf
  72 205  205.042588   39.670000  0.1200  0.0400                     4.5 1 205Hf
  72 206  206.047934   44.650000  0.1400  0.0600                     0.0 1 206Hf
  72 207  207.054923   51.160000  0.1500  0.0500                     4.5 1 207Hf
  72 208  208.059936   55.830000  0.1800  0.0900                     0.0 1 208Hf
  72 209  209.066882   62.300000  0.1900  0.0700                     0.5-1 209Hf
  72 210  210.071970   67.040000  0.2100  0.1000                     0.0 1 210Hf
  72 211  211.078970   73.560000  0.2300  0.1000                     2.5 1 211Hf
  72 212  212.084370   78.590000  0.2300  0.1000                     0.0 1 212Hf
  72 213  213.091294   85.040000  0.2400  0.1000                     0.5 1 213Hf
  72 214  214.096565   89.950000  0.2500  0.1000                     0.0 1 214Hf
  72 215  215.103554   96.460000  0.2700  0.1000                     2.5-1 215Hf
  72 216  216.109298  101.810000  0.2800  0.1000                     0.0 1 216Hf
  72 217  217.116490  108.510000  0.2700  0.0800                     2.5 1 217Hf
  72 218  218.122502  114.110000  0.2800  0.0700                     0.0 1 218Hf
  72 219  219.130436  121.500000  0.2900  0.0800                     3.5-1 219Hf
  72 220  220.136029  126.710000  0.3000  0.0700                     0.0 1 220Hf
  72 221  221.143468  133.640000  0.2900  0.0600                     3.5 1 221Hf
  72 222  222.149867  139.600000  0.2900  0.0400                     0.0 1 222Hf
  72 223  223.157618  146.820000  0.2900  0.0300                     0.5 1 223Hf
  72 224  224.164456  153.190000  0.2900  0.0400                     0.0 1 224Hf
  72 225  225.172572  160.750000  0.2900  0.0200                     4.5-1 225Hf
  72 226  226.179153  166.880000  0.2900  0.0200                     0.0 1 226Hf
  72 227  227.186432  173.660000  0.2800  0.0100                     4.5-1 227Hf
  72 228  228.194183  180.880000  0.2900  0.0000                     0.0 1 228Hf
  72 229  229.202503  188.630000  0.2800  0.0000                     3.5 1 229Hf
  72 230  230.209577  195.220000  0.2800 -0.0200                     0.0 1 230Hf
  72 231  231.218166  203.220000  0.2700 -0.0300                     5.5-1 231Hf
  72 232  232.225230  209.800000  0.2800 -0.0300                     0.0 1 232Hf
  72 233  233.233915  217.890000  0.2600 -0.0300                     4.5 1 233Hf
  72 234  234.241547  225.000000  0.2700 -0.0500                     0.0 1 234Hf
  72 235  235.250297  233.150000  0.2700 -0.0300                     1.5 1 235Hf
  72 236  236.258102  240.420000  0.2500 -0.0600                     0.0 1 236Hf
  72 237  237.267055  248.760000  0.2600 -0.0200                     0.5 1 237Hf
  72 238  238.275074  256.230000  0.2500 -0.0600                     0.0 1 238Hf
  72 239  239.284167  264.700000  0.2500 -0.0400                     2.5 1 239Hf
  72 240  240.292584  272.540000  0.2300 -0.0500                     0.0 1 240Hf
  72 241  241.301763  281.090000  0.2200 -0.0500                     4.5 1 241Hf
  72 242  242.311371  290.040000 -0.1800  0.0100                     0.0 1 242Hf
  72 243  243.319873  297.960000 -0.1700  0.0100                     0.5-1 243Hf
  72 244  244.328279  305.790000 -0.1700  0.0000                     0.0 1 244Hf
