  76 158  157.998046   -1.820000  0.0000  0.0000                     0.0 1 158Os
  76 159  158.996447   -3.310000  0.0000  0.0000                     3.5-1 159Os
  76 160  159.991326   -8.080000  0.0000  0.0000                     0.0 1 160Os
  76 161  160.988094  -11.090000 -0.0900  0.0100                     3.5-1 161Os
  76 162  161.983478  -15.390000  0.0900  0.0000                     0.0 1 162Os
  76 163  162.981814  -16.940000  0.1000  0.0000                     3.5-1 163Os
  76 164  163.977842  -20.640000  0.1200  0.0200                     0.0 1 164Os
  76 165  164.976114  -22.250000  0.1500  0.0300                     3.5-1 165Os
  76 166  165.972560  -25.560000  0.1500  0.0200                     0.0 1 166Os
  76 167  166.971047  -26.970000  0.1700  0.0300                     2.5-1 167Os
  76 168  167.967922  -29.880000  0.1800  0.0300                     0.0 1 168Os
  76 169  168.966903  -30.830000  0.2000  0.0500                     0.5 1 169Os
  76 170  169.963725  -33.790000  0.2400  0.0400                     0.0 1 170Os
  76 171  170.962931  -34.530000  0.2200  0.0300                     1.5 1 171Os
  76 172  171.960375  -36.910000  0.3000  0.1000                     0.0 1 172Os
  76 173  172.959957  -37.300000  0.3100  0.0900                     2.5 1 173Os
  76 174  173.957262  -39.810000  0.3100  0.0900                     0.0 1 174Os
  76 175  174.956704  -40.330000  0.3200  0.0900                     0.5-1 175Os
  76 176  175.954686  -42.210000  0.3100  0.0600                     0.0 1 176Os
  76 177  176.954954  -41.960000  0.3100  0.0600                     3.5 1 177Os
  76 178  177.953022  -43.760000  0.3100  0.0500                     0.0 1 178Os
  76 179  178.953430  -43.380000  0.3100  0.0500                     2.5-1 179Os
  76 180  179.952270  -44.460000  0.2900  0.0000                     0.0 1 180Os
  76 181  180.952947  -43.830000  0.2900 -0.0100                     3.5-1 181Os
  76 182  181.952088  -44.630000  0.2700 -0.0200                     0.0 1 182Os
  76 183  182.953558  -43.260000  0.2600 -0.0300                     4.5 1 183Os
  76 184  183.952839  -43.930000  0.2700 -0.0300                     0.0 1 184Os
  76 185  184.954160  -42.700000  0.2500 -0.0500                     0.5-1 185Os
  76 186  185.954342  -42.530000  0.2400 -0.0500                     0.0 1 186Os
  76 187  186.956210  -40.790000  0.2400 -0.0400                     1.5-1 187Os
  76 188  187.956554  -40.470000  0.2200 -0.0400                     0.0 1 188Os
  76 189  188.958486  -38.670000  0.2100 -0.0600                     3.5-1 189Os
  76 190  189.959313  -37.900000 -0.1900  0.0000                     0.0 1 190Os
  76 191  190.961428  -35.930000 -0.1700  0.0000                     2.5 1 191Os
  76 192  191.962286  -35.130000 -0.1700 -0.0100                     0.0 1 192Os
  76 193  192.964841  -32.750000 -0.1700 -0.0100                     1.5 1 193Os
  76 194  193.965775  -31.880000 -0.1400 -0.0200                     0.0 1 194Os
  76 195  194.968803  -29.060000 -0.1300 -0.0300                     2.5-1 195Os
  76 196  195.969790  -28.140000 -0.1300 -0.0200                     0.0 1 196Os
  76 197  196.972904  -25.240000 -0.1100 -0.0200                     2.5-1 197Os
  76 198  197.974235  -24.000000 -0.0900 -0.0300                     0.0 1 198Os
  76 199  198.978250  -20.260000  0.0600 -0.0200                     2.5-1 199Os
  76 200  199.980129  -18.510000  0.0000  0.0000                     0.0 1 200Os
  76 201  200.982791  -16.030000  0.0000  0.0000                     0.5-1 201Os
  76 202  201.984262  -14.660000  0.0000  0.0000                     0.0 1 202Os
  76 203  202.990478   -8.870000  0.0000  0.0000                     4.5 1 203Os
  76 204  203.994536   -5.090000  0.0000  0.0000                     0.0 1 204Os
  76 205  205.000655    0.610000  0.0000  0.0000                     4.5 1 205Os
  76 206  206.004681    4.360000  0.0400 -0.0100                     0.0 1 206Os
  76 207  207.010896   10.150000  0.0500 -0.0200                     4.5 1 207Os
  76 208  208.015341   14.290000  0.0600  0.0100                     0.0 1 208Os
  76 209  209.021374   19.910000  0.0700  0.0100                     4.5 1 209Os
  76 210  210.026119   24.330000  0.1000  0.0200                     0.0 1 210Os
  76 211  211.032324   30.110000  0.1100  0.0400                     4.5 1 211Os
  76 212  212.036823   34.300000  0.1300  0.0400                     0.0 1 212Os
  76 213  213.043167   40.210000  0.1600  0.0600                     0.5-1 213Os
  76 214  214.047537   44.280000  0.1700  0.0700                     0.0 1 214Os
  76 215  215.053505   49.840000  0.1900  0.0900                     1.5-1 215Os
  76 216  216.058412   54.410000  0.2000  0.0800                     0.0 1 216Os
  76 217  217.064821   60.380000  0.2100  0.0700                     0.5 1 217Os
  76 218  218.069201   64.460000  0.2400  0.1200                     0.0 1 218Os
  76 219  219.075352   70.190000  0.2300  0.0800                     2.5-1 219Os
  76 220  220.080505   74.990000  0.2800  0.1100                     0.0 1 220Os
  76 221  221.086699   80.760000  0.2600  0.0800                     2.5 1 221Os
  76 222  222.091810   85.520000  0.2800  0.1000                     0.0 1 222Os
  76 223  223.098669   91.910000  0.2800  0.0800                     3.5-1 223Os
  76 224  224.103790   96.680000  0.2700  0.0800                     0.0 1 224Os
  76 225  225.110575  103.000000  0.2800  0.0700                     3.5 1 225Os
  76 226  226.116147  108.190000  0.2800  0.0700                     0.0 1 226Os
  76 227  227.123178  114.740000  0.2800  0.0600                     0.5 1 227Os
  76 228  228.128836  120.010000  0.2900  0.0600                     0.0 1 228Os
  76 229  229.135750  126.450000  0.2800  0.0400                     4.5-1 229Os
  76 230  230.142288  132.540000  0.2800  0.0300                     0.0 1 230Os
  76 231  231.149652  139.400000  0.2800  0.0200                     1.5 1 231Os
  76 232  232.156040  145.350000  0.2800  0.0100                     0.0 1 232Os
  76 233  233.163512  152.310000  0.2700  0.0100                     3.5 1 233Os
  76 234  234.169996  158.350000  0.2700  0.0000                     0.0 1 234Os
  76 235  235.177822  165.640000  0.2700 -0.0200                     4.5 1 235Os
  76 236  236.184177  171.560000  0.2600 -0.0300                     0.0 1 236Os
  76 237  237.191982  178.830000  0.2500 -0.0300                     5.5-1 237Os
  76 238  238.198874  185.250000  0.2400 -0.0300                     0.0 1 238Os
  76 239  239.206518  192.370000  0.2300 -0.0400                     1.5 1 239Os
  76 240  240.213625  198.990000  0.2100 -0.0600                     0.0 1 240Os
  76 241  241.221698  206.510000  0.2200 -0.0700                     0.5 1 241Os
  76 242  242.229116  213.420000  0.2100 -0.0600                     0.0 1 242Os
  76 243  243.237264  221.010000  0.1900 -0.0600                     2.5 1 243Os
  76 244  244.244521  227.770000  0.1900 -0.0800                     0.0 1 244Os
  76 245  245.253453  236.090000  0.1800 -0.0600                     0.5 1 245Os
  76 246  246.261311  243.410000 -0.1600 -0.0100                     0.0 1 246Os
  76 247  247.269406  250.950000 -0.1600 -0.0100                     0.5 1 247Os
  76 248  248.277007  258.030000 -0.1400 -0.0200                     0.0 1 248Os
  76 249  249.285284  265.740000 -0.1400 -0.0200                     3.5 1 249Os
  76 250  250.292852  272.790000 -0.1300 -0.0200                     0.0 1 250Os
  76 251  251.301548  280.890000 -0.1200 -0.0300                     3.5 1 251Os
  76 252  252.309020  287.850000 -0.1200 -0.0300                     0.0 1 252Os
  76 253  253.318199  296.400000 -0.1000 -0.0400                     3.5 1 253Os
  76 254  254.325381  303.090000 -0.1000 -0.0400                     0.0 1 254Os
  76 255  255.334044  311.160000 -0.0900 -0.0400                     3.5 1 255Os
  76 256  256.343223  319.710000  0.0000  0.0000                     0.0 1 256Os
  76 257  257.351393  327.320000  0.0000  0.0000                     1.5 1 257Os
  76 258  258.358671  334.100000  0.0000  0.0000                     0.0 1 258Os
  76 259  259.367238  342.080000  0.0000  0.0000                     1.5 1 259Os
  76 260  260.374302  348.660000  0.0000  0.0000                     0.0 1 260Os
  76 261  261.384329  358.000000  0.0000  0.0000                     1.5-1 261Os
  76 262  262.393465  366.510000  0.0000  0.0000                     0.0 1 262Os
