  77 160  160.006688    6.230000  0.0000  0.0000                     2.0 1 160Ir
  77 161  161.000945    0.880000  0.0000  0.0000                     1.5 1 161Ir
  77 162  161.998261   -1.620000  0.0800  0.0100                     2.0 1 162Ir
  77 163  162.993226   -6.310000  0.0800  0.0000                     5.5-1 163Ir
  77 164  163.991218   -8.180000  0.0800  0.0100                     2.0 1 164Ir
  77 165  164.986999  -12.110000  0.1200  0.0100                     5.5-1 165Ir
  77 166  165.985249  -13.740000  0.1300  0.0300                     2.0 1 166Ir
  77 167  166.981449  -17.280000  0.1300  0.0200                     5.5-1 167Ir
  77 168  167.979409  -19.180000  0.1600  0.0300                     1.0-1 168Ir
  77 169  168.976006  -22.350000  0.1900  0.0300                     1.5 1 169Ir
  77 170  169.974858  -23.420000  0.2000  0.0500                     1.0 1 170Ir
  77 171  170.971562  -26.490000  0.1800  0.0100                     1.5 1 171Ir
  77 172  171.970542  -27.440000  0.2100  0.0300                     3.0 1 172Ir
  77 173  172.967719  -30.070000  0.2700  0.0900                     4.5-1 173Ir
  77 174  173.966903  -30.830000  0.3100  0.1000                     7.0-1 174Ir
  77 175  174.963800  -33.720000  0.3000  0.0900                     4.5-1 175Ir
  77 176  175.963177  -34.300000  0.3200  0.0900                     5.0 1 176Ir
  77 177  176.960859  -36.460000  0.3000  0.0600                     4.5-1 177Ir
  77 178  177.960794  -36.520000  0.2900  0.0600                     2.0 1 178Ir
  77 179  178.958497  -38.660000  0.3300  0.0400                     4.5-1 179Ir
  77 180  179.958540  -38.620000  0.3200  0.0500                     2.0 1 180Ir
  77 181  180.957133  -39.930000  0.3200  0.0400                     4.5-1 181Ir
  77 182  181.957777  -39.330000  0.3100  0.0300                     1.0-1 182Ir
  77 183  182.956468  -40.550000  0.2900 -0.0100                     0.5-1 183Ir
  77 184  183.957649  -39.450000  0.2700 -0.0200                     4.0-1 184Ir
  77 185  184.956704  -40.330000  0.2700 -0.0200                     0.5-1 185Ir
  77 186  185.958078  -39.050000  0.2700 -0.0100                     0.0 1 186Ir
  77 187  186.957885  -39.230000  0.2600 -0.0300                     0.5-1 187Ir
  77 188  187.959377  -37.840000  0.2100 -0.0500                     0.0-1 188Ir
  77 189  188.959377  -37.840000 -0.1900  0.0100                     0.5-1 189Ir
  77 190  189.961105  -36.230000  0.1900 -0.0500                     2.0-1 190Ir
  77 191  190.960966  -36.360000 -0.1700 -0.0100                     0.5 1 191Ir
  77 192  191.962898  -34.560000 -0.1800  0.0000                     0.0 1 192Ir
  77 193  192.963360  -34.130000 -0.1600  0.0000                     1.5 1 193Ir
  77 194  193.965743  -31.910000 -0.1700  0.0000                     1.0 1 194Ir
  77 195  194.966409  -31.290000 -0.1500 -0.0100                     1.5 1 195Ir
  77 196  195.969060  -28.820000 -0.1400 -0.0200                     4.0-1 196Ir
  77 197  196.969844  -28.090000 -0.1400 -0.0100                     1.5 1 197Ir
  77 198  197.972657  -25.470000 -0.1000 -0.0300                     4.0-1 198Ir
  77 199  198.973859  -24.350000 -0.1000 -0.0300                     1.5 1 199Ir
  77 200  199.977337  -21.110000  0.0500 -0.0200                     4.0-1 200Ir
  77 201  200.978733  -19.810000  0.0000  0.0000                     1.5 1 201Ir
  77 202  201.981149  -17.560000  0.0000  0.0000                     2.0-1 202Ir
  77 203  202.982415  -16.380000  0.0000  0.0000                     1.5 1 203Ir
  77 204  203.988438  -10.770000  0.0000  0.0000                     3.0 1 204Ir
  77 205  204.992228   -7.240000  0.0000  0.0000                     1.5 1 205Ir
  77 206  205.998143   -1.730000  0.0000  0.0000                     3.0 1 206Ir
  77 207  207.002555    2.380000  0.0000  0.0000                     1.5 1 207Ir
  77 208  208.007601    7.080000  0.0500 -0.0200                     3.0 1 208Ir
  77 209  209.012120   11.290000  0.0700  0.0000                     1.5 1 209Ir
  77 210  210.017993   16.760000  0.0800  0.0200                     3.0 1 210Ir
  77 211  211.022866   21.300000  0.1000  0.0200                     5.5-1 211Ir
  77 212  212.028782   26.810000  0.1100  0.0200                     1.0-1 212Ir
  77 213  213.033215   30.940000  0.1200  0.0300                     1.5 1 213Ir
  77 214  214.039582   36.870000  0.1300  0.0300                     1.0-1 214Ir
  77 215  215.043543   40.560000  0.1500  0.0500                     1.5 1 215Ir
  77 216  216.049619   46.220000  0.1800  0.0800                     0.0-1 216Ir
  77 217  217.053967   50.270000  0.2100  0.0900                     0.5-1 217Ir
  77 218  218.060161   56.040000  0.1900  0.0800                     1.0 1 218Ir
  77 219  219.064617   60.190000  0.2300  0.1100                     4.5-1 219Ir
  77 220  220.070467   65.640000  0.2400  0.1000                     5.0-1 220Ir
  77 221  221.075374   70.210000  0.2600  0.1100                     4.5-1 221Ir
  77 222  222.081332   75.760000  0.2700  0.1000                     7.0-1 222Ir
  77 223  223.086474   80.550000  0.2800  0.1000                     4.5-1 223Ir
  77 224  224.092883   86.520000  0.2900  0.1000                     8.0 1 224Ir
  77 225  225.098015   91.300000  0.2800  0.0800                     4.5-1 225Ir
  77 226  226.103973   96.850000  0.2800  0.0700                     1.0-1 226Ir
  77 227  227.109974  102.440000  0.2800  0.0700                     4.5-1 227Ir
  77 228  228.116458  108.480000  0.2700  0.0600                     4.0-1 228Ir
  77 229  229.122073  113.710000  0.2800  0.0400                     4.5-1 229Ir
  77 230  230.128858  120.030000  0.2800  0.0300                     4.0-1 230Ir
  77 231  231.134977  125.730000  0.2800  0.0300                     4.5-1 231Ir
  77 232  232.142030  132.300000  0.2800  0.0200                     3.0-1 232Ir
  77 233  233.148342  138.180000  0.2900  0.0200                     2.5 1 233Ir
  77 234  234.155675  145.010000  0.2800  0.0100                     1.0 1 234Ir
  77 235  235.162148  151.040000  0.2800  0.0100                     2.5 1 235Ir
  77 236  236.169599  157.980000  0.2600 -0.0200                     4.0-1 236Ir
  77 237  237.175943  163.890000  0.2700 -0.0300                     2.5 1 237Ir
  77 238  238.183544  170.970000  0.2400 -0.0300                     5.0 1 238Ir
  77 239  239.190264  177.230000  0.2400 -0.0400                     0.5-1 239Ir
  77 240  240.197951  184.390000  0.2400 -0.0300                     1.0-1 240Ir
  77 241  241.205187  191.130000  0.2400 -0.0300                     0.5-1 241Ir
  77 242  242.212734  198.160000  0.2100 -0.0600                     2.0-1 242Ir
  77 243  243.219883  204.820000  0.2200 -0.0500                     0.5-1 243Ir
  77 244  244.227581  211.990000  0.1800 -0.0600                     1.0 1 244Ir
  77 245  245.235428  219.300000  0.1700 -0.0600                     1.5 1 245Ir
  77 246  246.243126  226.470000  0.1800 -0.0600                     1.0 1 246Ir
  77 247  247.250866  233.680000 -0.1700  0.0100                     0.5 1 247Ir
  77 248  248.258767  241.040000 -0.1600  0.0000                     0.0-1 248Ir
  77 249  249.266207  247.970000 -0.1500  0.0000                     1.5 1 249Ir
  77 250  250.274140  255.360000 -0.1400 -0.0200                     5.0 1 250Ir
  77 251  251.281634  262.340000 -0.1300 -0.0100                     1.5 1 251Ir
  77 252  252.290115  270.240000 -0.1200 -0.0200                     5.0 1 252Ir
  77 253  253.297479  277.100000 -0.1100 -0.0400                     1.5 1 253Ir
  77 254  254.306304  285.320000 -0.1200 -0.0100                     5.0 1 254Ir
  77 255  255.313174  291.720000 -0.0900 -0.0400                     1.5 1 255Ir
  77 256  256.321945  299.890000 -0.0800 -0.0400                     5.0 1 256Ir
  77 257  257.330534  307.890000  0.0000  0.0000                     1.5 1 257Ir
  77 258  258.338531  315.340000  0.0000  0.0000                     3.0 1 258Ir
  77 259  259.345681  322.000000  0.0000  0.0000                     1.5 1 259Ir
  77 260  260.354066  329.810000  0.0000  0.0000                     3.0 1 260Ir
  77 261  261.361022  336.290000  0.0000  0.0000                     1.5 1 261Ir
  77 262  262.371285  345.850000  0.0000  0.0000                     0.0-1 262Ir
  77 263  263.380185  354.140000  0.0000  0.0000                     1.5 1 263Ir
  77 264  264.389858  363.150000  0.0000  0.0000                     0.0-1 264Ir
