  78 162  162.009104    8.480000  0.0000  0.0000                     0.0 1 162Pt
  78 163  163.005679    5.290000 -0.0700  0.0100                     3.5-1 163Pt
  78 164  164.000569    0.530000  0.0600  0.0000                     0.0 1 164Pt
  78 165  164.998594   -1.310000  0.0800  0.0000                     3.5-1 165Pt
  78 166  165.993956   -5.630000  0.0900  0.0000                     0.0 1 166Pt
  78 167  166.991981   -7.470000  0.1100  0.0100                     3.5-1 167Pt
  78 168  167.987966  -11.210000  0.1200  0.0200                     0.0 1 168Pt
  78 169  168.986183  -12.870000  0.1300  0.0100                     4.5-1 169Pt
  78 170  169.982276  -16.510000  0.1600  0.0300                     0.0 1 170Pt
  78 171  170.981052  -17.650000  0.1600  0.0300                     4.5-1 171Pt
  78 172  171.977445  -21.010000  0.1900  0.0100                     0.0 1 172Pt
  78 173  172.976425  -21.960000  0.1800  0.0400                     1.5 1 173Pt
  78 174  173.972979  -25.170000  0.2100  0.0400                     0.0 1 174Pt
  78 175  174.972163  -25.930000  0.2900  0.1000                     2.5 1 175Pt
  78 176  175.968985  -28.890000  0.3000  0.0700                     0.0 1 176Pt
  78 177  176.967880  -29.920000  0.3000  0.0900                     0.5-1 177Pt
  78 178  177.965432  -32.200000  0.3000  0.0900                     0.0 1 178Pt
  78 179  178.965196  -32.420000  0.2900  0.0300                     2.5-1 179Pt
  78 180  179.962769  -34.680000  0.3200  0.0600                     0.0 1 180Pt
  78 181  180.962598  -34.840000  0.3100  0.0500                     2.5-1 181Pt
  78 182  181.960805  -36.510000  0.2900  0.0300                     0.0 1 182Pt
  78 183  182.961105  -36.230000  0.2800  0.0100                     3.5-1 183Pt
  78 184  183.959688  -37.550000  0.2800 -0.0100                     0.0 1 184Pt
  78 185  184.960698  -36.610000  0.2700 -0.0200                     4.5 1 185Pt
  78 186  185.959463  -37.760000  0.2500 -0.0200                     0.0 1 186Pt
  78 187  186.960783  -36.530000 -0.1800  0.0200                     2.5-1 187Pt
  78 188  187.959882  -37.370000  0.2100 -0.0400                     0.0 1 188Pt
  78 189  188.961116  -36.220000  0.2100 -0.0300                     1.5-1 189Pt
  78 190  189.960290  -36.990000 -0.1700 -0.0100                     0.0 1 190Pt
  78 191  190.961954  -35.440000 -0.1600  0.0000                     6.5 1 191Pt
  78 192  191.961428  -35.930000 -0.1600 -0.0100                     0.0 1 192Pt
  78 193  192.962834  -34.620000 -0.1600 -0.0200                     1.5-1 193Pt
  78 194  193.963092  -34.380000 -0.1500 -0.0200                     0.0 1 194Pt
  78 195  194.965163  -32.450000 -0.1600 -0.0100                     1.5 1 195Pt
  78 196  195.965518  -32.120000 -0.1400 -0.0200                     0.0 1 196Pt
  78 197  196.967944  -29.860000 -0.1300 -0.0300                     2.5-1 197Pt
  78 198  197.968309  -29.520000 -0.1200 -0.0200                     0.0 1 198Pt
  78 199  198.970724  -27.270000 -0.1000 -0.0300                     2.5-1 199Pt
  78 200  199.971723  -26.340000 -0.0900 -0.0300                     0.0 1 200Pt
  78 201  200.974997  -23.290000  0.0500 -0.0100                     2.5-1 201Pt
  78 202  201.976210  -22.160000  0.0000  0.0000                     0.0 1 202Pt
  78 203  202.978390  -20.130000  0.0000  0.0000                     0.5-1 203Pt
  78 204  203.979474  -19.120000  0.0000  0.0000                     0.0 1 204Pt
  78 205  204.985260  -13.730000  0.0000  0.0000                     4.5 1 205Pt
  78 206  205.988781  -10.450000  0.0000  0.0000                     0.0 1 206Pt
  78 207  206.994461   -5.160000  0.0000  0.0000                     4.5 1 207Pt
  78 208  207.998626   -1.280000  0.0000  0.0000                     0.0 1 208Pt
  78 209  209.003575    3.330000  0.0500 -0.0200                     4.5 1 209Pt
  78 210  210.008009    7.460000  0.0500  0.0100                     0.0 1 210Pt
  78 211  211.013924   12.970000  0.0600  0.0000                     4.5 1 211Pt
  78 212  212.018164   16.920000  0.0800  0.0000                     0.0 1 212Pt
  78 213  213.024047   22.400000  0.1000  0.0400                     4.5 1 213Pt
  78 214  214.028266   26.330000  0.1200  0.0400                     0.0 1 214Pt
  78 215  215.034450   32.090000 -0.0900  0.0200                     5.5 1 215Pt
  78 216  216.038411   35.780000  0.1500  0.0500                     0.0 1 216Pt
  78 217  217.044155   41.130000  0.1600  0.0800                     1.5-1 217Pt
  78 218  218.048599   45.270000  0.1800  0.0800                     0.0 1 218Pt
  78 219  219.054396   50.670000  0.2000  0.0900                     2.5-1 219Pt
  78 220  220.058787   54.760000  0.2200  0.1100                     0.0 1 220Pt
  78 221  221.064338   59.930000  0.2600  0.1100                     0.5 1 221Pt
  78 222  222.069093   64.360000  0.2600  0.1000                     0.0 1 222Pt
  78 223  223.074848   69.720000  0.2700  0.1100                     2.5 1 223Pt
  78 224  224.079721   74.260000  0.2600  0.1000                     0.0 1 224Pt
  78 225  225.086152   80.250000  0.2800  0.0900                     3.5-1 225Pt
  78 226  226.090715   84.500000  0.2800  0.0800                     0.0 1 226Pt
  78 227  227.096791   90.160000  0.2800  0.0700                     3.5 1 227Pt
  78 228  228.102352   95.340000  0.2900  0.0700                     0.0 1 228Pt
  78 229  229.108857  101.400000  0.2600  0.0600                     0.5 1 229Pt
  78 230  230.114408  106.570000  0.2700  0.0400                     0.0 1 230Pt
  78 231  231.120709  112.440000  0.2800  0.0400                     0.5 1 231Pt
  78 232  232.126968  118.270000  0.2800  0.0300                     0.0 1 232Pt
  78 233  233.134032  124.850000  0.2800  0.0200                     1.5 1 233Pt
  78 234  234.139969  130.380000  0.2800  0.0200                     0.0 1 234Pt
  78 235  235.146979  136.910000  0.2600  0.0100                     1.5 1 235Pt
  78 236  236.153399  142.890000  0.2700 -0.0100                     0.0 1 236Pt
  78 237  237.160957  149.930000  0.2500 -0.0200                     4.5 1 237Pt
  78 238  238.166872  155.440000  0.2500 -0.0200                     0.0 1 238Pt
  78 239  239.174333  162.390000  0.2500 -0.0200                     5.5-1 239Pt
  78 240  240.180774  168.390000  0.2300 -0.0400                     0.0 1 240Pt
  78 241  241.188321  175.420000  0.2200 -0.0400                     1.5 1 241Pt
  78 242  242.195074  181.710000  0.2200 -0.0600                     0.0 1 242Pt
  78 243  243.202632  188.750000  0.2100 -0.0500                     4.5 1 243Pt
  78 244  244.210812  196.370000 -0.1900  0.0300                     0.0 1 244Pt
  78 245  245.217242  202.360000  0.1900 -0.0600                     2.5 1 245Pt
  78 246  246.224950  209.540000 -0.1600  0.0100                     0.0 1 246Pt
  78 247  247.232616  216.680000 -0.1500  0.0000                     2.5 1 247Pt
  78 248  248.239315  222.920000 -0.1600  0.0000                     0.0 1 248Pt
  78 249  249.247044  230.120000 -0.1400 -0.0100                     0.5 1 249Pt
  78 250  250.254194  236.780000 -0.1500 -0.0100                     0.0 1 250Pt
  78 251  251.262160  244.200000 -0.1300 -0.0200                     3.5 1 251Pt
  78 252  252.269148  250.710000 -0.1200 -0.0200                     0.0 1 252Pt
  78 253  253.277447  258.440000 -0.1200 -0.0200                     3.5 1 253Pt
  78 254  254.284672  265.170000 -0.1000 -0.0400                     0.0 1 254Pt
  78 255  255.292723  272.670000 -0.1100 -0.0200                     3.5 1 255Pt
  78 256  256.300077  279.520000 -0.0900 -0.0400                     0.0 1 256Pt
  78 257  257.308376  287.250000 -0.0800 -0.0200                     0.5 1 257Pt
  78 258  258.316953  295.240000  0.0000  0.0000                     0.0 1 258Pt
  78 259  259.324801  302.550000  0.0000  0.0000                     1.5 1 259Pt
  78 260  260.331822  309.090000  0.0000  0.0000                     0.0 1 260Pt
  78 261  261.340034  316.740000  0.0000  0.0000                     1.5 1 261Pt
  78 262  262.346894  323.130000  0.0000  0.0000                     0.0 1 262Pt
  78 263  263.357447  332.960000  0.0000  0.0000                     1.5-1 263Pt
  78 264  264.366046  340.970000  0.0000  0.0000                     0.0 1 264Pt
  78 265  265.375687  349.950000  0.0000  0.0000                     1.5-1 265Pt
  78 266  266.385317  358.920000  0.0000  0.0000                     0.0 1 266Pt
