  79 164  164.016941   15.780000  0.0600  0.0000                     2.0 1 164Au
  79 165  165.011390   10.610000  0.0600  0.0000                     1.5 1 165Au
  79 166  166.008513    7.930000  0.0800  0.0000                     2.0-1 166Au
  79 167  167.004004    3.730000  0.0800  0.0000                     5.5-1 167Au
  79 168  168.001771    1.650000  0.0900  0.0000                     2.0 1 168Au
  79 169  168.997402   -2.420000  0.1100  0.0200                     5.5-1 169Au
  79 170  169.995180   -4.490000  0.1100  0.0000                     6.0-1 170Au
  79 171  170.991379   -8.030000  0.1300  0.0200                     5.5-1 171Au
  79 172  171.990156   -9.170000  0.1500  0.0300                     1.0 1 172Au
  79 173  172.985861  -13.170000  0.1500  0.0200                     1.5 1 173Au
  79 174  173.985110  -13.870000  0.1600  0.0200                     1.0 1 174Au
  79 175  174.981889  -16.870000  0.3200  0.1200                     1.5-1 175Au
  79 176  175.980011  -18.620000  0.1900  0.0100                     3.0-1 176Au
  79 177  176.976361  -22.020000  0.2700  0.0900                     1.5 1 177Au
  79 178  177.975180  -23.120000  0.3000  0.0900                     2.0 1 178Au
  79 179  178.972367  -25.740000  0.3100  0.0800                     1.5-1 179Au
  79 180  179.971938  -26.140000  0.3100  0.0800                     2.0-1 180Au
  79 181  180.969318  -28.580000  0.3100  0.0600                     1.5-1 181Au
  79 182  181.968910  -28.960000  0.3100  0.0500                     1.0 1 182Au
  79 183  182.966935  -30.800000  0.2900  0.0400                     1.5-1 183Au
  79 184  183.966795  -30.930000  0.2900  0.0100                     2.0 1 184Au
  79 185  184.965239  -32.380000  0.2800  0.0100                     1.5-1 185Au
  79 186  185.966140  -31.540000 -0.2000  0.0200                     3.0 1 186Au
  79 187  186.964595  -32.980000 -0.2000  0.0200                     0.5 1 187Au
  79 188  187.965099  -32.510000 -0.1800  0.0200                     2.0-1 188Au
  79 189  188.963918  -33.610000 -0.1900  0.0200                     0.5 1 189Au
  79 190  189.964960  -32.640000 -0.1800  0.0200                     1.0-1 190Au
  79 191  190.963864  -33.660000 -0.1800  0.0000                     0.5-1 191Au
  79 192  191.965110  -32.500000 -0.1800  0.0100                     2.0 1 192Au
  79 193  192.964476  -33.090000 -0.1700 -0.0100                     0.5-1 193Au
  79 194  193.965754  -31.900000 -0.1700  0.0000                     0.0 1 194Au
  79 195  194.965840  -31.820000 -0.1800  0.0000                     0.5-1 195Au
  79 196  195.967386  -30.380000 -0.1500 -0.0200                     0.0-1 196Au
  79 197  196.967579  -30.200000 -0.1500 -0.0200                     1.5 1 197Au
  79 198  197.969619  -28.300000 -0.1300 -0.0200                     4.0-1 198Au
  79 199  198.969919  -28.020000 -0.1200 -0.0300                     1.5 1 199Au
  79 200  199.971916  -26.160000 -0.0900 -0.0300                     4.0-1 200Au
  79 201  200.972453  -25.660000 -0.0800 -0.0300                     1.5 1 201Au
  79 202  201.974740  -23.530000  0.0500 -0.0200                     4.0-1 202Au
  79 203  202.975931  -22.420000  0.0000  0.0000                     1.5 1 203Au
  79 204  203.977864  -20.620000  0.0000  0.0000                     2.0-1 204Au
  79 205  204.978744  -19.800000  0.0000  0.0000                     1.5 1 205Au
  79 206  205.984337  -14.590000  0.0000  0.0000                     3.0 1 206Au
  79 207  206.987590  -11.560000  0.0000  0.0000                     1.5 1 207Au
  79 208  207.993086   -6.440000  0.0000  0.0000                     3.0 1 208Au
  79 209  208.996983   -2.810000  0.0000  0.0000                     1.5 1 209Au
  79 210  210.002458    2.290000  0.0000  0.0000                     3.0 1 210Au
  79 211  211.006173    5.750000  0.0500 -0.0200                     5.5-1 211Au
  79 212  212.011745   10.940000  0.0500 -0.0300                     3.0 1 212Au
  79 213  213.015985   14.890000  0.0800  0.0200                     5.5-1 213Au
  79 214  214.021900   20.400000  0.0400  0.0000                     1.0-1 214Au
  79 215  215.025883   24.110000  0.1100  0.0200                     5.5-1 215Au
  79 216  216.031358   29.210000  0.1100  0.0200                     7.0 1 216Au
  79 217  217.035652   33.210000  0.1300  0.0400                     5.5-1 217Au
  79 218  218.041696   38.840000  0.1300  0.0300                     7.0 1 218Au
  79 219  219.045411   42.300000  0.1700  0.0800                     5.5-1 219Au
  79 220  220.050875   47.390000  0.2200  0.1100                     4.0-1 220Au
  79 221  221.054869   51.110000  0.2300  0.1100                     1.5 1 221Au
  79 222  222.060430   56.290000  0.2100  0.0900                     2.0 1 222Au
  79 223  223.065003   60.550000  0.2500  0.1100                     1.5 1 223Au
  79 224  224.070478   65.650000  0.2700  0.1100                     4.0-1 224Au
  79 225  225.075191   70.040000  0.2700  0.1000                     1.5-1 225Au
  79 226  226.081289   75.720000  0.2700  0.0800                     5.0 1 226Au
  79 227  227.085808   79.930000  0.2700  0.0800                     1.5-1 227Au
  79 228  228.091520   85.250000  0.2700  0.0700                     2.0-1 228Au
  79 229  229.096909   90.270000  0.2800  0.0700                     1.5-1 229Au
  79 230  230.103522   96.430000  0.2800  0.0600                     3.0 1 230Au
  79 231  231.108739  101.290000  0.2800  0.0500                     1.5-1 231Au
  79 232  232.115277  107.380000  0.2900  0.0500                     1.0-1 232Au
  79 233  233.120731  112.460000  0.2800  0.0300                     1.5-1 233Au
  79 234  234.127634  118.890000  0.2900  0.0200                     0.0-1 234Au
  79 235  235.133345  124.210000  0.2700  0.0200                     1.5-1 235Au
  79 236  236.140430  130.810000  0.2600  0.0000                     0.0-1 236Au
  79 237  237.146399  136.370000  0.2700 -0.0200                     1.5-1 237Au
  79 238  238.153699  143.170000  0.2600 -0.0100                     3.0-1 238Au
  79 239  239.159733  148.790000  0.2600 -0.0200                     1.5-1 239Au
  79 240  240.166979  155.540000  0.2400 -0.0300                     4.0 1 240Au
  79 241  241.173195  161.330000  0.2300 -0.0300                     1.5-1 241Au
  79 242  242.180549  168.180000  0.2400 -0.0500                     0.0-1 242Au
  79 243  243.187001  174.190000  0.2000 -0.0500                     1.5 1 243Au
  79 244  244.194548  181.220000  0.2100 -0.0400                     3.0 1 244Au
  79 245  245.201300  187.510000  0.2000 -0.0400                     1.5 1 245Au
  79 246  246.209019  194.700000 -0.1600  0.0100                     1.0 1 246Au
  79 247  247.215611  200.840000 -0.1700  0.0100                     0.5 1 247Au
  79 248  248.223029  207.750000 -0.1500  0.0000                     1.0 1 248Au
  79 249  249.229803  214.060000 -0.1500  0.0000                     1.5 1 249Au
  79 250  250.237758  221.470000 -0.1400 -0.0100                     5.0 1 250Au
  79 251  251.244371  227.630000 -0.1400 -0.0100                     1.5 1 251Au
  79 252  252.252272  234.990000 -0.1100 -0.0300                     5.0 1 252Au
  79 253  253.259057  241.310000 -0.1100 -0.0300                     1.5 1 253Au
  79 254  254.266969  248.680000 -0.1000 -0.0400                     5.0 1 254Au
  79 255  255.273829  255.070000 -0.1000 -0.0400                     1.5 1 255Au
  79 256  256.282224  262.890000 -0.1100 -0.0200                     5.0 1 256Au
  79 257  257.289964  270.100000  0.0600 -0.0200                     1.5 1 257Au
  79 258  258.297393  277.020000  0.0500 -0.0200                     1.0 1 258Au
  79 259  259.305219  284.310000  0.0000  0.0000                     1.5 1 259Au
  79 260  260.312895  291.460000  0.0000  0.0000                     3.0 1 260Au
  79 261  261.319787  297.880000  0.0000  0.0000                     1.5 1 261Au
  79 262  262.327828  305.370000  0.0000  0.0000                     3.0 1 262Au
  79 263  263.334592  311.670000  0.0000  0.0000                     1.5 1 263Au
  79 264  264.345349  321.690000  0.0000  0.0000                     0.0-1 264Au
  79 265  265.353733  329.500000  0.0000  0.0000                     1.5 1 265Au
  79 266  266.363309  338.420000  0.0000  0.0000                     0.0-1 266Au
  79 267  267.372992  347.440000  0.0000  0.0000                     1.5 1 267Au
  79 268  268.382740  356.520000  0.0000  0.0000                     5.0 1 268Au
