  81 168  168.028986   27.000000  0.0500  0.0000                     4.0-1 168Tl
  81 169  169.023210   21.620000 -0.0600 -0.0200                     0.5 1 169Tl
  81 170  170.020655   19.240000 -0.0500 -0.0200                     4.0-1 170Tl
  81 171  171.015674   14.600000 -0.0700 -0.0200                     0.5 1 171Tl
  81 172  172.013376   12.460000 -0.0700  0.0000                     4.0-1 172Tl
  81 173  173.009018    8.400000 -0.0700  0.0000                     0.5 1 173Tl
  81 174  174.006699    6.240000 -0.0700  0.0100                     4.0-1 174Tl
  81 175  175.002813    2.620000 -0.0700 -0.0200                     0.5 1 175Tl
  81 176  176.000730    0.680000 -0.0700  0.0000                     4.0-1 176Tl
  81 177  176.996350   -3.400000  0.2600  0.1000                     0.5 1 177Tl
  81 178  177.995717   -3.990000 -0.1000  0.0000                     4.0-1 178Tl
  81 179  178.990864   -8.510000  0.2600  0.0800                     0.5 1 179Tl
  81 180  179.989211  -10.050000  0.2800  0.0900                     1.0 1 180Tl
  81 181  180.986119  -12.930000  0.3200  0.1100                     0.5-1 181Tl
  81 182  181.985153  -13.830000  0.3100  0.1000                     4.0-1 182Tl
  81 183  182.981868  -16.890000  0.3200  0.0800                     0.5-1 183Tl
  81 184  183.980880  -17.810000  0.3100  0.0600                     3.0 1 184Tl
  81 185  184.978508  -20.020000  0.3100  0.0500                     0.5-1 185Tl
  81 186  185.978755  -19.790000 -0.1900  0.0400                     9.0-1 186Tl
  81 187  186.975953  -22.400000  0.3000  0.0100                     0.5-1 187Tl
  81 188  187.976275  -22.100000 -0.1800  0.0400                     8.0-1 188Tl
  81 189  188.973763  -24.440000 -0.1900  0.0200                     4.5-1 189Tl
  81 190  189.973891  -24.320000 -0.1600  0.0100                     7.0 1 190Tl
  81 191  190.971970  -26.110000 -0.1800  0.0100                     4.5-1 191Tl
  81 192  191.972142  -25.950000 -0.1800  0.0100                     6.0 1 192Tl
  81 193  192.970939  -27.070000 -0.1800  0.0200                     4.5-1 193Tl
  81 194  193.971336  -26.700000 -0.1800  0.0100                     7.0-1 194Tl
  81 195  194.970349  -27.620000 -0.1700  0.0000                     4.5-1 195Tl
  81 196  195.970832  -27.170000 -0.1500 -0.0100                     2.0-1 196Tl
  81 197  196.970241  -27.720000 -0.1000 -0.0100                     0.5 1 197Tl
  81 198  197.971068  -26.950000 -0.0800 -0.0200                     2.0-1 198Tl
  81 199  198.970349  -27.620000 -0.0800 -0.0200                     0.5 1 199Tl
  81 200  199.971508  -26.540000 -0.0600 -0.0200                     2.0-1 200Tl
  81 201  200.971197  -26.830000 -0.0700 -0.0300                     0.5 1 201Tl
  81 202  201.972614  -25.510000 -0.0700 -0.0200                     2.0-1 202Tl
  81 203  202.972507  -25.610000 -0.0500 -0.0200                     0.5 1 203Tl
  81 204  203.974471  -23.780000  0.0400 -0.0200                     2.0-1 204Tl
  81 205  204.974782  -23.490000  0.0000  0.0000                     0.5 1 205Tl
  81 206  205.976242  -22.130000  0.0000  0.0000                     0.0-1 206Tl
  81 207  206.976736  -21.670000  0.0000  0.0000                     0.5 1 207Tl
  81 208  207.981857  -16.900000  0.0000  0.0000                     5.0 1 208Tl
  81 209  208.984541  -14.400000  0.0000  0.0000                     0.5 1 209Tl
  81 210  209.989544   -9.740000  0.0000  0.0000                     5.0 1 210Tl
  81 211  210.992915   -6.600000  0.0000  0.0000                     0.5 1 211Tl
  81 212  211.997864   -1.990000  0.0000  0.0000                     5.0 1 212Tl
  81 213  213.001707    1.590000  0.0000  0.0000                     0.5 1 213Tl
  81 214  214.006151    5.730000 -0.0500 -0.0100                     5.0 1 214Tl
  81 215  215.009984    9.300000  0.0400 -0.0100                     0.5 1 215Tl
  81 216  216.015180   14.140000 -0.0400  0.0100                     5.0 1 216Tl
  81 217  217.020397   19.000000  0.0000  0.0000                     0.5 1 217Tl
  81 218  218.024445   22.770000 -0.0500  0.0200                     5.0 1 218Tl
  81 219  219.028911   26.930000  0.0500 -0.0100                     0.5 1 219Tl
  81 220  220.033967   31.640000 -0.0600 -0.0200                     5.0 1 220Tl
  81 221  221.038519   35.880000  0.1800  0.0800                     5.5-1 221Tl
  81 222  222.043650   40.660000  0.2100  0.1100                     3.0 1 222Tl
  81 223  223.047247   44.010000  0.2100  0.1100                     5.5-1 223Tl
  81 224  224.052400   48.810000  0.2200  0.1100                     5.0-1 224Tl
  81 225  225.056533   52.660000  0.2300  0.1100                     5.5-1 225Tl
  81 226  226.061772   57.540000  0.2400  0.1100                     1.0-1 226Tl
  81 227  227.065873   61.360000  0.2700  0.1000                     1.5 1 227Tl
  81 228  228.071724   66.810000  0.2500  0.0900                     2.0-1 228Tl
  81 229  229.075781   70.590000  0.2700  0.1000                     1.5 1 229Tl
  81 230  230.081643   76.050000  0.2700  0.0800                     5.0 1 230Tl
  81 231  231.086302   80.390000  0.2800  0.0800                     1.5 1 231Tl
  81 232  232.092368   86.040000  0.2700  0.0600                     6.0-1 232Tl
  81 233  233.097091   90.440000  0.2700  0.0600                     1.5 1 233Tl
  81 234  234.103189   96.120000  0.2700  0.0400                     2.0 1 234Tl
  81 235  235.108578  101.140000  0.2700  0.0500                     1.5 1 235Tl
  81 236  236.114880  107.010000  0.2500  0.0200                     2.0 1 236Tl
  81 237  237.120484  112.230000  0.2600  0.0100                     1.5 1 237Tl
  81 238  238.126990  118.290000  0.2600  0.0100                     3.0 1 238Tl
  81 239  239.132701  123.610000  0.2600  0.0000                     1.5 1 239Tl
  81 240  240.139604  130.040000  0.2500  0.0000                     6.0 1 240Tl
  81 241  241.145304  135.350000  0.2400 -0.0100                     1.5 1 241Tl
  81 242  242.152218  141.790000  0.2500 -0.0200                     7.0-1 242Tl
  81 243  243.158101  147.270000  0.2400 -0.0200                     1.5 1 243Tl
  81 244  244.165079  153.770000  0.2200 -0.0300                     3.0 1 244Tl
  81 245  245.171638  159.880000  0.2300 -0.0200                     1.5 1 245Tl
  81 246  246.178219  166.010000 -0.1700  0.0200                     6.0-1 246Tl
  81 247  247.184156  171.540000 -0.1700  0.0200                     4.5-1 247Tl
  81 248  248.192100  178.940000  0.1700 -0.0400                     3.0 1 248Tl
  81 249  249.197210  183.700000 -0.1700  0.0100                     4.5-1 249Tl
  81 250  250.204081  190.100000 -0.1500  0.0000                     3.0 1 250Tl
  81 251  251.210619  196.190000 -0.1500  0.0100                     0.5 1 251Tl
  81 252  252.217264  202.380000 -0.1400 -0.0100                     3.0 1 252Tl
  81 253  253.223598  208.280000 -0.1400  0.0000                     0.5 1 253Tl
  81 254  254.230919  215.100000 -0.1300 -0.0100                     3.0 1 254Tl
  81 255  255.237597  221.320000 -0.1300 -0.0100                     0.5 1 255Tl
  81 256  256.245176  228.380000 -0.1200 -0.0100                     3.0 1 256Tl
  81 257  257.251617  234.380000 -0.0800 -0.0300                     0.5 1 257Tl
  81 258  258.259078  241.330000 -0.0700 -0.0200                     3.0 1 258Tl
  81 259  259.265874  247.660000 -0.0800 -0.0300                     0.5 1 259Tl
  81 260  260.273174  254.460000 -0.0700 -0.0300                     1.0 1 260Tl
  81 261  261.280206  261.010000 -0.0600 -0.0300                     0.5 1 261Tl
  81 262  262.288268  268.520000  0.0000  0.0000                     1.0 1 262Tl
  81 263  263.294946  274.740000  0.0000  0.0000                     0.5 1 263Tl
  81 264  264.302825  282.080000  0.0000  0.0000                     1.0 1 264Tl
  81 265  265.309374  288.180000  0.0000  0.0000                     0.5 1 265Tl
  81 266  266.320582  298.620000  0.0000  0.0000                     2.0-1 266Tl
  81 267  267.328011  305.540000  0.0000  0.0000                     0.5 1 267Tl
  81 268  268.337565  314.440000  0.0000  0.0000                     2.0-1 268Tl
  81 269  269.346948  323.180000  0.0000  0.0000                     0.5 1 269Tl
  81 270  270.356224  331.820000  0.0000  0.0000                     0.0-1 270Tl
  81 271  271.365703  340.650000  0.0300  0.0200                     0.5 1 271Tl
  81 272  272.375472  349.750000  0.0000  0.0000                     1.0 1 272Tl
