  83 172  172.043156   40.200000 -0.0400  0.0100                     1.0 1 172Bi
  83 173  173.038186   35.570000 -0.0400  0.0100                     4.5-1 173Bi
  83 174  174.034890   32.500000 -0.0600  0.0100                     1.0 1 174Bi
  83 175  175.029995   27.940000 -0.0600  0.0100                     4.5-1 175Bi
  83 176  176.027601   25.710000  0.0500  0.0100                     1.0 1 176Bi
  83 177  177.021396   19.930000  0.1800  0.0700                     0.5-1 177Bi
  83 178  178.018701   17.420000  0.2500  0.1200                     3.0 1 178Bi
  83 179  179.014214   13.240000  0.2600  0.1200                     5.5-1 179Bi
  83 180  180.011841   11.030000  0.2900  0.1100                     2.0-1 180Bi
  83 181  181.007257    6.760000  0.3000  0.1100                     0.5-1 181Bi
  83 182  182.004917    4.580000  0.3000  0.1000                     1.0-1 182Bi
  83 183  183.001514    1.410000  0.3000  0.1000                     1.5 1 183Bi
  83 184  184.000032    0.030000  0.3000  0.0900                     2.0 1 184Bi
  83 185  184.996253   -3.490000  0.3100  0.0700                     1.5 1 185Bi
  83 186  185.994793   -4.850000  0.2900  0.0600                     1.0-1 186Bi
  83 187  186.991948   -7.500000  0.3000  0.0600                     1.5 1 187Bi
  83 188  187.991025   -8.360000  0.3000  0.0500                     2.0-1 188Bi
  83 189  188.988416  -10.790000  0.2800  0.0300                     1.5 1 189Bi
  83 190  189.988223  -10.970000 -0.2000  0.0400                     1.0-1 190Bi
  83 191  190.985829  -13.200000 -0.2000  0.0400                     3.5-1 191Bi
  83 192  191.985207  -13.780000 -0.1900  0.0200                     1.0 1 192Bi
  83 193  192.983210  -15.640000 -0.2100  0.0400                     3.5-1 193Bi
  83 194  193.982694  -16.120000 -0.1500  0.0300                     2.0-1 194Bi
  83 195  194.980966  -17.730000 -0.1400  0.0200                     4.5-1 195Bi
  83 196  195.980912  -17.780000 -0.1400  0.0200                     2.0-1 196Bi
  83 197  196.979345  -19.240000 -0.1400  0.0100                     4.5-1 197Bi
  83 198  197.979495  -19.100000 -0.1200  0.0100                     3.0 1 198Bi
  83 199  198.978347  -20.170000 -0.1300  0.0100                     4.5-1 199Bi
  83 200  199.978615  -19.920000 -0.0500  0.0200                     3.0 1 200Bi
  83 201  200.977627  -20.840000 -0.0700 -0.0100                     4.5-1 201Bi
  83 202  201.977874  -20.610000 -0.0500  0.0100                     7.0 1 202Bi
  83 203  202.977069  -21.360000 -0.0400  0.0000                     4.5-1 203Bi
  83 204  203.977756  -20.720000 -0.0500  0.0100                     7.0 1 204Bi
  83 205  204.977359  -21.090000 -0.0600  0.0100                     4.5-1 205Bi
  83 206  205.978529  -20.000000 -0.0500  0.0100                     7.0 1 206Bi
  83 207  206.978432  -20.090000  0.0000  0.0000                     4.5-1 207Bi
  83 208  207.979388  -19.200000  0.0000  0.0000                     5.0 1 208Bi
  83 209  208.979485  -19.110000  0.0000  0.0000                     4.5-1 209Bi
  83 210  209.984144  -14.770000  0.0000  0.0000                     1.0-1 210Bi
  83 211  210.986302  -12.760000  0.0000  0.0000                     4.5-1 211Bi
  83 212  211.990843   -8.530000  0.0000  0.0000                     1.0-1 212Bi
  83 213  212.993698   -5.870000  0.0000  0.0000                     4.5-1 213Bi
  83 214  213.998186   -1.690000  0.0000  0.0000                     1.0-1 214Bi
  83 215  215.000601    0.560000 -0.0400  0.0100                     4.5-1 215Bi
  83 216  216.006023    5.610000  0.0000  0.0000                     1.0-1 216Bi
  83 217  217.008696    8.100000 -0.0400  0.0100                     4.5-1 217Bi
  83 218  218.013323   12.410000 -0.0400  0.0200                     1.0-1 218Bi
  83 219  219.017155   15.980000 -0.0500  0.0200                     4.5-1 219Bi
  83 220  220.021933   20.430000 -0.0500  0.0200                     1.0-1 220Bi
  83 221  221.025851   24.080000 -0.0500  0.0200                     4.5-1 221Bi
  83 222  222.031036   28.910000 -0.0700  0.0200                     1.0-1 222Bi
  83 223  223.033763   31.450000  0.1700  0.0900                     0.5-1 223Bi
  83 224  224.038680   36.030000  0.1900  0.0800                     2.0-1 224Bi
  83 225  225.041535   38.690000  0.2200  0.1300                     0.5 1 225Bi
  83 226  226.046259   43.090000  0.2300  0.1100                     0.0 1 226Bi
  83 227  227.049931   46.510000  0.2300  0.1300                     0.5 1 227Bi
  83 228  228.054933   51.170000  0.2400  0.1100                     3.0-1 228Bi
  83 229  229.058841   54.810000  0.2500  0.1200                     5.5-1 229Bi
  83 230  230.064327   59.920000  0.2400  0.0900                     2.0 1 230Bi
  83 231  231.068052   63.390000  0.2700  0.1000                     0.5 1 231Bi
  83 232  232.073731   68.680000  0.2600  0.0900                     2.0-1 232Bi
  83 233  233.077671   72.350000  0.2700  0.0700                     0.5 1 233Bi
  83 234  234.083554   77.830000  0.2800  0.0600                     4.0 1 234Bi
  83 235  235.087709   81.700000  0.2700  0.0600                     0.5 1 235Bi
  83 236  236.093828   87.400000  0.2500  0.0300                     2.0-1 236Bi
  83 237  237.098412   91.670000  0.2700  0.0300                     0.5-1 237Bi
  83 238  238.104799   97.620000  0.2500  0.0400                     0.0 1 238Bi
  83 239  239.109888  102.360000  0.2500  0.0100                     5.5-1 239Bi
  83 240  240.116072  108.120000  0.2500 -0.0100                     1.0 1 240Bi
  83 241  241.121590  113.260000  0.2400 -0.0100                     0.5 1 241Bi
  83 242  242.128138  119.360000  0.2500 -0.0100                     2.0-1 242Bi
  83 243  243.133173  124.050000  0.2200 -0.0100                     0.5 1 243Bi
  83 244  244.139808  130.230000  0.2500 -0.0200                     3.0 1 244Bi
  83 245  245.145959  135.960000 -0.1800  0.0300                     3.5-1 245Bi
  83 246  246.151864  141.460000 -0.1900  0.0200                     3.0-1 246Bi
  83 247  247.157382  146.600000 -0.1900  0.0300                     3.5-1 247Bi
  83 248  248.164081  152.840000 -0.1700  0.0200                     2.0-1 248Bi
  83 249  249.169760  158.130000 -0.1700  0.0100                     3.5-1 249Bi
  83 250  250.176212  164.140000 -0.1700  0.0100                     1.0 1 250Bi
  83 251  251.182019  169.550000 -0.1600  0.0100                     4.5-1 251Bi
  83 252  252.188912  175.970000 -0.1500  0.0000                     2.0-1 252Bi
  83 253  253.195138  181.770000 -0.1200  0.0000                     4.5-1 253Bi
  83 254  254.202138  188.290000 -0.1200 -0.0100                     8.0-1 254Bi
  83 255  255.207892  193.650000 -0.1200  0.0000                     4.5-1 255Bi
  83 256  256.215063  200.330000 -0.0900  0.0100                     8.0-1 256Bi
  83 257  257.221322  206.160000 -0.0900  0.0100                     4.5-1 257Bi
  83 258  258.228193  212.560000 -0.0500  0.0100                     8.0-1 258Bi
  83 259  259.234484  218.420000 -0.0500  0.0000                     4.5-1 259Bi
  83 260  260.242320  225.720000  0.0000  0.0000                     8.0-1 260Bi
  83 261  261.247667  230.700000 -0.0400  0.0000                     4.5-1 261Bi
  83 262  262.255321  237.830000  0.0000  0.0000                     4.0-1 262Bi
  83 263  263.261591  243.670000  0.0000  0.0000                     4.5-1 263Bi
  83 264  264.268644  250.240000  0.0000  0.0000                     6.0-1 264Bi
  83 265  265.275010  256.170000  0.0000  0.0000                     4.5-1 265Bi
  83 266  266.282407  263.060000  0.0000  0.0000                     6.0-1 266Bi
  83 267  267.288741  268.960000  0.0000  0.0000                     4.5-1 267Bi
  83 268  268.300023  279.470000  0.0000  0.0000                     3.0 1 268Bi
  83 269  269.306916  285.890000  0.0000  0.0000                     4.5-1 269Bi
  83 270  270.316363  294.690000  0.0000  0.0000                     3.0 1 270Bi
  83 271  271.325509  303.210000  0.0000  0.0000                     4.5-1 271Bi
  83 272  272.334753  311.820000  0.0000  0.0000                     5.0 1 272Bi
  83 273  273.344275  320.690000  0.0000  0.0000                     4.5-1 273Bi
  83 274  274.353507  329.290000  0.0000  0.0000                     4.0-1 274Bi
  83 275  275.363277  338.390000  0.0000  0.0000                     4.5-1 275Bi
  83 276  276.372810  347.270000  0.0000  0.0000                     2.0-1 276Bi
