  84 174  174.047826   44.550000  0.1000  0.0400                     0.0 1 174Po
  84 175  175.044370   41.330000  0.1100  0.0300                     4.5-1 175Po
  84 176  176.039045   36.370000  0.1300  0.0500                     0.0 1 176Po
  84 177  177.035738   33.290000  0.1800  0.0700                     0.5 1 177Po
  84 178  178.030489   28.400000  0.2000  0.1000                     0.0 1 178Po
  84 179  179.027493   25.610000  0.2500  0.1300                     2.5-1 179Po
  84 180  180.022641   21.090000  0.2900  0.1500                     0.0 1 180Po
  84 181  181.020183   18.800000  0.3200  0.1300                     2.5 1 181Po
  84 182  182.015523   14.460000  0.3000  0.1100                     0.0 1 182Po
  84 183  183.012829   11.950000  0.3000  0.1100                     0.5-1 183Po
  84 184  184.009029    8.410000  0.3300  0.1200                     0.0 1 184Po
  84 185  185.007365    6.860000  0.3100  0.0900                     3.5 1 185Po
  84 186  186.003435    3.200000  0.3100  0.0800                     0.0 1 186Po
  84 187  187.001728    1.610000  0.3200  0.0700                     2.5-1 187Po
  84 188  187.998712   -1.200000  0.3000  0.0800                     0.0 1 188Po
  84 189  188.997520   -2.310000  0.3100  0.0500                     3.5-1 189Po
  84 190  189.994793   -4.850000  0.2900  0.0500                     0.0 1 190Po
  84 191  190.994160   -5.440000  0.2700  0.0300                     3.5 1 191Po
  84 192  191.991605   -7.820000  0.2600  0.0100                     0.0 1 192Po
  84 193  192.990843   -8.530000 -0.2000  0.0300                     2.5 1 193Po
  84 194  193.988170  -11.020000 -0.2000  0.0200                     0.0 1 194Po
  84 195  194.988116  -11.070000 -0.1500  0.0200                     6.5 1 195Po
  84 196  195.985776  -13.250000 -0.1900  0.0100                     0.0 1 196Po
  84 197  196.985561  -13.450000 -0.1800  0.0300                     6.5 1 197Po
  84 198  197.983897  -15.000000 -0.1700  0.0200                     0.0 1 198Po
  84 199  198.983789  -15.100000 -0.1000  0.0100                     1.5-1 199Po
  84 200  199.982329  -16.460000 -0.1100  0.0000                     0.0 1 200Po
  84 201  200.982523  -16.280000  0.0600 -0.0100                     1.5-1 201Po
  84 202  201.981159  -17.550000 -0.0800 -0.0100                     0.0 1 202Po
  84 203  202.981481  -17.250000 -0.0600  0.0000                     2.5-1 203Po
  84 204  203.980451  -18.210000 -0.0700 -0.0200                     0.0 1 204Po
  84 205  204.981181  -17.530000  0.0500 -0.0100                     2.5-1 205Po
  84 206  205.980945  -17.750000  0.0000  0.0000                     0.0 1 206Po
  84 207  206.981943  -16.820000  0.0000  0.0000                     2.5-1 207Po
  84 208  207.980912  -17.780000  0.0000  0.0000                     0.0 1 208Po
  84 209  208.981642  -17.100000  0.0000  0.0000                     0.5-1 209Po
  84 210  209.981557  -17.180000  0.0000  0.0000                     0.0 1 210Po
  84 211  210.986001  -13.040000  0.0000  0.0000                     4.5 1 211Po
  84 212  211.987890  -11.280000  0.0000  0.0000                     0.0 1 212Po
  84 213  212.992217   -7.250000  0.0000  0.0000                     4.5 1 213Po
  84 214  213.994815   -4.830000  0.0000  0.0000                     0.0 1 214Po
  84 215  214.999077   -0.860000  0.0000  0.0000                     4.5 1 215Po
  84 216  216.001514    1.410000  0.0300  0.0000                     0.0 1 216Po
  84 217  217.006066    5.650000  0.0400  0.0100                     4.5 1 217Po
  84 218  218.009050    8.430000  0.0800  0.0300                     0.0 1 218Po
  84 219  219.013602   12.670000  0.0700  0.0300                     4.5 1 219Po
  84 220  220.016833   15.680000  0.0800  0.0300                     0.0 1 220Po
  84 221  221.021160   19.710000  0.0900  0.0300                     5.5 1 221Po
  84 222  222.024144   22.490000  0.1400  0.0900                     0.0 1 222Po
  84 223  223.028427   26.480000  0.1600  0.1000                     1.5-1 223Po
  84 224  224.031562   29.400000  0.1800  0.1100                     0.0 1 224Po
  84 225  225.036286   33.800000  0.1900  0.1100                     2.5-1 225Po
  84 226  226.039227   36.540000  0.2100  0.1200                     0.0 1 226Po
  84 227  227.043811   40.810000  0.2100  0.1100                     0.5 1 227Po
  84 228  228.047172   43.940000  0.2300  0.1200                     0.0 1 228Po
  84 229  229.051895   48.340000  0.2400  0.1100                     2.5 1 229Po
  84 230  230.055695   51.880000  0.2400  0.1100                     0.0 1 230Po
  84 231  231.060859   56.690000  0.2600  0.1200                     3.5-1 231Po
  84 232  232.064413   60.000000  0.2600  0.1000                     0.0 1 232Po
  84 233  233.069716   64.940000  0.2700  0.0700                     3.5 1 233Po
  84 234  234.073828   68.770000  0.2700  0.0600                     0.0 1 234Po
  84 235  235.079367   73.930000  0.2700  0.0600                     4.5-1 235Po
  84 236  236.083565   77.840000  0.2700  0.0400                     0.0 1 236Po
  84 237  237.089018   82.920000  0.2700  0.0500                     0.5 1 237Po
  84 238  238.093710   87.290000  0.2700  0.0400                     0.0 1 238Po
  84 239  239.099582   92.760000  0.2500  0.0200                     0.5 1 239Po
  84 240  240.104520   97.360000  0.2600  0.0100                     0.0 1 240Po
  84 241  241.110414  102.850000  0.2500  0.0100                     1.5 1 241Po
  84 242  242.115707  107.780000  0.2500  0.0100                     0.0 1 242Po
  84 243  243.122169  113.800000  0.2500  0.0000                     4.5 1 243Po
  84 244  244.127140  118.430000  0.2300 -0.0100                     0.0 1 244Po
  84 245  245.133817  124.650000  0.2300  0.0000                     5.5-1 245Po
  84 246  246.139088  129.560000  0.2100 -0.0200                     0.0 1 246Po
  84 247  247.145530  135.560000  0.2100 -0.0100                     4.5 1 247Po
  84 248  248.151338  140.970000  0.1800 -0.0100                     0.0 1 248Po
  84 249  249.158004  147.180000 -0.1500  0.0200                     2.5 1 249Po
  84 250  250.163512  152.310000 -0.1400  0.0100                     0.0 1 250Po
  84 251  251.169545  157.930000 -0.1500  0.0300                     2.5 1 251Po
  84 252  252.175589  163.560000 -0.1300  0.0100                     0.0 1 252Po
  84 253  253.181773  169.320000 -0.1600  0.0100                     2.5 1 253Po
  84 254  254.187688  174.830000 -0.1300  0.0100                     0.0 1 254Po
  84 255  255.194548  181.220000 -0.1000 -0.0100                     3.5 1 255Po
  84 256  256.200141  186.430000 -0.1200  0.0100                     0.0 1 256Po
  84 257  257.207012  192.830000 -0.0900  0.0000                     3.5 1 257Po
  84 258  258.213002  198.410000 -0.0900  0.0000                     0.0 1 258Po
  84 259  259.220270  205.180000  0.0500 -0.0200                     3.5 1 259Po
  84 260  260.226249  210.750000  0.0600 -0.0100                     0.0 1 260Po
  84 261  261.233839  217.820000  0.0000  0.0000                     3.5 1 261Po
  84 262  262.239293  222.900000  0.0400 -0.0100                     0.0 1 262Po
  84 263  263.246518  229.630000  0.0000  0.0000                     0.5 1 263Po
  84 264  264.252648  235.340000  0.0000  0.0000                     0.0 1 264Po
  84 265  265.259562  241.780000  0.0000  0.0000                     1.5 1 265Po
  84 266  266.265810  247.600000  0.0000  0.0000                     0.0 1 266Po
  84 267  267.273045  254.340000  0.0000  0.0000                     1.5 1 267Po
  84 268  268.279293  260.160000  0.0000  0.0000                     0.0 1 268Po
  84 269  269.290651  270.740000  0.0000  0.0000                     1.5-1 269Po
  84 270  270.297157  276.800000  0.0000  0.0000                     0.0 1 270Po
  84 271  271.306830  285.810000  0.0000  0.0000                     1.5-1 271Po
  84 272  272.315407  293.800000  0.0000  0.0000                     0.0 1 272Po
  84 273  273.324661  302.420000  0.0000  0.0000                     0.5-1 273Po
  84 274  274.333947  311.070000  0.0000  0.0000                     0.0 1 274Po
  84 275  275.343116  319.610000  0.0000  0.0000                     0.5 1 275Po
  84 276  276.352702  328.540000  0.0000  0.0000                     0.0 1 276Po
  84 277  277.361827  337.040000  0.0400  0.0100                     2.5 1 277Po
  84 278  278.371640  346.180000  0.0000  0.0000                     0.0 1 278Po
