  86 178  178.061879   57.640000  0.2000  0.1100                     0.0 1 178Rn
  86 179  179.057531   53.590000  0.2200  0.1300                     1.5-1 179Rn
  86 180  180.052131   48.560000  0.2100  0.1100                     0.0 1 180Rn
  86 181  181.048492   45.170000  0.3000  0.1600                     2.5-1 181Rn
  86 182  182.042877   39.940000  0.2900  0.1600                     0.0 1 182Rn
  86 183  183.039571   36.860000  0.3100  0.1600                     2.5 1 183Rn
  86 184  184.034751   32.370000  0.3200  0.1600                     0.0 1 184Rn
  86 185  185.031551   29.390000  0.3200  0.1100                     0.5-1 185Rn
  86 186  186.027236   25.370000  0.3200  0.1100                     0.0 1 186Rn
  86 187  187.024938   23.230000  0.3200  0.1000                     3.5 1 187Rn
  86 188  188.020515   19.110000  0.3100  0.0800                     0.0 1 188Rn
  86 189  189.018486   17.220000  0.3200  0.0900                     2.5-1 189Rn
  86 190  190.014847   13.830000  0.3100  0.0700                     0.0 1 190Rn
  86 191  191.013194   12.290000  0.3200  0.0800                     3.5-1 191Rn
  86 192  192.009941    9.260000  0.3000  0.0500                     0.0 1 192Rn
  86 193  193.008932    8.320000  0.3000  0.0400                     4.5 1 193Rn
  86 194  194.006012    5.600000  0.3000  0.0200                     0.0 1 194Rn
  86 195  195.004992    4.650000  0.2700  0.0100                     0.5-1 195Rn
  86 196  196.002394    2.230000 -0.2100  0.0300                     0.0 1 196Rn
  86 197  197.001610    1.500000 -0.1900  0.0400                     2.5-1 197Rn
  86 198  197.998969   -0.960000 -0.2100  0.0300                     0.0 1 198Rn
  86 199  198.998551   -1.350000 -0.1500  0.0200                     6.5 1 199Rn
  86 200  199.996200   -3.540000 -0.1800  0.0200                     0.0 1 200Rn
  86 201  200.995674   -4.030000 -0.1400  0.0200                     1.5-1 201Rn
  86 202  201.993859   -5.720000 -0.1300  0.0100                     0.0 1 202Rn
  86 203  202.993505   -6.050000 -0.1100  0.0200                     1.5-1 203Rn
  86 204  203.991895   -7.550000 -0.1100  0.0000                     0.0 1 204Rn
  86 205  204.992270   -7.200000  0.0900  0.0000                     2.5-1 205Rn
  86 206  205.990542   -8.810000 -0.0800  0.0000                     0.0 1 206Rn
  86 207  206.990853   -8.520000  0.0600 -0.0100                     2.5-1 207Rn
  86 208  207.989554   -9.730000 -0.0700  0.0000                     0.0 1 208Rn
  86 209  208.990284   -9.050000  0.0400 -0.0100                     2.5-1 209Rn
  86 210  209.989587   -9.700000  0.0000  0.0000                     0.0 1 210Rn
  86 211  210.989855   -9.450000  0.0000  0.0000                     0.5-1 211Rn
  86 212  211.989383   -9.890000  0.0000  0.0000                     0.0 1 212Rn
  86 213  212.993398   -6.150000  0.0000  0.0000                     4.5 1 213Rn
  86 214  213.994740   -4.900000  0.0000  0.0000                     0.0 1 214Rn
  86 215  214.998336   -1.550000  0.0400  0.0100                     4.5 1 215Rn
  86 216  216.000000    0.000010  0.0300  0.0000                     0.0 1 216Rn
  86 217  217.003951    3.680000  0.0700  0.0300                     4.5 1 217Rn
  86 218  218.005969    5.560000  0.0600  0.0100                     0.0 1 218Rn
  86 219  219.009619    8.960000  0.0800  0.0400                     4.5 1 219Rn
  86 220  220.011712   10.910000  0.1100  0.0900                     0.0 1 220Rn
  86 221  221.015298   14.250000  0.1300  0.0900                     4.5 1 221Rn
  86 222  222.017510   16.310000  0.1400  0.1100                     0.0 1 222Rn
  86 223  223.021203   19.750000  0.1600  0.1200                     5.5 1 223Rn
  86 224  224.023650   22.030000  0.1700  0.1100                     0.0 1 224Rn
  86 225  225.027526   25.640000  0.1800  0.1100                     2.5 1 225Rn
  86 226  226.030220   28.150000  0.1900  0.1200                     0.0 1 226Rn
  86 227  227.034439   32.080000  0.1900  0.1200                     2.5-1 227Rn
  86 228  228.036994   34.460000  0.2100  0.1200                     0.0 1 228Rn
  86 229  229.041063   38.250000  0.2200  0.1200                     0.5 1 229Rn
  86 230  230.044262   41.230000  0.2200  0.1200                     0.0 1 230Rn
  86 231  231.048535   45.210000  0.2400  0.1300                     2.5 1 231Rn
  86 232  232.051799   48.250000  0.2600  0.1200                     0.0 1 232Rn
  86 233  233.056672   52.790000  0.2600  0.1200                     3.5-1 233Rn
  86 234  234.059775   55.680000  0.2600  0.1100                     0.0 1 234Rn
  86 235  235.064606   60.180000  0.2600  0.1000                     3.5 1 235Rn
  86 236  236.068428   63.740000  0.2600  0.0600                     0.0 1 236Rn
  86 237  237.073527   68.490000  0.2700  0.0800                     4.5-1 237Rn
  86 238  238.077231   71.940000  0.2700  0.0700                     0.0 1 238Rn
  86 239  239.082470   76.820000  0.2700  0.0600                     3.5 1 239Rn
  86 240  240.086721   80.780000  0.2600  0.0500                     0.0 1 240Rn
  86 241  241.092121   85.810000  0.2500  0.0300                     0.5 1 241Rn
  86 242  242.096834   90.200000  0.2500  0.0200                     0.0 1 242Rn
  86 243  243.102180   95.180000  0.2500  0.0200                     1.5 1 243Rn
  86 244  244.107054   99.720000  0.2600  0.0000                     0.0 1 244Rn
  86 245  245.113409  105.640000  0.1900  0.0100                     1.5 1 245Rn
  86 246  246.117940  109.860000  0.2300  0.0000                     0.0 1 246Rn
  86 247  247.124370  115.850000  0.2000 -0.0100                     5.5-1 247Rn
  86 248  248.129062  120.220000  0.2100 -0.0100                     0.0 1 248Rn
  86 249  249.135181  125.920000  0.1800 -0.0100                     4.5 1 249Rn
  86 250  250.140430  130.810000  0.1800 -0.0100                     0.0 1 250Rn
  86 251  251.146689  136.640000  0.1700 -0.0100                     1.5 1 251Rn
  86 252  252.152111  141.690000  0.1600 -0.0200                     0.0 1 252Rn
  86 253  253.158573  147.710000 -0.1300  0.0200                     2.5 1 253Rn
  86 254  254.163791  152.570000  0.1300 -0.0400                     0.0 1 254Rn
  86 255  255.170049  158.400000  0.1100 -0.0100                     2.5 1 255Rn
  86 256  256.175514  163.490000 -0.1200  0.0000                     0.0 1 256Rn
  86 257  257.182170  169.690000 -0.0700 -0.0100                     3.5 1 257Rn
  86 258  258.187215  174.390000 -0.1000  0.0000                     0.0 1 258Rn
  86 259  259.193592  180.330000 -0.1000  0.0100                     3.5 1 259Rn
  86 260  260.199357  185.700000 -0.0900 -0.0200                     0.0 1 260Rn
  86 261  261.206421  192.280000  0.0600 -0.0100                     3.5 1 261Rn
  86 262  262.211617  197.120000 -0.0700 -0.0100                     0.0 1 262Rn
  86 263  263.218821  203.830000  0.0500 -0.0100                     3.5 1 263Rn
  86 264  264.225251  209.820000  0.0000  0.0000                     0.0 1 264Rn
  86 265  265.231166  215.330000 -0.0500  0.0000                     0.5 1 265Rn
  86 266  266.237565  221.290000  0.0000  0.0000                     0.0 1 266Rn
  86 267  267.244188  227.460000  0.0000  0.0000                     1.5 1 267Rn
  86 268  268.250190  233.050000  0.0000  0.0000                     0.0 1 268Rn
  86 269  269.257135  239.520000  0.0000  0.0000                     1.5 1 269Rn
  86 270  270.263179  245.150000  0.0000  0.0000                     0.0 1 270Rn
  86 271  271.272734  254.050000  0.0000  0.0000                     1.5-1 271Rn
  86 272  272.280431  261.220000  0.0000  0.0000                     0.0 1 272Rn
  86 273  273.289803  269.950000  0.0000  0.0000                     1.5-1 273Rn
  86 274  274.298027  277.610000  0.0000  0.0000                     0.0 1 274Rn
  86 275  275.307302  286.250000  0.0000  0.0000                     0.5-1 275Rn
  86 276  276.315923  294.280000  0.0000  0.0000                     0.0 1 276Rn
  86 277  277.325080  302.810000  0.0000  0.0000                     0.5 1 277Rn
  86 278  278.334087  311.200000  0.0000  0.0000                     0.0 1 278Rn
  86 279  279.342525  319.060000  0.0700  0.0400                     5.5-1 279Rn
  86 280  280.351038  326.990000  0.1000  0.0800                     0.0 1 280Rn
  86 281  281.360228  335.550000  0.1000  0.0500                     5.5-1 281Rn
  86 282  282.368784  343.520000  0.1100  0.0800                     0.0 1 282Rn
