  87 188  188.035191   32.780000  0.3400  0.1300                     3.0 1 188Fr
  87 189  189.030510   28.420000  0.3400  0.1000                     0.5 1 189Fr
  87 190  190.027987   26.070000  0.3300  0.0900                     2.0-1 190Fr
  87 191  191.024251   22.590000  0.3300  0.0900                     0.5 1 191Fr
  87 192  192.022727   21.170000  0.3200  0.0800                     3.0-1 192Fr
  87 193  193.019034   17.730000  0.3100  0.0400                     0.5 1 193Fr
  87 194  194.017960   16.730000  0.3200  0.0600                     4.0 1 194Fr
  87 195  195.014772   13.760000  0.2800  0.0300                     5.5-1 195Fr
  87 196  196.013452   12.530000  0.2800  0.0200                     5.0 1 196Fr
  87 197  197.010725    9.990000  0.2400  0.0100                     0.5-1 197Fr
  87 198  198.009673    9.010000  0.2000  0.0200                     0.0 1 198Fr
  87 199  199.007375    6.870000  0.1700  0.0100                     0.5-1 199Fr
  87 200  200.006388    5.950000  0.1500  0.0200                     2.0-1 200Fr
  87 201  201.004230    3.940000  0.1500  0.0000                     4.5-1 201Fr
  87 202  202.003457    3.220000  0.1400  0.0100                     3.0 1 202Fr
  87 203  203.001245    1.160000 -0.1800  0.0400                     6.5 1 203Fr
  87 204  204.000870    0.810000 -0.1100  0.0100                     3.0 1 204Fr
  87 205  204.999055   -0.880000 -0.1100  0.0000                     4.5-1 205Fr
  87 206  205.999087   -0.850000  0.0800 -0.0300                     7.0 1 206Fr
  87 207  206.997262   -2.550000 -0.0900 -0.0200                     4.5-1 207Fr
  87 208  207.997402   -2.420000  0.0600 -0.0100                     7.0 1 208Fr
  87 209  208.995974   -3.750000  0.0400 -0.0200                     4.5-1 209Fr
  87 210  209.996157   -3.580000  0.0500 -0.0200                     7.0 1 210Fr
  87 211  210.995427   -4.260000  0.0000  0.0000                     4.5-1 211Fr
  87 212  211.995470   -4.220000  0.0000  0.0000                     5.0 1 212Fr
  87 213  212.994793   -4.850000  0.0000  0.0000                     4.5-1 213Fr
  87 214  213.998594   -1.310000  0.0000  0.0000                     1.0-1 214Fr
  87 215  214.999635   -0.340000  0.0000  0.0000                     4.5-1 215Fr
  87 216  216.003285    3.060000  0.0000  0.0000                     1.0-1 216Fr
  87 217  217.005067    4.720000  0.0000  0.0000                     4.5-1 217Fr
  87 218  218.007966    7.420000  0.0400 -0.0100                     1.0-1 218Fr
  87 219  219.009565    8.910000  0.1200  0.0900                     4.5-1 219Fr
  87 220  220.013022   12.130000  0.1400  0.1100                     1.0-1 220Fr
  87 221  221.014428   13.440000  0.1300  0.1000                     4.5-1 221Fr
  87 222  222.017585   16.380000  0.1500  0.1100                     1.0-1 222Fr
  87 223  223.019539   18.200000  0.1600  0.1100                     0.5-1 223Fr
  87 224  224.022813   21.250000  0.1800  0.1200                     1.0 1 224Fr
  87 225  225.025035   23.320000  0.1800  0.1200                     0.5-1 225Fr
  87 226  226.028739   26.770000  0.1800  0.1200                     2.0-1 226Fr
  87 227  227.031068   28.940000  0.1900  0.1200                     0.5-1 227Fr
  87 228  228.035062   32.660000  0.2000  0.1200                     2.0 1 228Fr
  87 229  229.037381   34.820000  0.2200  0.1200                     0.5-1 229Fr
  87 230  230.041246   38.420000  0.2200  0.1200                     0.0-1 230Fr
  87 231  231.044123   41.100000  0.2400  0.1200                     0.5-1 231Fr
  87 232  232.048277   44.970000  0.2400  0.1200                     2.0-1 232Fr
  87 233  233.051283   47.770000  0.2400  0.1200                     0.5-1 233Fr
  87 234  234.055867   52.040000  0.2600  0.1100                     3.0 1 234Fr
  87 235  235.058884   54.850000  0.2500  0.1100                     0.5-1 235Fr
  87 236  236.063672   59.310000  0.2600  0.0900                     3.0 1 236Fr
  87 237  237.066710   62.140000  0.2700  0.0900                     0.5 1 237Fr
  87 238  238.071906   66.980000  0.2700  0.0800                     4.0 1 238Fr
  87 239  239.075427   70.260000  0.2700  0.0700                     0.5 1 239Fr
  87 240  240.080484   74.970000  0.2700  0.0600                     3.0 1 240Fr
  87 241  241.084477   78.690000  0.2700  0.0500                     0.5 1 241Fr
  87 242  242.089845   83.690000  0.2500  0.0300                     0.0-1 242Fr
  87 243  243.094042   87.600000  0.2600  0.0200                     0.5 1 243Fr
  87 244  244.099528   92.710000  0.2400  0.0200                     1.0-1 244Fr
  87 245  245.104166   97.030000  0.2500  0.0100                     2.5-1 245Fr
  87 246  246.109974  102.440000  0.2500  0.0000                     4.0-1 246Fr
  87 247  247.114569  106.720000  0.2400 -0.0100                     0.5 1 247Fr
  87 248  248.120538  112.280000  0.2400  0.0000                     3.0 1 248Fr
  87 249  249.125701  117.090000  0.2000 -0.0100                     2.5-1 249Fr
  87 250  250.131456  122.450000  0.1900 -0.0100                     2.0-1 250Fr
  87 251  251.136812  127.440000  0.1800 -0.0100                     2.5-1 251Fr
  87 252  252.142975  133.180000  0.1600 -0.0200                     2.0-1 252Fr
  87 253  253.147816  137.690000  0.1600 -0.0200                     4.5-1 253Fr
  87 254  254.153893  143.350000  0.1500 -0.0200                     2.0-1 254Fr
  87 255  255.159196  148.290000  0.1500 -0.0300                     4.5-1 255Fr
  87 256  256.166142  154.760000 -0.1000  0.0100                     2.0-1 256Fr
  87 257  257.170747  159.050000  0.1200 -0.0400                     4.5-1 257Fr
  87 258  258.177167  165.030000 -0.1000  0.0100                     8.0-1 258Fr
  87 259  259.182256  169.770000 -0.1200  0.0000                     4.5-1 259Fr
  87 260  260.188525  175.610000 -0.1000  0.0100                     8.0-1 260Fr
  87 261  261.194032  180.740000 -0.0900  0.0000                     4.5-1 261Fr
  87 262  262.200699  186.950000  0.0700 -0.0100                     8.0-1 262Fr
  87 263  263.206507  192.360000 -0.0500  0.0000                     4.5-1 263Fr
  87 264  264.213013  198.420000  0.0400  0.0000                     8.0-1 264Fr
  87 265  265.218091  203.150000 -0.0700 -0.0100                     4.5-1 265Fr
  87 266  266.225552  210.100000  0.0000  0.0000                     4.0-1 266Fr
  87 267  267.231284  215.440000  0.0000  0.0000                     4.5-1 267Fr
  87 268  268.237769  221.480000  0.0000  0.0000                     6.0-1 268Fr
  87 269  269.243630  226.940000  0.0000  0.0000                     4.5-1 269Fr
  87 270  270.250447  233.290000  0.0000  0.0000                     6.0-1 270Fr
  87 271  271.256384  238.820000  0.0000  0.0000                     4.5-1 271Fr
  87 272  272.265799  247.590000  0.0000  0.0000                     3.0 1 272Fr
  87 273  273.273314  254.590000  0.0000  0.0000                     4.5-1 273Fr
  87 274  274.282535  263.180000  0.0000  0.0000                     3.0 1 274Fr
  87 275  275.290576  270.670000  0.0000  0.0000                     4.5-1 275Fr
  87 276  276.299701  279.170000  0.0000  0.0000                     1.0 1 276Fr
  87 277  277.308139  287.030000  0.0000  0.0000                     4.5-1 277Fr
  87 278  278.317189  295.460000  0.0000  0.0000                     1.0 1 278Fr
  87 279  279.325950  303.620000  0.0000  0.0000                     4.5-1 279Fr
  87 280  280.334270  311.370000  0.0600  0.0400                     1.0 1 280Fr
  87 281  281.342364  318.910000  0.1000  0.0900                     4.5-1 281Fr
  87 282  282.351575  327.490000  0.1100  0.1000                     1.0 1 282Fr
  87 283  283.359841  335.190000  0.1400  0.0900                     4.5-1 283Fr
  87 284  284.367882  342.680000  0.1200  0.1100                     3.0 1 284Fr
