  88 190  190.039549   36.840000  0.3500  0.1200                     0.0 1 190Ra
  88 191  191.036898   34.370000  0.3400  0.1000                     2.5-1 191Ra
  88 192  192.032754   30.510000  0.3400  0.1000                     0.0 1 192Ra
  88 193  193.030650   28.550000  0.3300  0.0900                     3.5-1 193Ra
  88 194  194.026978   25.130000  0.3000  0.0400                     0.0 1 194Ra
  88 195  195.025368   23.630000  0.3000  0.0600                     4.5 1 195Ra
  88 196  196.022008   20.500000  0.3000  0.0300                     0.0 1 196Ra
  88 197  197.020601   19.190000  0.2900  0.0200                     0.5-1 197Ra
  88 198  198.017735   16.520000  0.2200  0.0200                     0.0 1 198Ra
  88 199  199.016329   15.210000  0.2000  0.0200                     0.5-1 199Ra
  88 200  200.013806   12.860000  0.1700  0.0100                     0.0 1 200Ra
  88 201  201.012582   11.720000  0.1600  0.0100                     6.5 1 201Ra
  88 202  202.010317    9.610000  0.1500  0.0100                     0.0 1 202Ra
  88 203  203.009630    8.970000 -0.1500  0.0200                     1.5-1 203Ra
  88 204  204.007182    6.690000  0.1500  0.0100                     0.0 1 204Ra
  88 205  205.006506    6.060000 -0.1400  0.0300                     1.5-1 205Ra
  88 206  206.004423    4.120000 -0.1200  0.0100                     0.0 1 206Ra
  88 207  207.004058    3.780000 -0.1000  0.0100                     2.5-1 207Ra
  88 208  208.002126    1.980000 -0.1100  0.0000                     0.0 1 208Ra
  88 209  209.002212    2.060000 -0.0800  0.0000                     2.5-1 209Ra
  88 210  210.000505    0.470000 -0.0800  0.0000                     0.0 1 210Ra
  88 211  211.001020    0.950000  0.0500  0.0000                     2.5-1 211Ra
  88 212  212.000032    0.030000  0.0000  0.0000                     0.0 1 212Ra
  88 213  212.999850   -0.140000  0.0000  0.0000                     0.5-1 213Ra
  88 214  213.998980   -0.950000  0.0000  0.0000                     0.0 1 214Ra
  88 215  215.002555    2.380000  0.0000  0.0000                     4.5 1 215Ra
  88 216  216.003328    3.100000  0.0000  0.0000                     0.0 1 216Ra
  88 217  217.006753    6.290000  0.0000  0.0000                     4.5 1 217Ra
  88 218  218.007440    6.930000  0.0300 -0.0100                     0.0 1 218Ra
  88 219  219.010574    9.850000  0.1000  0.0600                     4.5 1 219Ra
  88 220  220.011788   10.980000  0.1300  0.0900                     0.0 1 220Ra
  88 221  221.014665   13.660000  0.1300  0.0800                     4.5 1 221Ra
  88 222  222.015899   14.810000  0.1500  0.1000                     0.0 1 222Ra
  88 223  223.018905   17.610000  0.1500  0.1000                     4.5 1 223Ra
  88 224  224.020462   19.060000  0.1700  0.1300                     0.0 1 224Ra
  88 225  225.023489   21.880000  0.1900  0.1200                     1.5-1 225Ra
  88 226  226.025454   23.710000  0.1900  0.1200                     0.0 1 226Ra
  88 227  227.028750   26.780000  0.2000  0.1200                     2.5 1 227Ra
  88 228  228.030768   28.660000  0.2100  0.1400                     0.0 1 228Ra
  88 229  229.034643   32.270000  0.2100  0.1300                     2.5-1 229Ra
  88 230  230.036608   34.100000  0.2300  0.1400                     0.0 1 230Ra
  88 231  231.040301   37.540000  0.2200  0.1200                     0.5 1 231Ra
  88 232  232.042931   39.990000  0.2500  0.1400                     0.0 1 232Ra
  88 233  233.047032   43.810000  0.2300  0.1200                     2.5 1 233Ra
  88 234  234.049737   46.330000  0.2400  0.1200                     0.0 1 234Ra
  88 235  235.053989   50.290000  0.2700  0.1100                     3.5-1 235Ra
  88 236  236.056930   53.030000  0.2600  0.1100                     0.0 1 236Ra
  88 237  237.061428   57.220000  0.2600  0.1000                     3.5 1 237Ra
  88 238  238.064756   60.320000  0.2600  0.0900                     0.0 1 238Ra
  88 239  239.069727   64.950000  0.2700  0.0800                     4.5-1 239Ra
  88 240  240.072969   67.970000  0.2700  0.0700                     0.0 1 240Ra
  88 241  241.077703   72.380000  0.2600  0.0700                     3.5 1 241Ra
  88 242  242.081622   76.030000  0.2700  0.0500                     0.0 1 242Ra
  88 243  243.086646   80.710000  0.2400  0.0300                     0.5 1 243Ra
  88 244  244.090865   84.640000  0.2500  0.0400                     0.0 1 244Ra
  88 245  245.095921   89.350000  0.2500  0.0200                     1.5 1 245Ra
  88 246  246.100494   93.610000  0.2400  0.0100                     0.0 1 246Ra
  88 247  247.106367   99.080000  0.2000  0.0100                     1.5 1 247Ra
  88 248  248.110564  102.990000  0.2400  0.0000                     0.0 1 248Ra
  88 249  249.116480  108.500000  0.2200  0.0100                     5.5-1 249Ra
  88 250  250.120956  112.670000  0.2100 -0.0100                     0.0 1 250Ra
  88 251  251.126668  117.990000  0.1900 -0.0100                     4.5 1 251Ra
  88 252  252.131788  122.760000  0.1800 -0.0100                     0.0 1 252Ra
  88 253  253.137832  128.390000  0.1700 -0.0100                     1.5 1 253Ra
  88 254  254.142577  132.810000  0.1600 -0.0300                     0.0 1 254Ra
  88 255  255.148557  138.380000  0.1500 -0.0200                     2.5 1 255Ra
  88 256  256.153667  143.140000  0.1400 -0.0200                     0.0 1 256Ra
  88 257  257.159808  148.860000  0.1200 -0.0300                     2.5 1 257Ra
  88 258  258.164853  153.560000  0.1300 -0.0200                     0.0 1 258Ra
  88 259  259.171220  159.490000 -0.1000  0.0100                     3.5 1 259Ra
  88 260  260.176373  164.290000 -0.1000  0.0100                     0.0 1 260Ra
  88 261  261.182438  169.940000 -0.0900  0.0000                     3.5 1 261Ra
  88 262  262.187784  174.920000 -0.0900  0.0000                     0.0 1 262Ra
  88 263  263.194172  180.870000  0.0800 -0.0200                     3.5 1 263Ra
  88 264  264.199357  185.700000 -0.0800  0.0000                     0.0 1 264Ra
  88 265  265.206314  192.180000  0.0700  0.0000                     3.5 1 265Ra
  88 266  266.211370  196.890000 -0.0700 -0.0100                     0.0 1 266Ra
  88 267  267.218133  203.190000 -0.0500  0.0000                     0.5 1 267Ra
  88 268  268.224360  208.990000  0.0000  0.0000                     0.0 1 268Ra
  88 269  269.230705  214.900000  0.0000  0.0000                     1.5 1 269Ra
  88 270  270.236448  220.250000  0.0000  0.0000                     0.0 1 270Ra
  88 271  271.243126  226.470000  0.0000  0.0000                     1.5 1 271Ra
  88 272  272.248966  231.910000  0.0000  0.0000                     0.0 1 272Ra
  88 273  273.258220  240.530000  0.0000  0.0000                     5.5-1 273Ra
  88 274  274.265563  247.370000  0.0000  0.0000                     0.0 1 274Ra
  88 275  275.274634  255.820000  0.0000  0.0000                     5.5-1 275Ra
  88 276  276.282514  263.160000  0.0000  0.0000                     0.0 1 276Ra
  88 277  277.291478  271.510000  0.0000  0.0000                     5.5-1 277Ra
  88 278  278.299744  279.210000  0.0000  0.0000                     0.0 1 278Ra
  88 279  279.308623  287.480000  0.0000  0.0000                     5.5-1 279Ra
  88 280  280.316427  294.750000  0.0500  0.0300                     0.0 1 280Ra
  88 281  281.325230  302.950000  0.0600  0.0200                     5.5-1 281Ra
  88 282  282.333035  310.220000  0.1100  0.0800                     0.0 1 282Ra
  88 283  283.341473  318.080000  0.1300  0.1000                     5.5-1 283Ra
  88 284  284.349943  325.970000  0.1500  0.0900                     0.0 1 284Ra
  88 285  285.357555  333.060000  0.1600  0.1300                     2.5-1 285Ra
  88 286  286.366411  341.310000  0.1600  0.1400                     0.0 1 286Ra
