  91 196  196.060913   56.740000  0.3500  0.0700                     3.0-1 196Pa
  91 197  197.056490   52.620000  0.3500  0.0600                     0.5 1 197Pa
  91 198  198.054311   50.590000  0.3300  0.0600                     2.0-1 198Pa
  91 199  199.050145   46.710000  0.3300  0.0600                     2.5-1 199Pa
  91 200  200.047730   44.460000  0.2700  0.0400                     0.0-1 200Pa
  91 201  201.044370   41.330000  0.2600  0.0200                     0.5 1 201Pa
  91 202  202.042351   39.450000  0.2200  0.0000                     0.0 1 202Pa
  91 203  203.039141   36.460000  0.2100 -0.0100                     1.5-1 203Pa
  91 204  204.037488   34.920000  0.2100  0.0000                     2.0 1 204Pa
  91 205  205.034686   32.310000  0.1900 -0.0100                     1.5-1 205Pa
  91 206  206.033484   31.190000  0.1800 -0.0100                     0.0 1 206Pa
  91 207  207.030585   28.490000  0.1700 -0.0100                     1.5-1 207Pa
  91 208  208.029973   27.920000  0.1400 -0.0200                     7.0 1 208Pa
  91 209  209.027247   25.380000  0.1400  0.0000                     4.5-1 209Pa
  91 210  210.026549   24.730000  0.1300 -0.0100                     7.0 1 210Pa
  91 211  211.024004   22.360000 -0.1100  0.0000                     4.5-1 211Pa
  91 212  212.023274   21.680000 -0.0900 -0.0100                     7.0 1 212Pa
  91 213  213.021009   19.570000 -0.0900  0.0000                     4.5-1 213Pa
  91 214  214.021235   19.780000  0.0500  0.0000                     7.0 1 214Pa
  91 215  215.019539   18.200000  0.0000  0.0000                     4.5-1 215Pa
  91 216  216.018690   17.410000  0.0000  0.0000                     5.0 1 216Pa
  91 217  217.017198   16.020000  0.0000  0.0000                     4.5-1 217Pa
  91 218  218.020129   18.750000  0.0000  0.0000                     1.0-1 218Pa
  91 219  219.020043   18.670000  0.0000  0.0000                     4.5-1 219Pa
  91 220  220.022040   20.530000 -0.0600  0.0200                     1.0-1 220Pa
  91 221  221.022330   20.800000  0.0800  0.0300                     4.5-1 221Pa
  91 222  222.024767   23.070000  0.0900  0.0300                     1.0-1 222Pa
  91 223  223.024563   22.880000  0.1500  0.1000                     4.5-1 223Pa
  91 224  224.026742   24.910000  0.1600  0.1000                     2.0 1 224Pa
  91 225  225.026924   25.080000  0.1700  0.1000                     2.5-1 225Pa
  91 226  226.029125   27.130000  0.1800  0.1100                     1.0-1 226Pa
  91 227  227.029619   27.590000  0.2100  0.1400                     1.5 1 227Pa
  91 228  228.031637   29.470000  0.2200  0.1500                     0.0 1 228Pa
  91 229  229.032711   30.470000  0.2300  0.1800                     1.5 1 229Pa
  91 230  230.035062   32.660000  0.2200  0.1400                     1.0 1 230Pa
  91 231  231.036146   33.670000  0.2500  0.1800                     1.5 1 231Pa
  91 232  232.039034   36.360000  0.2500  0.1800                     1.0-1 232Pa
  91 233  233.040548   37.770000  0.2500  0.1500                     1.5 1 233Pa
  91 234  234.043414   40.440000  0.2600  0.1500                     1.0 1 234Pa
  91 235  235.045411   42.300000  0.2800  0.1600                     1.5 1 235Pa
  91 236  236.049018   45.660000  0.2500  0.1300                     1.0 1 236Pa
  91 237  237.050918   47.430000  0.2600  0.1200                     1.5 1 237Pa
  91 238  238.054396   50.670000  0.2800  0.1400                     1.0 1 238Pa
  91 239  239.056919   53.020000  0.2800  0.1000                     1.5 1 239Pa
  91 240  240.060934   56.760000  0.2700  0.1000                     1.0-1 240Pa
  91 241  241.063446   59.100000  0.2600  0.0800                     0.5 1 241Pa
  91 242  242.067784   63.140000  0.2600  0.0800                     4.0-1 242Pa
  91 243  243.070564   65.730000  0.2700  0.0800                     2.5-1 243Pa
  91 244  244.074880   69.750000  0.2700  0.0700                     3.0 1 244Pa
  91 245  245.078218   72.860000  0.2700  0.0500                     0.5 1 245Pa
  91 246  246.082534   76.880000  0.2600  0.0500                     0.0 1 246Pa
  91 247  247.086195   80.290000  0.2600  0.0400                     0.5 1 247Pa
  91 248  248.090822   84.600000  0.2500  0.0400                     1.0 1 248Pa
  91 249  249.094719   88.230000  0.2500  0.0100                     0.5 1 249Pa
  91 250  250.100054   93.200000  0.2500  0.0300                     4.0 1 250Pa
  91 251  251.103887   96.770000  0.2300 -0.0100                     0.5 1 251Pa
  91 252  252.109244  101.760000  0.2200  0.0000                     5.0-1 252Pa
  91 253  253.113237  105.480000  0.2100 -0.0200                     1.5-1 253Pa
  91 254  254.118541  110.420000  0.2100 -0.0200                     3.0-1 254Pa
  91 255  255.123017  114.590000  0.1900 -0.0300                     1.5-1 255Pa
  91 256  256.128493  119.690000  0.1900 -0.0200                     2.0-1 256Pa
  91 257  257.133485  124.340000  0.1800 -0.0100                     3.5-1 257Pa
  91 258  258.138906  129.390000  0.1700 -0.0100                     3.0 1 258Pa
  91 259  259.143254  133.440000  0.1500 -0.0300                     4.5-1 259Pa
  91 260  260.148793  138.600000  0.1500 -0.0300                     2.0-1 260Pa
  91 261  261.153635  143.110000  0.1400 -0.0300                     4.5-1 261Pa
  91 262  262.159346  148.430000  0.1400 -0.0300                     8.0-1 262Pa
  91 263  263.164531  153.260000 -0.1200  0.0100                     4.5-1 263Pa
  91 264  264.170200  158.540000 -0.1000 -0.0100                     8.0-1 264Pa
  91 265  265.175224  163.220000 -0.1000 -0.0200                     4.5-1 265Pa
  91 266  266.181139  168.730000  0.0800 -0.0200                     8.0-1 266Pa
  91 267  267.186174  173.420000  0.0700 -0.0200                     4.5-1 267Pa
  91 268  268.191885  178.740000 -0.0900 -0.0200                     8.0-1 268Pa
  91 269  269.197597  184.060000  0.0700 -0.0200                     4.5-1 269Pa
  91 270  270.203233  189.310000 -0.0500  0.0000                     4.0-1 270Pa
  91 271  271.209137  194.810000  0.0000  0.0000                     4.5-1 271Pa
  91 272  272.215085  200.350000  0.0000  0.0000                     6.0-1 272Pa
  91 273  273.220409  205.310000  0.0000  0.0000                     4.5-1 273Pa
  91 274  274.226679  211.150000  0.0000  0.0000                     6.0-1 274Pa
  91 275  275.232143  216.240000  0.0000  0.0000                     4.5-1 275Pa
  91 276  276.240968  224.460000  0.0000  0.0000                     1.0 1 276Pa
  91 277  277.247763  230.790000  0.0000  0.0000                     4.5-1 277Pa
  91 278  278.256384  238.820000  0.0000  0.0000                     1.0 1 278Pa
  91 279  279.263716  245.650000  0.0000  0.0000                     4.5-1 279Pa
  91 280  280.272208  253.560000  0.0000  0.0000                     1.0 1 280Pa
  91 281  281.279927  260.750000  0.0000  0.0000                     4.5-1 281Pa
  91 282  282.288290  268.540000  0.0000  0.0000                     1.0 1 282Pa
  91 283  283.295429  275.190000  0.0500  0.0200                     4.5-1 283Pa
  91 284  284.304640  283.770000  0.0000  0.0000                     1.0 1 284Pa
  91 285  285.310909  289.610000  0.1200  0.1000                     4.5-1 285Pa
  91 286  286.318424  296.610000  0.1500  0.1200                     1.0 1 286Pa
  91 287  287.325692  303.380000  0.1600  0.1400                     0.5 1 287Pa
  91 288  288.333808  310.940000  0.1700  0.1300                     2.0-1 288Pa
  91 289  289.341022  317.660000  0.1800  0.1500                     2.5-1 289Pa
  91 290  290.348870  324.970000  0.1900  0.1400                     0.0-1 290Pa
  91 291  291.356170  331.770000  0.2000  0.1400                     2.5-1 291Pa
  91 292  292.364361  339.400000  0.2100  0.1300                     1.0-1 292Pa
  91 293  293.371908  346.430000  0.2000  0.1400                     2.5-1 293Pa
  91 294  294.380196  354.150000  0.2200  0.1400                     0.0 1 294Pa
  91 295  295.387625  361.070000  0.2200  0.1400                     2.5-1 295Pa
  91 296  296.396438  369.280000  0.2100  0.1300                     1.0-1 296Pa
  91 297  297.404018  376.340000  0.2300  0.1300                     2.5-1 297Pa
  91 298  298.412681  384.410000  0.2300  0.1200                     3.0-1 298Pa
  91 299  299.420454  391.650000  0.2300  0.1300                     2.5-1 299Pa
  91 300  300.428924  399.540000  0.2400  0.1300                     2.0 1 300Pa
  91 301  301.437276  407.320000  0.2400  0.1200                     0.5 1 301Pa
  91 302  302.445113  414.620000  0.2400  0.1100                     3.0-1 302Pa
  91 303  303.454442  423.310000  0.2500  0.1100                     0.5 1 303Pa
  91 304  304.462429  430.750000  0.2500  0.0900                     4.0 1 304Pa
  91 305  305.471715  439.400000  0.2400  0.1100                     0.5 1 305Pa
  91 306  306.479864  446.990000  0.2500  0.0900                     2.0-1 306Pa
  91 307  307.489472  455.940000  0.2500  0.0600                     0.5 1 307Pa
  91 308  308.498189  464.060000  0.2400  0.0600                     4.0-1 308Pa
