  93 200  200.074869   69.740000  0.3300  0.0700                     1.0-1 200Np
  93 201  201.070156   65.350000  0.3100  0.0300                     1.5 1 201Np
  93 202  202.067816   63.170000  0.3600  0.0700                     1.0-1 202Np
  93 203  203.063940   59.560000  0.3700  0.0900                     2.5 1 203Np
  93 204  204.061031   56.850000  0.2700  0.0100                     0.0 1 204Np
  93 205  205.057596   53.650000  0.2500  0.0100                     0.5 1 205Np
  93 206  206.055363   51.570000  0.2400  0.0100                     3.0-1 206Np
  93 207  207.052400   48.810000  0.2200  0.0100                     0.5 1 207Np
  93 208  208.050961   47.470000  0.2000  0.0000                     1.0-1 208Np
  93 209  209.047762   44.490000  0.1900  0.0000                     0.5 1 209Np
  93 210  210.046731   43.530000  0.1700  0.0000                     5.0 1 210Np
  93 211  211.043715   40.720000  0.1600 -0.0100                     3.5-1 211Np
  93 212  212.042609   39.690000  0.1200 -0.0200                     1.0 1 212Np
  93 213  213.039410   36.710000 -0.1300  0.0100                     3.5-1 213Np
  93 214  214.038368   35.740000 -0.1100 -0.0100                     5.0 1 214Np
  93 215  215.036050   33.580000 -0.0800 -0.0200                     3.5-1 215Np
  93 216  216.035180   32.770000  0.0700 -0.0300                     5.0 1 216Np
  93 217  217.034031   31.700000  0.0000  0.0000                     3.5-1 217Np
  93 218  218.032743   30.500000  0.0000  0.0000                     3.0 1 218Np
  93 219  219.030843   28.730000  0.0000  0.0000                     3.5-1 219Np
  93 220  220.033334   31.050000  0.0000  0.0000                     8.0-1 220Np
  93 221  221.032679   30.440000  0.0000  0.0000                     3.5-1 221Np
  93 222  222.034021   31.690000 -0.0500  0.0100                     8.0-1 222Np
  93 223  223.033495   31.200000  0.1000  0.0600                     3.5-1 223Np
  93 224  224.035169   32.760000  0.1300  0.0400                     8.0-1 224Np
  93 225  225.034547   32.180000  0.1700  0.1100                     1.5 1 225Np
  93 226  226.035728   33.280000  0.2000  0.1200                     2.0-1 226Np
  93 227  227.035556   33.120000  0.2200  0.1500                     2.5-1 227Np
  93 228  228.037123   34.580000  0.2200  0.1400                     4.0 1 228Np
  93 229  229.036984   34.450000  0.2400  0.1800                     2.5-1 229Np
  93 230  230.038519   35.880000  0.2500  0.1800                     1.0-1 230Np
  93 231  231.038787   36.130000  0.2500  0.1900                     2.5-1 231Np
  93 232  232.040784   37.990000  0.2600  0.1500                     0.0-1 232Np
  93 233  233.041256   38.430000  0.2600  0.1800                     2.5-1 233Np
  93 234  234.043511   40.530000  0.2600  0.1600                     0.0 1 234Np
  93 235  235.044541   41.490000  0.2700  0.1700                     2.5-1 235Np
  93 236  236.046892   43.680000  0.2800  0.1700                     2.0-1 236Np
  93 237  237.048363   45.050000  0.2800  0.1700                     2.5-1 237Np
  93 238  238.051305   47.790000  0.2500  0.1300                     0.0-1 238Np
  93 239  239.052947   49.320000  0.2800  0.1600                     2.5-1 239Np
  93 240  240.056157   52.310000  0.3000  0.1500                     0.0-1 240Np
  93 241  241.058293   54.300000  0.2900  0.1500                     2.5-1 241Np
  93 242  242.061772   57.540000  0.2700  0.1200                     2.0 1 242Np
  93 243  243.064198   59.800000  0.2800  0.1100                     1.5 1 243Np
  93 244  244.068116   63.450000  0.2800  0.1000                     3.0-1 244Np
  93 245  245.070500   65.670000  0.2700  0.0800                     1.5 1 245Np
  93 246  246.074332   69.240000  0.2800  0.0800                     1.0 1 246Np
  93 247  247.077564   72.250000  0.2800  0.0700                     1.5 1 247Np
  93 248  248.081418   75.840000  0.2600  0.0500                     1.0 1 248Np
  93 249  249.084864   79.050000  0.2600  0.0500                     1.5 1 249Np
  93 250  250.089276   83.160000  0.2600  0.0400                     0.0 1 250Np
  93 251  251.092701   86.350000  0.2500  0.0200                     1.5 1 251Np
  93 252  252.097263   90.600000  0.2200  0.0100                     3.0 1 252Np
  93 253  253.100709   93.810000  0.2400  0.0000                     1.5-1 253Np
  93 254  254.105723   98.480000  0.2300 -0.0100                     4.0 1 254Np
  93 255  255.109566  102.060000  0.2400 -0.0200                     0.5 1 255Np
  93 256  256.114719  106.860000  0.2100  0.0000                     3.0-1 256Np
  93 257  257.118562  110.440000  0.2200 -0.0200                     0.5 1 257Np
  93 258  258.123790  115.310000  0.2100 -0.0200                     2.0 1 258Np
  93 259  259.127881  119.120000  0.1900 -0.0300                     1.5-1 259Np
  93 260  260.133656  124.500000  0.1800 -0.0100                     8.0 1 260Np
  93 261  261.137661  128.230000  0.1800 -0.0300                     1.5-1 261Np
  93 262  262.143619  133.780000  0.1700 -0.0100                     7.0-1 262Np
  93 263  263.147484  137.380000  0.1400 -0.0300                     3.5-1 263Np
  93 264  264.153528  143.010000 -0.1200  0.0200                     1.0-1 264Np
  93 265  265.157972  147.150000 -0.1200  0.0200                     3.5-1 265Np
  93 266  266.163479  152.280000 -0.1100  0.0200                     1.0-1 266Np
  93 267  267.167816  156.320000 -0.1000  0.0100                     3.5-1 267Np
  93 268  268.173345  161.470000 -0.1000 -0.0100                     1.0-1 268Np
  93 269  269.178047  165.850000 -0.0900  0.0000                     3.5-1 269Np
  93 270  270.183576  171.000000 -0.0800 -0.0100                     1.0-1 270Np
  93 271  271.188514  175.600000 -0.0700 -0.0100                     3.5-1 271Np
  93 272  272.194752  181.410000 -0.0500  0.0000                     4.0-1 272Np
  93 273  273.199626  185.950000 -0.0500  0.0000                     3.5-1 273Np
  93 274  274.206185  192.060000  0.0000  0.0000                     2.0-1 274Np
  93 275  275.211220  196.750000  0.0000  0.0000                     3.5-1 275Np
  93 276  276.217221  202.340000  0.0000  0.0000                     2.0-1 276Np
  93 277  277.222395  207.160000  0.0000  0.0000                     3.5-1 277Np
  93 278  278.230909  215.090000  0.0000  0.0000                     2.0 1 278Np
  93 279  279.237350  221.090000  0.0000  0.0000                     3.5-1 279Np
  93 280  280.245648  228.820000  0.0000  0.0000                     2.0 1 280Np
  93 281  281.252648  235.340000  0.0000  0.0000                     3.5-1 281Np
  93 282  282.260828  242.960000  0.0000  0.0000                     2.0 1 282Np
  93 283  283.268225  249.850000  0.0000  0.0000                     3.5-1 283Np
  93 284  284.276287  257.360000  0.0000  0.0000                     2.0 1 284Np
  93 285  285.282965  263.580000  0.1000  0.0700                     3.5-1 285Np
  93 286  286.290308  270.420000  0.1100  0.0900                     2.0 1 286Np
  93 287  287.297672  277.280000  0.1400  0.0900                     3.5-1 287Np
  93 288  288.304940  284.050000  0.2100  0.1300                     0.0 1 288Np
  93 289  289.311446  290.110000  0.1700  0.1400                     1.5 1 289Np
  93 290  290.319551  297.660000  0.2300  0.1500                     4.0-1 290Np
  93 291  291.326121  303.780000  0.1800  0.1300                     1.5 1 291Np
  93 292  292.333346  310.510000  0.2400  0.1500                     4.0 1 292Np
  93 293  293.340153  316.850000  0.2200  0.1600                     1.5 1 293Np
  93 294  294.347775  323.950000  0.2200  0.1400                     1.0-1 294Np
  93 295  295.355354  331.010000  0.2200  0.1400                     1.5 1 295Np
  93 296  296.362976  338.110000  0.2300  0.1400                     1.0-1 296Np
  93 297  297.370180  344.820000  0.2300  0.1400                     1.5 1 297Np
  93 298  298.378553  352.620000  0.2300  0.1300                     2.0 1 298Np
  93 299  299.385692  359.270000  0.2300  0.1300                     1.5 1 299Np
  93 300  300.393701  366.730000  0.2400  0.1300                     2.0-1 300Np
  93 301  301.401656  374.140000  0.2400  0.1300                     1.5 1 301Np
  93 302  302.409954  381.870000  0.2400  0.1300                     1.0-1 302Np
  93 303  303.417695  389.080000  0.2500  0.1200                     1.5 1 303Np
  93 304  304.425746  396.580000  0.2500  0.1200                     6.0 1 304Np
  93 305  305.434002  404.270000  0.2400  0.1200                     1.5 1 305Np
  93 306  306.442429  412.120000  0.2400  0.0700                     6.0 1 306Np
  93 307  307.450856  419.970000  0.2500  0.0800                     1.5 1 307Np
  93 308  308.460046  428.530000  0.2500  0.0700                     0.0-1 308Np
  93 309  309.467733  435.690000  0.2500  0.0600                     1.5 1 309Np
  93 310  310.476783  444.120000  0.2500  0.0700                     3.0-1 310Np
  93 311  311.484974  451.750000  0.2500  0.0500                     1.5 1 311Np
  93 312  312.494442  460.570000  0.2400  0.0400                     4.0 1 312Np
  93 313  313.502666  468.230000  0.2400  0.0400                     1.5 1 313Np
  93 314  314.511769  476.710000  0.2500  0.0200                     0.0-1 314Np
  93 315  315.520529  484.870000  0.2400  0.0100                     1.5 1 315Np
  93 316  316.529751  493.460000  0.2300  0.0100                     0.0-1 316Np
  93 317  317.538383  501.500000  0.2400  0.0000                     1.5 1 317Np
  93 318  318.547883  510.350000  0.2300  0.0000                     1.0-1 318Np
  93 319  319.557019  518.860000  0.2200  0.0000                     3.5-1 319Np
  93 320  320.566284  527.490000  0.2200 -0.0200                     1.0 1 320Np
