  94 202  202.080183   74.690000  0.3400  0.0600                     0.0 1 202Pu
  94 203  203.077080   71.800000  0.2900  0.0400                     0.5-1 203Pu
  94 204  204.072819   67.830000  0.2900  0.0400                     0.0 1 204Pu
  94 205  205.070242   65.430000  0.2600  0.0200                     1.5-1 205Pu
  94 206  206.066656   62.090000  0.2500  0.0100                     0.0 1 206Pu
  94 207  207.064348   59.940000  0.2400  0.0100                     3.5-1 207Pu
  94 208  208.060881   56.710000  0.2200  0.0100                     0.0 1 208Pu
  94 209  209.059292   55.230000  0.1900 -0.0100                     0.5-1 209Pu
  94 210  210.055867   52.040000  0.1900 -0.0100                     0.0 1 210Pu
  94 211  211.054429   50.700000  0.1800 -0.0100                     5.5 1 211Pu
  94 212  212.051240   47.730000  0.1700 -0.0100                     0.0 1 212Pu
  94 213  213.050081   46.650000  0.1500  0.0000                     2.5-1 213Pu
  94 214  214.047043   43.820000 -0.1200  0.0000                     0.0 1 214Pu
  94 215  215.045733   42.600000 -0.1200  0.0000                     1.5-1 215Pu
  94 216  216.043103   40.150000 -0.1000 -0.0100                     0.0 1 216Pu
  94 217  217.042545   39.630000  0.0700  0.0000                     1.5-1 217Pu
  94 218  218.041042   38.230000  0.0000  0.0000                     0.0 1 218Pu
  94 219  219.039549   36.840000  0.0000  0.0000                     0.5-1 219Pu
  94 220  220.037467   34.900000  0.0000  0.0000                     0.0 1 220Pu
  94 221  221.039743   37.020000  0.0000  0.0000                     4.5 1 221Pu
  94 222  222.038787   36.130000  0.0000  0.0000                     0.0 1 222Pu
  94 223  223.039732   37.010000 -0.0600  0.0100                     4.5 1 223Pu
  94 224  224.038991   36.320000  0.0900  0.0300                     0.0 1 224Pu
  94 225  225.039850   37.120000  0.1800  0.0700                     1.5 1 225Pu
  94 226  226.039496   36.790000  0.1500  0.0900                     0.0 1 226Pu
  94 227  227.040097   37.350000  0.2100  0.1200                     0.5-1 227Pu
  94 228  228.039582   36.870000  0.2300  0.1400                     0.0 1 228Pu
  94 229  229.040301   37.540000  0.2500  0.1500                     0.5-1 229Pu
  94 230  230.040451   37.680000  0.2500  0.1600                     0.0 1 230Pu
  94 231  231.041428   38.590000  0.2700  0.1700                     1.5 1 231Pu
  94 232  232.041804   38.940000  0.2700  0.1700                     0.0 1 232Pu
  94 233  233.043318   40.350000  0.2900  0.1800                     2.5-1 233Pu
  94 234  234.043758   40.760000  0.2700  0.1900                     0.0 1 234Pu
  94 235  235.045744   42.610000  0.2800  0.1700                     2.5-1 235Pu
  94 236  236.046570   43.380000  0.2700  0.1700                     0.0 1 236Pu
  94 237  237.048696   45.360000  0.2700  0.1500                     0.5 1 237Pu
  94 238  238.050059   46.630000  0.2900  0.1500                     0.0 1 238Pu
  94 239  239.052529   48.930000  0.2500  0.1300                     2.5 1 239Pu
  94 240  240.053999   50.300000  0.2700  0.1400                     0.0 1 240Pu
  94 241  241.056952   53.050000  0.2700  0.1400                     2.5 1 241Pu
  94 242  242.058766   54.740000  0.2700  0.1300                     0.0 1 242Pu
  94 243  243.062029   57.780000  0.2700  0.1100                     3.5 1 243Pu
  94 244  244.064209   59.810000  0.2700  0.1100                     0.0 1 244Pu
  94 245  245.067816   63.170000  0.2800  0.1000                     4.5-1 245Pu
  94 246  246.070060   65.260000  0.2700  0.0800                     0.0 1 246Pu
  94 247  247.073892   68.830000  0.2800  0.0800                     0.5 1 247Pu
  94 248  248.076705   71.450000  0.2700  0.0700                     0.0 1 248Pu
  94 249  249.080602   75.080000  0.2600  0.0500                     0.5 1 249Pu
  94 250  250.083640   77.910000  0.2600  0.0500                     0.0 1 250Pu
  94 251  251.087719   81.710000  0.2600  0.0400                     1.5 1 251Pu
  94 252  252.091037   84.800000  0.2500  0.0200                     0.0 1 252Pu
  94 253  253.095835   89.270000  0.2500  0.0100                     4.5 1 253Pu
  94 254  254.099013   92.230000  0.2400  0.0100                     0.0 1 254Pu
  94 255  255.103769   96.660000  0.2400  0.0000                     5.5-1 255Pu
  94 256  256.107226   99.880000  0.2300  0.0000                     0.0 1 256Pu
  94 257  257.112164  104.480000  0.2300  0.0000                     4.5 1 257Pu
  94 258  258.116082  108.130000  0.2100 -0.0200                     0.0 1 258Pu
  94 259  259.120913  112.630000  0.2100 -0.0200                     1.5 1 259Pu
  94 260  260.125100  116.530000  0.1900 -0.0300                     0.0 1 260Pu
  94 261  261.130178  121.260000  0.1800 -0.0300                     1.5 1 261Pu
  94 262  262.134526  125.310000  0.1600 -0.0200                     0.0 1 262Pu
  94 263  263.139786  130.210000  0.1600  0.0000                     2.5 1 263Pu
  94 264  264.143780  133.930000  0.1500 -0.0300                     0.0 1 264Pu
  94 265  265.149319  139.090000  0.1400 -0.0300                     3.5 1 265Pu
  94 266  266.154021  143.470000 -0.1300  0.0200                     0.0 1 266Pu
  94 267  267.159271  148.360000 -0.1200  0.0100                     3.5 1 267Pu
  94 268  268.163716  152.500000 -0.1200  0.0000                     0.0 1 268Pu
  94 269  269.169234  157.640000 -0.1000 -0.0100                     3.5 1 269Pu
  94 270  270.173549  161.660000 -0.0900 -0.0100                     0.0 1 270Pu
  94 271  271.179561  167.260000  0.0600 -0.0100                     3.5 1 271Pu
  94 272  272.184048  171.440000 -0.0700 -0.0100                     0.0 1 272Pu
  94 273  273.190479  177.430000  0.0000  0.0000                     0.5 1 273Pu
  94 274  274.195256  181.880000  0.0000  0.0000                     0.0 1 274Pu
  94 275  275.200796  187.040000  0.0000  0.0000                     1.5 1 275Pu
  94 276  276.205734  191.640000  0.0000  0.0000                     0.0 1 276Pu
  94 277  277.211639  197.140000  0.0000  0.0000                     1.5 1 277Pu
  94 278  278.216738  201.890000  0.0000  0.0000                     0.0 1 278Pu
  94 279  279.225112  209.690000  0.0000  0.0000                     5.5-1 279Pu
  94 280  280.231317  215.470000  0.0000  0.0000                     0.0 1 280Pu
  94 281  281.239465  223.060000  0.0000  0.0000                     5.5-1 281Pu
  94 282  282.246260  229.390000  0.0000  0.0000                     0.0 1 282Pu
  94 283  283.254269  236.850000  0.0000  0.0000                     5.5-1 283Pu
  94 284  284.261472  243.560000  0.0000  0.0000                     0.0 1 284Pu
  94 285  285.269363  250.910000  0.0000  0.0000                     5.5-1 285Pu
  94 286  286.275998  257.090000  0.0500  0.0000                     0.0 1 286Pu
  94 287  287.283351  263.940000  0.1900  0.1000                     1.5-1 287Pu
  94 288  288.289621  269.780000  0.1700  0.1300                     0.0 1 288Pu
  94 289  289.297060  276.710000  0.1900  0.1100                     1.5 1 289Pu
  94 290  290.303770  282.960000  0.1900  0.1200                     0.0 1 290Pu
  94 291  291.311049  289.740000  0.2200  0.1300                     2.5-1 291Pu
  94 292  292.317447  295.700000  0.2000  0.1400                     0.0 1 292Pu
  94 293  293.324812  302.560000  0.2400  0.1500                     2.5 1 293Pu
  94 294  294.331714  308.990000  0.2200  0.1400                     0.0 1 294Pu
  94 295  295.339219  315.980000  0.2200  0.1300                     0.5-1 295Pu
  94 296  296.346540  322.800000  0.2300  0.1300                     0.0 1 296Pu
  94 297  297.353754  329.520000  0.2300  0.1400                     2.5-1 297Pu
  94 298  298.361022  336.290000  0.2300  0.1400                     0.0 1 298Pu
  94 299  299.369181  343.890000  0.2300  0.1300                     3.5 1 299Pu
  94 300  300.376084  350.320000  0.2400  0.1400                     0.0 1 300Pu
  94 301  301.384211  357.890000  0.2400  0.1300                     3.5-1 301Pu
  94 302  302.391543  364.720000  0.2400  0.1300                     0.0 1 302Pu
  94 303  303.400067  372.660000  0.2500  0.1400                     0.5-1 303Pu
  94 304  304.407636  379.710000  0.2500  0.1400                     0.0 1 304Pu
  94 305  305.415719  387.240000  0.2500  0.1200                     3.5-1 305Pu
  94 306  306.423696  394.670000  0.2400  0.1200                     0.0 1 306Pu
  94 307  307.432284  402.670000  0.2500  0.0900                     3.5-1 307Pu
  94 308  308.440325  410.160000  0.2500  0.1100                     0.0 1 308Pu
  94 309  309.448634  417.900000  0.2500  0.1000                     1.5-1 309Pu
  94 310  310.457094  425.780000  0.2600  0.0700                     0.0 1 310Pu
  94 311  311.465768  433.860000  0.2500  0.0700                     4.5-1 311Pu
  94 312  312.474152  441.670000  0.2400  0.0400                     0.0 1 312Pu
  94 313  313.483235  450.130000  0.2500  0.0400                     5.5 1 313Pu
  94 314  314.491361  457.700000  0.2500  0.0300                     0.0 1 314Pu
  94 315  315.500304  466.030000  0.2500  0.0300                     4.5-1 315Pu
  94 316  316.509107  474.230000  0.2400  0.0200                     0.0 1 316Pu
  94 317  317.517942  482.460000  0.2400  0.0200                     4.5-1 317Pu
  94 318  318.527143  491.030000  0.2400  0.0100                     0.0 1 318Pu
  94 319  319.535752  499.050000  0.2400  0.0100                     0.5-1 319Pu
  94 320  320.544899  507.570000  0.2300  0.0000                     0.0 1 320Pu
  94 321  321.553938  515.990000  0.2300  0.0000                     0.5-1 321Pu
  94 322  322.563214  524.630000  0.2200 -0.0100                     0.0 1 322Pu
