  95 212  212.064638   60.210000  0.1900 -0.0100                     4.0 1 212Am
  95 213  213.061224   57.030000  0.1800 -0.0100                     3.5-1 213Am
  95 214  214.060129   56.010000 -0.1500  0.0300                     1.0 1 214Am
  95 215  215.056554   52.680000 -0.1300  0.0100                     3.5-1 215Am
  95 216  216.055030   51.260000 -0.1300  0.0200                     5.0 1 216Am
  95 217  217.052217   48.640000 -0.1100 -0.0100                     3.5-1 217Am
  95 218  218.051874   48.320000  0.0900 -0.0100                     5.0 1 218Am
  95 219  219.049823   46.410000  0.0000  0.0000                     3.5-1 219Am
  95 220  220.048138   44.840000  0.0000  0.0000                     3.0 1 220Am
  95 221  221.045830   42.690000  0.0000  0.0000                     3.5-1 221Am
  95 222  222.047902   44.620000  0.0000  0.0000                     8.0-1 222Am
  95 223  223.046656   43.460000  0.0000  0.0000                     3.5-1 223Am
  95 224  224.047204   43.970000  0.0800  0.0400                     8.0-1 224Am
  95 225  225.046989   43.770000  0.0800  0.0100                     3.5-1 225Am
  95 226  226.046785   43.580000  0.1800  0.0700                     3.0-1 226Am
  95 227  227.046280   43.110000  0.2100  0.1100                     1.5-1 227Am
  95 228  228.046431   43.250000  0.2200  0.1200                     2.0 1 228Am
  95 229  229.046066   42.910000  0.2200  0.1200                     1.5-1 229Am
  95 230  230.046463   43.280000  0.2500  0.1600                     4.0-1 230Am
  95 231  231.046506   43.320000  0.2200  0.1300                     1.5-1 231Am
  95 232  232.047526   44.270000  0.2300  0.1300                     1.0 1 232Am
  95 233  233.047472   44.220000  0.2300  0.1300                     2.5 1 233Am
  95 234  234.048943   45.590000  0.2400  0.1400                     0.0 1 234Am
  95 235  235.048846   45.500000  0.2500  0.1600                     2.5 1 235Am
  95 236  236.050564   47.100000  0.2600  0.1500                     0.0-1 236Am
  95 237  237.051079   47.580000  0.2600  0.1500                     2.5 1 237Am
  95 238  238.052851   49.230000  0.2800  0.1700                     2.0 1 238Am
  95 239  239.053817   50.130000  0.2800  0.1600                     2.5 1 239Am
  95 240  240.056114   52.270000  0.2600  0.1200                     1.0-1 240Am
  95 241  241.057252   53.330000  0.3000  0.1400                     2.5 1 241Am
  95 242  242.059990   55.880000  0.2700  0.1200                     0.0 1 242Am
  95 243  243.061525   57.310000  0.3000  0.1300                     2.5 1 243Am
  95 244  244.064574   60.150000  0.3000  0.1100                     1.0 1 244Am
  95 245  245.066474   61.920000  0.2700  0.0900                     2.5 1 245Am
  95 246  246.070006   65.210000  0.2800  0.1000                     2.0-1 246Am
  95 247  247.072185   67.240000  0.2800  0.0800                     2.5 1 247Am
  95 248  248.075653   70.470000  0.2700  0.0600                     2.0 1 248Am
  95 249  249.078186   72.830000  0.2700  0.0500                     2.5 1 249Am
  95 250  250.081890   76.280000  0.2600  0.0500                     2.0 1 250Am
  95 251  251.084681   78.880000  0.2600  0.0500                     1.5-1 251Am
  95 252  252.088482   82.420000  0.2600  0.0400                     0.0-1 252Am
  95 253  253.091563   85.290000  0.2600  0.0200                     1.5-1 253Am
  95 254  254.096104   89.520000  0.2600  0.0200                     3.0-1 254Am
  95 255  255.099260   92.460000  0.2500  0.0100                     1.5-1 255Am
  95 256  256.103704   96.600000  0.2500  0.0000                     4.0 1 256Am
  95 257  257.107118   99.780000  0.2400  0.0000                     1.5 1 257Am
  95 258  258.112057  104.380000  0.2300  0.0000                     3.0-1 258Am
  95 259  259.115631  107.710000  0.2200 -0.0200                     1.5 1 259Am
  95 260  260.120452  112.200000  0.2200 -0.0200                     3.0 1 260Am
  95 261  261.124392  115.870000  0.2100 -0.0200                     0.5 1 261Am
  95 262  262.129480  120.610000  0.1800 -0.0300                     2.0 1 262Am
  95 263  263.133538  124.390000  0.1800 -0.0300                     0.5 1 263Am
  95 264  264.139818  130.240000 -0.1300  0.0300                     6.0-1 264Am
  95 265  265.143501  133.670000 -0.1500  0.0300                     3.5-1 265Am
  95 266  266.148546  138.370000 -0.1200  0.0200                     1.0-1 266Am
  95 267  267.152701  142.240000 -0.1200  0.0200                     3.5-1 267Am
  95 268  268.157736  146.930000 -0.1200  0.0200                     1.0-1 268Am
  95 269  269.161955  150.860000 -0.1100  0.0100                     3.5-1 269Am
  95 270  270.167044  155.600000 -0.1100 -0.0100                     1.0-1 270Am
  95 271  271.171585  159.830000 -0.1000  0.0100                     3.5-1 271Am
  95 272  272.177167  165.030000 -0.1000 -0.0200                     1.0-1 272Am
  95 273  273.181579  169.140000 -0.0800 -0.0100                     3.5-1 273Am
  95 274  274.187387  174.550000 -0.0500 -0.0300                     4.0-1 274Am
  95 275  275.192100  178.940000  0.0500 -0.0300                     3.5-1 275Am
  95 276  276.198037  184.470000  0.0000  0.0000                     2.0-1 276Am
  95 277  277.202814  188.920000  0.0000  0.0000                     3.5-1 277Am
  95 278  278.208568  194.280000  0.0000  0.0000                     2.0-1 278Am
  95 279  279.213517  198.890000  0.0000  0.0000                     3.5-1 279Am
  95 280  280.221730  206.540000  0.0000  0.0000                     2.0 1 280Am
  95 281  281.227763  212.160000  0.0000  0.0000                     3.5-1 281Am
  95 282  282.235750  219.600000  0.0000  0.0000                     2.0 1 282Am
  95 283  283.242363  225.760000  0.0000  0.0000                     3.5-1 283Am
  95 284  284.250211  233.070000  0.0000  0.0000                     2.0 1 284Am
  95 285  285.257243  239.620000  0.0000  0.0000                     3.5-1 285Am
  95 286  286.264972  246.820000  0.0000  0.0000                     2.0 1 286Am
  95 287  287.271199  252.620000  0.1100  0.0900                     3.5-1 287Am
  95 288  288.278155  259.100000  0.2200  0.1200                     3.0-1 288Am
  95 289  289.284661  265.160000  0.1700  0.1100                     3.5-1 289Am
  95 290  290.291156  271.210000  0.2000  0.1300                     2.0-1 290Am
  95 291  291.297909  277.500000  0.2000  0.1300                     3.5-1 291Am
  95 292  292.305252  284.340000  0.2300  0.1400                     2.0-1 292Am
  95 293  293.311661  290.310000  0.2300  0.1400                     3.5-1 293Am
  95 294  294.318778  296.940000  0.2400  0.1500                     1.0 1 294Am
  95 295  295.325488  303.190000  0.2100  0.1400                     3.5-1 295Am
  95 296  296.332595  309.810000  0.2200  0.1400                     3.0 1 296Am
  95 297  297.339380  316.130000  0.2300  0.1400                     2.5 1 297Am
  95 298  298.346937  323.170000  0.2300  0.1400                     0.0-1 298Am
  95 299  299.353872  329.630000  0.2300  0.1400                     2.5 1 299Am
  95 300  300.361881  337.090000  0.2500  0.1500                     1.0 1 300Am
  95 301  301.368559  343.310000  0.2400  0.1400                     2.5 1 301Am
  95 302  302.376717  350.910000  0.2500  0.1400                     1.0-1 302Am
  95 303  303.383792  357.500000  0.2500  0.1300                     2.5 1 303Am
  95 304  304.392391  365.510000  0.2500  0.1200                     2.0-1 304Am
  95 305  305.399434  372.070000  0.2400  0.1200                     2.5 1 305Am
  95 306  306.407711  379.780000  0.2600  0.1300                     2.0 1 306Am
  95 307  307.415354  386.900000  0.2500  0.1200                     2.5 1 307Am
  95 308  308.423685  394.660000  0.2500  0.0900                     1.0-1 308Am
  95 309  309.431597  402.030000  0.2400  0.0900                     2.5 1 309Am
  95 310  310.440196  410.040000  0.2500  0.0500                     1.0-1 310Am
  95 311  311.448366  417.650000  0.2600  0.0600                     2.5 1 311Am
  95 312  312.457094  425.780000  0.2500  0.0500                     2.0-1 312Am
  95 313  313.465081  433.220000  0.2500  0.0400                     2.5 1 313Am
  95 314  314.473766  441.310000  0.2500  0.0400                     3.0 1 314Am
  95 315  315.481678  448.680000  0.2500  0.0300                     2.5 1 315Am
  95 316  316.490621  457.010000  0.2500  0.0300                     3.0 1 316Am
  95 317  317.498822  464.650000  0.2500  0.0200                     1.5-1 317Am
  95 318  318.507808  473.020000  0.2500  0.0200                     0.0 1 318Am
  95 319  319.516568  481.180000  0.2400  0.0100                     1.5-1 319Am
  95 320  320.525597  489.590000  0.2400  0.0200                     3.0 1 320Am
  95 321  321.534443  497.830000  0.2400  0.0100                     3.5-1 321Am
  95 322  322.543536  506.300000  0.2300 -0.0100                     1.0-1 322Am
  95 323  323.552736  514.870000  0.2200 -0.0200                     1.5-1 323Am
  95 324  324.561507  523.040000  0.2100 -0.0100                     8.0-1 324Am
