  96 214  214.069813   65.030000  0.1800 -0.0100                     0.0 1 214Cm
  96 215  215.068428   63.740000 -0.1700  0.0300                     0.5 1 215Cm
  96 216  216.065239   60.770000 -0.1400  0.0200                     0.0 1 216Cm
  96 217  217.063253   58.920000 -0.1300  0.0100                     1.5-1 217Cm
  96 218  218.060290   56.160000 -0.1100  0.0000                     0.0 1 218Cm
  96 219  219.059099   55.050000 -0.1000 -0.0100                     1.5-1 219Cm
  96 220  220.057671   53.720000  0.0000  0.0000                     0.0 1 220Cm
  96 221  221.055771   51.950000  0.0000  0.0000                     0.5-1 221Cm
  96 222  222.053269   49.620000  0.0000  0.0000                     0.0 1 222Cm
  96 223  223.055127   51.350000  0.0000  0.0000                     4.5 1 223Cm
  96 224  224.053581   49.910000  0.0000  0.0000                     0.0 1 224Cm
  96 225  225.053828   50.140000 -0.0700  0.0200                     4.5 1 225Cm
  96 226  226.052690   49.080000  0.0700  0.0100                     0.0 1 226Cm
  96 227  227.052561   48.960000  0.1800  0.0600                     1.5 1 227Cm
  96 228  228.051562   48.030000  0.2000  0.1000                     0.0 1 228Cm
  96 229  229.051401   47.880000  0.2200  0.1200                     0.5-1 229Cm
  96 230  230.050875   47.390000  0.2200  0.1200                     0.0 1 230Cm
  96 231  231.051487   47.960000  0.2400  0.1500                     1.5-1 231Cm
  96 232  232.050532   47.070000  0.2600  0.1600                     0.0 1 232Cm
  96 233  233.050940   47.450000  0.2800  0.1700                     1.5 1 233Cm
  96 234  234.050886   47.400000  0.2700  0.1600                     0.0 1 234Cm
  96 235  235.052228   48.650000  0.2800  0.1800                     2.5-1 235Cm
  96 236  236.052088   48.520000  0.2700  0.1800                     0.0 1 236Cm
  96 237  237.053688   50.010000  0.2700  0.1500                     2.5-1 237Cm
  96 238  238.053709   50.030000  0.2800  0.1700                     0.0 1 238Cm
  96 239  239.055427   51.630000  0.2700  0.1400                     0.5 1 239Cm
  96 240  240.056007   52.170000  0.2900  0.1500                     0.0 1 240Cm
  96 241  241.058186   54.200000  0.2600  0.1300                     3.5-1 241Cm
  96 242  242.059163   55.110000  0.2800  0.1500                     0.0 1 242Cm
  96 243  243.061385   57.180000  0.2800  0.1300                     2.5 1 243Cm
  96 244  244.062824   58.520000  0.2800  0.1100                     0.0 1 244Cm
  96 245  245.065529   61.040000  0.2800  0.1100                     3.5 1 245Cm
  96 246  246.067333   62.720000  0.2800  0.1000                     0.0 1 246Cm
  96 247  247.070714   65.870000  0.2700  0.0800                     4.5-1 247Cm
  96 248  248.072411   67.450000  0.2800  0.0900                     0.0 1 248Cm
  96 249  249.075975   70.770000  0.2700  0.0700                     0.5 1 249Cm
  96 250  250.078315   72.950000  0.2700  0.0700                     0.0 1 250Cm
  96 251  251.081858   76.250000  0.2700  0.0400                     3.5 1 251Cm
  96 252  252.084660   78.860000  0.2700  0.0600                     0.0 1 252Cm
  96 253  253.088245   82.200000  0.2700  0.0400                     1.5 1 253Cm
  96 254  254.091219   84.970000  0.2600  0.0200                     0.0 1 254Cm
  96 255  255.095578   89.030000  0.2700  0.0300                     4.5 1 255Cm
  96 256  256.098390   91.650000  0.2500  0.0100                     0.0 1 256Cm
  96 257  257.103007   95.950000  0.2400  0.0100                     5.5-1 257Cm
  96 258  258.106195   98.920000  0.2400  0.0000                     0.0 1 258Cm
  96 259  259.110618  103.040000  0.2400 -0.0100                     1.5 1 259Cm
  96 260  260.114107  106.290000  0.2200 -0.0200                     0.0 1 260Cm
  96 261  261.118917  110.770000  0.2100 -0.0100                     1.5 1 261Cm
  96 262  262.122620  114.220000  0.2100 -0.0200                     0.0 1 262Cm
  96 263  263.127355  118.630000  0.2000 -0.0200                     1.5 1 263Cm
  96 264  264.131488  122.480000  0.1900 -0.0200                     0.0 1 264Cm
  96 265  265.136802  127.430000  0.1600  0.0000                     1.5 1 265Cm
  96 266  266.141300  131.620000 -0.1500  0.0300                     0.0 1 266Cm
  96 267  267.146077  136.070000 -0.1300  0.0300                     3.5 1 267Cm
  96 268  268.149920  139.650000 -0.1500  0.0300                     0.0 1 268Cm
  96 269  269.154751  144.150000 -0.1300  0.0100                     3.5 1 269Cm
  96 270  270.158756  147.880000 -0.1300  0.0100                     0.0 1 270Cm
  96 271  271.163855  152.630000 -0.1200  0.0000                     3.5 1 271Cm
  96 272  272.168257  156.730000 -0.1000  0.0100                     0.0 1 272Cm
  96 273  273.173624  161.730000 -0.0800 -0.0100                     3.5 1 273Cm
  96 274  274.178187  165.980000 -0.0700 -0.0100                     0.0 1 274Cm
  96 275  275.183705  171.120000 -0.0500  0.0000                     0.5 1 275Cm
  96 276  276.188815  175.880000  0.0000  0.0000                     0.0 1 276Cm
  96 277  277.194075  180.780000  0.0000  0.0000                     1.5 1 277Cm
  96 278  278.198735  185.120000  0.0000  0.0000                     0.0 1 278Cm
  96 279  279.204381  190.380000  0.0000  0.0000                     1.5 1 279Cm
  96 280  280.209212  194.880000  0.0000  0.0000                     0.0 1 280Cm
  96 281  281.217296  202.410000  0.0000  0.0000                     5.5-1 281Cm
  96 282  282.223115  207.830000  0.0000  0.0000                     0.0 1 282Cm
  96 283  283.230962  215.140000  0.0000  0.0000                     5.5-1 283Cm
  96 284  284.237382  221.120000  0.0000  0.0000                     0.0 1 284Cm
  96 285  285.245079  228.290000  0.0000  0.0000                     5.5-1 285Cm
  96 286  286.251929  234.670000  0.0000  0.0000                     0.0 1 286Cm
  96 287  287.259497  241.720000  0.0000  0.0000                     5.5-1 287Cm
  96 288  288.265412  247.230000  0.1700  0.1300                     0.0 1 288Cm
  96 289  289.271564  252.960000  0.2200  0.1200                     0.5 1 289Cm
  96 290  290.278112  259.060000  0.2200  0.1300                     0.0 1 290Cm
  96 291  291.284629  265.130000  0.2400  0.1400                     0.5 1 291Cm
  96 292  292.291038  271.100000  0.2200  0.1400                     0.0 1 292Cm
  96 293  293.297748  277.350000  0.2300  0.1300                     1.5 1 293Cm
  96 294  294.304296  283.450000  0.2100  0.1400                     0.0 1 294Cm
  96 295  295.310995  289.690000  0.2400  0.1500                     1.5 1 295Cm
  96 296  296.317791  296.020000  0.2300  0.1400                     0.0 1 296Cm
  96 297  297.324983  302.720000  0.2600  0.1400                     1.5 1 297Cm
  96 298  298.331661  308.940000  0.2300  0.1400                     0.0 1 298Cm
  96 299  299.338907  315.690000  0.2600  0.1300                     2.5-1 299Cm
  96 300  300.345724  322.040000  0.2500  0.1400                     0.0 1 300Cm
  96 301  301.353185  328.990000  0.2600  0.1200                     3.5 1 301Cm
  96 302  302.360367  335.680000  0.2400  0.1300                     0.0 1 302Cm
  96 303  303.368054  342.840000  0.2400  0.1300                     3.5-1 303Cm
  96 304  304.375021  349.330000  0.2600  0.1300                     0.0 1 304Cm
  96 305  305.383041  356.800000  0.2500  0.1300                     0.5-1 305Cm
  96 306  306.390362  363.620000  0.2500  0.1100                     0.0 1 306Cm
  96 307  307.398425  371.130000  0.2500  0.1000                     0.5-1 307Cm
  96 308  308.405864  378.060000  0.2500  0.0900                     0.0 1 308Cm
  96 309  309.414055  385.690000  0.2500  0.0800                     0.5-1 309Cm
  96 310  310.421871  392.970000  0.2500  0.1000                     0.0 1 310Cm
  96 311  311.430395  400.910000  0.2500  0.1000                     1.5-1 311Cm
  96 312  312.438103  408.090000  0.2500  0.0800                     0.0 1 312Cm
  96 313  313.447002  416.380000  0.2500  0.0500                     4.5-1 313Cm
  96 314  314.454700  423.550000  0.2500  0.0500                     0.0 1 314Cm
  96 315  315.463406  431.660000  0.2700  0.1000                     0.5 1 315Cm
  96 316  316.471286  439.000000  0.2500  0.0400                     0.0 1 316Cm
  96 317  317.479949  447.070000  0.2400  0.0300                     4.5-1 317Cm
  96 318  318.488312  454.860000  0.2500  0.0400                     0.0 1 318Cm
  96 319  319.497126  463.070000  0.2500  0.0200                     1.5-1 319Cm
  96 320  320.505715  471.070000  0.2400  0.0100                     0.0 1 320Cm
  96 321  321.514915  479.640000  0.2300  0.0100                     0.5-1 321Cm
  96 322  322.523149  487.310000  0.2400  0.0100                     0.0 1 322Cm
  96 323  323.532253  495.790000  0.2300  0.0000                     0.5-1 323Cm
  96 324  324.541517  504.420000  0.2300  0.0000                     0.0 1 324Cm
  96 325  325.550363  512.660000  0.2200 -0.0200                     6.5 1 325Cm
  96 326  326.559134  520.830000  0.2200 -0.0200                     0.0 1 326Cm
