  98 218  218.084585   78.790000  0.1600  0.0000                     0.0 1 218Cf
  98 219  219.082641   76.980000 -0.1200  0.0000                     1.5-1 219Cf
  98 220  220.079195   73.770000 -0.1200  0.0100                     0.0 1 220Cf
  98 221  221.077252   71.960000 -0.1000 -0.0100                     1.5-1 221Cf
  98 222  222.075706   70.520000  0.0000  0.0000                     0.0 1 222Cf
  98 223  223.073366   68.340000  0.0000  0.0000                     0.5-1 223Cf
  98 224  224.070446   65.620000  0.0000  0.0000                     0.0 1 224Cf
  98 225  225.071885   66.960000  0.0000  0.0000                     4.5 1 225Cf
  98 226  226.069705   64.930000  0.0000  0.0000                     0.0 1 226Cf
  98 227  227.069297   64.550000  0.1000  0.0200                     4.5 1 227Cf
  98 228  228.067451   62.830000  0.1200  0.0300                     0.0 1 228Cf
  98 229  229.066528   61.970000  0.2700  0.0900                     1.5-1 229Cf
  98 230  230.065153   60.690000  0.2800  0.1200                     0.0 1 230Cf
  98 231  231.064821   60.380000  0.3000  0.1000                     1.5-1 231Cf
  98 232  232.063865   59.490000  0.3000  0.1200                     0.0 1 232Cf
  98 233  233.063543   59.190000  0.2600  0.1700                     0.5-1 233Cf
  98 234  234.062759   58.460000  0.2800  0.1100                     0.0 1 234Cf
  98 235  235.062974   58.660000  0.2500  0.1200                     1.5 1 235Cf
  98 236  236.062255   57.990000  0.2500  0.1400                     0.0 1 236Cf
  98 237  237.062877   58.570000  0.2800  0.1600                     2.5 1 237Cf
  98 238  238.062298   58.030000  0.2600  0.1400                     0.0 1 238Cf
  98 239  239.063006   58.690000  0.3100  0.1400                     0.5-1 239Cf
  98 240  240.063178   58.850000  0.2700  0.1400                     0.0 1 240Cf
  98 241  241.064069   59.680000  0.2800  0.1400                     0.5 1 241Cf
  98 242  242.064230   59.830000  0.3000  0.1400                     0.0 1 242Cf
  98 243  243.065937   61.420000  0.2800  0.1000                     3.5-1 243Cf
  98 244  244.066420   61.870000  0.3000  0.1300                     0.0 1 244Cf
  98 245  245.068106   63.440000  0.2700  0.1000                     2.5 1 245Cf
  98 246  246.069168   64.430000  0.2900  0.1000                     0.0 1 246Cf
  98 247  247.071530   66.630000  0.3000  0.1000                     3.5 1 247Cf
  98 248  248.072679   67.700000  0.2900  0.1000                     0.0 1 248Cf
  98 249  249.075545   70.370000  0.2900  0.0900                     4.5-1 249Cf
  98 250  250.076887   71.620000  0.3000  0.0800                     0.0 1 250Cf
  98 251  251.079893   74.420000  0.2800  0.0700                     0.5 1 251Cf
  98 252  252.081686   76.090000  0.2900  0.0600                     0.0 1 252Cf
  98 253  253.084896   79.080000  0.2700  0.0300                     3.5 1 253Cf
  98 254  254.087290   81.310000  0.2700  0.0600                     0.0 1 254Cf
  98 255  255.090586   84.380000  0.2800  0.0400                     3.5 1 255Cf
  98 256  256.093259   86.870000  0.2700  0.0300                     0.0 1 256Cf
  98 257  257.097091   90.440000  0.2700  0.0300                     4.5 1 257Cf
  98 258  258.099625   92.800000  0.2600  0.0100                     0.0 1 258Cf
  98 259  259.103694   96.590000  0.2600  0.0000                     5.5-1 259Cf
  98 260  260.106442   99.150000  0.2600 -0.0100                     0.0 1 260Cf
  98 261  261.111090  103.480000  0.2400 -0.0100                     1.5 1 261Cf
  98 262  262.113914  106.110000  0.2400 -0.0300                     0.0 1 262Cf
  98 263  263.118294  110.190000  0.2300 -0.0300                     6.5-1 263Cf
  98 264  264.121826  113.480000  0.2200 -0.0300                     0.0 1 264Cf
  98 265  265.126227  117.580000  0.2100 -0.0300                     4.5 1 265Cf
  98 266  266.130146  121.230000  0.1900 -0.0200                     0.0 1 266Cf
  98 267  267.134633  125.410000  0.1800 -0.0400                     2.5 1 267Cf
  98 268  268.139378  129.830000 -0.1600  0.0300                     0.0 1 268Cf
  98 269  269.143683  133.840000 -0.1500  0.0300                     3.5 1 269Cf
  98 270  270.147194  137.110000 -0.1500  0.0300                     0.0 1 270Cf
  98 271  271.151724  141.330000 -0.1500  0.0200                     3.5 1 271Cf
  98 272  272.155503  144.850000 -0.1300  0.0200                     0.0 1 272Cf
  98 273  273.160463  149.470000 -0.1200  0.0000                     3.5 1 273Cf
  98 274  274.164349  153.090000 -0.1100  0.0100                     0.0 1 274Cf
  98 275  275.169523  157.910000 -0.0900 -0.0100                     3.5 1 275Cf
  98 276  276.173581  161.690000 -0.0900  0.0000                     0.0 1 276Cf
  98 277  277.178917  166.660000 -0.0800 -0.0100                     0.5 1 277Cf
  98 278  278.183297  170.740000 -0.0800 -0.0200                     0.0 1 278Cf
  98 279  279.189094  176.140000  0.0000  0.0000                     1.5 1 279Cf
  98 280  280.193463  180.210000  0.0000  0.0000                     0.0 1 280Cf
  98 281  281.198863  185.240000  0.0000  0.0000                     1.5 1 281Cf
  98 282  282.203415  189.480000  0.0000  0.0000                     0.0 1 282Cf
  98 283  283.211198  196.730000  0.0000  0.0000                     5.5-1 283Cf
  98 284  284.216620  201.780000  0.0000  0.0000                     0.0 1 284Cf
  98 285  285.224156  208.800000  0.0000  0.0000                     5.5-1 285Cf
  98 286  286.230211  214.440000  0.0000  0.0000                     0.0 1 286Cf
  98 287  287.237586  221.310000  0.0000  0.0000                     5.5-1 287Cf
  98 288  288.244070  227.350000  0.0000  0.0000                     0.0 1 288Cf
  98 289  289.251317  234.100000  0.0000  0.0000                     5.5-1 289Cf
  98 290  290.255793  238.270000  0.2700  0.1300                     0.0 1 290Cf
  98 291  291.262095  244.140000  0.2500  0.1300                     2.5 1 291Cf
  98 292  292.267967  249.610000  0.2500  0.1400                     0.0 1 292Cf
  98 293  293.274194  255.410000  0.2300  0.1300                     0.5 1 293Cf
  98 294  294.280345  261.140000  0.2500  0.1400                     0.0 1 294Cf
  98 295  295.286454  266.830000  0.2300  0.1200                     2.5 1 295Cf
  98 296  296.293078  273.000000  0.2600  0.1300                     0.0 1 296Cf
  98 297  297.299251  278.750000  0.2600  0.1400                     0.5 1 297Cf
  98 298  298.305917  284.960000  0.2500  0.1400                     0.0 1 298Cf
  98 299  299.312638  291.220000  0.2600  0.1200                     2.5-1 299Cf
  98 300  300.319100  297.240000  0.2300  0.1300                     0.0 1 300Cf
  98 301  301.325703  303.390000  0.2600  0.1400                     2.5-1 301Cf
  98 302  302.332606  309.820000  0.2500  0.1300                     0.0 1 302Cf
  98 303  303.339551  316.290000  0.2600  0.1200                     3.5 1 303Cf
  98 304  304.346132  322.420000  0.2500  0.1400                     0.0 1 304Cf
  98 305  305.353883  329.640000  0.2500  0.1200                     3.5-1 305Cf
  98 306  306.360528  335.830000  0.2500  0.1200                     0.0 1 306Cf
  98 307  307.368279  343.050000  0.2600  0.1200                     4.5 1 307Cf
  98 308  308.375096  349.400000  0.2500  0.1100                     0.0 1 308Cf
  98 309  309.382643  356.430000  0.2700  0.1100                     0.5-1 309Cf
  98 310  310.389890  363.180000  0.2600  0.1100                     0.0 1 310Cf
  98 311  311.397759  370.510000  0.2500  0.1000                     0.5-1 311Cf
  98 312  312.405145  377.390000  0.2600  0.0800                     0.0 1 312Cf
  98 313  313.413433  385.110000  0.2700  0.0700                     1.5-1 313Cf
  98 314  314.420819  391.990000  0.2600  0.0600                     0.0 1 314Cf
  98 315  315.429375  399.960000  0.2500  0.0500                     4.5-1 315Cf
  98 316  316.436986  407.050000  0.2500  0.0400                     0.0 1 316Cf
  98 317  317.445177  414.680000  0.2500  0.0500                     5.5 1 317Cf
  98 318  318.453004  421.970000  0.2500  0.0300                     0.0 1 318Cf
  98 319  319.461388  429.780000  0.2500  0.0200                     4.5-1 319Cf
  98 320  320.469482  437.320000  0.2500  0.0200                     0.0 1 320Cf
  98 321  321.477942  445.200000  0.2400  0.0200                     1.5-1 321Cf
  98 322  322.486230  452.920000  0.2400  0.0200                     0.0 1 322Cf
  98 323  323.495001  461.090000  0.2400  0.0100                     2.5-1 323Cf
  98 324  324.503299  468.820000  0.2400  0.0000                     0.0 1 324Cf
  98 325  325.512081  477.000000  0.2400  0.0000                     0.5-1 325Cf
  98 326  326.520680  485.010000  0.2300 -0.0100                     0.0 1 326Cf
  98 327  327.529472  493.200000  0.2300 -0.0200                     0.5-1 327Cf
  98 328  328.538372  501.490000  0.2200 -0.0300                     0.0 1 328Cf
  98 329  329.547229  509.740000  0.2100 -0.0300                     5.5-1 329Cf
  98 330  330.556064  517.970000  0.2200 -0.0400                     0.0 1 330Cf
