 101 224  224.109287  101.800000 -0.1200  0.0100                     8.0-1 224Md
 101 225  225.105368   98.150000 -0.1000  0.0100                     6.5 1 225Md
 101 226  226.103329   96.250000  0.0000  0.0000                     6.0-1 226Md
 101 227  227.099797   92.960000  0.0000  0.0000                     6.5 1 227Md
 101 228  228.100237   93.370000  0.0000  0.0000                     1.0 1 228Md
 101 229  229.097285   90.620000  0.0000  0.0000                     6.5 1 229Md
 101 230  230.096361   89.760000 -0.1400  0.0300                     1.0 1 230Md
 101 231  231.092765   86.410000  0.3500  0.1100                     0.5-1 231Md
 101 232  232.091445   85.180000  0.3400  0.0900                     2.0-1 232Md
 101 233  233.089416   83.290000  0.3300  0.1000                     0.5-1 233Md
 101 234  234.088406   82.350000  0.3000  0.1100                     1.0-1 234Md
 101 235  235.086785   80.840000  0.3300  0.1100                     0.5-1 235Md
 101 236  236.086034   80.140000  0.3200  0.1100                     6.0-1 236Md
 101 237  237.085358   79.510000  0.3000  0.0700                     3.5-1 237Md
 101 238  238.084005   78.250000  0.3200  0.1300                     1.0 1 238Md
 101 239  239.082974   77.290000  0.3000  0.1100                     3.5-1 239Md
 101 240  240.082770   77.100000  0.3300  0.1300                     2.0 1 240Md
 101 241  241.081911   76.300000  0.3000  0.1200                     3.5-1 241Md
 101 242  242.082437   76.790000  0.3000  0.0800                     3.0 1 242Md
 101 243  243.081128   75.570000  0.3000  0.1200                     3.5-1 243Md
 101 244  244.081772   76.170000  0.2900  0.1000                     3.0-1 244Md
 101 245  245.081181   75.620000  0.3000  0.0900                     3.5-1 245Md
 101 246  246.081868   76.260000  0.3100  0.1000                     1.0 1 246Md
 101 247  247.081922   76.310000  0.2900  0.1100                     3.5-1 247Md
 101 248  248.082620   76.960000  0.2900  0.1000                     1.0-1 248Md
 101 249  249.083232   77.530000  0.2900  0.0800                     3.5-1 249Md
 101 250  250.084896   79.080000  0.3100  0.0800                     3.0-1 250Md
 101 251  251.085068   79.240000  0.2800  0.0700                     3.5-1 251Md
 101 252  252.087268   81.290000  0.2900  0.0700                     1.0 1 252Md
 101 253  253.087837   81.820000  0.2900  0.0600                     3.5-1 253Md
 101 254  254.090113   83.940000  0.2900  0.0400                     3.0-1 254Md
 101 255  255.091165   84.920000  0.2800  0.0300                     3.5-1 255Md
 101 256  256.093946   87.510000  0.3100  0.0600                     1.0-1 256Md
 101 257  257.095363   88.830000  0.2800  0.0100                     3.5 1 257Md
 101 258  258.098347   91.610000  0.3000  0.0300                     1.0-1 258Md
 101 259  259.099947   93.100000  0.2800  0.0200                     3.5 1 259Md
 101 260  260.103490   96.400000  0.2800  0.0200                     1.0 1 260Md
 101 261  261.105293   98.080000  0.2800  0.0100                     3.5 1 261Md
 101 262  262.108825  101.370000  0.2600  0.0000                     2.0-1 262Md
 101 263  263.111166  103.550000  0.2600 -0.0100                     3.5 1 263Md
 101 264  264.115202  107.310000  0.2500 -0.0100                     2.0 1 264Md
 101 265  265.117671  109.610000  0.2600 -0.0100                     3.5 1 265Md
 101 266  266.121643  113.310000  0.2300 -0.0300                     2.0 1 266Md
 101 267  267.124392  115.870000  0.2300 -0.0300                     3.5 1 267Md
 101 268  268.128600  119.790000  0.2300 -0.0300                     1.0 1 268Md
 101 269  269.131788  122.760000  0.2200 -0.0300                     3.5 1 269Md
 101 270  270.136201  126.870000  0.2100 -0.0300                     1.0 1 270Md
 101 271  271.139368  129.820000  0.1900 -0.0500                     3.5 1 271Md
 101 272  272.144113  134.240000 -0.1600  0.0300                     3.0 1 272Md
 101 273  273.147129  137.050000 -0.1500  0.0200                     6.5 1 273Md
 101 274  274.151166  140.810000 -0.1500  0.0200                     4.0 1 274Md
 101 275  275.154612  144.020000 -0.1300  0.0200                     6.5 1 275Md
 101 276  276.158852  147.970000 -0.1400  0.0200                     3.0 1 276Md
 101 277  277.162331  151.210000 -0.1200  0.0000                     6.5 1 277Md
 101 278  278.167172  155.720000 -0.1200 -0.0100                     3.0 1 278Md
 101 279  279.170898  159.190000 -0.1100 -0.0100                     6.5 1 279Md
 101 280  280.175857  163.810000 -0.0900  0.0000                     7.0 1 280Md
 101 281  281.179733  167.420000 -0.0700 -0.0100                     6.5 1 281Md
 101 282  282.184843  172.180000 -0.0500  0.0000                     5.0 1 282Md
 101 283  283.189352  176.380000  0.0000  0.0000                     6.5 1 283Md
 101 284  284.194365  181.050000  0.0000  0.0000                     5.0 1 284Md
 101 285  285.198498  184.900000  0.0000  0.0000                     6.5 1 285Md
 101 286  286.205841  191.740000  0.0000  0.0000                     1.0-1 286Md
 101 287  287.210619  196.190000  0.0000  0.0000                     6.5 1 287Md
 101 288  288.217683  202.770000  0.0000  0.0000                     1.0-1 288Md
 101 289  289.223168  207.880000  0.0000  0.0000                     6.5 1 289Md
 101 290  290.230061  214.300000  0.0000  0.0000                     1.0-1 290Md
 101 291  291.233990  217.960000  0.3600  0.1200                     3.5-1 291Md
 101 292  292.239594  223.180000  0.3900  0.1000                     3.0-1 292Md
 101 293  293.245047  228.260000  0.3700  0.1000                     3.5-1 293Md
 101 294  294.250630  233.460000  0.3500  0.1000                     1.0-1 294Md
 101 295  295.256212  238.660000  0.3500  0.1000                     3.5-1 295Md
 101 296  296.262353  244.380000  0.2800  0.0900                     1.0 1 296Md
 101 297  297.268010  249.650000  0.3100  0.1000                     3.5 1 297Md
 101 298  298.274033  255.260000  0.2500  0.1300                     3.0 1 298Md
 101 299  299.279884  260.710000  0.2800  0.1100                     3.5 1 299Md
 101 300  300.285788  266.210000  0.2500  0.1100                     3.0 1 300Md
 101 301  301.291854  271.860000  0.2700  0.1300                     3.5 1 301Md
 101 302  302.298778  278.310000  0.2800  0.0700                     1.0-1 302Md
 101 303  303.303996  283.170000  0.2600  0.1300                     3.5 1 303Md
 101 304  304.310329  289.070000  0.2800  0.1200                     3.0 1 304Md
 101 305  305.316696  295.000000  0.2700  0.1100                     3.5 1 305Md
 101 306  306.323480  301.320000  0.2500  0.0800                     2.0 1 306Md
 101 307  307.329503  306.930000  0.2600  0.1100                     3.5 1 307Md
 101 308  308.336460  313.410000  0.2700  0.0900                     2.0 1 308Md
 101 309  309.342879  319.390000  0.2700  0.1100                     3.5 1 309Md
 101 310  310.350298  326.300000  0.2800  0.0700                     2.0 1 310Md
 101 311  311.356460  332.040000  0.2500  0.0900                     3.5 1 311Md
 101 312  312.363674  338.760000  0.2500  0.1000                     1.0-1 312Md
 101 313  313.370190  344.830000  0.2600  0.0700                     3.5 1 313Md
 101 314  314.377458  351.600000  0.2600  0.0700                     3.0-1 314Md
 101 315  315.384383  358.050000  0.2600  0.0600                     3.5 1 315Md
 101 316  316.391822  364.980000  0.2600  0.0600                     2.0-1 316Md
 101 317  317.398854  371.530000  0.2600  0.0600                     3.5 1 317Md
 101 318  318.406873  379.000000  0.2600  0.0400                     1.0-1 318Md
 101 319  319.413905  385.550000  0.2600  0.0400                     3.5 1 319Md
 101 320  320.421871  392.970000  0.2600  0.0300                     2.0 1 320Md
 101 321  321.429235  399.830000  0.2500  0.0200                     3.5 1 321Md
 101 322  322.437308  407.350000  0.2600  0.0200                     2.0-1 322Md
 101 323  323.444737  414.270000  0.2500  0.0100                     3.5 1 323Md
 101 324  324.452885  421.860000  0.2600  0.0100                     1.0-1 324Md
 101 325  325.460937  429.360000  0.2500  0.0100                     3.5 1 325Md
 101 326  326.469203  437.060000  0.2500  0.0000                     1.0-1 326Md
 101 327  327.477352  444.650000  0.2400  0.0000                     3.5 1 327Md
 101 328  328.485843  452.560000  0.2400  0.0000                     1.0-1 328Md
 101 329  329.493841  460.010000  0.2400 -0.0200                     3.5 1 329Md
 101 330  330.502580  468.150000  0.2400  0.0000                     3.0-1 330Md
 101 331  331.510707  475.720000  0.2400 -0.0100                     3.5 1 331Md
 101 332  332.519628  484.030000  0.2200 -0.0200                     3.0-1 332Md
 101 333  333.527744  491.590000  0.2200 -0.0400                     3.5 1 333Md
 101 334  334.536965  500.180000  0.2400  0.0000                     3.0 1 334Md
 101 335  335.545318  507.960000  0.2200 -0.0400                     3.5 1 335Md
 101 336  336.554722  516.720000  0.1900 -0.0300                     1.0-1 336Md
 101 337  337.562849  524.290000  0.2100 -0.0400                     3.5 1 337Md
 101 338  338.571780  532.610000  0.2200 -0.0100                     4.0 1 338Md
 101 339  339.580530  540.760000  0.1800 -0.0500                     3.5 1 339Md
 101 340  340.589966  549.550000  0.1900 -0.0100                     4.0-1 340Md
 101 341  341.598673  557.660000 -0.1500  0.0300                     6.5 1 341Md
 101 342  342.607379  565.770000 -0.1600  0.0300                     2.0-1 342Md
