 103 236  236.105744   98.500000  0.2800  0.0700                     1.0 1 236Lr
 103 237  237.103898   96.780000  0.3600  0.1000                     3.5-1 237Lr
 103 238  238.102556   95.530000  0.3000  0.0900                     1.0 1 238Lr
 103 239  239.100988   94.070000  0.3400  0.1000                     3.5-1 239Lr
 103 240  240.099904   93.060000  0.3200  0.1100                     2.0 1 240Lr
 103 241  241.098412   91.670000  0.3000  0.1100                     0.5-1 241Lr
 103 242  242.098186   91.460000  0.3400  0.1000                     1.0 1 242Lr
 103 243  243.096544   89.930000  0.3100  0.0800                     0.5-1 243Lr
 103 244  244.095760   89.200000  0.2800  0.0800                     0.0 1 244Lr
 103 245  245.095116   88.600000  0.2900  0.0900                     0.5-1 245Lr
 103 246  246.095309   88.780000  0.2900  0.0700                     0.0-1 246Lr
 103 247  247.094322   87.860000  0.2700  0.0700                     0.5-1 247Lr
 103 248  248.094171   87.720000  0.2900  0.0800                     3.0 1 248Lr
 103 249  249.093763   87.340000  0.2800  0.0700                     0.5-1 249Lr
 103 250  250.094472   88.000000  0.2800  0.0700                     2.0-1 250Lr
 103 251  251.094064   87.620000  0.2800  0.0600                     0.5-1 251Lr
 103 252  252.095341   88.810000  0.2800  0.0600                     2.0-1 252Lr
 103 253  253.095180   88.660000  0.2900  0.0600                     0.5-1 253Lr
 103 254  254.096866   90.230000  0.2900  0.0500                     4.0 1 254Lr
 103 255  255.097124   90.470000  0.2900  0.0400                     0.5-1 255Lr
 103 256  256.098852   92.080000  0.2900  0.0400                     0.0-1 256Lr
 103 257  257.099518   92.700000  0.2900  0.0300                     0.5-1 257Lr
 103 258  258.101439   94.490000  0.2800  0.0300                     1.0-1 258Lr
 103 259  259.102545   95.520000  0.2800  0.0300                     0.5-1 259Lr
 103 260  260.104864   97.680000  0.2800  0.0200                     3.0-1 260Lr
 103 261  261.106388   99.100000  0.2800  0.0200                     0.5-1 261Lr
 103 262  262.109222  101.740000  0.2800  0.0100                     4.0-1 262Lr
 103 263  263.110543  102.970000  0.2700 -0.0100                     0.5-1 263Lr
 103 264  264.113581  105.800000  0.2600 -0.0100                     5.0 1 264Lr
 103 265  265.115578  107.660000  0.2600 -0.0200                     0.5-1 265Lr
 103 266  266.118970  110.820000  0.2600 -0.0200                     1.0-1 266Lr
 103 267  267.121192  112.890000  0.2500 -0.0200                     0.5-1 267Lr
 103 268  268.124757  116.210000  0.2400 -0.0300                     1.0-1 268Lr
 103 269  269.127473  118.740000  0.2300 -0.0300                     0.5-1 269Lr
 103 270  270.131230  122.240000  0.2300 -0.0300                     4.0-1 270Lr
 103 271  271.134215  125.020000  0.2200 -0.0300                     0.5-1 271Lr
 103 272  272.138144  128.680000  0.2300 -0.0400                     4.0-1 272Lr
 103 273  273.141268  131.590000  0.1800 -0.0500                     2.5-1 273Lr
 103 274  274.145497  135.530000  0.1800 -0.0200                     0.0-1 274Lr
 103 275  275.148256  138.100000 -0.1600  0.0300                     6.5 1 275Lr
 103 276  276.152089  141.670000 -0.1400  0.0200                     4.0 1 276Lr
 103 277  277.155063  144.440000 -0.1500  0.0200                     6.5 1 277Lr
 103 278  278.159056  148.160000 -0.1300  0.0100                     4.0 1 278Lr
 103 279  279.162352  151.230000 -0.1400  0.0200                     6.5 1 279Lr
 103 280  280.166829  155.400000 -0.1200  0.0000                     3.0 1 280Lr
 103 281  281.170371  158.700000 -0.1100 -0.0100                     6.5 1 281Lr
 103 282  282.174923  162.940000 -0.0900 -0.0200                     7.0 1 282Lr
 103 283  283.179293  167.010000  0.0500 -0.0100                     6.5 1 283Lr
 103 284  284.183877  171.280000  0.0600 -0.0200                     5.0 1 284Lr
 103 285  285.188010  175.130000  0.0000  0.0000                     6.5 1 285Lr
 103 286  286.192766  179.560000  0.0000  0.0000                     5.0 1 286Lr
 103 287  287.196609  183.140000  0.0000  0.0000                     6.5 1 287Lr
 103 288  288.203651  189.700000  0.0000  0.0000                     1.0-1 288Lr
 103 289  289.207999  193.750000  0.0000  0.0000                     6.5 1 289Lr
 103 290  290.214730  200.020000  0.0000  0.0000                     1.0-1 290Lr
 103 291  291.219819  204.760000  0.0000  0.0000                     6.5 1 291Lr
 103 292  292.225788  210.320000  0.0700  0.0200                     1.0-1 292Lr
 103 293  293.229041  213.350000  0.3900  0.0900                     3.5-1 293Lr
 103 294  294.234172  218.130000  0.4000  0.1000                     1.0 1 294Lr
 103 295  295.239476  223.070000  0.4000  0.1000                     3.5-1 295Lr
 103 296  296.244586  227.830000  0.3500  0.1000                     3.0-1 296Lr
 103 297  297.249857  232.740000  0.3500  0.1000                     0.5-1 297Lr
 103 298  298.255611  238.100000  0.2900  0.0900                     2.0 1 298Lr
 103 299  299.260807  242.940000  0.3200  0.0900                     0.5-1 299Lr
 103 300  300.266411  248.160000  0.2900  0.0900                     2.0 1 300Lr
 103 301  301.272154  253.510000  0.3100  0.0900                     0.5-1 301Lr
 103 302  302.277737  258.710000  0.3100  0.0900                     2.0-1 302Lr
 103 303  303.283716  264.280000  0.3000  0.1000                     0.5-1 303Lr
 103 304  304.289793  269.940000  0.3100  0.0600                     2.0-1 304Lr
 103 305  305.295493  275.250000  0.2800  0.1100                     0.5-1 305Lr
 103 306  306.301526  280.870000  0.2600  0.0800                     3.0 1 306Lr
 103 307  307.307721  286.640000  0.2800  0.0600                     0.5-1 307Lr
 103 308  308.313604  292.120000  0.2800  0.0800                     0.0-1 308Lr
 103 309  309.319787  297.880000  0.2700  0.0800                     0.5-1 309Lr
 103 310  310.325992  303.660000  0.2700  0.1000                     1.0-1 310Lr
 103 311  311.332262  309.500000  0.2700  0.0800                     0.5-1 311Lr
 103 312  312.339122  315.890000  0.2700  0.0600                     4.0-1 312Lr
 103 313  313.345316  321.660000  0.2600  0.0900                     0.5-1 313Lr
 103 314  314.352316  328.180000  0.2600  0.0600                     3.0 1 314Lr
 103 315  315.358532  333.970000  0.2600  0.0500                     0.5-1 315Lr
 103 316  316.365520  340.480000  0.2500  0.0600                     0.0 1 316Lr
 103 317  317.372273  346.770000  0.2600  0.0400                     0.5-1 317Lr
 103 318  318.379187  353.210000  0.2600  0.0500                     1.0 1 318Lr
 103 319  319.385939  359.500000  0.2600  0.0500                     0.5-1 319Lr
 103 320  320.393347  366.400000  0.2500  0.0300                     4.0 1 320Lr
 103 321  321.400110  372.700000  0.2600  0.0300                     0.5-1 321Lr
 103 322  322.407904  379.960000  0.2600  0.0200                     5.0-1 322Lr
 103 323  323.414882  386.460000  0.2500  0.0100                     0.5-1 323Lr
 103 324  324.422526  393.580000  0.2500  0.0200                     4.0 1 324Lr
 103 325  325.429826  400.380000  0.2500  0.0100                     0.5-1 325Lr
 103 326  326.437877  407.880000  0.2400  0.0100                     1.0 1 326Lr
 103 327  327.445295  414.790000  0.2600  0.0000                     0.5-1 327Lr
 103 328  328.453701  422.620000  0.2500  0.0000                     6.0-1 328Lr
 103 329  329.460991  429.410000  0.2500 -0.0100                     0.5-1 329Lr
 103 330  330.469139  437.000000  0.2500 -0.0100                     2.0 1 330Lr
 103 331  331.477394  444.690000  0.2300 -0.0300                     0.5-1 331Lr
 103 332  332.485349  452.100000  0.2400 -0.0100                     0.0 1 332Lr
 103 333  333.493723  459.900000  0.2200 -0.0200                     0.5-1 333Lr
 103 334  334.502054  467.660000  0.2200 -0.0300                     0.0 1 334Lr
 103 335  335.510073  475.130000  0.2300 -0.0400                     0.5-1 335Lr
 103 336  336.518790  483.250000  0.2400 -0.0100                     0.0-1 336Lr
 103 337  337.527110  491.000000  0.2100 -0.0600                     0.5-1 337Lr
 103 338  338.536150  499.420000  0.2300 -0.0100                     2.0 1 338Lr
 103 339  339.544448  507.150000  0.2200 -0.0400                     0.5-1 339Lr
 103 340  340.553165  515.270000  0.2400 -0.0100                     1.0-1 340Lr
 103 341  341.561678  523.200000  0.1700 -0.0500                     2.5-1 341Lr
 103 342  342.571040  531.920000  0.1900 -0.0100                     0.0 1 342Lr
 103 343  343.579596  539.890000 -0.1600  0.0400                     6.5 1 343Lr
 103 344  344.587959  547.680000 -0.1500  0.0300                     2.0-1 344Lr
 103 345  345.596451  555.590000 -0.1500  0.0300                     6.5 1 345Lr
 103 346  346.604985  563.540000 -0.1400  0.0200                     2.0-1 346Lr
 103 347  347.613391  571.370000 -0.1400  0.0200                     6.5 1 347Lr
