 104 238  238.112153  104.470000  0.3700  0.1000                     0.0 1 238Rf
 104 239  239.110919  103.320000  0.3400  0.1000                     6.5 1 239Rf
 104 240  240.108911  101.450000  0.3600  0.1000                     0.0 1 240Rf
 104 241  241.107870  100.480000  0.3100  0.0500                     1.5-1 241Rf
 104 242  242.105980   98.720000  0.3400  0.1000                     0.0 1 242Rf
 104 243  243.105551   98.320000  0.3500  0.1000                     3.5-1 243Rf
 104 244  244.103694   96.590000  0.3100  0.0800                     0.0 1 244Rf
 104 245  245.102706   95.670000  0.2900  0.0800                     0.5-1 245Rf
 104 246  246.101944   94.960000  0.3000  0.0600                     0.0 1 246Rf
 104 247  247.101428   94.480000  0.3000  0.0600                     0.5-1 247Rf
 104 248  248.100398   93.520000  0.2900  0.1000                     0.0 1 248Rf
 104 249  249.100280   93.410000  0.2900  0.0600                     3.5-1 249Rf
 104 250  250.099657   92.830000  0.2900  0.1000                     0.0 1 250Rf
 104 251  251.100001   93.150000  0.2900  0.0800                     2.5 1 251Rf
 104 252  252.099668   92.840000  0.2900  0.0700                     0.0 1 252Rf
 104 253  253.100516   93.630000  0.3100  0.0600                     2.5 1 253Rf
 104 254  254.100172   93.310000  0.2900  0.0700                     0.0 1 254Rf
 104 255  255.101525   94.570000  0.3000  0.0600                     4.5-1 255Rf
 104 256  256.101547   94.590000  0.2900  0.0500                     0.0 1 256Rf
 104 257  257.103007   95.950000  0.2900  0.0300                     0.5 1 257Rf
 104 258  258.103425   96.340000  0.2800  0.0300                     0.0 1 258Rf
 104 259  259.105315   98.100000  0.2800  0.0300                     1.5 1 259Rf
 104 260  260.106270   98.990000  0.2900  0.0200                     0.0 1 260Rf
 104 261  261.108192  100.780000  0.2800 -0.0100                     3.5 1 261Rf
 104 262  262.109469  101.970000  0.2700  0.0000                     0.0 1 262Rf
 104 263  263.112046  104.370000  0.2700 -0.0100                     4.5 1 263Rf
 104 264  264.113237  105.480000  0.2600 -0.0100                     0.0 1 264Rf
 104 265  265.116179  108.220000  0.2700 -0.0200                     5.5-1 265Rf
 104 266  266.117757  109.690000  0.2600 -0.0200                     0.0 1 266Rf
 104 267  267.121225  112.920000  0.2600 -0.0200                     1.5 1 267Rf
 104 268  268.123125  114.690000  0.2600 -0.0200                     0.0 1 268Rf
 104 269  269.126464  117.800000  0.2500 -0.0200                     1.5 1 269Rf
 104 270  270.129094  120.250000  0.2300 -0.0300                     0.0 1 270Rf
 104 271  271.132776  123.680000  0.2200 -0.0300                     4.5 1 271Rf
 104 272  272.135471  126.190000  0.2300 -0.0400                     0.0 1 272Rf
 104 273  273.139045  129.520000  0.2200 -0.0500                     4.5 1 273Rf
 104 274  274.142277  132.530000  0.2000 -0.0300                     0.0 1 274Rf
 104 275  275.145927  135.930000  0.2000 -0.0500                     5.5 1 275Rf
 104 276  276.149094  138.880000 -0.1500  0.0300                     0.0 1 276Rf
 104 277  277.152615  142.160000 -0.1500  0.0300                     2.5 1 277Rf
 104 278  278.155492  144.840000 -0.1500  0.0200                     0.0 1 278Rf
 104 279  279.159411  148.490000 -0.1500  0.0200                     2.5 1 279Rf
 104 280  280.162513  151.380000 -0.1300  0.0100                     0.0 1 280Rf
 104 281  281.166668  155.250000 -0.1300  0.0000                     2.5 1 281Rf
 104 282  282.170264  158.600000 -0.1200  0.0000                     0.0 1 282Rf
 104 283  283.174880  162.900000 -0.1000  0.0100                     0.5 1 283Rf
 104 284  284.178348  166.130000 -0.0800 -0.0100                     0.0 1 284Rf
 104 285  285.183265  170.710000  0.0500 -0.0100                     1.5 1 285Rf
 104 286  286.187291  174.460000  0.0000  0.0000                     0.0 1 286Rf
 104 287  287.191918  178.770000  0.0000  0.0000                     1.5 1 287Rf
 104 288  288.195621  182.220000  0.0000  0.0000                     0.0 1 288Rf
 104 289  289.202503  188.630000  0.0000  0.0000                     5.5-1 289Rf
 104 290  290.206636  192.480000  0.0000  0.0000                     0.0 1 290Rf
 104 291  291.213206  198.600000  0.0000  0.0000                     5.5-1 291Rf
 104 292  292.217436  202.540000  0.0400  0.0000                     0.0 1 292Rf
 104 293  293.223791  208.460000  0.0900  0.0200                     5.5-1 293Rf
 104 294  294.226271  210.770000  0.4100  0.1100                     0.0 1 294Rf
 104 295  295.231424  215.570000  0.3800  0.1100                     3.5 1 295Rf
 104 296  296.236373  220.180000  0.3700  0.1000                     0.0 1 296Rf
 104 297  297.241709  225.150000  0.3500  0.0900                     3.5 1 297Rf
 104 298  298.246668  229.770000  0.3500  0.0900                     0.0 1 298Rf
 104 299  299.252197  234.920000  0.3500  0.0900                     2.5-1 299Rf
 104 300  300.257447  239.810000  0.3600  0.0900                     0.0 1 300Rf
 104 301  301.263029  245.010000  0.2900  0.0900                     2.5 1 301Rf
 104 302  302.268612  250.210000  0.3600  0.0800                     0.0 1 302Rf
 104 303  303.274054  255.280000  0.3100  0.0900                     2.5 1 303Rf
 104 304  304.279658  260.500000  0.2900  0.1000                     0.0 1 304Rf
 104 305  305.285413  265.860000  0.3100  0.0700                     2.5 1 305Rf
 104 306  306.291457  271.490000  0.3000  0.1000                     0.0 1 306Rf
 104 307  307.297533  277.150000  0.2500  0.0700                     3.5-1 307Rf
 104 308  308.303051  282.290000  0.2900  0.0800                     0.0 1 308Rf
 104 309  309.309492  288.290000  0.2800  0.0700                     0.5 1 309Rf
 104 310  310.315268  293.670000  0.2600  0.0600                     0.0 1 310Rf
 104 311  311.321033  299.040000  0.2700  0.0600                     4.5 1 311Rf
 104 312  312.327828  305.370000  0.2400  0.0600                     0.0 1 312Rf
 104 313  313.334098  311.210000  0.2800  0.0600                     1.5 1 313Rf
 104 314  314.339949  316.660000  0.2700  0.0800                     0.0 1 314Rf
 104 315  315.346927  323.160000  0.2800  0.0400                     3.5-1 315Rf
 104 316  316.353110  328.920000  0.2500  0.0600                     0.0 1 316Rf
 104 317  317.359745  335.100000  0.2600  0.0500                     0.5-1 317Rf
 104 318  318.365971  340.900000  0.2600  0.0500                     0.0 1 318Rf
 104 319  319.373347  347.770000  0.2400  0.0400                     1.5-1 319Rf
 104 320  320.379638  353.630000  0.2600  0.0400                     0.0 1 320Rf
 104 321  321.386948  360.440000  0.2500  0.0300                     4.5-1 321Rf
 104 322  322.393433  366.480000  0.2600  0.0300                     0.0 1 322Rf
 104 323  323.400937  373.470000  0.2600  0.0200                     5.5 1 323Rf
 104 324  324.407754  379.820000  0.2600  0.0200                     0.0 1 324Rf
 104 325  325.415558  387.090000  0.2500  0.0100                     4.5-1 325Rf
 104 326  326.422322  393.390000  0.2600  0.0000                     0.0 1 326Rf
 104 327  327.430148  400.680000  0.2500  0.0000                     1.5-1 327Rf
 104 328  328.437716  407.730000  0.2500  0.0000                     0.0 1 328Rf
 104 329  329.445757  415.220000  0.2500 -0.0100                     6.5 1 329Rf
 104 330  330.453165  422.120000  0.2500 -0.0100                     0.0 1 330Rf
 104 331  331.461291  429.690000  0.2500 -0.0100                     2.5-1 331Rf
 104 332  332.469193  437.050000  0.2500 -0.0200                     0.0 1 332Rf
 104 333  333.477137  444.450000  0.2400 -0.0300                     0.5-1 333Rf
 104 334  334.485178  451.940000  0.2400 -0.0300                     0.0 1 334Rf
 104 335  335.493637  459.820000  0.2300 -0.0100                     0.5-1 335Rf
 104 336  336.501345  467.000000  0.2300 -0.0400                     0.0 1 336Rf
 104 337  337.510148  475.200000  0.2100 -0.0400                     2.5-1 337Rf
 104 338  338.518178  482.680000  0.2300 -0.0500                     0.0 1 338Rf
 104 339  339.527046  490.940000  0.2300 -0.0100                     2.5-1 339Rf
 104 340  340.535022  498.370000  0.2200 -0.0500                     0.0 1 340Rf
 104 341  341.543858  506.600000  0.1900 -0.0500                     5.5-1 341Rf
 104 342  342.552510  514.660000  0.2000 -0.0400                     0.0 1 342Rf
 104 343  343.561861  523.370000 -0.1500  0.0300                     4.5-1 343Rf
 104 344  344.569730  530.700000  0.1600 -0.0500                     0.0 1 344Rf
 104 345  345.578254  538.640000 -0.1500  0.0300                     4.5-1 345Rf
 104 346  346.586638  546.450000 -0.1400  0.0200                     0.0 1 346Rf
 104 347  347.595366  554.580000 -0.1500  0.0300                     4.5-1 347Rf
 104 348  348.603493  562.150000 -0.1500  0.0200                     0.0 1 348Rf
 104 349  349.612264  570.320000 -0.1400  0.0100                     4.5-1 349Rf
