 108 246  246.143383  133.560000  0.4100  0.1300                     0.0 1 246Hs
 108 247  247.141966  132.240000  0.3600  0.1000                     6.5 1 247Hs
 108 248  248.139690  130.120000  0.3800  0.1000                     0.0 1 248Hs
 108 249  249.138208  128.740000  0.3500  0.0700                     1.5-1 249Hs
 108 250  250.136405  127.060000  0.3400  0.0700                     0.0 1 250Hs
 108 251  251.135374  126.100000  0.3500  0.0600                     3.5 1 251Hs
 108 252  252.133506  124.360000  0.3300  0.0900                     0.0 1 252Hs
 108 253  253.132175  123.120000  0.3000  0.0700                     0.5-1 253Hs
 108 254  254.130962  121.990000  0.3000  0.0600                     0.0 1 254Hs
 108 255  255.130242  121.320000  0.3100  0.0600                     0.5-1 255Hs
 108 256  256.129169  120.320000  0.3000  0.0600                     0.0 1 256Hs
 108 257  257.129255  120.400000  0.3000  0.0600                     2.5 1 257Hs
 108 258  258.127924  119.160000  0.3000  0.0500                     0.0 1 258Hs
 108 259  259.128407  119.610000  0.2800  0.0300                     4.5-1 259Hs
 108 260  260.127483  118.750000  0.2800  0.0300                     0.0 1 260Hs
 108 261  261.128009  119.240000  0.2800  0.0200                     0.5 1 261Hs
 108 262  262.127526  118.790000  0.2800  0.0200                     0.0 1 262Hs
 108 263  263.128396  119.600000  0.2700  0.0000                     1.5 1 263Hs
 108 264  264.128364  119.570000  0.2700 -0.0100                     0.0 1 264Hs
 108 265  265.129384  120.520000  0.2700 -0.0100                     3.5 1 265Hs
 108 266  266.129716  120.830000  0.2700 -0.0200                     0.0 1 266Hs
 108 267  267.131638  122.620000  0.2700 -0.0200                     4.5 1 267Hs
 108 268  268.131799  122.770000  0.2600 -0.0300                     0.0 1 268Hs
 108 269  269.133957  124.780000  0.2600 -0.0300                     5.5-1 269Hs
 108 270  270.134580  125.360000  0.2600 -0.0500                     0.0 1 270Hs
 108 271  271.137038  127.650000  0.2500 -0.0500                     6.5-1 271Hs
 108 272  272.138111  128.650000  0.2500 -0.0600                     0.0 1 272Hs
 108 273  273.140613  130.980000  0.2500 -0.0500                     1.5 1 273Hs
 108 274  274.142502  132.740000  0.2500 -0.0600                     0.0 1 274Hs
 108 275  275.145551  135.580000  0.2300 -0.0500                     2.5 1 275Hs
 108 276  276.147537  137.430000  0.2300 -0.0500                     0.0 1 276Hs
 108 277  277.150543  140.230000  0.2300 -0.0500                     4.5 1 277Hs
 108 278  278.152926  142.450000  0.1800 -0.0500                     0.0 1 278Hs
 108 279  279.156254  145.550000  0.1900 -0.0400                     2.5 1 279Hs
 108 280  280.158434  147.580000  0.1700 -0.0400                     0.0 1 280Hs
 108 281  281.161536  150.470000  0.1700 -0.0500                     0.5 1 281Hs
 108 282  282.164467  153.200000  0.1500 -0.0200                     0.0 1 282Hs
 108 283  283.167484  156.010000  0.1300 -0.0400                     2.5 1 283Hs
 108 284  284.170608  158.920000  0.1300 -0.0200                     0.0 1 284Hs
 108 285  285.173141  161.280000 -0.1700  0.0300                     1.5 1 285Hs
 108 286  286.176781  164.670000  0.0800 -0.0200                     0.0 1 286Hs
 108 287  287.180742  168.360000  0.0700 -0.0200                     1.5 1 287Hs
 108 288  288.183501  170.930000  0.0600 -0.0100                     0.0 1 288Hs
 108 289  289.187978  175.100000  0.0000  0.0000                     1.5 1 289Hs
 108 290  290.190887  177.810000  0.0000  0.0000                     0.0 1 290Hs
 108 291  291.195224  181.850000  0.0000  0.0000                     0.5 1 291Hs
 108 292  292.198133  184.560000  0.0000  0.0000                     0.0 1 292Hs
 108 293  293.204381  190.380000  0.0000  0.0000                     5.5-1 293Hs
 108 294  294.207623  193.400000  0.0000  0.0000                     0.0 1 294Hs
 108 295  295.213152  198.550000  0.0300  0.0100                     5.5-1 295Hs
 108 296  296.216716  201.870000  0.0400  0.0000                     0.0 1 296Hs
 108 297  297.221483  206.310000  0.1300  0.0300                     5.5-1 297Hs
 108 298  298.222782  207.520000  0.4300  0.1000                     0.0 1 298Hs
 108 299  299.227216  211.650000  0.4200  0.1000                     0.5 1 299Hs
 108 300  300.231703  215.830000  0.4200  0.0900                     0.0 1 300Hs
 108 301  301.236244  220.060000  0.4000  0.1000                     4.5 1 301Hs
 108 302  302.240839  224.340000  0.4200  0.0900                     0.0 1 302Hs
 108 303  303.245949  229.100000  0.4100  0.0900                     4.5 1 303Hs
 108 304  304.250340  233.190000  0.4000  0.0900                     0.0 1 304Hs
 108 305  305.255708  238.190000  0.3800  0.0600                     4.5 1 305Hs
 108 306  306.260302  242.470000  0.3800  0.0800                     0.0 1 306Hs
 108 307  307.265767  247.560000  0.3400  0.0600                     4.5 1 307Hs
 108 308  308.270501  251.970000  0.3700  0.0500                     0.0 1 308Hs
 108 309  309.275912  257.010000  0.3500  0.0600                     7.5-1 309Hs
 108 310  310.281032  261.780000  0.3300  0.0600                     0.0 1 310Hs
 108 311  311.286207  266.600000  0.3200  0.0600                     4.5 1 311Hs
 108 312  312.291596  271.620000  0.3200  0.0700                     0.0 1 312Hs
 108 313  313.297264  276.900000  0.3000  0.0500                     3.5 1 313Hs
 108 314  314.302772  282.030000  0.2600  0.0700                     0.0 1 314Hs
 108 315  315.308258  287.140000  0.2800  0.0500                     0.5 1 315Hs
 108 316  316.313765  292.270000  0.2800  0.0600                     0.0 1 316Hs
 108 317  317.319798  297.890000  0.2600  0.0300                     3.5-1 317Hs
 108 318  318.325413  303.120000  0.2700  0.0400                     0.0 1 318Hs
 108 319  319.331521  308.810000  0.2600  0.0300                     3.5-1 319Hs
 108 320  320.337039  313.950000  0.2500  0.0500                     0.0 1 320Hs
 108 321  321.343169  319.660000  0.2800  0.0300                     0.5-1 321Hs
 108 322  322.349041  325.130000  0.2500  0.0400                     0.0 1 322Hs
 108 323  323.355472  331.120000  0.2700  0.0200                     1.5-1 323Hs
 108 324  324.361334  336.580000  0.2500  0.0200                     0.0 1 324Hs
 108 325  325.367721  342.530000  0.2500  0.0100                     1.5-1 325Hs
 108 326  326.374055  348.430000  0.2600  0.0000                     0.0 1 326Hs
 108 327  327.380765  354.680000  0.2500  0.0100                     5.5 1 327Hs
 108 328  328.387066  360.550000  0.2500  0.0100                     0.0 1 328Hs
 108 329  329.394055  367.060000  0.2500  0.0000                     4.5-1 329Hs
 108 330  330.400271  372.850000  0.2500 -0.0100                     0.0 1 330Hs
 108 331  331.407475  379.560000  0.2400 -0.0100                     1.5-1 331Hs
 108 332  332.414109  385.740000  0.2400 -0.0100                     0.0 1 332Hs
 108 333  333.421377  392.510000  0.2400 -0.0200                     6.5 1 333Hs
 108 334  334.428226  398.890000  0.2300 -0.0300                     0.0 1 334Hs
 108 335  335.435859  406.000000  0.2400 -0.0300                     2.5-1 335Hs
 108 336  336.442966  412.620000  0.2300 -0.0400                     0.0 1 336Hs
 108 337  337.450760  419.880000  0.2200 -0.0200                     2.5-1 337Hs
 108 338  338.457867  426.500000  0.2200 -0.0500                     0.0 1 338Hs
 108 339  339.465854  433.940000  0.2200 -0.0300                     0.5-1 339Hs
 108 340  340.473143  440.730000  0.2300 -0.0500                     0.0 1 340Hs
 108 341  341.481259  448.290000  0.2200 -0.0600                     2.5-1 341Hs
 108 342  342.488624  455.150000  0.2200 -0.0500                     0.0 1 342Hs
 108 343  343.496654  462.630000  0.2200 -0.0500                     2.5-1 343Hs
 108 344  344.504501  469.940000  0.2100 -0.0700                     0.0 1 344Hs
 108 345  345.512800  477.670000  0.2000 -0.0500                     5.5-1 345Hs
 108 346  346.521077  485.380000  0.1800 -0.0500                     0.0 1 346Hs
 108 347  347.529397  493.130000  0.1600 -0.0500                     6.5-1 347Hs
 108 348  348.537159  500.360000  0.1700 -0.0600                     0.0 1 348Hs
 108 349  349.545629  508.250000  0.1600 -0.0500                     6.5-1 349Hs
 108 350  350.553595  515.670000  0.1400 -0.0600                     0.0 1 350Hs
 108 351  351.562033  523.530000 -0.1400  0.0200                     4.5-1 351Hs
 108 352  352.569966  530.920000 -0.1400  0.0200                     0.0 1 352Hs
 108 353  353.578801  539.150000  0.1200 -0.0500                     4.5-1 353Hs
 108 354  354.586853  546.650000  0.1100 -0.0500                     0.0 1 354Hs
 108 355  355.595152  554.380000  0.0900 -0.0500                     1.5-1 355Hs
 108 356  356.603611  562.260000  0.0800 -0.0300                     0.0 1 356Hs
 108 357  357.612339  570.390000  0.0900 -0.0200                     1.5-1 357Hs
 108 358  358.621486  578.910000  0.0000  0.0000                     0.0 1 358Hs
 108 359  359.629484  586.360000  0.0000  0.0000                     0.5-1 359Hs
 108 360  360.637653  593.970000  0.0000  0.0000                     0.0 1 360Hs
 108 361  361.645962  601.710000  0.0000  0.0000                     2.5-1 361Hs
