 110 250  250.159990  149.030000  0.3900  0.1100                     0.0 1 250Ds
 110 251  251.158176  147.340000  0.3800  0.1000                     1.5-1 251Ds
 110 252  252.155943  145.260000  0.3800  0.1000                     0.0 1 252Ds
 110 253  253.154558  143.970000  0.3600  0.0600                     6.5 1 253Ds
 110 254  254.152529  142.080000  0.3700  0.0900                     0.0 1 254Ds
 110 255  255.151370  141.000000  0.3400  0.0600                     3.5 1 255Ds
 110 256  256.149351  139.120000  0.2900  0.0400                     0.0 1 256Ds
 110 257  257.148138  137.990000  0.2900  0.0400                     0.5-1 257Ds
 110 258  258.146550  136.510000  0.2900  0.0400                     0.0 1 258Ds
 110 259  259.146142  136.130000  0.3000  0.0300                     0.5-1 259Ds
 110 260  260.144778  134.860000  0.2800  0.0300                     0.0 1 260Ds
 110 261  261.144896  134.970000  0.2800  0.0300                     4.5-1 261Ds
 110 262  262.143307  133.490000  0.2800  0.0300                     0.0 1 262Ds
 110 263  263.143479  133.650000  0.2800  0.0200                     0.5 1 263Ds
 110 264  264.142674  132.900000  0.2700  0.0000                     0.0 1 264Ds
 110 265  265.142953  133.160000  0.2700  0.0000                     1.5 1 265Ds
 110 266  266.142631  132.860000  0.2700  0.0100                     0.0 1 266Ds
 110 267  267.143157  133.350000  0.2700 -0.0200                     3.5 1 267Ds
 110 268  268.143039  133.240000  0.2600 -0.0200                     0.0 1 268Ds
 110 269  269.144284  134.400000  0.2600 -0.0200                     0.5 1 269Ds
 110 270  270.144445  134.550000  0.2600 -0.0300                     0.0 1 270Ds
 110 271  271.145959  135.960000  0.2600 -0.0300                     5.5-1 271Ds
 110 272  272.146292  136.270000  0.2600 -0.0400                     0.0 1 272Ds
 110 273  273.148214  138.060000  0.2300 -0.0500                     6.5-1 273Ds
 110 274  274.148675  138.490000  0.2400 -0.0600                     0.0 1 274Ds
 110 275  275.150801  140.470000  0.2400 -0.0600                     1.5 1 275Ds
 110 276  276.152111  141.690000  0.2300 -0.0700                     0.0 1 276Ds
 110 277  277.154462  143.880000  0.2300 -0.0600                     2.5 1 277Ds
 110 278  278.156297  145.590000  0.2200 -0.0500                     0.0 1 278Ds
 110 279  279.158970  148.080000  0.2100 -0.0500                     4.5 1 279Ds
 110 280  280.160688  149.680000  0.2000 -0.0600                     0.0 1 280Ds
 110 281  281.163866  152.640000  0.1900 -0.0400                     2.5 1 281Ds
 110 282  282.165809  154.450000  0.1800 -0.0400                     0.0 1 282Ds
 110 283  283.168332  156.800000  0.1700 -0.0500                     0.5 1 283Ds
 110 284  284.170930  159.220000  0.1500 -0.0200                     0.0 1 284Ds
 110 285  285.173989  162.070000  0.1500 -0.0200                     2.5 1 285Ds
 110 286  286.175986  163.930000  0.1300 -0.0500                     0.0 1 286Ds
 110 287  287.179228  166.950000  0.1100 -0.0400                     2.5 1 287Ds
 110 288  288.181923  169.460000  0.0900 -0.0300                     0.0 1 288Ds
 110 289  289.185519  172.810000  0.0800 -0.0300                     1.5 1 289Ds
 110 290  290.188128  175.240000  0.0700 -0.0200                     0.0 1 290Ds
 110 291  291.191757  178.620000  0.0500 -0.0100                     1.5 1 291Ds
 110 292  292.194956  181.600000  0.0000  0.0000                     0.0 1 292Ds
 110 293  293.199003  185.370000  0.0000  0.0000                     0.5 1 293Ds
 110 294  294.201665  187.850000  0.0000  0.0000                     0.0 1 294Ds
 110 295  295.207570  193.350000  0.0000  0.0000                     5.5-1 295Ds
 110 296  296.210372  195.960000  0.0000  0.0000                     0.0 1 296Ds
 110 297  297.215954  201.160000  0.0000  0.0000                     5.5-1 297Ds
 110 298  298.218670  203.690000  0.0500  0.0000                     0.0 1 298Ds
 110 299  299.223222  207.930000  0.1400  0.0200                     5.5-1 299Ds
 110 300  300.223609  208.290000  0.4400  0.1000                     0.0 1 300Ds
 110 301  301.227849  212.240000  0.4200  0.1000                     0.5 1 301Ds
 110 302  302.231961  216.070000  0.4400  0.0900                     0.0 1 302Ds
 110 303  303.236244  220.060000  0.4400  0.0900                     0.5 1 303Ds
 110 304  304.240410  223.940000  0.4200  0.0900                     0.0 1 304Ds
 110 305  305.245219  228.420000  0.3900  0.0700                     4.5 1 305Ds
 110 306  306.249481  232.390000  0.3900  0.0700                     0.0 1 306Ds
 110 307  307.254451  237.020000  0.3900  0.0600                     4.5 1 307Ds
 110 308  308.258531  240.820000  0.3800  0.0900                     0.0 1 308Ds
 110 309  309.263866  245.790000  0.3800  0.0600                     4.5 1 309Ds
 110 310  310.268257  249.880000  0.3700  0.0500                     0.0 1 310Ds
 110 311  311.273539  254.800000  0.3700  0.0500                     0.5-1 311Ds
 110 312  312.278295  259.230000  0.3700  0.0500                     0.0 1 312Ds
 110 313  313.283083  263.690000  0.3300  0.0600                     2.5 1 313Ds
 110 314  314.288461  268.700000  0.3300  0.0600                     0.0 1 314Ds
 110 315  315.293861  273.730000  0.3400  0.0500                     2.5 1 315Ds
 110 316  316.299057  278.570000  0.2900  0.0700                     0.0 1 316Ds
 110 317  317.303963  283.140000  0.2600  0.0400                     0.5 1 317Ds
 110 318  318.309761  288.540000  0.2800  0.0500                     0.0 1 318Ds
 110 319  319.315160  293.570000  0.2600  0.0300                     3.5-1 319Ds
 110 320  320.320721  298.750000  0.2500  0.0500                     0.0 1 320Ds
 110 321  321.326282  303.930000  0.2700  0.0300                     1.5 1 321Ds
 110 322  322.331768  309.040000  0.2500  0.0400                     0.0 1 322Ds
 110 323  323.337619  314.490000  0.2500  0.0400                     4.5-1 323Ds
 110 324  324.343244  319.730000  0.2500  0.0400                     0.0 1 324Ds
 110 325  325.349310  325.380000  0.2700  0.0200                     4.5-1 325Ds
 110 326  326.354731  330.430000  0.2500  0.0200                     0.0 1 326Ds
 110 327  327.360926  336.200000  0.2500  0.0200                     1.5-1 327Ds
 110 328  328.366798  341.670000  0.2500  0.0100                     0.0 1 328Ds
 110 329  329.373572  347.980000  0.2400  0.0000                     1.5-1 329Ds
 110 330  330.379165  353.190000  0.2400  0.0000                     0.0 1 330Ds
 110 331  331.386175  359.720000  0.2300  0.0000                     4.5-1 331Ds
 110 332  332.392091  365.230000  0.2400 -0.0100                     0.0 1 332Ds
 110 333  333.398682  371.370000  0.2400 -0.0100                     6.5 1 333Ds
 110 334  334.405134  377.380000  0.2300 -0.0200                     0.0 1 334Ds
 110 335  335.412230  383.990000  0.2300 -0.0200                     1.5-1 335Ds
 110 336  336.418715  390.030000  0.2200 -0.0300                     0.0 1 336Ds
 110 337  337.426058  396.870000  0.2300 -0.0200                     2.5-1 337Ds
 110 338  338.432735  403.090000  0.2300 -0.0400                     0.0 1 338Ds
 110 339  339.440046  409.900000  0.2200 -0.0400                     2.5-1 339Ds
 110 340  340.446863  416.250000  0.2200 -0.0500                     0.0 1 340Ds
 110 341  341.454367  423.240000  0.2200 -0.0500                     0.5-1 341Ds
 110 342  342.461592  429.970000  0.2100 -0.0500                     0.0 1 342Ds
 110 343  343.469268  437.120000  0.2100 -0.0500                     7.5 1 343Ds
 110 344  344.476439  443.800000  0.2100 -0.0500                     0.0 1 344Ds
 110 345  345.484104  450.940000  0.2000 -0.0700                     2.5-1 345Ds
 110 346  346.491608  457.930000  0.2000 -0.0700                     0.0 1 346Ds
 110 347  347.499799  465.560000  0.2000 -0.0500                     5.5-1 347Ds
 110 348  348.507454  472.690000  0.1900 -0.0700                     0.0 1 348Ds
 110 349  349.515398  480.090000  0.1800 -0.0600                     3.5-1 349Ds
 110 350  350.523460  487.600000  0.1700 -0.0600                     0.0 1 350Ds
 110 351  351.531340  494.940000  0.1700 -0.0600                     0.5-1 351Ds
 110 352  352.539263  502.320000  0.1600 -0.0600                     0.0 1 352Ds
 110 353  353.548066  510.520000  0.1500 -0.0200                     4.5-1 353Ds
 110 354  354.555473  517.420000 -0.1500  0.0300                     0.0 1 354Ds
 110 355  355.563750  525.130000  0.1100 -0.0400                     4.5-1 355Ds
 110 356  356.571899  532.720000  0.1100 -0.0300                     0.0 1 356Ds
 110 357  357.580165  540.420000  0.1100 -0.0300                     1.5-1 357Ds
 110 358  358.588109  547.820000  0.1000 -0.0300                     0.0 1 358Ds
 110 359  359.596300  555.450000  0.0900 -0.0400                     1.5-1 359Ds
 110 360  360.604502  563.090000  0.0900 -0.0400                     0.0 1 360Ds
