   8  16    0.021000   -0.108000                                            16O 
   8  17    0.107000    0.075000                                            17O 
   8  18    0.021000   -0.108000                                            18O 
   8  19    0.143000    0.022000                                            19O 
   8  20    0.003000   -0.108000                                            20O 
   8  21    0.003000    0.112000                                            21O 
   8  22    0.002000   -0.095000                                            22O 
   8  23    0.003000   -0.095000                                            23O 
   8  24    0.003000   -0.108000                                            24O 
   8  25    0.003000   -0.095000                                            25O 
   8  26    0.002000   -0.081000                                            26O 
   8  27    0.002000   -0.081000                                            27O 
   8  28    0.002000   -0.081000                                            28O 
   8  29    0.002000   -0.081000                                            29O 
   8  30    0.002000   -0.081000                                            30O 
   8  31    0.198000    0.178000                                            31O 
   8  32    0.216000    0.151000                                            32O 
   8  33    0.216000    0.061000                                            33O 
   8  34    0.219000   -0.040000                                            34O 
