  12  20    0.147000   -0.091000                                            20Mg
  12  21    0.308000    0.080000                                            21Mg
  12  22    0.326000    0.225000                                            22Mg
  12  23    0.367000    0.050000                                            23Mg
  12  24    0.374000   -0.053000                                            24Mg
  12  25    0.333000   -0.033000                                            25Mg
  12  26   -0.310000    0.186000                                            26Mg
  12  28    0.323000   -0.136000                                            28Mg
  12  30   -0.222000   -0.112000                                            30Mg
  12  33               -0.014000                                            33Mg
  12  34    0.406000    0.062000                                            34Mg
  12  35    0.347000    0.090000                                            35Mg
  12  36    0.328000    0.085000                                            36Mg
  12  37    0.330000    0.025000                                            37Mg
  12  38    0.314000   -0.037000                                            38Mg
  12  39    0.377000   -0.081000                                            39Mg
  12  40   -0.290000    0.211000                                            40Mg
  12  41    0.335000   -0.051000                                            41Mg
  12  42    0.265000   -0.015000                                            42Mg
  12  43    0.296000   -0.043000                                            43Mg
  12  44    0.175000   -0.317000                                            44Mg
  12  45    0.421000    0.137000                                            45Mg
  12  46    0.311000   -0.195000                                            46Mg
  12  47    0.463000    0.107000                                            47Mg
