  15  26    0.314000   -0.037000                                            26P 
  15  28   -0.271000    0.081000                                            28P 
  15  29   -0.318000    0.117000                                            29P 
  15  38    0.216000    0.061000                                            38P 
  15  39    0.235000    0.035000                                            39P 
  15  40    0.245000   -0.003000                                            40P 
  15  41    0.239000   -0.053000                                            41P 
  15  42    0.163000   -0.031000                                            42P 
  15  43   -0.274000    0.136000                                            43P 
  15  44    0.153000   -0.007000                                            44P 
  15  45    0.199000   -0.019000                                            45P 
  15  46    0.199000   -0.034000                                            46P 
  15  47    0.110000   -0.265000                                            47P 
  15  48   -0.300000   -0.020000                                            48P 
  15  49   -0.325000   -0.029000                                            49P 
  15  50   -0.399000   -0.030000                                            50P 
  15  51   -0.406000    0.008000                                            51P 
  15  52    0.447000   -0.065000                                            52P 
  15  53    0.457000   -0.069000                                            53P 
  15  54    0.460000   -0.094000                                            54P 
  15  55    0.486000   -0.124000                                            55P 
  15  56    0.524000   -0.097000                                            56P 
  15  57    0.588000   -0.088000                                            57P 
