  19  38   -0.018000                                                        38K 
  19  40   -0.035000                                                        40K 
  19  44   -0.008000                                                        44K 
  19  45   -0.008000                                                        45K 
  19  46   -0.070000   -0.021000                                            46K 
  19  47   -0.008000                                                        47K 
  19  48   -0.070000   -0.013000                                            48K 
  19  49   -0.079000   -0.021000                                            49K 
  19  50   -0.087000   -0.020000                                            50K 
  19  51   -0.087000   -0.028000                                            51K 
  19  52   -0.148000   -0.030000                                            52K 
  19  53   -0.323000   -0.086000                                            53K 
  19  54   -0.373000   -0.080000                                            54K 
  19  55   -0.398000   -0.065000                                            55K 
  19  56   -0.138000   -0.076000                                            56K 
  19  57   -0.129000   -0.085000                                            57K 
  19  58   -0.155000   -0.081000                                            58K 
  19  59   -0.008000                                                        59K 
  19  60   -0.272000   -0.119000                                            60K 
  19  61   -0.283000   -0.138000                                            61K 
  19  62   -0.298000   -0.147000                                            62K 
  19  63   -0.297000   -0.148000                                            63K 
  19  64    0.107000    0.037000                                            64K 
  19  65    0.107000    0.014000                                            65K 
  19  66    0.107000   -0.011000                                            66K 
  19  67    0.089000   -0.037000                                            67K 
  19  68    0.062000   -0.023000                                            68K 
  19  69   -0.053000    0.001000                                            69K 
  19  70   -0.070000    0.002000                                            70K 
