  20  56   -0.018000                                                        56Ca
  20  57   -0.070000   -0.036000                                            57Ca
  20  58   -0.007000    0.002000                                            58Ca
  20  59   -0.007000    0.001000                                            59Ca
  20  61   -0.014000    0.003000                                            61Ca
  20  62    0.008000                                                        62Ca
  20  63    0.045000    0.009000                                            63Ca
  20  64    0.045000    0.009000                                            64Ca
  20  65    0.071000    0.026000                                            65Ca
  20  66    0.062000    0.001000                                            66Ca
  20  67    0.080000   -0.006000                                            67Ca
  20  68    0.072000   -0.031000                                            68Ca
  20  69    0.053000   -0.015000                                            69Ca
  20  70    0.027000                                                        70Ca
  20  71    0.053000    0.017000                                            71Ca
  20  72    0.063000    0.050000                                            72Ca
  20  73    0.062000    0.017000                                            73Ca
