  21  32    0.441000    0.136000                                            32Sc
  21  38   -0.018000                                                        38Sc
  21  40   -0.026000                                                        40Sc
  21  42   -0.026000                                                        42Sc
  21  46   -0.008000                                                        46Sc
  21  47   -0.008000                                                        47Sc
  21  48   -0.044000    0.001000                                            48Sc
  21  49   -0.008000                                                        49Sc
  21  50   -0.035000                                                        50Sc
  21  51   -0.026000                                                        51Sc
  21  52   -0.035000                                                        52Sc
  21  53   -0.052000    0.016000                                            53Sc
  21  54    0.088000    0.027000                                            54Sc
  21  55   -0.078000    0.017000                                            55Sc
  21  56   -0.104000    0.012000                                            56Sc
  21  57   -0.096000   -0.005000                                            57Sc
  21  58   -0.105000   -0.019000                                            58Sc
  21  59   -0.079000   -0.021000                                            59Sc
  21  60   -0.042000    0.002000                                            60Sc
  21  61   -0.015000    0.003000                                            61Sc
  21  62   -0.047000    0.021000                                            62Sc
  21  63    0.053000    0.025000                                            63Sc
  21  64    0.073000    0.051000                                            64Sc
  21  65    0.090000    0.051000                                            65Sc
  21  66    0.116000    0.070000                                            66Sc
  21  67    0.115000    0.038000                                            67Sc
  21  68    0.107000    0.013000                                            68Sc
  21  69    0.089000   -0.013000                                            69Sc
  21  70    0.062000   -0.007000                                            70Sc
  21  71    0.053000    0.017000                                            71Sc
  21  72    0.062000    0.041000                                            72Sc
  21  73    0.092000    0.077000                                            73Sc
  21  74    0.091000    0.061000                                            74Sc
  21  75    0.100000    0.036000                                            75Sc
  21  76    0.126000    0.055000                                            76Sc
