  23  36    0.235000    0.171000                                            36V 
  23  37    0.216000    0.167000                                            37V 
  23  38    0.215000    0.106000                                            38V 
  23  39    0.216000    0.076000                                            39V 
  23  40    0.170000    0.027000                                            40V 
  23  48    0.197000    0.081000                                            48V 
  23  50    0.107000    0.013000                                            50V 
  23  54    0.170000    0.052000                                            54V 
  23  55    0.170000    0.044000                                            55V 
  23  56    0.180000    0.003000                                            56V 
  23  57    0.181000   -0.004000                                            57V 
  23  58    0.163000   -0.031000                                            58V 
  23  59    0.162000   -0.006000                                            59V 
  23  60   -0.130000   -0.032000                                            60V 
  23  61   -0.104000   -0.034000                                            61V 
  23  62   -0.044000   -0.014000                                            62V 
  23  63    0.018000                                                        63V 
  23  64    0.053000    0.017000                                            64V 
  23  65    0.053000    0.009000                                            65V 
  23  66    0.155000    0.100000                                            66V 
  23  67    0.163000    0.110000                                            67V 
  23  68    0.161000    0.093000                                            68V 
  23  69    0.169000    0.070000                                            69V 
  23  70    0.161000    0.043000                                            70V 
  23  71    0.126000   -0.011000                                            71V 
  23  72    0.080000   -0.006000                                            72V 
  23  73    0.053000    0.009000                                            73V 
  23  74    0.089000    0.060000                                            74V 
  23  75    0.135000    0.097000                                            75V 
  23  76    0.152000    0.092000                                            76V 
  23  77    0.160000    0.084000                                            77V 
  23  78    0.179000    0.072000                                            78V 
  23  79    0.240000    0.175000                                            79V 
  23  80    0.247000    0.167000                                            80V 
  23  81    0.255000    0.152000                                            81V 
  23  82    0.281000    0.158000                                            82V 
  23  83    0.290000    0.151000                                            83V 
