  24  38    0.234000    0.139000                                            38Cr
  24  39    0.252000    0.068000                                            39Cr
  24  40    0.273000    0.027000                                            40Cr
  24  41    0.198000    0.006000                                            41Cr
  24  49    0.216000    0.067000                                            49Cr
  24  51    0.107000    0.004000                                            51Cr
  24  54    0.180000    0.045000                                            54Cr
  24  55    0.189000    0.029000                                            55Cr
  24  56    0.189000    0.022000                                            56Cr
  24  57    0.199000   -0.019000                                            57Cr
  24  58    0.199000   -0.026000                                            58Cr
  24  59    0.172000   -0.038000                                            59Cr
  24  60    0.181000   -0.021000                                            60Cr
  24  61    0.320000    0.044000                                            61Cr
  24  62    0.329000    0.047000                                            62Cr
  24  63    0.329000    0.048000                                            63Cr
  24  64    0.018000                                                        64Cr
  24  65    0.053000    0.017000                                            65Cr
  24  66    0.053000    0.009000                                            66Cr
  24  67    0.108000    0.053000                                            67Cr
  24  68    0.161000    0.084000                                            68Cr
  24  69    0.169000    0.077000                                            69Cr
  24  70    0.169000    0.062000                                            70Cr
  24  71    0.161000    0.019000                                            71Cr
  24  72    0.126000   -0.019000                                            72Cr
  24  73    0.080000   -0.013000                                            73Cr
  24  74    0.053000    0.001000                                            74Cr
  24  75    0.080000    0.042000                                            75Cr
  24  76    0.142000    0.091000                                            76Cr
  24  77    0.160000    0.085000                                            77Cr
  24  78    0.178000    0.072000                                            78Cr
  24  79    0.196000    0.059000                                            79Cr
  24  80    0.254000    0.152000                                            80Cr
  24  81    0.263000    0.145000                                            81Cr
  24  82    0.271000    0.120000                                            82Cr
  24  83    0.289000    0.144000                                            83Cr
  24  84    0.298000    0.137000                                            84Cr
  24  85    0.298000    0.120000                                            85Cr
  24  86    0.308000    0.096000                                            86Cr
