  28  47   -0.008000                                                        47Ni
  28  49   -0.008000                                                        49Ni
  28  55    0.035000                                                        55Ni
  28  57   -0.018000                                                        57Ni
  28  60    0.027000                                                        60Ni
  28  61   -0.130000    0.030000                                            61Ni
  28  62   -0.096000    0.012000                                            62Ni
  28  63   -0.122000    0.006000                                            63Ni
  28  64   -0.087000   -0.005000                                            64Ni
  28  65   -0.079000   -0.013000                                            65Ni
  28  66    0.027000                                                        66Ni
  28  67   -0.018000                                                        67Ni
  28  68    0.018000                                                        68Ni
  28  69   -0.052000    0.009000                                            69Ni
  28  70    0.027000                                                        70Ni
  28  71    0.045000    0.009000                                            71Ni
  28  72    0.053000    0.009000                                            72Ni
  28  73    0.053000    0.009000                                            73Ni
  28  74    0.053000    0.001000                                            74Ni
  28  75    0.062000    0.001000                                            75Ni
  28  76    0.053000    0.001000                                            76Ni
  28  77    0.053000   -0.014000                                            77Ni
  28  78    0.027000                                                        78Ni
  28  79    0.053000    0.017000                                            79Ni
  28  80    0.053000    0.017000                                            80Ni
  28  81    0.071000    0.026000                                            81Ni
  28  82    0.062000    0.017000                                            82Ni
  28  83    0.125000    0.039000                                            83Ni
  28  84    0.152000    0.027000                                            84Ni
  28  85   -0.178000    0.096000                                            85Ni
  28  86    0.290000    0.068000                                            86Ni
  28  87    0.328000    0.060000                                            87Ni
  28  88    0.337000    0.072000                                            88Ni
  28  89    0.348000    0.057000                                            89Ni
  28  90    0.349000    0.040000                                            90Ni
  28  91    0.359000    0.036000                                            91Ni
  28  92    0.361000    0.021000                                            92Ni
  28  93    0.352000    0.001000                                            93Ni
  28  94    0.342000   -0.014000                                            94Ni
  28  95    0.334000   -0.034000                                            95Ni
  28  96    0.334000   -0.052000                                            96Ni
  28  97    0.336000   -0.076000                                            97Ni
  28  98    0.348000   -0.098000                                            98Ni
  28  99    0.368000   -0.084000                                            99Ni
