  29  48   -0.087000   -0.012000                                            48Cu
  29  50   -0.052000    0.009000                                            50Cu
  29  52    0.115000    0.054000                                            52Cu
  29  53    0.115000    0.045000                                            53Cu
  29  54    0.142000    0.041000                                            54Cu
  29  55    0.107000    0.037000                                            55Cu
  29  56    0.107000    0.020000                                            56Cu
  29  57   -0.035000                                                        57Cu
  29  58    0.107000    0.044000                                            58Cu
  29  59    0.125000    0.046000                                            59Cu
  29  60    0.161000    0.026000                                            60Cu
  29  61    0.152000    0.026000                                            61Cu
  29  62    0.171000   -0.005000                                            62Cu
  29  63    0.162000   -0.006000                                            63Cu
  29  64    0.153000   -0.016000                                            64Cu
  29  65   -0.156000   -0.005000                                            65Cu
  29  66   -0.156000   -0.014000                                            66Cu
  29  67   -0.122000   -0.018000                                            67Cu
  29  68    0.053000    0.017000                                            68Cu
  29  69    0.053000    0.017000                                            69Cu
  29  70    0.062000    0.034000                                            70Cu
  29  71    0.062000    0.025000                                            71Cu
  29  72    0.080000    0.042000                                            72Cu
  29  73    0.088000    0.043000                                            73Cu
  29  74    0.125000    0.046000                                            74Cu
  29  75    0.115000    0.038000                                            75Cu
  29  76    0.125000    0.022000                                            76Cu
  29  77    0.088000    0.019000                                            77Cu
  29  78    0.080000    0.011000                                            78Cu
  29  79    0.053000    0.025000                                            79Cu
  29  80    0.080000    0.051000                                            80Cu
  29  81    0.107000    0.078000                                            81Cu
  29  82    0.125000    0.071000                                            82Cu
  29  83    0.142000    0.058000                                            83Cu
  29  84    0.160000    0.052000                                            84Cu
  29  85    0.161000    0.046000                                            85Cu
  29  86    0.244000    0.052000                                            86Cu
  29  87    0.271000    0.072000                                            87Cu
  29  88    0.279000    0.082000                                            88Cu
  29  89    0.318000    0.084000                                            89Cu
  29  90    0.319000    0.066000                                            90Cu
  29  91    0.319000    0.049000                                            91Cu
  29  92    0.338000    0.047000                                            92Cu
  29  93    0.339000    0.041000                                            93Cu
  29  94    0.331000    0.020000                                            94Cu
  29  95    0.323000   -0.009000                                            95Cu
  29  96    0.313000   -0.022000                                            96Cu
  29  97    0.314000   -0.048000                                            97Cu
  29  98    0.316000   -0.064000                                            98Cu
  29  99    0.329000   -0.095000                                            99Cu
  29 100    0.288000   -0.068000                                           100Cu
  29 101    0.277000   -0.054000                                           101Cu
  29 102    0.279000   -0.068000                                           102Cu
