  30  51   -0.035000    0.016000                                            51Zn
  30  53    0.197000    0.081000                                            53Zn
  30  54    0.197000    0.055000                                            54Zn
  30  55    0.207000    0.041000                                            55Zn
  30  56    0.180000    0.028000                                            56Zn
  30  57    0.134000    0.022000                                            57Zn
  30  58               -0.008000                                            58Zn
  30  59    0.142000    0.048000                                            59Zn
  30  60    0.180000    0.037000                                            60Zn
  30  61    0.208000    0.019000                                            61Zn
  30  62    0.209000    0.003000                                            62Zn
  30  63    0.218000   -0.022000                                            63Zn
  30  64    0.219000   -0.031000                                            64Zn
  30  65   -0.264000    0.031000                                            65Zn
  30  66   -0.215000    0.005000                                            66Zn
  30  67   -0.182000   -0.010000                                            67Zn
  30  68   -0.156000   -0.022000                                            68Zn
  30  69   -0.164000   -0.028000                                            69Zn
  30  70    0.045000    0.001000                                            70Zn
  30  71    0.053000    0.009000                                            71Zn
  30  72    0.053000    0.009000                                            72Zn
  30  73    0.062000    0.017000                                            73Zn
  30  74    0.125000    0.039000                                            74Zn
  30  75    0.152000    0.050000                                            75Zn
  30  76    0.142000    0.033000                                            76Zn
  30  77    0.152000    0.018000                                            77Zn
  30  78    0.089000    0.003000                                            78Zn
  30  79    0.071000   -0.007000                                            79Zn
  30  80    0.045000    0.001000                                            80Zn
  30  81    0.080000    0.042000                                            81Zn
  30  82    0.142000    0.082000                                            82Zn
  30  83    0.160000    0.069000                                            83Zn
  30  84    0.169000    0.062000                                            84Zn
  30  85    0.188000    0.050000                                            85Zn
  30  86    0.208000    0.038000                                            86Zn
  30  87    0.224000    0.064000                                            87Zn
  30  88    0.251000    0.077000                                            88Zn
  30  89    0.270000    0.089000                                            89Zn
  30  90    0.279000    0.099000                                            90Zn
  30  91    0.279000    0.082000                                            91Zn
  30  92    0.280000    0.065000                                            92Zn
  30  93    0.300000    0.054000                                            93Zn
  30  94    0.310000    0.041000                                            94Zn
  30  95    0.311000    0.024000                                            95Zn
  30  96    0.293000   -0.001000                                            96Zn
  30  97    0.294000   -0.017000                                            97Zn
  30  98    0.295000   -0.044000                                            98Zn
  30  99    0.316000   -0.081000                                            99Zn
  30 100    0.329000   -0.104000                                           100Zn
  30 101    0.277000   -0.062000                                           101Zn
  30 102    0.257000   -0.049000                                           102Zn
  30 103    0.259000   -0.074000                                           103Zn
  30 104    0.219000   -0.039000                                           104Zn
  30 105    0.191000   -0.026000                                           105Zn
