  32  55    0.207000    0.041000                                            55Ge
  32  56    0.217000    0.017000                                            56Ge
  32  57    0.226000    0.003000                                            57Ge
  32  58    0.218000   -0.016000                                            58Ge
  32  59    0.181000   -0.013000                                            59Ge
  32  60   -0.104000    0.019000                                            60Ge
  32  61    0.180000    0.014000                                            61Ge
  32  62    0.218000   -0.004000                                            62Ge
  32  63    0.219000   -0.021000                                            63Ge
  32  64    0.219000   -0.039000                                            64Ge
  32  65    0.229000   -0.055000                                            65Ge
  32  66    0.229000   -0.065000                                            66Ge
  32  67   -0.299000    0.018000                                            67Ge
  32  68   -0.275000    0.003000                                            68Ge
  32  69   -0.250000   -0.012000                                            69Ge
  32  70   -0.241000   -0.014000                                            70Ge
  32  71   -0.215000   -0.036000                                            71Ge
  32  72   -0.224000   -0.034000                                            72Ge
  32  73   -0.224000   -0.041000                                            73Ge
  32  74   -0.224000   -0.041000                                            74Ge
  32  75    0.089000    0.011000                                            75Ge
  32  76    0.143000    0.008000                                            76Ge
  32  77    0.153000    0.017000                                            77Ge
  32  78    0.153000                                                        78Ge
  32  79    0.162000   -0.014000                                            79Ge
  32  80    0.144000   -0.033000                                            80Ge
  32  81    0.089000   -0.013000                                            81Ge
  32  82    0.053000    0.001000                                            82Ge
  32  83    0.088000    0.027000                                            83Ge
  32  84    0.142000    0.041000                                            84Ge
  32  85    0.161000    0.035000                                            85Ge
  32  86    0.170000    0.021000                                            86Ge
  32  87    0.198000    0.009000                                            87Ge
  32  88    0.219000   -0.011000                                            88Ge
  32  89    0.228000   -0.018000                                            89Ge
  32  90    0.245000    0.009000                                            90Ge
  32  91    0.308000    0.139000                                            91Ge
  32  92    0.326000    0.135000                                            92Ge
  32  93    0.336000    0.111000                                            93Ge
  32  94    0.336000    0.094000                                            94Ge
  32  95    0.348000    0.063000                                            95Ge
  32  96    0.338000    0.046000                                            96Ge
  32  97    0.322000   -0.002000                                            97Ge
  32  98    0.304000   -0.034000                                            98Ge
  32  99    0.305000   -0.053000                                            99Ge
  32 100    0.296000   -0.070000                                           100Ge
  32 101    0.307000   -0.093000                                           101Ge
  32 102    0.309000   -0.108000                                           102Ge
  32 103    0.279000   -0.088000                                           103Ge
  32 104    0.258000   -0.075000                                           104Ge
  32 105    0.259000   -0.101000                                           105Ge
  32 106    0.241000   -0.113000                                           106Ge
  32 107    0.212000   -0.083000                                           107Ge
  32 108    0.183000   -0.070000                                           108Ge
  32 109   -0.161000   -0.081000                                           109Ge
  32 110   -0.162000   -0.067000                                           110Ge
  32 111   -0.155000   -0.060000                                           111Ge
  32 112   -0.147000   -0.046000                                           112Ge
