  33  57    0.218000   -0.032000                                            57As
  33  58    0.228000   -0.039000                                            58As
  33  59    0.229000   -0.063000                                            59As
  33  60    0.210000   -0.049000                                            60As
  33  61   -0.221000    0.052000                                            61As
  33  62    0.209000   -0.023000                                            62As
  33  63    0.219000   -0.039000                                            63As
  33  64    0.228000   -0.046000                                            64As
  33  65    0.229000   -0.064000                                            65As
  33  66    0.240000   -0.079000                                            66As
  33  67    0.240000   -0.089000                                            67As
  33  68   -0.307000    0.013000                                            68As
  33  69   -0.291000    0.007000                                            69As
  33  70   -0.275000   -0.005000                                            70As
  33  71   -0.266000   -0.016000                                            71As
  33  72   -0.250000   -0.020000                                            72As
  33  73   -0.250000   -0.029000                                            73As
  33  74   -0.241000   -0.038000                                            74As
  33  75   -0.250000   -0.036000                                            75As
  33  76   -0.258000   -0.051000                                            76As
  33  77    0.162000   -0.015000                                            77As
  33  78    0.162000    0.001000                                            78As
  33  79    0.162000   -0.015000                                            79As
  33  80    0.163000   -0.031000                                            80As
  33  81    0.163000   -0.048000                                            81As
  33  82    0.116000   -0.028000                                            82As
  33  83    0.053000    0.001000                                            83As
  33  84    0.098000    0.012000                                            84As
  33  85    0.143000    0.016000                                            85As
  33  86    0.161000    0.010000                                            86As
  33  87    0.181000   -0.011000                                            87As
  33  88    0.210000   -0.022000                                            88As
  33  89    0.220000   -0.028000                                            89As
  33  90    0.220000   -0.045000                                            90As
  33  91    0.229000   -0.045000                                            91As
  33  92    0.318000    0.115000                                            92As
  33  93    0.336000    0.111000                                            93As
  33  94    0.347000    0.096000                                            94As
  33  95    0.337000    0.084000                                            95As
  33  96    0.348000    0.062000                                            96As
  33  97    0.339000    0.034000                                            97As
  33  98    0.303000   -0.028000                                            98As
  33  99    0.295000   -0.055000                                            99As
  33 100    0.296000   -0.073000                                           100As
  33 101    0.287000   -0.089000                                           101As
  33 102    0.299000   -0.103000                                           102As
  33 103    0.300000   -0.119000                                           103As
  33 104    0.280000   -0.106000                                           104As
  33 105    0.259000   -0.092000                                           105As
  33 106    0.251000   -0.111000                                           106As
  33 107    0.242000   -0.121000                                           107As
  33 108    0.221000   -0.107000                                           108As
  33 109    0.183000   -0.086000                                           109As
  33 110    0.164000   -0.080000                                           110As
  33 111   -0.173000   -0.050000                                           111As
  33 112   -0.164000   -0.044000                                           112As
  33 113   -0.156000   -0.037000                                           113As
  33 114    0.072000   -0.022000                                           114As
