  34  59    0.239000   -0.053000                                            59Se
  34  60    0.230000   -0.079000                                            60Se
  34  61    0.200000   -0.060000                                            61Se
  34  62   -0.246000    0.064000                                            62Se
  34  63    0.210000   -0.033000                                            63Se
  34  64    0.219000   -0.047000                                            64Se
  34  65    0.229000   -0.055000                                            65Se
  34  66    0.240000   -0.079000                                            66Se
  34  67    0.240000   -0.096000                                            67Se
  34  68    0.240000   -0.105000                                            68Se
  34  69   -0.315000    0.016000                                            69Se
  34  70   -0.307000    0.013000                                            70Se
  34  71   -0.291000   -0.001000                                            71Se
  34  72   -0.283000   -0.011000                                            72Se
  34  73    0.400000   -0.024000                                            73Se
  34  74   -0.250000   -0.029000                                            74Se
  34  75   -0.241000   -0.038000                                            75Se
  34  76   -0.241000   -0.038000                                            76Se
  34  77   -0.258000   -0.051000                                            77Se
  34  78    0.143000   -0.017000                                            78Se
  34  79    0.153000   -0.008000                                            79Se
  34  80    0.153000   -0.024000                                            80Se
  34  81    0.163000   -0.031000                                            81Se
  34  82    0.154000   -0.049000                                            82Se
  34  83    0.089000   -0.021000                                            83Se
  34  84    0.053000   -0.007000                                            84Se
  34  85    0.080000    0.011000                                            85Se
  34  86    0.125000    0.006000                                            86Se
  34  87    0.162000    0.001000                                            87Se
  34  88    0.181000   -0.012000                                            88Se
  34  89    0.210000   -0.031000                                            89Se
  34  90    0.220000   -0.045000                                            90Se
  34  91    0.221000   -0.063000                                            91Se
  34  92    0.229000   -0.062000                                            92Se
  34  93    0.319000    0.088000                                            93Se
  34  94    0.336000    0.094000                                            94Se
  34  95    0.347000    0.079000                                            95Se
  34  96    0.348000    0.061000                                            96Se
  34  97    0.349000    0.045000                                            97Se
  34  98    0.349000    0.029000                                            98Se
  34  99    0.332000   -0.011000                                            99Se
  34 100    0.296000   -0.073000                                           100Se
  34 101    0.296000   -0.083000                                           101Se
  34 102    0.287000   -0.098000                                           102Se
  34 103    0.299000   -0.112000                                           103Se
  34 104    0.301000   -0.128000                                           104Se
  34 105    0.280000   -0.114000                                           105Se
  34 106    0.260000   -0.110000                                           106Se
  34 107    0.251000   -0.120000                                           107Se
  34 108    0.242000   -0.130000                                           108Se
  34 109    0.222000   -0.117000                                           109Se
  34 110    0.193000   -0.102000                                           110Se
  34 111    0.164000   -0.089000                                           111Se
  34 112    0.155000   -0.081000                                           112Se
  34 113   -0.146000   -0.061000                                           113Se
  34 114   -0.147000   -0.046000                                           114Se
  34 115    0.008000   -0.008000                                           115Se
  34 117   -0.018000    0.008000                                           117Se
