  40  72    0.414000   -0.059000                                            72Zr
  40  73    0.364000   -0.065000                                            73Zr
  40  74    0.413000   -0.054000                                            74Zr
  40  75    0.403000   -0.057000                                            75Zr
  40  76    0.422000   -0.043000                                            76Zr
  40  77    0.413000   -0.047000                                            77Zr
  40  78    0.432000   -0.040000                                            78Zr
  40  79    0.433000   -0.047000                                            79Zr
  40  80    0.433000   -0.045000                                            80Zr
  40  81    0.454000   -0.044000                                            81Zr
  40  82    0.053000    0.001000                                            82Zr
  40  83    0.053000    0.001000                                            83Zr
  40  84    0.053000    0.001000                                            84Zr
  40  85    0.053000    0.001000                                            85Zr
  40  86    0.053000    0.001000                                            86Zr
  40  87    0.053000    0.001000                                            87Zr
  40  88    0.053000    0.001000                                            88Zr
  40  89    0.053000   -0.007000                                            89Zr
  40  90    0.035000   -0.008000                                            90Zr
  40  91    0.053000    0.009000                                            91Zr
  40  92    0.053000    0.001000                                            92Zr
  40  93    0.053000    0.001000                                            93Zr
  40  94    0.062000    0.010000                                            94Zr
  40  95    0.180000    0.022000                                            95Zr
  40  96    0.217000    0.010000                                            96Zr
  40  97    0.273000    0.020000                                            97Zr
  40  98    0.330000    0.024000                                            98Zr
  40  99    0.349000    0.036000                                            99Zr
  40 100    0.358000    0.039000                                           100Zr
  40 101    0.368000    0.036000                                           101Zr
  40 102    0.369000    0.017000                                           102Zr
  40 103    0.380000    0.014000                                           103Zr
  40 104    0.381000   -0.005000                                           104Zr
  40 105    0.372000   -0.025000                                           105Zr
  40 106    0.373000   -0.043000                                           106Zr
  40 107    0.364000   -0.055000                                           107Zr
  40 108    0.365000   -0.072000                                           108Zr
  40 109    0.357000   -0.092000                                           109Zr
  40 110    0.368000   -0.105000                                           110Zr
  40 111    0.387000   -0.091000                                           111Zr
  40 112    0.395000   -0.073000                                           112Zr
  40 113    0.404000   -0.071000                                           113Zr
  40 114   -0.197000   -0.076000                                           114Zr
  40 115   -0.170000   -0.088000                                           115Zr
  40 116   -0.162000   -0.081000                                           116Zr
  40 117   -0.153000   -0.090000                                           117Zr
  40 118   -0.153000   -0.082000                                           118Zr
  40 119   -0.146000   -0.075000                                           119Zr
  40 120   -0.137000   -0.069000                                           120Zr
  40 121                0.015000                                           121Zr
  40 123               -0.015000                                           123Zr
  40 124                0.008000                                           124Zr
  40 125    0.009000    0.024000                                           125Zr
  40 126    0.002000    0.017000                                           126Zr
  40 127    0.118000    0.072000                                           127Zr
  40 128    0.163000    0.069000                                           128Zr
  40 129    0.180000    0.096000                                           129Zr
  40 130    0.218000    0.109000                                           130Zr
  40 131    0.227000    0.120000                                           131Zr
  40 132    0.254000    0.125000                                           132Zr
  40 133    0.263000    0.110000                                           133Zr
  40 134    0.272000    0.103000                                           134Zr
  40 135    0.280000    0.097000                                           135Zr
  40 136    0.299000    0.085000                                           136Zr
  40 137    0.309000    0.062000                                           137Zr
