  41  74   -0.258000   -0.050000                                            74Nb
  41  75    0.462000   -0.026000                                            75Nb
  41  76    0.452000   -0.021000                                            76Nb
  41  77    0.452000   -0.031000                                            77Nb
  41  78    0.453000   -0.042000                                            78Nb
  41  79    0.453000   -0.039000                                            79Nb
  41  80    0.453000   -0.038000                                            80Nb
  41  81    0.464000   -0.041000                                            81Nb
  41  82    0.486000   -0.041000                                            82Nb
  41  83   -0.213000   -0.082000                                            83Nb
  41  84    0.053000    0.001000                                            84Nb
  41  85    0.053000    0.001000                                            85Nb
  41  86    0.053000    0.010000                                            86Nb
  41  87    0.053000    0.001000                                            87Nb
  41  88    0.053000    0.009000                                            88Nb
  41  89    0.053000    0.001000                                            89Nb
  41  90    0.053000   -0.007000                                            90Nb
  41  91    0.045000    0.009000                                            91Nb
  41  92    0.053000    0.017000                                            92Nb
  41  93    0.053000    0.009000                                            93Nb
  41  94    0.062000    0.010000                                            94Nb
  41  95    0.080000    0.018000                                            95Nb
  41  96    0.170000    0.027000                                            96Nb
  41  97    0.208000    0.017000                                            97Nb
  41  98    0.264000    0.018000                                            98Nb
  41  99    0.281000    0.030000                                            99Nb
  41 100    0.358000    0.040000                                           100Nb
  41 101    0.368000    0.035000                                           101Nb
  41 102    0.378000    0.040000                                           102Nb
  41 103    0.389000    0.017000                                           103Nb
  41 104    0.389000    0.018000                                           104Nb
  41 105    0.391000   -0.001000                                           105Nb
  41 106    0.382000   -0.012000                                           106Nb
  41 107    0.372000   -0.034000                                           107Nb
  41 108    0.354000   -0.048000                                           108Nb
  41 109    0.355000   -0.067000                                           109Nb
  41 110    0.345000   -0.077000                                           110Nb
  41 111    0.347000   -0.093000                                           111Nb
  41 112    0.386000   -0.075000                                           112Nb
  41 113    0.424000   -0.056000                                           113Nb
  41 114   -0.223000   -0.072000                                           114Nb
  41 115   -0.205000   -0.075000                                           115Nb
  41 116   -0.179000   -0.087000                                           116Nb
  41 117   -0.171000   -0.088000                                           117Nb
  41 118   -0.161000   -0.089000                                           118Nb
  41 119   -0.154000   -0.082000                                           119Nb
  41 120   -0.154000   -0.074000                                           120Nb
  41 121   -0.155000   -0.068000                                           121Nb
  41 122   -0.018000   -0.015000                                           122Nb
  41 123                0.008000                                           123Nb
  41 124   -0.026000    0.016000                                           124Nb
  41 125   -0.008000    0.008000                                           125Nb
  41 126    0.036000    0.033000                                           126Nb
  41 127    0.028000    0.034000                                           127Nb
  41 128    0.127000    0.072000                                           128Nb
  41 129    0.162000    0.069000                                           129Nb
  41 130    0.180000    0.096000                                           130Nb
  41 131    0.209000    0.107000                                           131Nb
  41 132    0.218000    0.118000                                           132Nb
  41 133    0.245000    0.123000                                           133Nb
  41 134    0.245000    0.114000                                           134Nb
  41 135    0.253000    0.108000                                           135Nb
  41 136    0.271000    0.095000                                           136Nb
  41 137    0.280000    0.090000                                           137Nb
  41 138    0.290000    0.067000                                           138Nb
  41 139    0.310000    0.038000                                           139Nb
  41 140    0.321000    0.024000                                           140Nb
