  45  83   -0.229000   -0.093000                                            83Rh
  45  84    0.053000    0.001000                                            84Rh
  45  85    0.053000    0.001000                                            85Rh
  45  86    0.053000    0.009000                                            86Rh
  45  87    0.053000    0.009000                                            87Rh
  45  88    0.053000    0.009000                                            88Rh
  45  89    0.053000    0.009000                                            89Rh
  45  90    0.053000    0.009000                                            90Rh
  45  91    0.053000    0.009000                                            91Rh
  45  92    0.053000    0.009000                                            92Rh
  45  93    0.053000    0.001000                                            93Rh
  45  94    0.053000   -0.007000                                            94Rh
  45  95    0.035000    0.009000                                            95Rh
  45  96    0.053000    0.017000                                            96Rh
  45  97    0.053000    0.009000                                            97Rh
  45  98    0.089000    0.036000                                            98Rh
  45  99    0.107000    0.037000                                            99Rh
  45 100    0.142000    0.032000                                           100Rh
  45 101    0.152000    0.025000                                           101Rh
  45 102    0.170000    0.012000                                           102Rh
  45 103    0.180000    0.005000                                           103Rh
  45 104    0.208000    0.017000                                           104Rh
  45 105    0.198000   -0.001000                                           105Rh
  45 106    0.244000    0.031000                                           106Rh
  45 107    0.226000    0.010000                                           107Rh
  45 108    0.254000    0.015000                                           108Rh
  45 109   -0.241000   -0.032000                                           109Rh
  45 110   -0.250000   -0.044000                                           110Rh
  45 111   -0.250000   -0.052000                                           111Rh
  45 112   -0.258000   -0.057000                                           112Rh
  45 113   -0.258000   -0.064000                                           113Rh
  45 114   -0.258000   -0.072000                                           114Rh
  45 115   -0.258000   -0.072000                                           115Rh
  45 116   -0.258000   -0.072000                                           116Rh
  45 117   -0.240000   -0.076000                                           117Rh
  45 118   -0.223000   -0.079000                                           118Rh
  45 119   -0.205000   -0.083000                                           119Rh
  45 120   -0.187000   -0.092000                                           120Rh
  45 121   -0.178000   -0.093000                                           121Rh
  45 122   -0.161000   -0.096000                                           122Rh
  45 123   -0.154000   -0.082000                                           123Rh
  45 124   -0.145000   -0.083000                                           124Rh
  45 126    0.018000   -0.008000                                           126Rh
  45 128   -0.008000   -0.008000                                           128Rh
  45 130    0.018000    0.016000                                           130Rh
  45 131    0.089000    0.051000                                           131Rh
  45 132    0.125000    0.071000                                           132Rh
  45 133    0.142000    0.066000                                           133Rh
  45 134    0.161000    0.084000                                           134Rh
  45 135    0.180000    0.095000                                           135Rh
  45 136    0.208000    0.117000                                           136Rh
  45 137    0.217000    0.118000                                           137Rh
  45 138    0.225000    0.111000                                           138Rh
  45 139    0.234000    0.096000                                           139Rh
  45 140    0.243000    0.089000                                           140Rh
  45 141    0.251000    0.092000                                           141Rh
  45 142    0.262000    0.078000                                           142Rh
  45 143    0.262000    0.069000                                           143Rh
  45 144    0.271000    0.055000                                           144Rh
  45 145    0.292000    0.035000                                           145Rh
  45 146    0.293000    0.020000                                           146Rh
  45 147    0.303000    0.006000                                           147Rh
  45 148    0.295000   -0.004000                                           148Rh
  45 149    0.276000   -0.018000                                           149Rh
  45 150    0.276000   -0.036000                                           150Rh
  45 151    0.267000   -0.047000                                           151Rh
  45 152    0.269000   -0.063000                                           152Rh
  45 153    0.270000   -0.080000                                           153Rh
