  49  92    0.053000   -0.007000                                            92In
  49  93    0.053000   -0.007000                                            93In
  49  94    0.053000   -0.007000                                            94In
  49  95    0.053000   -0.007000                                            95In
  49  96    0.053000   -0.007000                                            96In
  49  97    0.053000   -0.007000                                            97In
  49  98    0.053000   -0.015000                                            98In
  49  99    0.035000   -0.015000                                            99In
  49 100    0.053000    0.001000                                           100In
  49 101    0.053000   -0.007000                                           101In
  49 102    0.054000   -0.014000                                           102In
  49 103    0.053000   -0.007000                                           103In
  49 104    0.071000    0.002000                                           104In
  49 105    0.072000   -0.006000                                           105In
  49 106    0.089000   -0.005000                                           106In
  49 107    0.089000   -0.006000                                           107In
  49 108    0.107000   -0.011000                                           108In
  49 109    0.099000   -0.012000                                           109In
  49 110    0.099000   -0.012000                                           110In
  49 111    0.099000   -0.021000                                           111In
  49 112    0.099000   -0.029000                                           112In
  49 113    0.089000   -0.021000                                           113In
  49 114    0.089000   -0.021000                                           114In
  49 115    0.080000   -0.022000                                           115In
  49 116    0.099000   -0.021000                                           116In
  49 117    0.080000   -0.022000                                           117In
  49 118    0.089000   -0.021000                                           118In
  49 119    0.080000   -0.022000                                           119In
  49 120    0.089000   -0.021000                                           120In
  49 121    0.080000   -0.022000                                           121In
  49 122    0.089000   -0.021000                                           122In
  49 123    0.072000   -0.014000                                           123In
  49 124    0.080000   -0.022000                                           124In
  49 125    0.053000   -0.015000                                           125In
  49 126    0.053000   -0.015000                                           126In
  49 127    0.027000   -0.008000                                           127In
  49 128    0.027000   -0.008000                                           128In
  49 129    0.008000   -0.008000                                           129In
  49 130    0.027000   -0.015000                                           130In
  49 131    0.008000    0.008000                                           131In
  49 132    0.018000    0.016000                                           132In
  49 133    0.008000   -0.008000                                           133In
  49 134    0.026000    0.009000                                           134In
  49 135    0.027000   -0.008000                                           135In
  49 136    0.035000   -0.015000                                           136In
  49 137    0.045000   -0.008000                                           137In
  49 138    0.107000    0.044000                                           138In
  49 139    0.107000    0.044000                                           139In
  49 140    0.134000    0.047000                                           140In
  49 141    0.208000    0.117000                                           141In
  49 142    0.216000    0.109000                                           142In
  49 143    0.224000    0.094000                                           143In
  49 144    0.243000    0.090000                                           144In
  49 145    0.243000    0.082000                                           145In
  49 146    0.252000    0.076000                                           146In
  49 147    0.262000    0.069000                                           147In
  49 148    0.262000    0.053000                                           148In
  49 149    0.263000    0.045000                                           149In
  49 150    0.263000    0.038000                                           150In
  49 151    0.273000    0.014000                                           151In
  49 152    0.274000    0.005000                                           152In
  49 153    0.274000   -0.004000                                           153In
  49 154    0.265000   -0.014000                                           154In
  49 155    0.247000   -0.027000                                           155In
  49 156    0.247000   -0.043000                                           156In
  49 157    0.248000   -0.052000                                           157In
  49 158    0.248000   -0.069000                                           158In
  49 159    0.211000   -0.067000                                           159In
  49 160    0.192000   -0.069000                                           160In
  49 161    0.173000   -0.071000                                           161In
  49 162    0.164000   -0.072000                                           162In
  49 163    0.164000   -0.080000                                           163In
  49 164    0.164000   -0.089000                                           164In
  49 165    0.155000   -0.090000                                           165In
  49 166    0.127000   -0.076000                                           166In
