  50  94    0.009000   -0.032000                                            94Sn
  50  95    0.018000   -0.023000                                            95Sn
  50  96    0.018000   -0.023000                                            96Sn
  50  97    0.018000    0.024000                                            97Sn
  50  98    0.009000   -0.024000                                            98Sn
  50  99    0.035000   -0.015000                                            99Sn
  50 100    0.009000   -0.015000                                           100Sn
  50 101    0.027000    0.024000                                           101Sn
  50 102    0.009000   -0.015000                                           102Sn
  50 103    0.018000   -0.015000                                           103Sn
  50 104    0.018000    0.016000                                           104Sn
  50 105    0.026000    0.009000                                           105Sn
  50 106    0.027000    0.016000                                           106Sn
  50 107    0.045000    0.001000                                           107Sn
  50 108    0.035000    0.009000                                           108Sn
  50 109    0.053000    0.001000                                           109Sn
  50 110    0.027000   -0.008000                                           110Sn
  50 111    0.045000   -0.008000                                           111Sn
  50 112    0.018000   -0.015000                                           112Sn
  50 113    0.045000   -0.008000                                           113Sn
  50 114               -0.015000                                           114Sn
  50 115    0.018000   -0.008000                                           115Sn
  50 116               -0.008000                                           116Sn
  50 117   -0.044000    0.001000                                           117Sn
  50 121   -0.008000   -0.008000                                           121Sn
  50 129                0.008000                                           129Sn
  50 131    0.008000   -0.008000                                           131Sn
  50 133               -0.008000                                           133Sn
  50 135                0.008000                                           135Sn
  50 136               -0.008000                                           136Sn
  50 137                0.008000                                           137Sn
  50 138                0.008000                                           138Sn
  50 139                0.015000                                           139Sn
  50 140                0.015000                                           140Sn
  50 141    0.098000    0.044000                                           141Sn
  50 142    0.107000    0.044000                                           142Sn
  50 143    0.216000    0.109000                                           143Sn
  50 144    0.216000    0.102000                                           144Sn
  50 145    0.234000    0.088000                                           145Sn
  50 146    0.243000    0.082000                                           146Sn
  50 147    0.252000    0.075000                                           147Sn
  50 148    0.262000    0.061000                                           148Sn
  50 149    0.262000    0.053000                                           149Sn
  50 150    0.263000    0.044000                                           150Sn
  50 151    0.273000    0.031000                                           151Sn
  50 152    0.273000    0.021000                                           152Sn
  50 153    0.273000    0.015000                                           153Sn
  50 154    0.274000   -0.004000                                           154Sn
  50 155    0.274000   -0.012000                                           155Sn
  50 156    0.266000   -0.024000                                           156Sn
  50 157    0.256000   -0.034000                                           157Sn
  50 158    0.267000   -0.049000                                           158Sn
  50 159    0.257000   -0.060000                                           159Sn
  50 160    0.248000   -0.069000                                           160Sn
  50 161    0.172000   -0.054000                                           161Sn
  50 162    0.163000   -0.055000                                           162Sn
  50 163    0.164000   -0.064000                                           163Sn
  50 164    0.145000   -0.066000                                           164Sn
  50 165    0.145000   -0.074000                                           165Sn
  50 166    0.108000   -0.052000                                           166Sn
  50 167    0.108000   -0.060000                                           167Sn
  50 168    0.108000   -0.060000                                           168Sn
  50 169    0.089000   -0.054000                                           169Sn
