  51  97    0.053000    0.017000                                            97Sb
  51  98    0.053000    0.025000                                            98Sb
  51  99    0.053000    0.017000                                            99Sb
  51 100    0.053000    0.009000                                           100Sb
  51 101    0.035000    0.024000                                           101Sb
  51 102    0.054000    0.034000                                           102Sb
  51 103    0.054000    0.034000                                           103Sb
  51 104    0.081000    0.051000                                           104Sb
  51 105    0.081000    0.051000                                           105Sb
  51 106    0.099000    0.052000                                           106Sb
  51 107    0.098000    0.052000                                           107Sb
  51 108    0.107000    0.044000                                           108Sb
  51 109    0.107000    0.044000                                           109Sb
  51 110    0.107000    0.028000                                           110Sb
  51 111    0.107000    0.028000                                           111Sb
  51 112    0.107000    0.028000                                           112Sb
  51 113    0.107000    0.020000                                           113Sb
  51 114   -0.112000    0.020000                                           114Sb
  51 115   -0.112000    0.020000                                           115Sb
  51 116   -0.122000    0.021000                                           116Sb
  51 117   -0.122000    0.014000                                           117Sb
  51 118   -0.138000    0.016000                                           118Sb
  51 119   -0.122000    0.006000                                           119Sb
  51 120   -0.122000    0.006000                                           120Sb
  51 121   -0.113000   -0.003000                                           121Sb
  51 122   -0.113000   -0.003000                                           122Sb
  51 123   -0.105000   -0.011000                                           123Sb
  51 124   -0.105000   -0.011000                                           124Sb
  51 125   -0.087000   -0.012000                                           125Sb
  51 126   -0.096000   -0.020000                                           126Sb
  51 127   -0.070000   -0.006000                                           127Sb
  51 128   -0.070000   -0.006000                                           128Sb
  51 129   -0.035000                                                       129Sb
  51 130   -0.044000   -0.008000                                           130Sb
  51 131   -0.008000   -0.008000                                           131Sb
  51 132   -0.026000   -0.008000                                           132Sb
  51 133   -0.008000   -0.008000                                           133Sb
  51 134   -0.026000    0.016000                                           134Sb
  51 135   -0.008000   -0.015000                                           135Sb
  51 136    0.036000    0.033000                                           136Sb
  51 137    0.054000    0.041000                                           137Sb
  51 138    0.100000    0.068000                                           138Sb
  51 139    0.099000    0.068000                                           139Sb
  51 140    0.116000    0.079000                                           140Sb
  51 141    0.126000    0.080000                                           141Sb
  51 142    0.181000    0.103000                                           142Sb
  51 143    0.189000    0.105000                                           143Sb
  51 144    0.207000    0.108000                                           144Sb
  51 145    0.207000    0.100000                                           145Sb
  51 146    0.215000    0.093000                                           146Sb
  51 147    0.215000    0.084000                                           147Sb
  51 148    0.234000    0.080000                                           148Sb
  51 149    0.234000    0.072000                                           149Sb
  51 150    0.243000    0.065000                                           150Sb
  51 151    0.243000    0.049000                                           151Sb
  51 152    0.253000    0.042000                                           152Sb
  51 153    0.253000    0.026000                                           153Sb
  51 154    0.274000    0.007000                                           154Sb
  51 155    0.274000   -0.003000                                           155Sb
  51 156    0.266000   -0.013000                                           156Sb
  51 157    0.256000   -0.025000                                           157Sb
  51 158    0.256000   -0.034000                                           158Sb
  51 159    0.267000   -0.048000                                           159Sb
  51 160    0.257000   -0.059000                                           160Sb
  51 161    0.257000   -0.068000                                           161Sb
  51 162    0.182000   -0.037000                                           162Sb
  51 163    0.163000   -0.040000                                           163Sb
  51 164    0.163000   -0.048000                                           164Sb
  51 165    0.163000   -0.064000                                           165Sb
  51 166    0.155000   -0.074000                                           166Sb
  51 167    0.127000   -0.058000                                           167Sb
  51 168    0.117000   -0.059000                                           168Sb
  51 169    0.108000   -0.060000                                           169Sb
  51 170   -0.131000   -0.016000                                           170Sb
  51 171   -0.122000   -0.009000                                           171Sb
  51 172   -0.105000   -0.004000                                           172Sb
