  52  99    0.053000    0.017000                                            99Te
  52 100    0.035000    0.009000                                           100Te
  52 101    0.053000    0.001000                                           101Te
  52 102    0.026000    0.009000                                           102Te
  52 103    0.053000    0.025000                                           103Te
  52 104    0.045000    0.016000                                           104Te
  52 105    0.053000    0.017000                                           105Te
  52 106    0.099000    0.052000                                           106Te
  52 107    0.134000    0.064000                                           107Te
  52 108    0.134000    0.056000                                           108Te
  52 109    0.142000    0.048000                                           109Te
  52 110    0.152000    0.049000                                           110Te
  52 111    0.161000    0.043000                                           111Te
  52 112    0.161000    0.043000                                           112Te
  52 113    0.170000    0.044000                                           113Te
  52 114    0.161000    0.034000                                           114Te
  52 115    0.197000    0.039000                                           115Te
  52 116    0.180000    0.027000                                           116Te
  52 117   -0.147000    0.023000                                           117Te
  52 118   -0.147000    0.017000                                           118Te
  52 119   -0.155000    0.018000                                           119Te
  52 120   -0.156000    0.010000                                           120Te
  52 121   -0.156000    0.001000                                           121Te
  52 122   -0.139000   -0.001000                                           122Te
  52 123   -0.139000   -0.008000                                           123Te
  52 124   -0.113000   -0.010000                                           124Te
  52 125   -0.113000   -0.018000                                           125Te
  52 126   -0.105000   -0.019000                                           126Te
  52 127   -0.104000   -0.027000                                           127Te
  52 129   -0.008000                                                       129Te
  52 131                0.008000                                           131Te
  52 133    0.008000   -0.008000                                           133Te
  52 135   -0.008000   -0.008000                                           135Te
  52 137    0.008000    0.008000                                           137Te
  52 139    0.117000    0.088000                                           139Te
  52 140    0.126000    0.089000                                           140Te
  52 141    0.153000    0.099000                                           141Te
  52 142    0.162000    0.101000                                           142Te
  52 143    0.181000    0.112000                                           143Te
  52 144    0.189000    0.114000                                           144Te
  52 145    0.207000    0.117000                                           145Te
  52 146    0.207000    0.108000                                           146Te
  52 147    0.215000    0.102000                                           147Te
  52 148    0.215000    0.093000                                           148Te
  52 149    0.224000    0.086000                                           149Te
  52 150    0.224000    0.079000                                           150Te
  52 151    0.234000    0.072000                                           151Te
  52 152    0.234000    0.056000                                           152Te
  52 153    0.244000    0.041000                                           153Te
  52 154    0.244000    0.033000                                           154Te
  52 155    0.265000    0.014000                                           155Te
  52 156    0.275000   -0.002000                                           156Te
  52 157    0.266000   -0.013000                                           157Te
  52 158    0.256000   -0.024000                                           158Te
  52 159    0.256000   -0.033000                                           159Te
  52 160    0.267000   -0.048000                                           160Te
  52 161    0.257000   -0.059000                                           161Te
  52 162    0.258000   -0.067000                                           162Te
  52 163    0.249000   -0.078000                                           163Te
  52 164    0.191000   -0.045000                                           164Te
  52 165    0.182000   -0.053000                                           165Te
  52 166    0.163000   -0.056000                                           166Te
  52 167    0.164000   -0.080000                                           167Te
  52 168    0.145000   -0.065000                                           168Te
  52 169    0.127000   -0.058000                                           169Te
  52 170    0.117000   -0.060000                                           170Te
  52 171   -0.148000   -0.014000                                           171Te
  52 172   -0.139000   -0.006000                                           172Te
  52 173   -0.105000   -0.004000                                           173Te
  52 174   -0.087000   -0.005000                                           174Te
  52 175   -0.070000   -0.013000                                           175Te
  52 176   -0.052000   -0.030000                                           176Te
