  54 103    0.062000    0.001000                                           103Xe
  54 104    0.045000    0.009000                                           104Xe
  54 105    0.089000    0.051000                                           105Xe
  54 106    0.116000    0.062000                                           106Xe
  54 107    0.142000    0.065000                                           107Xe
  54 108    0.152000    0.067000                                           108Xe
  54 109    0.160000    0.060000                                           109Xe
  54 110    0.169000    0.052000                                           110Xe
  54 111    0.188000    0.055000                                           111Xe
  54 112    0.188000    0.048000                                           112Xe
  54 113    0.215000    0.052000                                           113Xe
  54 114    0.216000    0.052000                                           114Xe
  54 115    0.243000    0.064000                                           115Xe
  54 116    0.235000    0.046000                                           116Xe
  54 117    0.253000    0.041000                                           117Xe
  54 118    0.244000    0.031000                                           118Xe
  54 119    0.254000    0.015000                                           119Xe
  54 120    0.245000    0.006000                                           120Xe
  54 121    0.265000   -0.008000                                           121Xe
  54 122    0.236000   -0.004000                                           122Xe
  54 123    0.255000   -0.026000                                           123Xe
  54 124    0.208000                                                       124Xe
  54 125    0.209000   -0.009000                                           125Xe
  54 126    0.170000    0.002000                                           126Xe
  54 127    0.161000    0.010000                                           127Xe
  54 128    0.143000    0.008000                                           128Xe
  54 129    0.143000   -0.001000                                           129Xe
  54 130   -0.113000   -0.019000                                           130Xe
  54 131   -0.113000   -0.027000                                           131Xe
  54 133   -0.018000   -0.008000                                           133Xe
  54 135    0.027000   -0.008000                                           135Xe
  54 137   -0.018000    0.008000                                           137Xe
  54 139    0.100000    0.068000                                           139Xe
  54 140    0.116000    0.070000                                           140Xe
  54 141    0.135000    0.073000                                           141Xe
  54 142    0.145000    0.075000                                           142Xe
  54 143    0.164000    0.095000                                           143Xe
  54 144    0.181000    0.097000                                           144Xe
  54 145    0.207000    0.117000                                           145Xe
  54 146    0.218000    0.135000                                           146Xe
  54 147    0.226000    0.129000                                           147Xe
  54 148    0.224000    0.111000                                           148Xe
  54 149    0.234000    0.105000                                           149Xe
  54 150    0.242000    0.099000                                           150Xe
  54 151    0.242000    0.090000                                           151Xe
  54 152    0.251000    0.076000                                           152Xe
  54 153    0.252000    0.068000                                           153Xe
  54 154    0.252000    0.052000                                           154Xe
  54 155    0.263000    0.039000                                           155Xe
  54 156    0.264000    0.022000                                           156Xe
  54 157    0.275000    0.008000                                           157Xe
  54 158    0.275000   -0.001000                                           158Xe
  54 159    0.266000   -0.012000                                           159Xe
  54 160    0.256000   -0.024000                                           160Xe
  54 161    0.257000   -0.032000                                           161Xe
  54 162    0.257000   -0.048000                                           162Xe
  54 163    0.258000   -0.058000                                           163Xe
  54 164    0.249000   -0.067000                                           164Xe
  54 165    0.249000   -0.077000                                           165Xe
  54 166    0.210000   -0.049000                                           166Xe
  54 167    0.200000   -0.059000                                           167Xe
  54 168    0.182000   -0.053000                                           168Xe
  54 169    0.183000   -0.071000                                           169Xe
  54 170    0.164000   -0.064000                                           170Xe
  54 171    0.155000   -0.056000                                           171Xe
  54 172    0.136000   -0.058000                                           172Xe
  54 173   -0.156000   -0.021000                                           173Xe
  54 174   -0.156000   -0.013000                                           174Xe
  54 175   -0.122000   -0.009000                                           175Xe
  54 176   -0.096000   -0.020000                                           176Xe
  54 177   -0.079000   -0.029000                                           177Xe
  54 178   -0.061000   -0.037000                                           178Xe
  54 179   -0.026000   -0.008000                                           179Xe
  54 180    0.018000                                                       180Xe
  54 181    0.035000    0.016000                                           181Xe
  54 182    0.054000    0.034000                                           182Xe
