  57 110    0.198000    0.074000                                           110La
  57 111    0.208000    0.067000                                           111La
  57 112    0.215000    0.061000                                           112La
  57 113    0.236000    0.072000                                           113La
  57 114    0.253000    0.092000                                           114La
  57 115    0.271000    0.095000                                           115La
  57 116    0.280000    0.097000                                           116La
  57 117    0.290000    0.100000                                           117La
  57 118    0.298000    0.095000                                           118La
  57 119    0.299000    0.076000                                           119La
  57 120    0.309000    0.062000                                           120La
  57 121    0.300000    0.051000                                           121La
  57 122    0.301000    0.036000                                           122La
  57 123    0.292000    0.017000                                           123La
  57 124    0.293000   -0.001000                                           124La
  57 125    0.283000   -0.004000                                           125La
  57 126    0.284000   -0.020000                                           126La
  57 127    0.275000   -0.022000                                           127La
  57 128    0.266000   -0.023000                                           128La
  57 129    0.226000   -0.005000                                           129La
  57 130    0.218000   -0.007000                                           130La
  57 131    0.190000   -0.011000                                           131La
  57 132    0.171000   -0.022000                                           132La
  57 133    0.162000   -0.023000                                           133La
  57 134    0.144000   -0.025000                                           134La
  57 135    0.107000   -0.011000                                           135La
  57 136   -0.122000   -0.041000                                           136La
  57 138    0.045000   -0.008000                                           138La
  57 140   -0.035000    0.009000                                           140La
  57 142    0.134000    0.072000                                           142La
  57 143    0.154000    0.068000                                           143La
  57 144    0.164000    0.077000                                           144La
  57 145    0.173000    0.079000                                           145La
  57 146    0.199000    0.091000                                           146La
  57 147    0.217000    0.110000                                           147La
  57 148    0.225000    0.120000                                           148La
  57 149    0.244000    0.133000                                           149La
  57 150    0.244000    0.124000                                           150La
  57 151    0.252000    0.117000                                           151La
  57 152    0.261000    0.111000                                           152La
  57 153    0.261000    0.103000                                           153La
  57 154    0.270000    0.096000                                           154La
  57 155    0.270000    0.080000                                           155La
  57 156    0.271000    0.072000                                           156La
  57 157    0.271000    0.065000                                           157La
  57 158    0.272000    0.049000                                           158La
  57 159    0.283000    0.027000                                           159La
  57 160    0.274000    0.017000                                           160La
  57 161    0.274000    0.007000                                           161La
  57 162    0.275000   -0.010000                                           162La
  57 163    0.275000   -0.019000                                           163La
  57 164    0.267000   -0.030000                                           164La
  57 165    0.267000   -0.037000                                           165La
  57 166    0.268000   -0.055000                                           166La
  57 167    0.258000   -0.065000                                           167La
  57 168    0.249000   -0.076000                                           168La
  57 169    0.240000   -0.079000                                           169La
  57 170    0.221000   -0.081000                                           170La
  57 171    0.212000   -0.082000                                           171La
  57 172    0.201000   -0.084000                                           172La
  57 173    0.183000   -0.087000                                           173La
  57 174    0.164000   -0.073000                                           174La
  57 175    0.145000   -0.066000                                           175La
  57 176    0.127000   -0.059000                                           176La
  57 177   -0.164000   -0.013000                                           177La
  57 178   -0.131000   -0.016000                                           178La
  57 179   -0.096000   -0.020000                                           179La
  57 180   -0.070000   -0.030000                                           180La
  57 181   -0.061000   -0.037000                                           181La
  57 182   -0.026000   -0.008000                                           182La
  57 183    0.018000                                                       183La
  57 184    0.027000    0.009000                                           184La
  57 185    0.035000    0.016000                                           185La
  57 186    0.054000    0.041000                                           186La
  57 187    0.063000    0.043000                                           187La
  57 188    0.101000    0.070000                                           188La
  57 189    0.109000    0.088000                                           189La
  57 190    0.146000    0.109000                                           190La
  57 191    0.165000    0.121000                                           191La
  57 192    0.174000    0.128000                                           192La
