  58 113    0.234000    0.073000                                           113Ce
  58 114    0.262000    0.086000                                           114Ce
  58 115    0.271000    0.095000                                           115Ce
  58 116    0.279000    0.090000                                           116Ce
  58 117    0.298000    0.094000                                           117Ce
  58 118    0.307000    0.097000                                           118Ce
  58 119    0.307000    0.089000                                           119Ce
  58 120    0.308000    0.079000                                           120Ce
  58 121    0.319000    0.066000                                           121Ce
  58 122    0.309000    0.054000                                           122Ce
  58 123    0.310000    0.037000                                           123Ce
  58 124    0.301000    0.026000                                           124Ce
  58 125    0.302000    0.009000                                           125Ce
  58 126    0.293000   -0.002000                                           126Ce
  58 127    0.294000   -0.019000                                           127Ce
  58 128    0.275000   -0.022000                                           128Ce
  58 129    0.275000   -0.031000                                           129Ce
  58 130    0.246000   -0.018000                                           130Ce
  58 131    0.218000   -0.023000                                           131Ce
  58 132    0.199000   -0.018000                                           132Ce
  58 133    0.181000   -0.021000                                           133Ce
  58 134    0.162000   -0.023000                                           134Ce
  58 135    0.144000   -0.025000                                           135Ce
  58 136    0.107000   -0.011000                                           136Ce
  58 137   -0.122000   -0.041000                                           137Ce
  58 139    0.045000   -0.008000                                           139Ce
  58 141   -0.035000    0.009000                                           141Ce
  58 143    0.134000    0.064000                                           143Ce
  58 144    0.144000    0.066000                                           144Ce
  58 145    0.163000    0.069000                                           145Ce
  58 146    0.182000    0.080000                                           146Ce
  58 147    0.208000    0.092000                                           147Ce
  58 148    0.216000    0.109000                                           148Ce
  58 149    0.235000    0.122000                                           149Ce
  58 150    0.252000    0.126000                                           150Ce
  58 151    0.252000    0.126000                                           151Ce
  58 152    0.261000    0.111000                                           152Ce
  58 153    0.270000    0.105000                                           153Ce
  58 154    0.270000    0.096000                                           154Ce
  58 155    0.270000    0.089000                                           155Ce
  58 156    0.270000    0.080000                                           156Ce
  58 157    0.271000    0.072000                                           157Ce
  58 158    0.271000    0.065000                                           158Ce
  58 159    0.281000    0.050000                                           159Ce
  58 160    0.282000    0.034000                                           160Ce
  58 161    0.283000    0.019000                                           161Ce
  58 162    0.274000    0.007000                                           162Ce
  58 163    0.275000   -0.003000                                           163Ce
  58 164    0.275000   -0.019000                                           164Ce
  58 165    0.276000   -0.028000                                           165Ce
  58 166    0.276000   -0.036000                                           166Ce
  58 167    0.268000   -0.056000                                           167Ce
  58 168    0.258000   -0.066000                                           168Ce
  58 169    0.258000   -0.076000                                           169Ce
  58 170    0.249000   -0.087000                                           170Ce
  58 171    0.230000   -0.089000                                           171Ce
  58 172    0.211000   -0.083000                                           172Ce
  58 173    0.202000   -0.093000                                           173Ce
  58 174    0.183000   -0.087000                                           174Ce
  58 175    0.164000   -0.081000                                           175Ce
  58 176    0.155000   -0.074000                                           176Ce
  58 177    0.135000   -0.058000                                           177Ce
  58 178   -0.164000   -0.013000                                           178Ce
  58 179   -0.130000   -0.008000                                           179Ce
  58 180   -0.096000   -0.020000                                           180Ce
  58 181   -0.079000   -0.029000                                           181Ce
  58 182   -0.052000   -0.030000                                           182Ce
  58 183   -0.018000                                                       183Ce
  58 184    0.008000                                                       184Ce
  58 185   -0.026000    0.008000                                           185Ce
  58 186   -0.018000                                                       186Ce
  58 187    0.054000    0.041000                                           187Ce
  58 188    0.055000    0.043000                                           188Ce
  58 189    0.101000    0.071000                                           189Ce
  58 190    0.109000    0.088000                                           190Ce
  58 191    0.146000    0.109000                                           191Ce
  58 192    0.164000    0.119000                                           192Ce
  58 193    0.174000    0.128000                                           193Ce
  58 194    0.192000    0.140000                                           194Ce
  58 195    0.200000    0.132000                                           195Ce
