  59 115    0.270000    0.088000                                           115Pr
  59 116    0.279000    0.097000                                           116Pr
  59 117    0.289000    0.100000                                           117Pr
  59 118    0.298000    0.095000                                           118Pr
  59 119    0.307000    0.097000                                           119Pr
  59 120    0.317000    0.092000                                           120Pr
  59 121    0.318000    0.075000                                           121Pr
  59 122    0.319000    0.066000                                           122Pr
  59 123    0.319000    0.049000                                           123Pr
  59 124    0.320000    0.040000                                           124Pr
  59 125    0.310000    0.037000                                           125Pr
  59 126    0.310000    0.020000                                           126Pr
  59 127    0.311000    0.011000                                           127Pr
  59 128    0.303000   -0.008000                                           128Pr
  59 129    0.293000   -0.002000                                           129Pr
  59 130    0.283000   -0.012000                                           130Pr
  59 131    0.274000   -0.006000                                           131Pr
  59 132    0.237000   -0.012000                                           132Pr
  59 133    0.218000   -0.015000                                           133Pr
  59 134    0.190000   -0.027000                                           134Pr
  59 135    0.162000   -0.023000                                           135Pr
  59 136    0.154000   -0.032000                                           136Pr
  59 137    0.116000   -0.019000                                           137Pr
  59 138   -0.130000   -0.032000                                           138Pr
  59 140    0.053000   -0.007000                                           140Pr
  59 142   -0.035000    0.009000                                           142Pr
  59 144    0.143000    0.066000                                           144Pr
  59 145    0.162000    0.068000                                           145Pr
  59 146    0.181000    0.079000                                           146Pr
  59 147    0.209000    0.092000                                           147Pr
  59 148    0.215000    0.102000                                           148Pr
  59 149    0.224000    0.111000                                           149Pr
  59 150    0.243000    0.124000                                           150Pr
  59 151    0.262000    0.128000                                           151Pr
  59 152    0.262000    0.119000                                           152Pr
  59 153    0.270000    0.114000                                           153Pr
  59 154    0.270000    0.105000                                           154Pr
  59 155    0.270000    0.096000                                           155Pr
  59 156    0.270000    0.089000                                           156Pr
  59 157    0.270000    0.080000                                           157Pr
  59 158    0.271000    0.072000                                           158Pr
  59 159    0.280000    0.067000                                           159Pr
  59 160    0.281000    0.050000                                           160Pr
  59 161    0.281000    0.042000                                           161Pr
  59 162    0.282000    0.034000                                           162Pr
  59 163    0.283000    0.017000                                           163Pr
  59 164    0.274000    0.006000                                           164Pr
  59 165    0.274000   -0.004000                                           165Pr
  59 166    0.275000   -0.020000                                           166Pr
  59 167    0.276000   -0.029000                                           167Pr
  59 168    0.277000   -0.045000                                           168Pr
  59 169    0.268000   -0.057000                                           169Pr
  59 170    0.258000   -0.076000                                           170Pr
  59 171    0.249000   -0.087000                                           171Pr
  59 172    0.240000   -0.096000                                           172Pr
  59 173    0.212000   -0.092000                                           173Pr
  59 174    0.202000   -0.101000                                           174Pr
  59 175    0.183000   -0.096000                                           175Pr
  59 176    0.164000   -0.089000                                           176Pr
  59 177    0.155000   -0.081000                                           177Pr
  59 178    0.136000   -0.067000                                           178Pr
  59 179   -0.173000   -0.003000                                           179Pr
  59 180   -0.139000   -0.008000                                           180Pr
  59 181   -0.105000   -0.019000                                           181Pr
  59 182   -0.079000   -0.029000                                           182Pr
  59 183   -0.061000   -0.030000                                           183Pr
  59 184   -0.026000   -0.008000                                           184Pr
  59 185    0.008000                                                       185Pr
  59 186   -0.026000    0.008000                                           186Pr
  59 187   -0.026000    0.008000                                           187Pr
  59 188    0.054000    0.042000                                           188Pr
  59 189    0.056000    0.043000                                           189Pr
  59 190    0.101000    0.071000                                           190Pr
  59 191    0.118000    0.090000                                           191Pr
  59 192    0.165000    0.112000                                           192Pr
  59 193    0.173000    0.120000                                           193Pr
  59 194    0.183000    0.129000                                           194Pr
  59 195    0.200000    0.132000                                           195Pr
  59 196    0.209000    0.134000                                           196Pr
  59 197    0.208000    0.126000                                           197Pr
  59 198    0.216000    0.128000                                           198Pr
