  60 118    0.307000    0.097000                                           118Nd
  60 119    0.318000    0.091000                                           119Nd
  60 120    0.327000    0.094000                                           120Nd
  60 121    0.327000    0.086000                                           121Nd
  60 122    0.327000    0.078000                                           122Nd
  60 123    0.328000    0.069000                                           123Nd
  60 124    0.328000    0.059000                                           124Nd
  60 125    0.329000    0.043000                                           125Nd
  60 126    0.329000    0.042000                                           126Nd
  60 127    0.321000    0.023000                                           127Nd
  60 128    0.321000    0.014000                                           128Nd
  60 129    0.322000   -0.003000                                           129Nd
  60 130    0.311000    0.002000                                           130Nd
  60 131    0.303000   -0.008000                                           131Nd
  60 132    0.293000   -0.002000                                           132Nd
  60 133    0.237000   -0.020000                                           133Nd
  60 134    0.218000   -0.023000                                           134Nd
  60 135    0.199000   -0.027000                                           135Nd
  60 136    0.171000   -0.030000                                           136Nd
  60 137    0.154000   -0.032000                                           137Nd
  60 138   -0.138000   -0.031000                                           138Nd
  60 139   -0.130000   -0.040000                                           139Nd
  60 141    0.045000   -0.008000                                           141Nd
  60 143   -0.035000    0.009000                                           143Nd
  60 145    0.134000    0.064000                                           145Nd
  60 146    0.161000    0.068000                                           146Nd
  60 147    0.181000    0.071000                                           147Nd
  60 148    0.206000    0.083000                                           148Nd
  60 149    0.215000    0.093000                                           149Nd
  60 150    0.243000    0.107000                                           150Nd
  60 151    0.252000    0.117000                                           151Nd
  60 152    0.262000    0.128000                                           152Nd
  60 153    0.270000    0.121000                                           153Nd
  60 154    0.270000    0.114000                                           154Nd
  60 155    0.279000    0.107000                                           155Nd
  60 156    0.279000    0.098000                                           156Nd
  60 157    0.279000    0.091000                                           157Nd
  60 158    0.279000    0.082000                                           158Nd
  60 159    0.280000    0.074000                                           159Nd
  60 160    0.290000    0.069000                                           160Nd
  60 161    0.291000    0.052000                                           161Nd
  60 162    0.300000    0.048000                                           162Nd
  60 163    0.302000    0.030000                                           163Nd
  60 164    0.293000    0.019000                                           164Nd
  60 165    0.283000    0.008000                                           165Nd
  60 166    0.275000   -0.011000                                           166Nd
  60 167    0.275000   -0.020000                                           167Nd
  60 168    0.276000   -0.036000                                           168Nd
  60 169    0.277000   -0.054000                                           169Nd
  60 170    0.268000   -0.064000                                           170Nd
  60 171    0.258000   -0.076000                                           171Nd
  60 172    0.249000   -0.087000                                           172Nd
  60 173    0.240000   -0.096000                                           173Nd
  60 174    0.221000   -0.091000                                           174Nd
  60 175    0.212000   -0.100000                                           175Nd
  60 176    0.192000   -0.096000                                           176Nd
  60 177    0.173000   -0.089000                                           177Nd
  60 178    0.155000   -0.074000                                           178Nd
  60 179   -0.182000   -0.002000                                           179Nd
  60 180   -0.174000   -0.011000                                           180Nd
  60 181   -0.148000   -0.015000                                           181Nd
  60 182   -0.105000   -0.019000                                           182Nd
  60 183   -0.079000   -0.029000                                           183Nd
  60 184   -0.061000   -0.030000                                           184Nd
  60 185   -0.018000                                                       185Nd
  60 186    0.008000                                                       186Nd
  60 187   -0.026000    0.008000                                           187Nd
  60 188   -0.018000                                                       188Nd
  60 189    0.055000    0.042000                                           189Nd
  60 190    0.056000    0.043000                                           190Nd
  60 191    0.102000    0.071000                                           191Nd
  60 192    0.118000    0.089000                                           192Nd
  60 193    0.164000    0.111000                                           193Nd
  60 194    0.182000    0.121000                                           194Nd
  60 195    0.199000    0.132000                                           195Nd
  60 196    0.210000    0.134000                                           196Nd
  60 197    0.209000    0.134000                                           197Nd
  60 198    0.217000    0.127000                                           198Nd
  60 199    0.216000    0.128000                                           199Nd
  60 200    0.216000    0.128000                                           200Nd
  60 201    0.225000    0.120000                                           201Nd
