  65 130    0.332000    0.001000                                           130Tb
  65 131    0.332000   -0.009000                                           131Tb
  65 132    0.333000   -0.026000                                           132Tb
  65 133    0.333000   -0.026000                                           133Tb
  65 134    0.325000   -0.046000                                           134Tb
  65 135    0.325000   -0.046000                                           135Tb
  65 136    0.314000   -0.040000                                           136Tb
  65 137    0.314000   -0.040000                                           137Tb
  65 138    0.304000   -0.034000                                           138Tb
  65 139    0.294000   -0.028000                                           139Tb
  65 140    0.228000   -0.040000                                           140Tb
  65 141    0.219000   -0.042000                                           141Tb
  65 142   -0.182000   -0.026000                                           142Tb
  65 143   -0.164000   -0.028000                                           143Tb
  65 144   -0.156000   -0.045000                                           144Tb
  65 145   -0.148000   -0.030000                                           145Tb
  65 146   -0.070000   -0.006000                                           146Tb
  65 147   -0.008000                                                       147Tb
  65 148   -0.052000    0.009000                                           148Tb
  65 149   -0.044000    0.009000                                           149Tb
  65 150    0.143000    0.048000                                           150Tb
  65 151    0.161000    0.043000                                           151Tb
  65 152    0.188000    0.047000                                           152Tb
  65 153    0.216000    0.043000                                           153Tb
  65 154    0.216000    0.059000                                           154Tb
  65 155    0.243000    0.057000                                           155Tb
  65 156    0.252000    0.074000                                           156Tb
  65 157    0.271000    0.070000                                           157Tb
  65 158    0.271000    0.079000                                           158Tb
  65 159    0.271000    0.062000                                           159Tb
  65 160    0.271000    0.063000                                           160Tb
  65 161    0.281000    0.048000                                           161Tb
  65 162    0.281000    0.048000                                           162Tb
  65 163    0.292000    0.034000                                           163Tb
  65 164    0.292000    0.026000                                           164Tb
  65 165    0.293000    0.019000                                           165Tb
  65 166    0.303000    0.004000                                           166Tb
  65 167    0.304000   -0.003000                                           167Tb
  65 168    0.304000   -0.011000                                           168Tb
  65 169    0.295000   -0.015000                                           169Tb
  65 170    0.284000   -0.018000                                           170Tb
  65 171    0.285000   -0.027000                                           171Tb
  65 172    0.276000   -0.037000                                           172Tb
  65 173    0.277000   -0.054000                                           173Tb
  65 174    0.277000   -0.062000                                           174Tb
  65 175    0.277000   -0.063000                                           175Tb
  65 176    0.277000   -0.073000                                           176Tb
  65 177    0.277000   -0.083000                                           177Tb
  65 178    0.258000   -0.094000                                           178Tb
  65 179    0.249000   -0.096000                                           179Tb
  65 180    0.229000   -0.099000                                           180Tb
  65 181    0.220000   -0.093000                                           181Tb
  65 182    0.192000   -0.087000                                           182Tb
  65 183    0.163000   -0.073000                                           183Tb
  65 184   -0.199000   -0.016000                                           184Tb
  65 185   -0.190000   -0.017000                                           185Tb
  65 186   -0.156000   -0.014000                                           186Tb
  65 187   -0.130000   -0.017000                                           187Tb
  65 188   -0.105000   -0.027000                                           188Tb
  65 189   -0.078000   -0.036000                                           189Tb
  65 190   -0.035000   -0.008000                                           190Tb
  65 191    0.009000                                                       191Tb
  65 192   -0.035000    0.009000                                           192Tb
  65 193   -0.035000    0.009000                                           193Tb
  65 194    0.056000    0.043000                                           194Tb
  65 195    0.083000    0.054000                                           195Tb
  65 196    0.110000    0.071000                                           196Tb
  65 197    0.117000    0.080000                                           197Tb
  65 198    0.145000    0.092000                                           198Tb
  65 199    0.330000    0.015000                                           199Tb
  65 200    0.173000    0.111000                                           200Tb
  65 201    0.191000    0.114000                                           201Tb
  65 202    0.199000    0.106000                                           202Tb
  65 203    0.208000    0.100000                                           203Tb
  65 204    0.216000    0.092000                                           204Tb
  65 205    0.216000    0.093000                                           205Tb
  65 206    0.224000    0.086000                                           206Tb
  65 207    0.224000    0.078000                                           207Tb
  65 208    0.234000    0.072000                                           208Tb
  65 209    0.243000    0.074000                                           209Tb
  65 210    0.252000    0.068000                                           210Tb
  65 211    0.252000    0.061000                                           211Tb
  65 212    0.252000    0.052000                                           212Tb
  65 213    0.253000    0.044000                                           213Tb
  65 214    0.254000    0.027000                                           214Tb
  65 215    0.254000    0.019000                                           215Tb
  65 216    0.265000    0.014000                                           216Tb
  65 217    0.265000    0.006000                                           217Tb
  65 218    0.266000   -0.003000                                           218Tb
