  66 133    0.324000   -0.037000                                           133Dy
  66 134    0.325000   -0.046000                                           134Dy
  66 135    0.326000   -0.063000                                           135Dy
  66 136    0.326000   -0.063000                                           136Dy
  66 137    0.305000   -0.059000                                           137Dy
  66 138    0.305000   -0.059000                                           138Dy
  66 139    0.286000   -0.063000                                           139Dy
  66 140    0.267000   -0.050000                                           140Dy
  66 141    0.228000   -0.047000                                           141Dy
  66 142    0.219000   -0.049000                                           142Dy
  66 143   -0.173000   -0.035000                                           143Dy
  66 144   -0.164000   -0.028000                                           144Dy
  66 145   -0.156000   -0.045000                                           145Dy
  66 147   -0.061000   -0.007000                                           147Dy
  66 149   -0.044000    0.009000                                           149Dy
  66 151    0.125000    0.039000                                           151Dy
  66 152    0.153000    0.041000                                           152Dy
  66 153    0.170000    0.044000                                           153Dy
  66 154    0.207000    0.041000                                           154Dy
  66 155    0.216000    0.051000                                           155Dy
  66 156    0.235000    0.046000                                           156Dy
  66 157    0.252000    0.065000                                           157Dy
  66 158    0.262000    0.060000                                           158Dy
  66 159    0.271000    0.069000                                           159Dy
  66 160    0.272000    0.053000                                           160Dy
  66 161    0.272000    0.054000                                           161Dy
  66 162    0.281000    0.040000                                           162Dy
  66 163    0.281000    0.040000                                           163Dy
  66 164    0.292000    0.025000                                           164Dy
  66 165    0.293000    0.018000                                           165Dy
  66 166    0.293000    0.010000                                           166Dy
  66 167    0.304000   -0.003000                                           167Dy
  66 168    0.304000   -0.012000                                           168Dy
  66 169    0.304000   -0.012000                                           169Dy
  66 170    0.295000   -0.024000                                           170Dy
  66 171    0.285000   -0.027000                                           171Dy
  66 172    0.286000   -0.043000                                           172Dy
  66 173    0.277000   -0.054000                                           173Dy
  66 174    0.278000   -0.061000                                           174Dy
  66 175    0.278000   -0.071000                                           175Dy
  66 176    0.278000   -0.072000                                           176Dy
  66 177    0.278000   -0.082000                                           177Dy
  66 178    0.269000   -0.092000                                           178Dy
  66 179    0.268000   -0.103000                                           179Dy
  66 180    0.249000   -0.104000                                           180Dy
  66 181    0.230000   -0.107000                                           181Dy
  66 182    0.220000   -0.100000                                           182Dy
  66 183    0.192000   -0.087000                                           183Dy
  66 184    0.164000   -0.081000                                           184Dy
  66 185   -0.199000   -0.022000                                           185Dy
  66 186   -0.190000   -0.023000                                           186Dy
  66 187   -0.156000   -0.021000                                           187Dy
  66 188   -0.131000   -0.025000                                           188Dy
  66 189   -0.105000   -0.027000                                           189Dy
  66 190   -0.078000   -0.036000                                           190Dy
  66 191   -0.026000                                                       191Dy
  66 192    0.008000                                                       192Dy
  66 193   -0.035000    0.009000                                           193Dy
  66 194   -0.018000                                                       194Dy
  66 195    0.056000    0.036000                                           195Dy
  66 196    0.083000    0.054000                                           196Dy
  66 197    0.109000    0.071000                                           197Dy
  66 198    0.117000    0.080000                                           198Dy
  66 199    0.145000    0.083000                                           199Dy
  66 200    0.163000    0.101000                                           200Dy
  66 201    0.164000    0.110000                                           201Dy
  66 202    0.182000    0.112000                                           202Dy
  66 203    0.190000    0.104000                                           203Dy
  66 204    0.198000    0.098000                                           204Dy
  66 205    0.207000    0.100000                                           205Dy
  66 206    0.216000    0.093000                                           206Dy
  66 207    0.215000    0.093000                                           207Dy
  66 208    0.224000    0.078000                                           208Dy
  66 209    0.224000    0.079000                                           209Dy
  66 210    0.234000    0.072000                                           210Dy
  66 211    0.243000    0.066000                                           211Dy
  66 212    0.252000    0.061000                                           212Dy
  66 213    0.252000    0.052000                                           213Dy
  66 214    0.253000    0.036000                                           214Dy
  66 215    0.254000    0.027000                                           215Dy
  66 216    0.254000    0.011000                                           216Dy
  66 217    0.265000    0.005000                                           217Dy
  66 218    0.266000   -0.003000                                           218Dy
  66 219    0.256000   -0.012000                                           219Dy
  66 220    0.257000   -0.021000                                           220Dy
  66 221    0.257000   -0.022000                                           221Dy
