  67 136    0.326000   -0.072000                                           136Ho
  67 137    0.326000   -0.072000                                           137Ho
  67 138    0.316000   -0.075000                                           138Ho
  67 139    0.306000   -0.067000                                           139Ho
  67 140    0.297000   -0.070000                                           140Ho
  67 141    0.286000   -0.063000                                           141Ho
  67 142    0.248000   -0.062000                                           142Ho
  67 143    0.238000   -0.055000                                           143Ho
  67 144   -0.190000   -0.032000                                           144Ho
  67 145   -0.182000   -0.034000                                           145Ho
  67 146   -0.164000   -0.036000                                           146Ho
  67 147   -0.156000   -0.029000                                           147Ho
  67 148   -0.079000   -0.006000                                           148Ho
  67 149   -0.008000                                                       149Ho
  67 150   -0.052000    0.009000                                           150Ho
  67 151   -0.035000                                                       151Ho
  67 152    0.126000    0.038000                                           152Ho
  67 153    0.152000    0.041000                                           153Ho
  67 154    0.170000    0.044000                                           154Ho
  67 155    0.216000    0.027000                                           155Ho
  67 156    0.216000    0.034000                                           156Ho
  67 157    0.235000    0.030000                                           157Ho
  67 158    0.253000    0.040000                                           158Ho
  67 159    0.263000    0.035000                                           159Ho
  67 160    0.272000    0.044000                                           160Ho
  67 161    0.272000    0.037000                                           161Ho
  67 162    0.272000    0.037000                                           162Ho
  67 163    0.282000    0.022000                                           163Ho
  67 164    0.282000    0.022000                                           164Ho
  67 165    0.293000    0.009000                                           165Ho
  67 166    0.293000    0.009000                                           166Ho
  67 167    0.294000   -0.006000                                           167Ho
  67 168    0.304000   -0.012000                                           168Ho
  67 169    0.304000   -0.012000                                           169Ho
  67 170    0.305000   -0.021000                                           170Ho
  67 171    0.296000   -0.031000                                           171Ho
  67 172    0.285000   -0.034000                                           172Ho
  67 173    0.286000   -0.043000                                           173Ho
  67 174    0.287000   -0.060000                                           174Ho
  67 175    0.287000   -0.068000                                           175Ho
  67 176    0.278000   -0.071000                                           176Ho
  67 177    0.278000   -0.080000                                           177Ho
  67 178    0.278000   -0.089000                                           178Ho
  67 179    0.278000   -0.090000                                           179Ho
  67 180    0.268000   -0.103000                                           180Ho
  67 181    0.259000   -0.103000                                           181Ho
  67 182    0.240000   -0.106000                                           182Ho
  67 183    0.220000   -0.092000                                           183Ho
  67 184    0.201000   -0.086000                                           184Ho
  67 185    0.173000   -0.080000                                           185Ho
  67 186   -0.199000   -0.022000                                           186Ho
  67 187   -0.190000   -0.023000                                           187Ho
  67 188   -0.165000   -0.020000                                           188Ho
  67 189   -0.139000   -0.024000                                           189Ho
  67 190   -0.105000   -0.027000                                           190Ho
  67 191   -0.078000   -0.036000                                           191Ho
  67 192   -0.035000   -0.008000                                           192Ho
  67 193    0.008000                                                       193Ho
  67 194   -0.035000    0.009000                                           194Ho
  67 195   -0.026000    0.009000                                           195Ho
  67 196    0.064000    0.043000                                           196Ho
  67 197    0.082000    0.053000                                           197Ho
  67 198    0.108000    0.070000                                           198Ho
  67 199    0.117000    0.080000                                           199Ho
  67 200    0.144000    0.082000                                           200Ho
  67 201    0.163000    0.093000                                           201Ho
  67 202    0.164000    0.101000                                           202Ho
  67 203    0.182000    0.103000                                           203Ho
  67 204    0.190000    0.104000                                           204Ho
  67 205    0.198000    0.098000                                           205Ho
  67 206    0.207000    0.091000                                           206Ho
  67 207    0.216000    0.084000                                           207Ho
  67 208    0.215000    0.084000                                           208Ho
  67 209    0.215000    0.077000                                           209Ho
  67 210    0.224000    0.070000                                           210Ho
  67 211    0.234000    0.063000                                           211Ho
  67 212    0.243000    0.058000                                           212Ho
  67 213    0.243000    0.050000                                           213Ho
  67 214    0.253000    0.036000                                           214Ho
  67 215    0.254000    0.027000                                           215Ho
  67 216    0.254000    0.018000                                           216Ho
  67 217    0.255000    0.002000                                           217Ho
  67 218    0.266000   -0.004000                                           218Ho
  67 219    0.266000   -0.011000                                           219Ho
  67 220    0.267000   -0.019000                                           220Ho
  67 221    0.257000   -0.021000                                           221Ho
  67 222    0.257000   -0.030000                                           222Ho
  67 223    0.258000   -0.038000                                           223Ho
  67 224    0.258000   -0.046000                                           224Ho
