  70 143    0.288000   -0.106000                                           143Yb
  70 144    0.278000   -0.099000                                           144Yb
  70 145    0.249000   -0.087000                                           145Yb
  70 146   -0.207000   -0.037000                                           146Yb
  70 147   -0.190000   -0.047000                                           147Yb
  70 148   -0.182000   -0.041000                                           148Yb
  70 149   -0.164000   -0.044000                                           149Yb
  70 150   -0.156000   -0.037000                                           150Yb
  70 151   -0.070000   -0.013000                                           151Yb
  70 153   -0.052000    0.009000                                           153Yb
  70 154   -0.008000                                                       154Yb
  70 155   -0.096000    0.019000                                           155Yb
  70 156    0.125000    0.030000                                           156Yb
  70 157    0.152000    0.033000                                           157Yb
  70 158    0.161000    0.034000                                           158Yb
  70 159    0.189000    0.029000                                           159Yb
  70 160    0.208000    0.016000                                           160Yb
  70 161    0.216000    0.026000                                           161Yb
  70 162    0.225000    0.019000                                           162Yb
  70 163    0.244000    0.031000                                           163Yb
  70 164    0.264000    0.010000                                           164Yb
  70 165    0.273000    0.019000                                           165Yb
  70 166    0.274000    0.003000                                           166Yb
  70 167    0.274000    0.004000                                           167Yb
  70 168    0.284000   -0.010000                                           168Yb
  70 169    0.294000   -0.008000                                           169Yb
  70 170    0.295000   -0.025000                                           170Yb
  70 171    0.295000   -0.024000                                           171Yb
  70 172    0.296000   -0.040000                                           172Yb
  70 173    0.297000   -0.049000                                           173Yb
  70 174    0.287000   -0.059000                                           174Yb
  70 175    0.287000   -0.060000                                           175Yb
  70 176    0.278000   -0.071000                                           176Yb
  70 177    0.279000   -0.079000                                           177Yb
  70 178    0.279000   -0.087000                                           178Yb
  70 179    0.279000   -0.096000                                           179Yb
  70 180    0.279000   -0.098000                                           180Yb
  70 181    0.279000   -0.107000                                           181Yb
  70 182    0.270000   -0.117000                                           182Yb
  70 183    0.270000   -0.126000                                           183Yb
  70 184    0.260000   -0.128000                                           184Yb
  70 185    0.241000   -0.122000                                           185Yb
  70 186    0.221000   -0.117000                                           186Yb
  70 187    0.201000   -0.102000                                           187Yb
  70 188    0.164000   -0.081000                                           188Yb
  70 189   -0.200000   -0.038000                                           189Yb
  70 190   -0.190000   -0.031000                                           190Yb
  70 191   -0.165000   -0.027000                                           191Yb
  70 192   -0.131000   -0.031000                                           192Yb
  70 193   -0.105000   -0.027000                                           193Yb
  70 194   -0.078000   -0.036000                                           194Yb
  70 195   -0.026000   -0.008000                                           195Yb
  70 196    0.008000                                                       196Yb
  70 197   -0.026000    0.008000                                           197Yb
  70 198    0.018000                                                       198Yb
  70 199    0.054000    0.026000                                           199Yb
  70 200    0.064000    0.036000                                           200Yb
  70 201    0.099000    0.061000                                           201Yb
  70 202    0.108000    0.062000                                           202Yb
  70 203    0.126000    0.071000                                           203Yb
  70 204    0.144000    0.073000                                           204Yb
  70 205    0.163000    0.093000                                           205Yb
  70 206    0.163000    0.084000                                           206Yb
  70 207    0.172000    0.094000                                           207Yb
  70 208    0.181000    0.086000                                           208Yb
  70 209    0.189000    0.088000                                           209Yb
  70 210    0.207000    0.075000                                           210Yb
  70 211    0.207000    0.075000                                           211Yb
  70 212    0.215000    0.068000                                           212Yb
  70 213    0.215000    0.068000                                           213Yb
  70 214    0.215000    0.060000                                           214Yb
  70 215    0.224000    0.054000                                           215Yb
  70 216    0.235000    0.048000                                           216Yb
  70 217    0.235000    0.039000                                           217Yb
  70 218    0.235000    0.032000                                           218Yb
  70 219    0.245000    0.009000                                           219Yb
  70 220    0.246000   -0.008000                                           220Yb
  70 221    0.256000   -0.013000                                           221Yb
  70 222    0.257000   -0.022000                                           222Yb
  70 223    0.257000   -0.030000                                           223Yb
  70 224    0.257000   -0.038000                                           224Yb
  70 225    0.258000   -0.047000                                           225Yb
  70 226    0.259000   -0.063000                                           226Yb
  70 227    0.260000   -0.072000                                           227Yb
  70 228    0.259000   -0.072000                                           228Yb
  70 229    0.260000   -0.081000                                           229Yb
  70 230    0.260000   -0.089000                                           230Yb
  70 231    0.252000   -0.099000                                           231Yb
  70 232    0.252000   -0.109000                                           232Yb
  70 233    0.242000   -0.111000                                           233Yb
  70 234    0.232000   -0.113000                                           234Yb
