  71 146    0.240000   -0.096000                                           146Lu
  71 147   -0.216000   -0.042000                                           147Lu
  71 148   -0.190000   -0.047000                                           148Lu
  71 149   -0.182000   -0.041000                                           149Lu
  71 150   -0.164000   -0.050000                                           150Lu
  71 151   -0.156000   -0.045000                                           151Lu
  71 152   -0.079000   -0.013000                                           152Lu
  71 153    0.008000    0.008000                                           153Lu
  71 154   -0.053000    0.001000                                           154Lu
  71 155    0.035000                                                       155Lu
  71 156   -0.104000    0.012000                                           156Lu
  71 157    0.125000    0.021000                                           157Lu
  71 158    0.152000    0.033000                                           158Lu
  71 159    0.161000    0.026000                                           159Lu
  71 160    0.180000    0.021000                                           160Lu
  71 161    0.198000    0.015000                                           161Lu
  71 162    0.217000    0.009000                                           162Lu
  71 163    0.217000    0.002000                                           163Lu
  71 164    0.226000    0.003000                                           164Lu
  71 165    0.245000   -0.002000                                           165Lu
  71 166    0.254000    0.008000                                           166Lu
  71 167    0.274000   -0.013000                                           167Lu
  71 168    0.274000   -0.013000                                           168Lu
  71 169    0.284000   -0.020000                                           169Lu
  71 170    0.294000   -0.017000                                           170Lu
  71 171    0.285000   -0.035000                                           171Lu
  71 172    0.295000   -0.033000                                           172Lu
  71 173    0.286000   -0.052000                                           173Lu
  71 174    0.286000   -0.052000                                           174Lu
  71 175    0.287000   -0.069000                                           175Lu
  71 176    0.278000   -0.071000                                           176Lu
  71 177    0.278000   -0.080000                                           177Lu
  71 178    0.279000   -0.088000                                           178Lu
  71 179    0.279000   -0.096000                                           179Lu
  71 180    0.280000   -0.106000                                           180Lu
  71 181    0.279000   -0.107000                                           181Lu
  71 182    0.270000   -0.116000                                           182Lu
  71 183    0.270000   -0.126000                                           183Lu
  71 184    0.260000   -0.128000                                           184Lu
  71 185    0.259000   -0.129000                                           185Lu
  71 186    0.241000   -0.131000                                           186Lu
  71 187    0.221000   -0.117000                                           187Lu
  71 188    0.201000   -0.102000                                           188Lu
  71 189    0.164000   -0.081000                                           189Lu
  71 190   -0.200000   -0.038000                                           190Lu
  71 191   -0.190000   -0.031000                                           191Lu
  71 192   -0.165000   -0.027000                                           192Lu
  71 193   -0.139000   -0.030000                                           193Lu
  71 194   -0.104000   -0.034000                                           194Lu
  71 195   -0.078000   -0.036000                                           195Lu
  71 196   -0.026000   -0.008000                                           196Lu
  71 197    0.008000                                                       197Lu
  71 198   -0.026000    0.008000                                           198Lu
  71 199   -0.018000                                                       199Lu
  71 200    0.053000    0.025000                                           200Lu
  71 201    0.063000    0.035000                                           201Lu
  71 202    0.099000    0.052000                                           202Lu
  71 203    0.108000    0.062000                                           203Lu
  71 204    0.126000    0.063000                                           204Lu
  71 205    0.135000    0.064000                                           205Lu
  71 206    0.154000    0.083000                                           206Lu
  71 207    0.162000    0.084000                                           207Lu
  71 208    0.163000    0.093000                                           208Lu
  71 209    0.180000    0.078000                                           209Lu
  71 210    0.189000    0.079000                                           210Lu
  71 211    0.197000    0.073000                                           211Lu
  71 212    0.207000    0.066000                                           212Lu
  71 213    0.215000    0.068000                                           213Lu
  71 214    0.215000    0.059000                                           214Lu
  71 215    0.216000    0.052000                                           215Lu
  71 216    0.225000    0.045000                                           216Lu
  71 217    0.225000    0.037000                                           217Lu
  71 218    0.225000    0.030000                                           218Lu
  71 219    0.236000    0.024000                                           219Lu
  71 220    0.236000    0.015000                                           220Lu
  71 221    0.237000   -0.001000                                           221Lu
  71 222    0.247000   -0.015000                                           222Lu
  71 223    0.257000   -0.030000                                           223Lu
  71 224    0.248000   -0.032000                                           224Lu
  71 225    0.249000   -0.040000                                           225Lu
  71 226    0.249000   -0.049000                                           226Lu
  71 227    0.249000   -0.057000                                           227Lu
  71 228    0.250000   -0.065000                                           228Lu
  71 229    0.250000   -0.074000                                           229Lu
  71 230    0.251000   -0.083000                                           230Lu
  71 231    0.251000   -0.091000                                           231Lu
  71 232    0.251000   -0.100000                                           232Lu
  71 233    0.242000   -0.111000                                           233Lu
  71 234    0.232000   -0.113000                                           234Lu
  71 235    0.232000   -0.113000                                           235Lu
  71 236    0.223000   -0.122000                                           236Lu
  71 237    0.222000   -0.123000                                           237Lu
