  72 149   -0.173000   -0.049000                                           149Hf
  72 150   -0.164000   -0.044000                                           150Hf
  72 151   -0.156000   -0.052000                                           151Hf
  72 152   -0.148000   -0.046000                                           152Hf
  72 153   -0.079000   -0.013000                                           153Hf
  72 154    0.008000                                                       154Hf
  72 155   -0.053000    0.001000                                           155Hf
  72 156    0.035000   -0.008000                                           156Hf
  72 157    0.089000    0.011000                                           157Hf
  72 158    0.107000    0.020000                                           158Hf
  72 159    0.134000    0.031000                                           159Hf
  72 160    0.152000    0.024000                                           160Hf
  72 161    0.161000    0.018000                                           161Hf
  72 162    0.180000    0.012000                                           162Hf
  72 163    0.198000    0.015000                                           163Hf
  72 164    0.208000    0.008000                                           164Hf
  72 165    0.217000    0.009000                                           165Hf
  72 166    0.226000    0.003000                                           166Hf
  72 167    0.245000    0.014000                                           167Hf
  72 168    0.254000   -0.001000                                           168Hf
  72 169    0.274000    0.003000                                           169Hf
  72 170    0.274000   -0.005000                                           170Hf
  72 171    0.284000   -0.010000                                           171Hf
  72 172    0.284000   -0.019000                                           172Hf
  72 173    0.295000   -0.025000                                           173Hf
  72 174    0.285000   -0.035000                                           174Hf
  72 175    0.286000   -0.043000                                           175Hf
  72 176    0.277000   -0.062000                                           176Hf
  72 177    0.277000   -0.062000                                           177Hf
  72 178    0.278000   -0.080000                                           178Hf
  72 179    0.278000   -0.081000                                           179Hf
  72 180    0.279000   -0.096000                                           180Hf
  72 181    0.279000   -0.106000                                           181Hf
  72 182    0.270000   -0.109000                                           182Hf
  72 183    0.270000   -0.117000                                           183Hf
  72 184    0.260000   -0.128000                                           184Hf
  72 185    0.260000   -0.137000                                           185Hf
  72 186    0.250000   -0.131000                                           186Hf
  72 187    0.221000   -0.125000                                           187Hf
  72 188    0.212000   -0.110000                                           188Hf
  72 189    0.183000   -0.096000                                           189Hf
  72 190    0.164000   -0.081000                                           190Hf
  72 191   -0.190000   -0.031000                                           191Hf
  72 192   -0.182000   -0.032000                                           192Hf
  72 193   -0.156000   -0.028000                                           193Hf
  72 194   -0.122000   -0.025000                                           194Hf
  72 195   -0.096000   -0.035000                                           195Hf
  72 196   -0.078000   -0.036000                                           196Hf
  72 197   -0.026000   -0.008000                                           197Hf
  72 198    0.008000                                                       198Hf
  72 199   -0.026000    0.008000                                           199Hf
  72 200    0.018000                                                       200Hf
  72 201    0.035000    0.016000                                           201Hf
  72 202    0.045000    0.017000                                           202Hf
  72 203    0.089000    0.051000                                           203Hf
  72 204    0.099000    0.052000                                           204Hf
  72 205    0.108000    0.063000                                           205Hf
  72 206    0.126000    0.063000                                           206Hf
  72 207    0.154000    0.074000                                           207Hf
  72 208    0.162000    0.075000                                           208Hf
  72 209    0.163000    0.084000                                           209Hf
  72 210    0.171000    0.076000                                           210Hf
  72 211    0.180000    0.078000                                           211Hf
  72 212    0.197000    0.073000                                           212Hf
  72 213    0.207000    0.075000                                           213Hf
  72 214    0.216000    0.068000                                           214Hf
  72 215    0.216000    0.059000                                           215Hf
  72 216    0.216000    0.052000                                           216Hf
  72 217    0.225000    0.045000                                           217Hf
  72 218    0.225000    0.037000                                           218Hf
  72 219    0.225000    0.030000                                           219Hf
  72 220    0.226000    0.021000                                           220Hf
  72 221    0.236000    0.007000                                           221Hf
  72 222    0.237000   -0.002000                                           222Hf
  72 223    0.238000   -0.010000                                           223Hf
  72 224    0.248000   -0.023000                                           224Hf
  72 225    0.239000   -0.025000                                           225Hf
  72 226    0.239000   -0.034000                                           226Hf
  72 227    0.229000   -0.043000                                           227Hf
  72 228    0.230000   -0.052000                                           228Hf
  72 229    0.230000   -0.061000                                           229Hf
  72 230    0.241000   -0.075000                                           230Hf
  72 231    0.242000   -0.084000                                           231Hf
  72 232    0.242000   -0.092000                                           232Hf
  72 233    0.242000   -0.101000                                           233Hf
  72 234    0.242000   -0.111000                                           234Hf
  72 235    0.232000   -0.113000                                           235Hf
  72 236    0.222000   -0.114000                                           236Hf
  72 237    0.223000   -0.123000                                           237Hf
  72 238    0.222000   -0.123000                                           238Hf
  72 239    0.213000   -0.125000                                           239Hf
  72 240    0.173000   -0.087000                                           240Hf
