  74 154   -0.122000   -0.041000                                           154W 
  74 155   -0.070000   -0.013000                                           155W 
  74 156    0.008000                                                       156W 
  74 157   -0.053000    0.001000                                           157W 
  74 158    0.018000                                                       158W 
  74 159    0.080000    0.002000                                           159W 
  74 160    0.089000    0.003000                                           160W 
  74 161    0.116000    0.020000                                           161W 
  74 162    0.134000    0.015000                                           162W 
  74 163    0.153000    0.008000                                           163W 
  74 164    0.161000    0.010000                                           164W 
  74 165    0.170000    0.002000                                           165W 
  74 166    0.181000   -0.004000                                           166W 
  74 167    0.198000   -0.001000                                           167W 
  74 168    0.208000                                                       168W 
  74 169    0.217000    0.002000                                           169W 
  74 170    0.226000   -0.006000                                           170W 
  74 171    0.245000    0.006000                                           171W 
  74 172    0.254000   -0.001000                                           172W 
  74 173    0.265000   -0.007000                                           173W 
  74 174    0.265000   -0.014000                                           174W 
  74 175    0.284000   -0.019000                                           175W 
  74 176    0.266000   -0.032000                                           176W 
  74 177    0.276000   -0.037000                                           177W 
  74 178    0.267000   -0.048000                                           178W 
  74 179    0.268000   -0.057000                                           179W 
  74 180    0.258000   -0.067000                                           180W 
  74 181    0.258000   -0.075000                                           181W 
  74 182    0.259000   -0.084000                                           182W 
  74 183    0.250000   -0.093000                                           183W 
  74 184    0.240000   -0.095000                                           184W 
  74 185    0.241000   -0.105000                                           185W 
  74 186    0.230000   -0.107000                                           186W 
  74 187    0.221000   -0.117000                                           187W 
  74 188    0.212000   -0.110000                                           188W 
  74 189    0.202000   -0.111000                                           189W 
  74 190    0.173000   -0.097000                                           190W 
  74 191    0.164000   -0.089000                                           191W 
  74 192    0.155000   -0.082000                                           192W 
  74 193   -0.174000   -0.026000                                           193W 
  74 194   -0.174000   -0.026000                                           194W 
  74 195   -0.148000   -0.029000                                           195W 
  74 196   -0.105000   -0.027000                                           196W 
  74 197   -0.087000   -0.035000                                           197W 
  74 198   -0.070000   -0.036000                                           198W 
  74 199   -0.018000                                                       199W 
  74 200    0.008000                                                       200W 
  74 201   -0.026000    0.008000                                           201W 
  74 202    0.008000                                                       202W 
  74 203    0.026000    0.009000                                           203W 
  74 204    0.035000    0.009000                                           204W 
  74 205    0.072000    0.034000                                           205W 
  74 206    0.080000    0.035000                                           206W 
  74 207    0.108000    0.054000                                           207W 
  74 208    0.107000    0.053000                                           208W 
  74 209    0.126000    0.056000                                           209W 
  74 210    0.143000    0.056000                                           210W 
  74 211    0.162000    0.075000                                           211W 
  74 212    0.162000    0.067000                                           212W 
  74 213    0.170000    0.076000                                           213W 
  74 214    0.180000    0.070000                                           214W 
  74 215    0.197000    0.073000                                           215W 
  74 216    0.207000    0.066000                                           216W 
  74 217    0.207000    0.057000                                           217W 
  74 218    0.216000    0.043000                                           218W 
  74 219    0.216000    0.043000                                           219W 
  74 220    0.216000    0.027000                                           220W 
  74 221    0.225000    0.029000                                           221W 
  74 222    0.226000    0.004000                                           222W 
  74 223    0.226000    0.005000                                           223W 
  74 224    0.227000   -0.012000                                           224W 
  74 225    0.228000   -0.019000                                           225W 
  74 226    0.228000   -0.027000                                           226W 
  74 227    0.228000   -0.028000                                           227W 
  74 228    0.220000   -0.038000                                           228W 
  74 229    0.220000   -0.046000                                           229W 
  74 230    0.220000   -0.055000                                           230W 
  74 231    0.221000   -0.063000                                           231W 
  74 232    0.221000   -0.071000                                           232W 
  74 233    0.221000   -0.080000                                           233W 
  74 234    0.221000   -0.080000                                           234W 
  74 235    0.222000   -0.089000                                           235W 
  74 236    0.222000   -0.097000                                           236W 
  74 237    0.222000   -0.106000                                           237W 
  74 238    0.213000   -0.107000                                           238W 
  74 239    0.203000   -0.109000                                           239W 
  74 240    0.193000   -0.102000                                           240W 
  74 241    0.184000   -0.103000                                           241W 
  74 242    0.164000   -0.089000                                           242W 
  74 243    0.164000   -0.089000                                           243W 
  74 244    0.164000   -0.098000                                           244W 
  74 245   -0.156000    0.010000                                           245W 
  74 246   -0.156000    0.010000                                           246W 
  74 247    0.108000   -0.053000                                           247W 
