  76 159   -0.044000    0.001000                                           159Os
  76 160    0.008000                                                       160Os
  76 161    0.062000   -0.007000                                           161Os
  76 162    0.045000   -0.008000                                           162Os
  76 163    0.089000    0.003000                                           163Os
  76 164    0.107000   -0.004000                                           164Os
  76 165    0.125000    0.006000                                           165Os
  76 166    0.134000   -0.002000                                           166Os
  76 167    0.153000                                                       167Os
  76 168    0.162000   -0.006000                                           168Os
  76 169    0.162000   -0.006000                                           169Os
  76 170    0.171000   -0.014000                                           170Os
  76 171    0.190000   -0.011000                                           171Os
  76 172    0.190000   -0.011000                                           172Os
  76 173    0.226000    0.003000                                           173Os
  76 174    0.226000   -0.006000                                           174Os
  76 175    0.254000    0.008000                                           175Os
  76 176    0.246000   -0.011000                                           176Os
  76 177    0.255000   -0.016000                                           177Os
  76 178    0.247000   -0.027000                                           178Os
  76 179    0.256000   -0.034000                                           179Os
  76 180    0.238000   -0.045000                                           180Os
  76 181    0.248000   -0.052000                                           181Os
  76 182    0.239000   -0.062000                                           182Os
  76 183    0.240000   -0.069000                                           183Os
  76 184    0.229000   -0.071000                                           184Os
  76 185    0.230000   -0.080000                                           185Os
  76 186    0.220000   -0.082000                                           186Os
  76 187    0.212000   -0.092000                                           187Os
  76 188    0.192000   -0.086000                                           188Os
  76 189    0.183000   -0.087000                                           189Os
  76 190    0.164000   -0.080000                                           190Os
  76 191    0.164000   -0.081000                                           191Os
  76 192    0.155000   -0.081000                                           192Os
  76 193    0.155000   -0.082000                                           193Os
  76 194    0.145000   -0.082000                                           194Os
  76 195    0.127000   -0.068000                                           195Os
  76 196   -0.156000   -0.028000                                           196Os
  76 197   -0.131000   -0.024000                                           197Os
  76 198   -0.096000   -0.028000                                           198Os
  76 199   -0.078000   -0.036000                                           199Os
  76 200   -0.061000   -0.037000                                           200Os
  76 201   -0.018000   -0.008000                                           201Os
  76 202    0.008000                                                       202Os
  76 203   -0.018000    0.008000                                           203Os
  76 204    0.008000                                                       204Os
  76 205    0.026000    0.009000                                           205Os
  76 206    0.026000    0.009000                                           206Os
  76 207    0.045000    0.016000                                           207Os
  76 208    0.053000    0.017000                                           208Os
  76 209    0.089000    0.036000                                           209Os
  76 210    0.099000    0.036000                                           210Os
  76 211    0.108000    0.045000                                           211Os
  76 212    0.116000    0.046000                                           212Os
  76 213    0.143000    0.056000                                           213Os
  76 214    0.153000    0.049000                                           214Os
  76 215    0.162000    0.067000                                           215Os
  76 216    0.170000    0.060000                                           216Os
  76 217    0.189000    0.071000                                           217Os
  76 218    0.197000    0.064000                                           218Os
  76 219    0.197000    0.064000                                           219Os
  76 220    0.207000    0.050000                                           220Os
  76 221    0.207000    0.041000                                           221Os
  76 222    0.207000    0.033000                                           222Os
  76 223    0.216000    0.035000                                           223Os
  76 224    0.217000    0.019000                                           224Os
  76 225    0.226000    0.012000                                           225Os
  76 226    0.217000    0.003000                                           226Os
  76 227    0.227000   -0.004000                                           227Os
  76 228    0.228000   -0.019000                                           228Os
  76 229    0.219000   -0.021000                                           229Os
  76 230    0.219000   -0.030000                                           230Os
  76 231    0.219000   -0.039000                                           231Os
  76 232    0.211000   -0.048000                                           232Os
  76 233    0.201000   -0.049000                                           233Os
  76 234    0.201000   -0.058000                                           234Os
  76 235    0.201000   -0.067000                                           235Os
  76 236    0.202000   -0.074000                                           236Os
  76 237    0.202000   -0.083000                                           237Os
  76 238    0.212000   -0.091000                                           238Os
  76 239    0.202000   -0.092000                                           239Os
  76 240    0.184000   -0.094000                                           240Os
  76 241    0.173000   -0.087000                                           241Os
  76 242    0.164000   -0.080000                                           242Os
  76 243    0.164000   -0.080000                                           243Os
  76 244    0.155000   -0.074000                                           244Os
  76 245    0.127000   -0.051000                                           245Os
  76 246    0.108000   -0.029000                                           246Os
  76 247   -0.147000    0.017000                                           247Os
  76 248   -0.147000    0.017000                                           248Os
  76 249    0.099000   -0.045000                                           249Os
  76 250    0.099000   -0.054000                                           250Os
  76 251    0.099000   -0.061000                                           251Os
  76 252    0.099000   -0.070000                                           252Os
  76 253   -0.105000   -0.027000                                           253Os
