  77 162   -0.035000   -0.008000                                           162Ir
  77 163   -0.035000                                                       163Ir
  77 164    0.089000   -0.006000                                           164Ir
  77 165    0.099000   -0.012000                                           165Ir
  77 166    0.107000   -0.004000                                           166Ir
  77 167    0.116000   -0.011000                                           167Ir
  77 168    0.134000   -0.009000                                           168Ir
  77 169    0.134000   -0.009000                                           169Ir
  77 170    0.153000   -0.007000                                           170Ir
  77 171    0.153000   -0.016000                                           171Ir
  77 172    0.162000   -0.015000                                           172Ir
  77 173    0.162000   -0.023000                                           173Ir
  77 174    0.171000   -0.022000                                           174Ir
  77 175    0.171000   -0.022000                                           175Ir
  77 176    0.254000    0.008000                                           176Ir
  77 177    0.181000   -0.028000                                           177Ir
  77 178    0.265000   -0.007000                                           178Ir
  77 179    0.246000   -0.019000                                           179Ir
  77 180    0.256000   -0.026000                                           180Ir
  77 181    0.238000   -0.038000                                           181Ir
  77 182    0.256000   -0.042000                                           182Ir
  77 183    0.238000   -0.054000                                           183Ir
  77 184    0.239000   -0.063000                                           184Ir
  77 185    0.211000   -0.066000                                           185Ir
  77 186    0.211000   -0.074000                                           186Ir
  77 187    0.183000   -0.070000                                           187Ir
  77 188    0.173000   -0.071000                                           188Ir
  77 189    0.164000   -0.064000                                           189Ir
  77 190    0.164000   -0.073000                                           190Ir
  77 191    0.155000   -0.065000                                           191Ir
  77 192    0.145000   -0.066000                                           192Ir
  77 193    0.136000   -0.067000                                           193Ir
  77 194    0.136000   -0.067000                                           194Ir
  77 195    0.127000   -0.068000                                           195Ir
  77 196    0.108000   -0.060000                                           196Ir
  77 197   -0.156000   -0.028000                                           197Ir
  77 198   -0.122000   -0.025000                                           198Ir
  77 199   -0.087000   -0.028000                                           199Ir
  77 200   -0.079000   -0.029000                                           200Ir
  77 201   -0.061000   -0.030000                                           201Ir
  77 202   -0.018000   -0.008000                                           202Ir
  77 203    0.008000                                                       203Ir
  77 204   -0.026000    0.008000                                           204Ir
  77 205   -0.008000                                                       205Ir
  77 206    0.026000    0.009000                                           206Ir
  77 207   -0.026000    0.008000                                           207Ir
  77 208    0.045000    0.016000                                           208Ir
  77 209    0.053000    0.017000                                           209Ir
  77 210    0.080000    0.026000                                           210Ir
  77 211    0.089000    0.027000                                           211Ir
  77 212    0.107000    0.029000                                           212Ir
  77 213    0.107000    0.029000                                           213Ir
  77 214    0.134000    0.040000                                           214Ir
  77 215    0.143000    0.040000                                           215Ir
  77 216    0.162000    0.050000                                           216Ir
  77 217    0.161000    0.050000                                           217Ir
  77 218    0.170000    0.060000                                           218Ir
  77 219    0.188000    0.063000                                           219Ir
  77 220    0.188000    0.054000                                           220Ir
  77 221    0.188000    0.047000                                           221Ir
  77 222    0.197000    0.039000                                           222Ir
  77 223    0.197000    0.031000                                           223Ir
  77 224    0.207000    0.033000                                           224Ir
  77 225    0.208000    0.017000                                           225Ir
  77 226    0.217000    0.018000                                           226Ir
  77 227    0.217000    0.010000                                           227Ir
  77 228    0.227000   -0.004000                                           228Ir
  77 229    0.227000   -0.012000                                           229Ir
  77 230    0.218000   -0.014000                                           230Ir
  77 231    0.209000   -0.023000                                           231Ir
  77 232    0.199000   -0.025000                                           232Ir
  77 233    0.191000   -0.035000                                           233Ir
  77 234    0.182000   -0.036000                                           234Ir
  77 235    0.182000   -0.045000                                           235Ir
  77 236    0.183000   -0.052000                                           236Ir
  77 237    0.183000   -0.061000                                           237Ir
  77 238    0.193000   -0.075000                                           238Ir
  77 239    0.193000   -0.084000                                           239Ir
  77 240    0.184000   -0.085000                                           240Ir
  77 241    0.174000   -0.087000                                           241Ir
  77 242    0.164000   -0.079000                                           242Ir
  77 243    0.164000   -0.072000                                           243Ir
  77 244    0.155000   -0.073000                                           244Ir
  77 245    0.117000   -0.043000                                           245Ir
  77 246    0.108000   -0.035000                                           246Ir
  77 247    0.099000   -0.020000                                           247Ir
  77 248   -0.138000    0.016000                                           248Ir
  77 249   -0.138000    0.016000                                           249Ir
  77 250    0.099000   -0.045000                                           250Ir
  77 251    0.089000   -0.045000                                           251Ir
  77 252    0.089000   -0.054000                                           252Ir
  77 253    0.089000   -0.061000                                           253Ir
  77 254   -0.096000   -0.028000                                           254Ir
  77 255   -0.087000   -0.020000                                           255Ir
  77 256   -0.053000   -0.014000                                           256Ir
