  78 165   -0.061000   -0.007000                                           165Pt
  78 166   -0.070000   -0.006000                                           166Pt
  78 167   -0.087000   -0.012000                                           167Pt
  78 168   -0.096000   -0.005000                                           168Pt
  78 169    0.107000    0.004000                                           169Pt
  78 170    0.107000   -0.004000                                           170Pt
  78 171    0.126000   -0.003000                                           171Pt
  78 172    0.126000   -0.010000                                           172Pt
  78 173    0.153000                                                       173Pt
  78 174    0.153000   -0.007000                                           174Pt
  78 175    0.180000    0.004000                                           175Pt
  78 176    0.171000   -0.005000                                           176Pt
  78 177    0.264000    0.018000                                           177Pt
  78 178    0.254000    0.008000                                           178Pt
  78 179    0.274000    0.003000                                           179Pt
  78 180    0.265000   -0.007000                                           180Pt
  78 181    0.265000   -0.015000                                           181Pt
  78 182    0.255000   -0.026000                                           182Pt
  78 183    0.256000   -0.034000                                           183Pt
  78 184    0.247000   -0.044000                                           184Pt
  78 185    0.248000   -0.052000                                           185Pt
  78 186    0.239000   -0.062000                                           186Pt
  78 187    0.229000   -0.072000                                           187Pt
  78 188   -0.164000   -0.013000                                           188Pt
  78 189   -0.164000   -0.021000                                           189Pt
  78 190   -0.156000   -0.022000                                           190Pt
  78 191   -0.156000   -0.029000                                           191Pt
  78 192   -0.156000   -0.029000                                           192Pt
  78 193   -0.156000   -0.037000                                           193Pt
  78 194   -0.148000   -0.029000                                           194Pt
  78 195   -0.148000   -0.037000                                           195Pt
  78 196   -0.139000   -0.030000                                           196Pt
  78 197   -0.148000   -0.029000                                           197Pt
  78 198   -0.139000   -0.030000                                           198Pt
  78 199   -0.113000   -0.026000                                           199Pt
  78 200   -0.087000   -0.028000                                           200Pt
  78 201   -0.078000   -0.036000                                           201Pt
  78 202   -0.061000   -0.037000                                           202Pt
  78 203   -0.018000   -0.008000                                           203Pt
  78 204    0.008000                                                       204Pt
  78 205   -0.018000    0.008000                                           205Pt
  78 206    0.008000                                                       206Pt
  78 207    0.026000    0.009000                                           207Pt
  78 208    0.027000                                                       208Pt
  78 209    0.035000    0.009000                                           209Pt
  78 210    0.045000    0.009000                                           210Pt
  78 211    0.063000    0.018000                                           211Pt
  78 212    0.080000    0.026000                                           212Pt
  78 213    0.099000    0.037000                                           213Pt
  78 214    0.108000    0.038000                                           214Pt
  78 215    0.116000    0.046000                                           215Pt
  78 216    0.125000    0.046000                                           216Pt
  78 217    0.153000    0.066000                                           217Pt
  78 218    0.162000    0.067000                                           218Pt
  78 219    0.180000    0.070000                                           219Pt
  78 220    0.189000    0.071000                                           220Pt
  78 221    0.197000    0.064000                                           221Pt
  78 222    0.197000    0.055000                                           222Pt
  78 223    0.207000    0.057000                                           223Pt
  78 224    0.207000    0.050000                                           224Pt
  78 225    0.216000    0.043000                                           225Pt
  78 226    0.216000    0.034000                                           226Pt
  78 227    0.216000    0.027000                                           227Pt
  78 228    0.217000    0.018000                                           228Pt
  78 229    0.226000    0.004000                                           229Pt
  78 230    0.227000   -0.004000                                           230Pt
  78 231    0.218000   -0.006000                                           231Pt
  78 232    0.209000   -0.016000                                           232Pt
  78 233    0.209000   -0.023000                                           233Pt
  78 234    0.190000   -0.026000                                           234Pt
  78 235    0.182000   -0.036000                                           235Pt
  78 236    0.182000   -0.036000                                           236Pt
  78 237    0.182000   -0.045000                                           237Pt
  78 238    0.183000   -0.052000                                           238Pt
  78 239    0.192000   -0.068000                                           239Pt
  78 240    0.193000   -0.075000                                           240Pt
  78 241    0.183000   -0.077000                                           241Pt
  78 242    0.174000   -0.087000                                           242Pt
  78 243    0.164000   -0.072000                                           243Pt
  78 244    0.155000   -0.064000                                           244Pt
  78 245    0.080000   -0.013000                                           245Pt
  78 246    0.099000   -0.029000                                           246Pt
  78 247    0.089000   -0.021000                                           247Pt
  78 248    0.089000   -0.005000                                           248Pt
  78 249    0.089000   -0.012000                                           249Pt
  78 250    0.089000   -0.029000                                           250Pt
  78 251    0.089000   -0.037000                                           251Pt
  78 252    0.081000   -0.046000                                           252Pt
  78 253    0.081000   -0.046000                                           253Pt
  78 254    0.081000   -0.055000                                           254Pt
  78 255   -0.096000   -0.035000                                           255Pt
  78 256   -0.087000   -0.028000                                           256Pt
  78 257   -0.053000   -0.022000                                           257Pt
  78 258   -0.052000   -0.030000                                           258Pt
  78 259   -0.044000   -0.031000                                           259Pt
  78 260   -0.026000   -0.023000                                           260Pt
