  83 178    0.053000    0.025000                                           178Bi
  83 179    0.053000    0.025000                                           179Bi
  83 180    0.053000    0.025000                                           180Bi
  83 181   -0.052000    0.016000                                           181Bi
  83 182    0.053000    0.017000                                           182Bi
  83 183   -0.052000    0.016000                                           183Bi
  83 184   -0.052000    0.016000                                           184Bi
  83 185   -0.052000    0.016000                                           185Bi
  83 186   -0.052000    0.016000                                           186Bi
  83 187   -0.052000    0.016000                                           187Bi
  83 188   -0.052000    0.009000                                           188Bi
  83 189   -0.052000    0.009000                                           189Bi
  83 190   -0.052000    0.009000                                           190Bi
  83 191   -0.052000    0.009000                                           191Bi
  83 192   -0.052000    0.009000                                           192Bi
  83 193   -0.052000    0.009000                                           193Bi
  83 194   -0.052000    0.009000                                           194Bi
  83 195   -0.052000    0.009000                                           195Bi
  83 196   -0.052000    0.009000                                           196Bi
  83 197   -0.052000    0.009000                                           197Bi
  83 198   -0.052000    0.009000                                           198Bi
  83 199   -0.044000    0.009000                                           199Bi
  83 200   -0.044000    0.009000                                           200Bi
  83 201   -0.044000    0.009000                                           201Bi
  83 202   -0.044000    0.001000                                           202Bi
  83 203   -0.035000    0.009000                                           203Bi
  83 204   -0.044000    0.009000                                           204Bi
  83 205   -0.035000   -0.008000                                           205Bi
  83 206   -0.035000   -0.015000                                           206Bi
  83 207   -0.026000   -0.015000                                           207Bi
  83 208   -0.018000   -0.008000                                           208Bi
  83 209   -0.008000    0.008000                                           209Bi
  83 210   -0.018000    0.015000                                           210Bi
  83 211   -0.018000    0.008000                                           211Bi
  83 212   -0.018000    0.016000                                           212Bi
  83 213   -0.018000    0.015000                                           213Bi
  83 214    0.027000    0.024000                                           214Bi
  83 215   -0.026000    0.016000                                           215Bi
  83 216    0.049000    0.037000                                           216Bi
  83 217    0.048000    0.036000                                           217Bi
  83 218    0.057000    0.044000                                           218Bi
  83 219    0.065000    0.044000                                           219Bi
  83 220    0.101000    0.064000                                           220Bi
  83 221    0.101000    0.063000                                           221Bi
  83 222    0.144000    0.091000                                           222Bi
  83 223    0.154000    0.092000                                           223Bi
  83 224    0.162000    0.093000                                           224Bi
  83 225    0.180000    0.096000                                           225Bi
  83 226    0.188000    0.088000                                           226Bi
  83 227    0.188000    0.079000                                           227Bi
  83 228    0.197000    0.073000                                           228Bi
  83 229    0.206000    0.067000                                           229Bi
  83 230    0.215000    0.069000                                           230Bi
  83 231    0.215000    0.060000                                           231Bi
  83 232    0.215000    0.053000                                           232Bi
  83 233    0.216000    0.035000                                           233Bi
  83 234    0.216000    0.028000                                           234Bi
  83 235    0.226000    0.021000                                           235Bi
  83 236    0.217000    0.011000                                           236Bi
  83 237    0.217000    0.010000                                           237Bi
  83 238    0.208000    0.001000                                           238Bi
  83 239    0.198000   -0.001000                                           239Bi
  83 240    0.190000   -0.011000                                           240Bi
  83 241    0.181000   -0.021000                                           241Bi
  83 242    0.181000   -0.028000                                           242Bi
  83 243    0.062000    0.010000                                           243Bi
  83 244    0.053000    0.001000                                           244Bi
  83 245    0.053000    0.001000                                           245Bi
  83 246    0.053000    0.001000                                           246Bi
  83 247   -0.052000    0.016000                                           247Bi
  83 248    0.053000    0.017000                                           248Bi
  83 249    0.053000    0.033000                                           249Bi
  83 250    0.053000    0.025000                                           250Bi
  83 251    0.053000    0.025000                                           251Bi
  83 252    0.053000    0.025000                                           252Bi
  83 253    0.062000    0.017000                                           253Bi
  83 254    0.062000    0.010000                                           254Bi
  83 255    0.053000    0.001000                                           255Bi
  83 256    0.053000   -0.007000                                           256Bi
  83 257    0.053000   -0.023000                                           257Bi
  83 258    0.053000   -0.023000                                           258Bi
  83 259   -0.052000    0.016000                                           259Bi
  83 260   -0.052000    0.017000                                           260Bi
  83 261   -0.052000    0.010000                                           261Bi
  83 262   -0.035000    0.001000                                           262Bi
  83 263   -0.026000   -0.008000                                           263Bi
  83 264   -0.018000   -0.015000                                           264Bi
  83 265   -0.008000   -0.008000                                           265Bi
  83 266               -0.008000                                           266Bi
  83 267               -0.008000                                           267Bi
  83 268               -0.015000                                           268Bi
  83 269               -0.008000                                           269Bi
  83 270    0.001000   -0.014000                                           270Bi
  83 271    0.002000   -0.006000                                           271Bi
  83 272    0.003000   -0.012000                                           272Bi
  83 273    0.004000   -0.012000                                           273Bi
  83 274    0.005000   -0.011000                                           274Bi
  83 275    0.006000   -0.018000                                           275Bi
  83 276    0.456000   -0.051000                                           276Bi
