  84 181    0.262000    0.068000                                           181Po
  84 182    0.271000    0.062000                                           182Po
  84 183    0.291000    0.049000                                           183Po
  84 184    0.300000    0.044000                                           184Po
  84 185    0.310000    0.029000                                           185Po
  84 186    0.311000    0.021000                                           186Po
  84 187    0.311000    0.012000                                           187Po
  84 188    0.293000    0.007000                                           188Po
  84 189    0.274000   -0.005000                                           189Po
  84 190    0.274000   -0.014000                                           190Po
  84 191    0.275000   -0.031000                                           191Po
  84 192   -0.207000    0.008000                                           192Po
  84 193   -0.215000    0.009000                                           193Po
  84 194    0.026000    0.009000                                           194Po
  84 195    0.071000    0.002000                                           195Po
  84 196                0.015000                                           196Po
  84 197    0.062000    0.001000                                           197Po
  84 198               -0.015000                                           198Po
  84 199               -0.015000                                           199Po
  84 200    0.009000   -0.015000                                           200Po
  84 201               -0.015000                                           201Po
  84 202    0.009000   -0.015000                                           202Po
  84 203               -0.015000                                           203Po
  84 204    0.009000   -0.015000                                           204Po
  84 205    0.018000   -0.015000                                           205Po
  84 206   -0.018000   -0.008000                                           206Po
  84 207   -0.026000   -0.015000                                           207Po
  84 208   -0.018000   -0.008000                                           208Po
  84 209   -0.008000                                                       209Po
  84 210                0.008000                                           210Po
  84 211   -0.008000    0.008000                                           211Po
  84 212                0.008000                                           212Po
  84 213   -0.008000    0.008000                                           213Po
  84 214   -0.008000    0.008000                                           214Po
  84 215    0.020000    0.018000                                           215Po
  84 216    0.020000    0.018000                                           216Po
  84 217    0.031000    0.020000                                           217Po
  84 218    0.039000    0.028000                                           218Po
  84 219    0.101000    0.071000                                           219Po
  84 220    0.110000    0.080000                                           220Po
  84 221    0.128000    0.089000                                           221Po
  84 222    0.136000    0.090000                                           222Po
  84 223    0.154000    0.099000                                           223Po
  84 224    0.162000    0.093000                                           224Po
  84 225    0.170000    0.094000                                           225Po
  84 226    0.189000    0.097000                                           226Po
  84 227    0.197000    0.090000                                           227Po
  84 228    0.197000    0.081000                                           228Po
  84 229    0.206000    0.075000                                           229Po
  84 230    0.206000    0.067000                                           230Po
  84 231    0.215000    0.069000                                           231Po
  84 232    0.215000    0.060000                                           232Po
  84 233    0.215000    0.053000                                           233Po
  84 234    0.216000    0.044000                                           234Po
  84 235    0.225000    0.030000                                           235Po
  84 236    0.226000    0.021000                                           236Po
  84 237    0.217000    0.019000                                           237Po
  84 238    0.217000    0.010000                                           238Po
  84 239    0.217000    0.003000                                           239Po
  84 240    0.209000   -0.008000                                           240Po
  84 241    0.199000   -0.010000                                           241Po
  84 242    0.190000   -0.019000                                           242Po
  84 243    0.190000   -0.027000                                           243Po
  84 244    0.191000   -0.035000                                           244Po
  84 245    0.200000   -0.050000                                           245Po
  84 246    0.211000   -0.057000                                           246Po
  84 247    0.053000    0.001000                                           247Po
  84 248    0.053000    0.009000                                           248Po
  84 249    0.053000    0.017000                                           249Po
  84 250    0.053000    0.033000                                           250Po
  84 251    0.053000    0.025000                                           251Po
  84 252    0.053000    0.025000                                           252Po
  84 253    0.062000    0.026000                                           253Po
  84 254    0.071000    0.018000                                           254Po
  84 255    0.071000    0.011000                                           255Po
  84 256   -0.095000    0.035000                                           256Po
  84 257    0.062000   -0.007000                                           257Po
  84 258    0.062000   -0.023000                                           258Po
  84 259    0.053000   -0.023000                                           259Po
  84 260   -0.052000    0.025000                                           260Po
  84 261   -0.052000    0.017000                                           261Po
  84 262   -0.052000    0.009000                                           262Po
  84 263   -0.035000    0.001000                                           263Po
  84 264   -0.018000   -0.008000                                           264Po
  84 265   -0.018000   -0.008000                                           265Po
  84 266   -0.008000   -0.008000                                           266Po
  84 267               -0.008000                                           267Po
  84 269               -0.008000                                           269Po
  84 270               -0.008000                                           270Po
  84 271    0.002000   -0.007000                                           271Po
  84 272    0.002000   -0.006000                                           272Po
  84 273    0.004000   -0.005000                                           273Po
  84 274    0.004000   -0.004000                                           274Po
  84 275    0.005000   -0.004000                                           275Po
  84 276    0.455000   -0.041000                                           276Po
  84 277    0.456000   -0.050000                                           277Po
  84 278    0.446000   -0.055000                                           278Po
  84 279    0.434000   -0.050000                                           279Po
