  88 192    0.339000    0.028000                                           192Ra
  88 193    0.301000    0.018000                                           193Ra
  88 194    0.293000    0.007000                                           194Ra
  88 195    0.274000   -0.013000                                           195Ra
  88 196    0.283000   -0.011000                                           196Ra
  88 197    0.322000    0.003000                                           197Ra
  88 198   -0.249000    0.015000                                           198Ra
  88 199   -0.240000    0.013000                                           199Ra
  88 200   -0.232000    0.005000                                           200Ra
  88 201   -0.224000    0.003000                                           201Ra
  88 202   -0.215000   -0.006000                                           202Ra
  88 203   -0.207000   -0.015000                                           203Ra
  88 204   -0.199000   -0.016000                                           204Ra
  88 205   -0.190000   -0.024000                                           205Ra
  88 206   -0.130000   -0.002000                                           206Ra
  88 207   -0.130000   -0.002000                                           207Ra
  88 208   -0.104000    0.004000                                           208Ra
  88 209   -0.087000   -0.005000                                           209Ra
  88 210   -0.053000   -0.007000                                           210Ra
  88 211   -0.053000   -0.014000                                           211Ra
  88 212   -0.035000   -0.015000                                           212Ra
  88 213   -0.018000   -0.008000                                           213Ra
  88 214    0.008000    0.008000                                           214Ra
  88 215   -0.018000    0.008000                                           215Ra
  88 216    0.008000    0.008000                                           216Ra
  88 217    0.028000    0.017000                                           217Ra
  88 218    0.020000    0.010000                                           218Ra
  88 219    0.077000    0.055000                                           219Ra
  88 220    0.103000    0.072000                                           220Ra
  88 221    0.111000    0.081000                                           221Ra
  88 222    0.130000    0.092000                                           222Ra
  88 223    0.156000    0.111000                                           223Ra
  88 224    0.164000    0.112000                                           224Ra
  88 225    0.164000    0.112000                                           225Ra
  88 226    0.172000    0.112000                                           226Ra
  88 227    0.181000    0.113000                                           227Ra
  88 228    0.180000    0.113000                                           228Ra
  88 229    0.189000    0.114000                                           229Ra
  88 230    0.197000    0.106000                                           230Ra
  88 231    0.207000    0.100000                                           231Ra
  88 232    0.215000    0.093000                                           232Ra
  88 233    0.215000    0.093000                                           233Ra
  88 234    0.215000    0.085000                                           234Ra
  88 235    0.224000    0.079000                                           235Ra
  88 236    0.224000    0.070000                                           236Ra
  88 237    0.224000    0.071000                                           237Ra
  88 238    0.224000    0.054000                                           238Ra
  88 239    0.225000    0.046000                                           239Ra
  88 240    0.235000    0.032000                                           240Ra
  88 241    0.225000    0.030000                                           241Ra
  88 242    0.217000    0.019000                                           242Ra
  88 243    0.217000    0.010000                                           243Ra
  88 244    0.217000    0.010000                                           244Ra
  88 245    0.208000    0.001000                                           245Ra
  88 246    0.199000   -0.009000                                           246Ra
  88 247    0.199000   -0.018000                                           247Ra
  88 248    0.200000   -0.034000                                           248Ra
  88 249    0.210000   -0.041000                                           249Ra
  88 250    0.210000   -0.049000                                           250Ra
  88 251    0.201000   -0.059000                                           251Ra
  88 252    0.183000   -0.061000                                           252Ra
  88 253    0.080000    0.018000                                           253Ra
  88 254    0.071000    0.026000                                           254Ra
  88 255    0.080000    0.027000                                           255Ra
  88 256    0.080000    0.018000                                           256Ra
  88 257    0.088000    0.019000                                           257Ra
  88 258    0.088000    0.012000                                           258Ra
  88 259    0.089000    0.003000                                           259Ra
  88 260   -0.129000    0.030000                                           260Ra
  88 261    0.080000   -0.013000                                           261Ra
  88 262    0.080000   -0.030000                                           262Ra
  88 263    0.072000   -0.031000                                           263Ra
  88 264   -0.087000   -0.005000                                           264Ra
  88 265   -0.079000   -0.006000                                           265Ra
  88 266   -0.070000   -0.006000                                           266Ra
  88 267   -0.053000   -0.007000                                           267Ra
  88 268   -0.035000   -0.015000                                           268Ra
  88 269   -0.026000   -0.023000                                           269Ra
  88 270   -0.018000   -0.015000                                           270Ra
  88 271               -0.008000                                           271Ra
  88 272               -0.008000                                           272Ra
  88 273               -0.015000                                           273Ra
  88 274               -0.008000                                           274Ra
  88 275    0.002000   -0.014000                                           275Ra
  88 276    0.003000   -0.013000                                           276Ra
  88 277    0.445000   -0.035000                                           277Ra
  88 278    0.446000   -0.043000                                           278Ra
  88 279    0.446000   -0.043000                                           279Ra
  88 280    0.447000   -0.052000                                           280Ra
  88 281    0.447000   -0.062000                                           281Ra
  88 282    0.425000   -0.051000                                           282Ra
  88 283    0.415000   -0.055000                                           283Ra
  88 284    0.415000   -0.056000                                           284Ra
  88 285    0.394000   -0.045000                                           285Ra
  88 286    0.394000   -0.044000                                           286Ra
  88 287    0.395000   -0.053000                                           287Ra
  88 288    0.450000   -0.098000                                           288Ra
  88 289    0.332000   -0.008000                                           289Ra
  88 290    0.322000   -0.001000                                           290Ra
  88 291    0.463000   -0.121000                                           291Ra
  88 292    0.464000   -0.130000                                           292Ra
