  89 195    0.310000    0.027000                                           195Ac
  89 196    0.293000    0.007000                                           196Ac
  89 197    0.321000    0.021000                                           197Ac
  89 198    0.330000    0.014000                                           198Ac
  89 199    0.369000    0.016000                                           199Ac
  89 200   -0.257000    0.016000                                           200Ac
  89 201   -0.249000    0.008000                                           201Ac
  89 202   -0.240000   -0.001000                                           202Ac
  89 203   -0.224000   -0.012000                                           203Ac
  89 204   -0.215000   -0.020000                                           204Ac
  89 205   -0.207000   -0.022000                                           205Ac
  89 206   -0.207000   -0.030000                                           206Ac
  89 207   -0.199000   -0.031000                                           207Ac
  89 208   -0.190000   -0.024000                                           208Ac
  89 209   -0.122000   -0.002000                                           209Ac
  89 210   -0.105000   -0.004000                                           210Ac
  89 211   -0.070000   -0.006000                                           211Ac
  89 212   -0.061000   -0.014000                                           212Ac
  89 213   -0.044000   -0.015000                                           213Ac
  89 214   -0.018000                                                       214Ac
  89 215                0.008000                                           215Ac
  89 216   -0.018000    0.008000                                           216Ac
  89 217    0.008000    0.008000                                           217Ac
  89 218    0.029000    0.018000                                           218Ac
  89 219    0.020000    0.011000                                           219Ac
  89 220    0.103000    0.072000                                           220Ac
  89 221    0.111000    0.081000                                           221Ac
  89 222    0.129000    0.099000                                           222Ac
  89 223    0.147000    0.110000                                           223Ac
  89 224    0.165000    0.112000                                           224Ac
  89 225    0.164000    0.111000                                           225Ac
  89 226    0.164000    0.111000                                           226Ac
  89 227    0.172000    0.112000                                           227Ac
  89 228    0.181000    0.113000                                           228Ac
  89 229    0.189000    0.114000                                           229Ac
  89 230    0.197000    0.115000                                           230Ac
  89 231    0.207000    0.108000                                           231Ac
  89 232    0.207000    0.108000                                           232Ac
  89 233    0.215000    0.102000                                           233Ac
  89 234    0.215000    0.093000                                           234Ac
  89 235    0.215000    0.085000                                           235Ac
  89 236    0.224000    0.079000                                           236Ac
  89 237    0.224000    0.070000                                           237Ac
  89 238    0.224000    0.071000                                           238Ac
  89 239    0.224000    0.062000                                           239Ac
  89 240    0.235000    0.048000                                           240Ac
  89 241    0.235000    0.039000                                           241Ac
  89 242    0.225000    0.037000                                           242Ac
  89 243    0.225000    0.029000                                           243Ac
  89 244    0.217000    0.019000                                           244Ac
  89 245    0.217000    0.010000                                           245Ac
  89 246    0.208000    0.001000                                           246Ac
  89 247    0.209000   -0.008000                                           247Ac
  89 248    0.209000   -0.017000                                           248Ac
  89 249    0.209000   -0.024000                                           249Ac
  89 250    0.210000   -0.041000                                           250Ac
  89 251    0.219000   -0.047000                                           251Ac
  89 252    0.200000   -0.050000                                           252Ac
  89 253    0.182000   -0.053000                                           253Ac
  89 254    0.088000    0.019000                                           254Ac
  89 255    0.080000    0.027000                                           255Ac
  89 256    0.080000    0.027000                                           256Ac
  89 257    0.088000    0.019000                                           257Ac
  89 258    0.088000    0.019000                                           258Ac
  89 259    0.098000    0.013000                                           259Ac
  89 260    0.089000    0.003000                                           260Ac
  89 261   -0.129000    0.030000                                           261Ac
  89 262    0.089000   -0.021000                                           262Ac
  89 263    0.080000   -0.030000                                           263Ac
  89 264    0.080000   -0.038000                                           264Ac
  89 265   -0.087000   -0.005000                                           265Ac
  89 266   -0.087000   -0.012000                                           266Ac
  89 267   -0.079000   -0.013000                                           267Ac
  89 268   -0.053000   -0.014000                                           268Ac
  89 269   -0.035000   -0.015000                                           269Ac
  89 270   -0.026000   -0.023000                                           270Ac
  89 271   -0.018000   -0.023000                                           271Ac
  89 272               -0.008000                                           272Ac
  89 273               -0.008000                                           273Ac
  89 274               -0.015000                                           274Ac
  89 275               -0.008000                                           275Ac
  89 276    0.002000   -0.014000                                           276Ac
  89 277    0.004000   -0.012000                                           277Ac
  89 278    0.446000   -0.042000                                           278Ac
  89 279    0.446000   -0.043000                                           279Ac
  89 280    0.457000   -0.058000                                           280Ac
  89 281    0.448000   -0.061000                                           281Ac
  89 282    0.447000   -0.062000                                           282Ac
  89 283    0.436000   -0.066000                                           283Ac
  89 284    0.426000   -0.061000                                           284Ac
  89 285    0.416000   -0.065000                                           285Ac
  89 286    0.405000   -0.058000                                           286Ac
  89 287    0.405000   -0.058000                                           287Ac
  89 288    0.450000   -0.098000                                           288Ac
  89 289    0.461000   -0.104000                                           289Ac
  89 290    0.332000   -0.008000                                           290Ac
  89 291    0.322000   -0.001000                                           291Ac
  89 292    0.464000   -0.129000                                           292Ac
  89 293    0.464000   -0.130000                                           293Ac
  89 294    0.463000   -0.131000                                           294Ac
  89 295    0.454000   -0.133000                                           295Ac
