  92 203    0.226000    0.003000                                           203U 
  92 204    0.208000    0.007000                                           204U 
  92 205    0.180000    0.004000                                           205U 
  92 206    0.162000    0.001000                                           206U 
  92 207    0.162000   -0.006000                                           207U 
  92 208    0.153000   -0.016000                                           208U 
  92 209   -0.207000   -0.029000                                           209U 
  92 210   -0.182000   -0.018000                                           210U 
  92 211   -0.182000   -0.018000                                           211U 
  92 212   -0.156000   -0.005000                                           212U 
  92 213   -0.113000   -0.003000                                           213U 
  92 214   -0.087000   -0.012000                                           214U 
  92 215   -0.079000   -0.021000                                           215U 
  92 216   -0.052000   -0.022000                                           216U 
  92 217   -0.018000                                                       217U 
  92 218    0.008000                                                       218U 
  92 219   -0.026000    0.008000                                           219U 
  92 220    0.008000    0.008000                                           220U 
  92 221    0.048000    0.028000                                           221U 
  92 222    0.048000    0.020000                                           222U 
  92 223    0.110000    0.081000                                           223U 
  92 224    0.146000    0.100000                                           224U 
  92 225    0.165000    0.112000                                           225U 
  92 226    0.172000    0.111000                                           226U 
  92 227    0.182000    0.121000                                           227U 
  92 228    0.191000    0.114000                                           228U 
  92 229    0.191000    0.123000                                           229U 
  92 230    0.199000    0.115000                                           230U 
  92 231    0.198000    0.115000                                           231U 
  92 232    0.207000    0.117000                                           232U 
  92 233    0.207000    0.117000                                           233U 
  92 234    0.215000    0.110000                                           234U 
  92 235    0.215000    0.110000                                           235U 
  92 236    0.215000    0.102000                                           236U 
  92 237    0.215000    0.102000                                           237U 
  92 238    0.215000    0.093000                                           238U 
  92 239    0.223000    0.087000                                           239U 
  92 240    0.224000    0.079000                                           240U 
  92 241    0.224000    0.071000                                           241U 
  92 242    0.224000    0.062000                                           242U 
  92 243    0.224000    0.055000                                           243U 
  92 244    0.235000    0.040000                                           244U 
  92 245    0.235000    0.039000                                           245U 
  92 246    0.225000    0.030000                                           246U 
  92 247    0.217000    0.019000                                           247U 
  92 248    0.217000    0.019000                                           248U 
  92 249    0.217000    0.003000                                           249U 
  92 250    0.218000   -0.006000                                           250U 
  92 251    0.218000   -0.015000                                           251U 
  92 252    0.218000   -0.023000                                           252U 
  92 253    0.219000   -0.031000                                           253U 
  92 254    0.219000   -0.047000                                           254U 
  92 255    0.210000   -0.049000                                           255U 
  92 256    0.201000   -0.059000                                           256U 
  92 257    0.172000   -0.038000                                           257U 
  92 258    0.162000   -0.023000                                           258U 
  92 259    0.135000   -0.008000                                           259U 
  92 260    0.116000    0.005000                                           260U 
  92 261    0.107000    0.013000                                           261U 
  92 262    0.107000    0.013000                                           262U 
  92 263    0.098000    0.004000                                           263U 
  92 264   -0.138000    0.031000                                           264U 
  92 265    0.099000   -0.021000                                           265U 
  92 266    0.089000   -0.030000                                           266U 
  92 267    0.089000   -0.037000                                           267U 
  92 268   -0.096000   -0.005000                                           268U 
  92 269   -0.096000   -0.012000                                           269U 
  92 270   -0.087000   -0.012000                                           270U 
  92 271   -0.053000   -0.007000                                           271U 
  92 272   -0.035000   -0.015000                                           272U 
  92 273   -0.026000   -0.015000                                           273U 
  92 274   -0.018000   -0.015000                                           274U 
  92 275               -0.008000                                           275U 
  92 276               -0.008000                                           276U 
  92 277               -0.015000                                           277U 
  92 278               -0.008000                                           278U 
  92 279    0.004000   -0.012000                                           279U 
  92 280    0.447000   -0.040000                                           280U 
  92 281    0.448000   -0.048000                                           281U 
  92 282    0.447000   -0.049000                                           282U 
  92 283    0.448000   -0.058000                                           283U 
  92 284    0.449000   -0.067000                                           284U 
  92 285    0.449000   -0.068000                                           285U 
  92 286    0.438000   -0.072000                                           286U 
  92 287    0.427000   -0.068000                                           287U 
  92 288    0.417000   -0.072000                                           288U 
  92 289    0.417000   -0.072000                                           289U 
  92 290    0.439000   -0.091000                                           290U 
  92 291    0.439000   -0.091000                                           291U 
  92 292    0.323000                                                       292U 
  92 293    0.302000    0.011000                                           293U 
  92 294    0.302000    0.011000                                           294U 
  92 295    0.293000    0.018000                                           295U 
  92 296    0.282000    0.024000                                           296U 
  92 297    0.282000    0.016000                                           297U 
  92 298    0.432000   -0.120000                                           298U 
  92 299    0.423000   -0.122000                                           299U 
  92 300    0.411000   -0.116000                                           300U 
  92 301    0.215000    0.069000                                           301U 
  92 302    0.206000    0.076000                                           302U 
  92 303    0.206000    0.067000                                           303U 
  92 304    0.337000   -0.065000                                           304U 
  92 305    0.206000    0.059000                                           305U 
