  97 218   -0.139000   -0.016000                                           218Bk
  97 219   -0.105000   -0.019000                                           219Bk
  97 220   -0.096000   -0.020000                                           220Bk
  97 221   -0.070000   -0.030000                                           221Bk
  97 222   -0.026000   -0.008000                                           222Bk
  97 223    0.009000                                                       223Bk
  97 224   -0.035000    0.009000                                           224Bk
  97 225    0.020000    0.002000                                           225Bk
  97 226    0.053000    0.025000                                           226Bk
  97 227    0.244000    0.072000                                           227Bk
  97 228    0.244000    0.072000                                           228Bk
  97 229    0.225000    0.077000                                           229Bk
  97 230    0.198000    0.089000                                           230Bk
  97 231    0.207000    0.091000                                           231Bk
  97 232    0.207000    0.100000                                           232Bk
  97 233    0.216000    0.093000                                           233Bk
  97 234    0.216000    0.093000                                           234Bk
  97 235    0.215000    0.093000                                           235Bk
  97 236    0.215000    0.093000                                           236Bk
  97 237    0.215000    0.093000                                           237Bk
  97 238    0.215000    0.093000                                           238Bk
  97 239    0.215000    0.093000                                           239Bk
  97 240    0.224000    0.086000                                           240Bk
  97 241    0.224000    0.079000                                           241Bk
  97 242    0.224000    0.079000                                           242Bk
  97 243    0.234000    0.073000                                           243Bk
  97 244    0.234000    0.073000                                           244Bk
  97 245    0.234000    0.064000                                           245Bk
  97 246    0.234000    0.057000                                           246Bk
  97 247    0.235000    0.048000                                           247Bk
  97 248    0.235000    0.040000                                           248Bk
  97 249    0.235000    0.040000                                           249Bk
  97 250    0.235000    0.032000                                           250Bk
  97 251    0.235000    0.032000                                           251Bk
  97 252    0.226000    0.021000                                           252Bk
  97 253    0.226000    0.012000                                           253Bk
  97 254    0.217000    0.003000                                           254Bk
  97 255    0.217000    0.003000                                           255Bk
  97 256    0.218000   -0.014000                                           256Bk
  97 257    0.218000   -0.022000                                           257Bk
  97 258    0.219000   -0.030000                                           258Bk
  97 259    0.219000   -0.039000                                           259Bk
  97 260    0.220000   -0.047000                                           260Bk
  97 261    0.219000   -0.047000                                           261Bk
  97 262    0.200000   -0.043000                                           262Bk
  97 263    0.182000   -0.028000                                           263Bk
  97 264    0.163000   -0.023000                                           264Bk
  97 265    0.153000   -0.007000                                           265Bk
  97 266    0.143000                                                       266Bk
  97 267    0.116000    0.006000                                           267Bk
  97 268    0.107000    0.005000                                           268Bk
  97 269   -0.147000    0.024000                                           269Bk
  97 270    0.107000   -0.020000                                           270Bk
  97 271    0.107000   -0.029000                                           271Bk
  97 272    0.099000   -0.037000                                           272Bk
  97 273   -0.105000   -0.011000                                           273Bk
  97 274   -0.105000   -0.019000                                           274Bk
  97 275   -0.096000   -0.019000                                           275Bk
  97 276   -0.053000   -0.007000                                           276Bk
  97 277   -0.053000   -0.014000                                           277Bk
  97 278   -0.035000   -0.015000                                           278Bk
  97 279   -0.018000   -0.008000                                           279Bk
  97 282    0.002000   -0.006000                                           282Bk
  97 283    0.003000    0.003000                                           283Bk
  97 284    0.004000   -0.005000                                           284Bk
  97 285    0.252000    0.074000                                           285Bk
  97 286    0.252000    0.074000                                           286Bk
  97 287    0.244000    0.072000                                           287Bk
  97 288    0.244000    0.072000                                           288Bk
  97 289    0.244000    0.072000                                           289Bk
  97 290    0.244000    0.063000                                           290Bk
  97 291    0.244000    0.063000                                           291Bk
  97 292    0.244000    0.063000                                           292Bk
  97 293    0.243000    0.064000                                           293Bk
  97 294    0.252000    0.058000                                           294Bk
  97 295    0.253000    0.050000                                           295Bk
  97 296    0.263000    0.043000                                           296Bk
  97 297    0.272000    0.030000                                           297Bk
  97 298    0.273000    0.021000                                           298Bk
  97 299    0.273000    0.014000                                           299Bk
  97 300    0.273000    0.022000                                           300Bk
  97 301    0.273000    0.022000                                           301Bk
  97 302    0.243000    0.050000                                           302Bk
  97 303    0.224000    0.054000                                           303Bk
  97 304    0.215000    0.060000                                           304Bk
  97 305    0.215000    0.060000                                           305Bk
  97 306    0.215000    0.061000                                           306Bk
  97 307    0.215000    0.061000                                           307Bk
  97 308    0.215000    0.061000                                           308Bk
  97 309    0.215000    0.053000                                           309Bk
  97 310    0.207000    0.052000                                           310Bk
  97 311    0.207000    0.043000                                           311Bk
  97 312    0.207000    0.034000                                           312Bk
  97 313    0.208000    0.027000                                           313Bk
  97 314    0.208000    0.027000                                           314Bk
  97 315    0.208000    0.019000                                           315Bk
  97 316    0.198000    0.018000                                           316Bk
  97 317    0.198000    0.018000                                           317Bk
  97 318    0.199000    0.009000                                           318Bk
  97 319    0.199000    0.001000                                           319Bk
  97 320    0.199000    0.001000                                           320Bk
  97 321    0.199000   -0.008000                                           321Bk
