 101 229   -0.007000    0.001000                                           229Md
 101 230    0.053000    0.017000                                           230Md
 101 231    0.272000    0.028000                                           231Md
 101 232    0.272000    0.037000                                           232Md
 101 233    0.272000    0.037000                                           233Md
 101 234    0.272000    0.037000                                           234Md
 101 235    0.272000    0.038000                                           235Md
 101 236    0.253000    0.050000                                           236Md
 101 237    0.243000    0.057000                                           237Md
 101 238    0.234000    0.062000                                           238Md
 101 239    0.224000    0.061000                                           239Md
 101 240    0.224000    0.070000                                           240Md
 101 241    0.224000    0.070000                                           241Md
 101 242    0.224000    0.070000                                           242Md
 101 243    0.224000    0.070000                                           243Md
 101 244    0.224000    0.070000                                           244Md
 101 245    0.224000    0.062000                                           245Md
 101 246    0.224000    0.055000                                           246Md
 101 247    0.235000    0.048000                                           247Md
 101 248    0.235000    0.049000                                           248Md
 101 249    0.235000    0.040000                                           249Md
 101 250    0.235000    0.033000                                           250Md
 101 251    0.236000    0.024000                                           251Md
 101 252    0.245000    0.018000                                           252Md
 101 253    0.246000    0.011000                                           253Md
 101 254    0.237000    0.008000                                           254Md
 101 255    0.237000                                                       255Md
 101 256    0.237000   -0.001000                                           256Md
 101 257    0.227000   -0.011000                                           257Md
 101 258    0.227000   -0.012000                                           258Md
 101 259    0.228000   -0.019000                                           259Md
 101 260    0.228000   -0.028000                                           260Md
 101 261    0.219000   -0.030000                                           261Md
 101 262    0.219000   -0.038000                                           262Md
 101 263    0.220000   -0.046000                                           263Md
 101 264    0.220000   -0.055000                                           264Md
 101 265    0.220000   -0.055000                                           265Md
 101 266    0.211000   -0.057000                                           266Md
 101 267    0.200000   -0.042000                                           267Md
 101 268    0.172000   -0.037000                                           268Md
 101 269    0.163000   -0.022000                                           269Md
 101 270    0.154000   -0.015000                                           270Md
 101 271    0.135000   -0.008000                                           271Md
 101 272    0.116000   -0.003000                                           272Md
 101 273    0.116000   -0.019000                                           273Md
 101 274    0.108000   -0.028000                                           274Md
 101 275    0.108000   -0.036000                                           275Md
 101 276    0.108000   -0.044000                                           276Md
 101 277    0.108000   -0.045000                                           277Md
 101 278   -0.105000   -0.019000                                           278Md
 101 279   -0.105000   -0.027000                                           279Md
 101 280   -0.061000   -0.014000                                           280Md
 101 281   -0.053000   -0.014000                                           281Md
 101 282   -0.035000   -0.015000                                           282Md
 101 283   -0.007000    0.001000                                           283Md
 101 284    0.001000    0.001000                                           284Md
 101 285    0.001000    0.001000                                           285Md
 101 287    0.003000    0.003000                                           287Md
 101 288    0.004000    0.004000                                           288Md
 101 289    0.252000    0.058000                                           289Md
 101 290    0.252000    0.058000                                           290Md
 101 291    0.253000    0.049000                                           291Md
 101 292    0.253000    0.049000                                           292Md
 101 293    0.253000    0.049000                                           293Md
 101 294    0.253000    0.040000                                           294Md
 101 295    0.253000    0.040000                                           295Md
 101 296    0.253000    0.040000                                           296Md
 101 297    0.253000    0.033000                                           297Md
 101 298    0.263000    0.027000                                           298Md
 101 299    0.263000    0.027000                                           299Md
 101 300    0.273000    0.021000                                           300Md
 101 301    0.273000    0.014000                                           301Md
 101 302    0.273000    0.014000                                           302Md
 101 303    0.274000    0.006000                                           303Md
 101 304    0.274000    0.006000                                           304Md
 101 305    0.274000    0.006000                                           305Md
 101 306    0.275000   -0.002000                                           306Md
 101 307    0.265000    0.005000                                           307Md
 101 308    0.236000    0.024000                                           308Md
 101 309    0.225000    0.030000                                           309Md
 101 310    0.216000    0.036000                                           310Md
 101 311    0.216000    0.029000                                           311Md
 101 312    0.216000    0.029000                                           312Md
 101 313    0.217000    0.012000                                           313Md
 101 314    0.217000    0.012000                                           314Md
 101 315    0.217000    0.012000                                           315Md
 101 316    0.208000    0.019000                                           316Md
 101 317    0.208000    0.018000                                           317Md
 101 318    0.208000    0.010000                                           318Md
 101 319    0.198000    0.009000                                           319Md
 101 320    0.199000    0.002000                                           320Md
 101 321    0.199000    0.003000                                           321Md
 101 322    0.200000   -0.006000                                           322Md
 101 323    0.200000   -0.015000                                           323Md
 101 324    0.200000   -0.015000                                           324Md
 101 325    0.200000   -0.023000                                           325Md
 101 326    0.200000   -0.024000                                           326Md
 101 327    0.200000   -0.033000                                           327Md
 101 328    0.027000                                                       328Md
 101 330   -0.008000                                                       330Md
 101 331   -0.026000                                                       331Md
 101 332    0.053000    0.025000                                           332Md
 101 333    0.071000    0.034000                                           333Md
 101 334    0.088000    0.043000                                           334Md
