 102 232   -0.024000    0.002000                                           232No
 102 233    0.281000    0.030000                                           233No
 102 234    0.281000    0.030000                                           234No
 102 235    0.281000    0.030000                                           235No
 102 236    0.281000    0.030000                                           236No
 102 237    0.281000    0.039000                                           237No
 102 238    0.263000    0.043000                                           238No
 102 239    0.243000    0.057000                                           239No
 102 240    0.234000    0.055000                                           240No
 102 241    0.234000    0.063000                                           241No
 102 242    0.224000    0.061000                                           242No
 102 243    0.224000    0.070000                                           243No
 102 244    0.224000    0.061000                                           244No
 102 245    0.224000    0.062000                                           245No
 102 246    0.224000    0.054000                                           246No
 102 247    0.224000    0.055000                                           247No
 102 248    0.235000    0.048000                                           248No
 102 249    0.235000    0.040000                                           249No
 102 250    0.235000    0.032000                                           250No
 102 251    0.236000    0.024000                                           251No
 102 252    0.236000    0.024000                                           252No
 102 253    0.236000    0.016000                                           253No
 102 254    0.246000    0.011000                                           254No
 102 255    0.237000                                                       255No
 102 256    0.237000   -0.001000                                           256No
 102 257    0.238000   -0.009000                                           257No
 102 258    0.228000   -0.019000                                           258No
 102 259    0.228000   -0.019000                                           259No
 102 260    0.228000   -0.028000                                           260No
 102 261    0.219000   -0.030000                                           261No
 102 262    0.219000   -0.039000                                           262No
 102 263    0.220000   -0.046000                                           263No
 102 264    0.220000   -0.054000                                           264No
 102 265    0.221000   -0.064000                                           265No
 102 266    0.220000   -0.064000                                           266No
 102 267    0.211000   -0.065000                                           267No
 102 268    0.201000   -0.058000                                           268No
 102 269    0.172000   -0.037000                                           269No
 102 270    0.163000   -0.030000                                           270No
 102 271    0.154000   -0.023000                                           271No
 102 272    0.135000   -0.017000                                           272No
 102 273    0.116000   -0.010000                                           273No
 102 274    0.116000   -0.019000                                           274No
 102 275    0.108000   -0.028000                                           275No
 102 276    0.108000   -0.036000                                           276No
 102 277    0.108000   -0.044000                                           277No
 102 278    0.108000   -0.053000                                           278No
 102 279   -0.105000   -0.027000                                           279No
 102 280   -0.096000   -0.028000                                           280No
 102 281   -0.061000   -0.014000                                           281No
 102 282   -0.053000   -0.014000                                           282No
 102 283   -0.018000   -0.008000                                           283No
 102 284    0.001000    0.001000                                           284No
 102 285    0.001000    0.001000                                           285No
 102 287    0.002000    0.002000                                           287No
 102 288    0.003000    0.003000                                           288No
 102 289    0.004000    0.004000                                           289No
 102 291    0.253000    0.049000                                           291No
 102 292    0.253000    0.048000                                           292No
 102 293    0.253000    0.048000                                           293No
 102 294    0.253000    0.040000                                           294No
 102 295    0.253000    0.040000                                           295No
 102 296    0.253000    0.032000                                           296No
 102 297    0.253000    0.032000                                           297No
 102 298    0.253000    0.033000                                           298No
 102 299    0.263000    0.026000                                           299No
 102 300    0.264000    0.018000                                           300No
 102 301    0.273000    0.013000                                           301No
 102 302    0.274000    0.005000                                           302No
 102 303    0.274000    0.005000                                           303No
 102 304    0.275000   -0.003000                                           304No
 102 305    0.275000   -0.003000                                           305No
 102 306    0.275000   -0.003000                                           306No
 102 307    0.275000   -0.010000                                           307No
 102 308    0.276000   -0.019000                                           308No
 102 309    0.276000   -0.019000                                           309No
 102 310    0.267000   -0.020000                                           310No
 102 311    0.267000   -0.020000                                           311No
 102 312    0.256000   -0.022000                                           312No
 102 313    0.256000   -0.022000                                           313No
 102 314    0.217000    0.004000                                           314No
 102 315    0.217000    0.004000                                           315No
 102 316    0.217000    0.004000                                           316No
 102 317    0.208000    0.010000                                           317No
 102 318    0.208000    0.009000                                           318No
 102 319    0.208000    0.010000                                           319No
 102 320    0.209000    0.003000                                           320No
 102 321    0.199000    0.002000                                           321No
 102 322    0.210000   -0.013000                                           322No
 102 323    0.200000   -0.015000                                           323No
 102 324    0.210000   -0.021000                                           324No
 102 325    0.210000   -0.022000                                           325No
 102 326    0.210000   -0.030000                                           326No
 102 327    0.200000   -0.032000                                           327No
 102 328    0.200000   -0.033000                                           328No
 102 329    0.018000                                                       329No
 102 331   -0.008000                                                       331No
 102 332   -0.018000                                                       332No
 102 333    0.053000    0.025000                                           333No
 102 334    0.071000    0.034000                                           334No
 102 335    0.080000    0.042000                                           335No
 102 336    0.088000    0.043000                                           336No
 102 337    0.098000    0.028000                                           337No
 102 338    0.098000    0.020000                                           338No
