 103 235    0.282000    0.021000                                           235Lr
 103 236    0.282000    0.021000                                           236Lr
 103 237    0.282000    0.022000                                           237Lr
 103 238    0.281000    0.031000                                           238Lr
 103 239    0.272000    0.029000                                           239Lr
 103 240    0.263000    0.036000                                           240Lr
 103 241    0.244000    0.040000                                           241Lr
 103 242    0.235000    0.047000                                           242Lr
 103 243    0.224000    0.054000                                           243Lr
 103 244    0.224000    0.054000                                           244Lr
 103 245    0.224000    0.054000                                           245Lr
 103 246    0.224000    0.054000                                           246Lr
 103 247    0.225000    0.046000                                           247Lr
 103 248    0.225000    0.046000                                           248Lr
 103 249    0.235000    0.032000                                           249Lr
 103 250    0.235000    0.032000                                           250Lr
 103 251    0.236000    0.024000                                           251Lr
 103 252    0.236000    0.016000                                           252Lr
 103 253    0.236000    0.016000                                           253Lr
 103 254    0.237000    0.008000                                           254Lr
 103 255    0.246000    0.002000                                           255Lr
 103 256    0.238000   -0.009000                                           256Lr
 103 257    0.238000   -0.009000                                           257Lr
 103 258    0.238000   -0.017000                                           258Lr
 103 259    0.228000   -0.019000                                           259Lr
 103 260    0.228000   -0.028000                                           260Lr
 103 261    0.228000   -0.028000                                           261Lr
 103 262    0.219000   -0.038000                                           262Lr
 103 263    0.220000   -0.046000                                           263Lr
 103 264    0.220000   -0.054000                                           264Lr
 103 265    0.221000   -0.063000                                           265Lr
 103 266    0.221000   -0.064000                                           266Lr
 103 267    0.220000   -0.064000                                           267Lr
 103 268    0.211000   -0.065000                                           268Lr
 103 269    0.201000   -0.058000                                           269Lr
 103 270    0.173000   -0.045000                                           270Lr
 103 271    0.163000   -0.038000                                           271Lr
 103 272    0.163000   -0.030000                                           272Lr
 103 273    0.154000   -0.031000                                           273Lr
 103 274    0.126000   -0.018000                                           274Lr
 103 275    0.126000   -0.026000                                           275Lr
 103 276    0.108000   -0.028000                                           276Lr
 103 277    0.108000   -0.036000                                           277Lr
 103 278    0.108000   -0.044000                                           278Lr
 103 279    0.108000   -0.053000                                           279Lr
 103 280   -0.105000   -0.027000                                           280Lr
 103 281   -0.096000   -0.028000                                           281Lr
 103 282   -0.061000   -0.014000                                           282Lr
 103 283   -0.053000   -0.014000                                           283Lr
 103 284   -0.026000   -0.008000                                           284Lr
 103 285    0.001000    0.001000                                           285Lr
 103 287    0.002000    0.002000                                           287Lr
 103 288    0.003000    0.002000                                           288Lr
 103 289    0.003000    0.003000                                           289Lr
 103 292    0.253000    0.040000                                           292Lr
 103 293    0.244000    0.038000                                           293Lr
 103 294    0.244000    0.037000                                           294Lr
 103 295    0.244000    0.030000                                           295Lr
 103 296    0.244000    0.030000                                           296Lr
 103 297    0.244000    0.030000                                           297Lr
 103 298    0.253000    0.024000                                           298Lr
 103 299    0.253000    0.024000                                           299Lr
 103 300    0.254000    0.015000                                           300Lr
 103 301    0.264000    0.011000                                           301Lr
 103 302    0.264000    0.011000                                           302Lr
 103 303    0.274000   -0.004000                                           303Lr
 103 304    0.274000   -0.004000                                           304Lr
 103 305    0.274000   -0.003000                                           305Lr
 103 306    0.275000   -0.003000                                           306Lr
 103 307    0.275000   -0.010000                                           307Lr
 103 308    0.276000   -0.019000                                           308Lr
 103 309    0.276000   -0.019000                                           309Lr
 103 310    0.267000   -0.021000                                           310Lr
 103 311    0.267000   -0.021000                                           311Lr
 103 312    0.256000   -0.023000                                           312Lr
 103 313    0.256000   -0.023000                                           313Lr
 103 314    0.247000   -0.024000                                           314Lr
 103 315    0.238000   -0.026000                                           315Lr
 103 316    0.218000   -0.005000                                           316Lr
 103 317    0.218000   -0.005000                                           317Lr
 103 318    0.209000    0.002000                                           318Lr
 103 319    0.209000    0.002000                                           319Lr
 103 320    0.209000    0.002000                                           320Lr
 103 321    0.209000   -0.006000                                           321Lr
 103 322    0.210000   -0.014000                                           322Lr
 103 323    0.210000   -0.013000                                           323Lr
 103 324    0.210000   -0.021000                                           324Lr
 103 325    0.210000   -0.021000                                           325Lr
 103 326    0.211000   -0.030000                                           326Lr
 103 327    0.210000   -0.031000                                           327Lr
 103 328    0.200000   -0.032000                                           328Lr
 103 329    0.200000   -0.033000                                           329Lr
 103 330    0.018000                                                       330Lr
 103 332   -0.008000                                                       332Lr
 103 333   -0.018000                                                       333Lr
 103 334    0.053000    0.025000                                           334Lr
 103 335    0.071000    0.034000                                           335Lr
 103 336    0.088000    0.043000                                           336Lr
 103 337    0.098000    0.037000                                           337Lr
 103 338    0.098000    0.028000                                           338Lr
 103 339    0.098000    0.020000                                           339Lr
