 105 241    0.273000    0.013000                                           241Db
 105 242    0.273000    0.013000                                           242Db
 105 243    0.244000    0.023000                                           243Db
 105 244    0.235000    0.038000                                           244Db
 105 245    0.225000    0.036000                                           245Db
 105 246    0.225000    0.045000                                           246Db
 105 247    0.225000    0.036000                                           247Db
 105 248    0.225000    0.037000                                           248Db
 105 249    0.225000    0.029000                                           249Db
 105 250    0.225000    0.030000                                           250Db
 105 251    0.236000    0.015000                                           251Db
 105 252    0.236000    0.015000                                           252Db
 105 253    0.237000    0.007000                                           253Db
 105 254    0.237000   -0.001000                                           254Db
 105 255    0.237000   -0.001000                                           255Db
 105 256    0.247000   -0.007000                                           256Db
 105 257    0.247000   -0.014000                                           257Db
 105 258    0.238000   -0.016000                                           258Db
 105 259    0.239000   -0.025000                                           259Db
 105 260    0.239000   -0.025000                                           260Db
 105 261    0.228000   -0.028000                                           261Db
 105 262    0.229000   -0.036000                                           262Db
 105 263    0.229000   -0.044000                                           263Db
 105 264    0.229000   -0.053000                                           264Db
 105 265    0.229000   -0.053000                                           265Db
 105 266    0.221000   -0.063000                                           266Db
 105 267    0.230000   -0.069000                                           267Db
 105 268    0.221000   -0.071000                                           268Db
 105 269    0.221000   -0.080000                                           269Db
 105 270    0.212000   -0.073000                                           270Db
 105 271    0.201000   -0.067000                                           271Db
 105 272    0.183000   -0.060000                                           272Db
 105 273    0.164000   -0.047000                                           273Db
 105 274    0.163000   -0.047000                                           274Db
 105 275    0.155000   -0.048000                                           275Db
 105 276    0.126000   -0.026000                                           276Db
 105 277    0.117000   -0.034000                                           277Db
 105 278    0.108000   -0.035000                                           278Db
 105 279    0.108000   -0.044000                                           279Db
 105 280    0.108000   -0.044000                                           280Db
 105 281    0.108000   -0.053000                                           281Db
 105 282   -0.105000   -0.027000                                           282Db
 105 283   -0.096000   -0.028000                                           283Db
 105 284   -0.053000   -0.014000                                           284Db
 105 285   -0.044000   -0.014000                                           285Db
 105 286   -0.007000    0.001000                                           286Db
 105 287    0.001000    0.001000                                           287Db
 105 288    0.001000    0.001000                                           288Db
 105 289    0.002000    0.001000                                           289Db
 105 292    0.004000    0.004000                                           292Db
 105 293    0.004000    0.004000                                           293Db
 105 294    0.253000    0.032000                                           294Db
 105 295    0.253000    0.023000                                           295Db
 105 296    0.253000    0.023000                                           296Db
 105 297    0.253000    0.023000                                           297Db
 105 298    0.253000    0.023000                                           298Db
 105 299    0.254000    0.015000                                           299Db
 105 300    0.254000    0.015000                                           300Db
 105 301    0.265000    0.001000                                           301Db
 105 302    0.265000    0.002000                                           302Db
 105 303    0.274000   -0.005000                                           303Db
 105 304    0.275000   -0.012000                                           304Db
 105 305    0.275000   -0.011000                                           305Db
 105 306    0.275000   -0.011000                                           306Db
 105 307    0.276000   -0.019000                                           307Db
 105 308    0.276000   -0.019000                                           308Db
 105 309    0.276000   -0.019000                                           309Db
 105 310    0.276000   -0.019000                                           310Db
 105 311    0.276000   -0.028000                                           311Db
 105 312    0.277000   -0.035000                                           312Db
 105 313    0.277000   -0.035000                                           313Db
 105 314    0.277000   -0.043000                                           314Db
 105 315    0.268000   -0.037000                                           315Db
 105 316    0.268000   -0.045000                                           316Db
 105 317    0.248000   -0.033000                                           317Db
 105 318    0.248000   -0.033000                                           318Db
 105 319    0.248000   -0.032000                                           319Db
 105 320    0.269000   -0.052000                                           320Db
 105 321    0.249000   -0.039000                                           321Db
 105 322    0.249000   -0.038000                                           322Db
 105 323    0.210000   -0.021000                                           323Db
 105 324    0.210000   -0.021000                                           324Db
 105 325    0.211000   -0.028000                                           325Db
 105 326    0.211000   -0.029000                                           326Db
 105 327    0.211000   -0.029000                                           327Db
 105 328    0.201000   -0.031000                                           328Db
 105 329    0.201000   -0.040000                                           329Db
 105 330    0.201000   -0.041000                                           330Db
 105 331    0.200000   -0.041000                                           331Db
 105 332    0.018000                                                       332Db
 105 334   -0.008000                                                       334Db
 105 335   -0.018000                                                       335Db
 105 336    0.053000    0.025000                                           336Db
 105 337    0.071000    0.034000                                           337Db
 105 338    0.080000    0.035000                                           338Db
 105 339    0.088000    0.036000                                           339Db
