 106 244    0.274000    0.004000                                           244Sg
 106 245    0.235000    0.030000                                           245Sg
 106 246    0.225000    0.036000                                           246Sg
 106 247    0.225000    0.036000                                           247Sg
 106 248    0.225000    0.036000                                           248Sg
 106 249    0.225000    0.036000                                           249Sg
 106 250    0.225000    0.029000                                           250Sg
 106 251    0.225000    0.030000                                           251Sg
 106 252    0.236000    0.007000                                           252Sg
 106 253    0.236000    0.007000                                           253Sg
 106 254    0.237000   -0.001000                                           254Sg
 106 255    0.247000   -0.007000                                           255Sg
 106 256    0.247000   -0.007000                                           256Sg
 106 257    0.247000   -0.014000                                           257Sg
 106 258    0.248000   -0.022000                                           258Sg
 106 259    0.248000   -0.023000                                           259Sg
 106 260    0.239000   -0.025000                                           260Sg
 106 261    0.238000   -0.025000                                           261Sg
 106 262    0.229000   -0.036000                                           262Sg
 106 263    0.229000   -0.044000                                           263Sg
 106 264    0.229000   -0.044000                                           264Sg
 106 265    0.229000   -0.053000                                           265Sg
 106 266    0.230000   -0.061000                                           266Sg
 106 267    0.230000   -0.069000                                           267Sg
 106 268    0.231000   -0.078000                                           268Sg
 106 269    0.222000   -0.079000                                           269Sg
 106 270    0.221000   -0.080000                                           270Sg
 106 271    0.212000   -0.082000                                           271Sg
 106 272    0.201000   -0.074000                                           272Sg
 106 273    0.183000   -0.069000                                           273Sg
 106 274    0.164000   -0.054000                                           274Sg
 106 275    0.164000   -0.054000                                           275Sg
 106 276    0.135000   -0.033000                                           276Sg
 106 277    0.108000   -0.019000                                           277Sg
 106 278    0.108000   -0.028000                                           278Sg
 106 279    0.108000   -0.035000                                           279Sg
 106 280    0.108000   -0.044000                                           280Sg
 106 281    0.108000   -0.053000                                           281Sg
 106 282    0.108000   -0.060000                                           282Sg
 106 283   -0.096000   -0.020000                                           283Sg
 106 284   -0.087000   -0.020000                                           284Sg
 106 285   -0.053000   -0.014000                                           285Sg
 106 286   -0.008000                                                       286Sg
 106 287   -0.008000                                                       287Sg
 106 292    0.003000    0.002000                                           292Sg
 106 293    0.003000    0.003000                                           293Sg
 106 294    0.004000    0.004000                                           294Sg
 106 295    0.005000    0.004000                                           295Sg
 106 296    0.253000    0.023000                                           296Sg
 106 297    0.253000    0.032000                                           297Sg
 106 298    0.253000    0.023000                                           298Sg
 106 299    0.253000    0.023000                                           299Sg
 106 300    0.264000    0.009000                                           300Sg
 106 301    0.264000    0.010000                                           301Sg
 106 302    0.265000    0.002000                                           302Sg
 106 303    0.274000   -0.005000                                           303Sg
 106 304    0.275000   -0.012000                                           304Sg
 106 305    0.275000   -0.012000                                           305Sg
 106 306    0.275000   -0.011000                                           306Sg
 106 307    0.275000   -0.019000                                           307Sg
 106 308    0.276000   -0.019000                                           308Sg
 106 309    0.276000   -0.019000                                           309Sg
 106 310    0.276000   -0.019000                                           310Sg
 106 311    0.276000   -0.027000                                           311Sg
 106 312    0.276000   -0.027000                                           312Sg
 106 313    0.277000   -0.035000                                           313Sg
 106 314    0.277000   -0.043000                                           314Sg
 106 315    0.278000   -0.052000                                           315Sg
 106 316    0.278000   -0.052000                                           316Sg
 106 317    0.278000   -0.052000                                           317Sg
 106 318    0.279000   -0.058000                                           318Sg
 106 319    0.279000   -0.058000                                           319Sg
 106 320    0.279000   -0.058000                                           320Sg
 106 321    0.280000   -0.066000                                           321Sg
 106 322    0.270000   -0.059000                                           322Sg
 106 323    0.270000   -0.060000                                           323Sg
 106 324    0.250000   -0.046000                                           324Sg
 106 325    0.221000   -0.035000                                           325Sg
 106 326    0.211000   -0.028000                                           326Sg
 106 327    0.211000   -0.028000                                           327Sg
 106 328    0.201000   -0.030000                                           328Sg
 106 329    0.201000   -0.039000                                           329Sg
 106 330    0.201000   -0.040000                                           330Sg
 106 331    0.201000   -0.041000                                           331Sg
 106 332    0.008000                                                       332Sg
 106 333    0.008000                                                       333Sg
 106 336   -0.008000                                                       336Sg
 106 337    0.008000                                                       337Sg
 106 338    0.062000    0.034000                                           338Sg
 106 339    0.080000    0.035000                                           339Sg
