 108 250    0.226000    0.020000                                           250Hs
 108 251    0.225000    0.029000                                           251Hs
 108 252    0.226000    0.012000                                           252Hs
 108 253    0.226000    0.012000                                           253Hs
 108 254    0.237000   -0.002000                                           254Hs
 108 255    0.237000   -0.002000                                           255Hs
 108 256    0.237000   -0.010000                                           256Hs
 108 257    0.238000   -0.017000                                           257Hs
 108 258    0.238000   -0.017000                                           258Hs
 108 259    0.238000   -0.017000                                           259Hs
 108 260    0.239000   -0.025000                                           260Hs
 108 261    0.239000   -0.025000                                           261Hs
 108 262    0.239000   -0.034000                                           262Hs
 108 263    0.239000   -0.042000                                           263Hs
 108 264    0.229000   -0.044000                                           264Hs
 108 265    0.230000   -0.053000                                           265Hs
 108 266    0.230000   -0.061000                                           266Hs
 108 267    0.230000   -0.062000                                           267Hs
 108 268    0.230000   -0.069000                                           268Hs
 108 269    0.231000   -0.078000                                           269Hs
 108 270    0.231000   -0.086000                                           270Hs
 108 271    0.222000   -0.088000                                           271Hs
 108 272    0.222000   -0.089000                                           272Hs
 108 273    0.221000   -0.090000                                           273Hs
 108 274    0.212000   -0.091000                                           274Hs
 108 275    0.183000   -0.077000                                           275Hs
 108 276    0.164000   -0.063000                                           276Hs
 108 277    0.145000   -0.049000                                           277Hs
 108 278    0.108000   -0.019000                                           278Hs
 108 279    0.108000   -0.019000                                           279Hs
 108 280    0.108000   -0.035000                                           280Hs
 108 281    0.108000   -0.044000                                           281Hs
 108 282    0.108000   -0.044000                                           282Hs
 108 283    0.099000   -0.053000                                           283Hs
 108 284    0.099000   -0.061000                                           284Hs
 108 285    0.089000   -0.054000                                           285Hs
 108 286   -0.079000   -0.021000                                           286Hs
 108 287   -0.026000                                                       287Hs
 108 288   -0.008000                                                       288Hs
 108 289   -0.008000                                                       289Hs
 108 293    0.001000    0.001000                                           293Hs
 108 294    0.002000    0.002000                                           294Hs
 108 295    0.003000    0.002000                                           295Hs
 108 296    0.003000    0.003000                                           296Hs
 108 297    0.004000    0.004000                                           297Hs
 108 299    0.264000    0.024000                                           299Hs
 108 300    0.264000    0.025000                                           300Hs
 108 301    0.264000    0.025000                                           301Hs
 108 302    0.264000    0.016000                                           302Hs
 108 303    0.264000    0.009000                                           303Hs
 108 304    0.264000    0.001000                                           304Hs
 108 305    0.274000   -0.006000                                           305Hs
 108 306    0.274000   -0.013000                                           306Hs
 108 307    0.274000   -0.013000                                           307Hs
 108 308    0.275000   -0.021000                                           308Hs
 108 309    0.275000   -0.021000                                           309Hs
 108 310    0.275000   -0.020000                                           310Hs
 108 311    0.275000   -0.020000                                           311Hs
 108 312    0.276000   -0.029000                                           312Hs
 108 313    0.276000   -0.036000                                           313Hs
 108 314    0.277000   -0.045000                                           314Hs
 108 315    0.277000   -0.053000                                           315Hs
 108 316    0.278000   -0.061000                                           316Hs
 108 317    0.278000   -0.061000                                           317Hs
 108 318    0.279000   -0.069000                                           318Hs
 108 319    0.279000   -0.069000                                           319Hs
 108 320    0.289000   -0.082000                                           320Hs
 108 321    0.280000   -0.076000                                           321Hs
 108 322    0.280000   -0.076000                                           322Hs
 108 323    0.280000   -0.076000                                           323Hs
 108 324    0.280000   -0.077000                                           324Hs
 108 325    0.270000   -0.070000                                           325Hs
 108 326    0.260000   -0.071000                                           326Hs
 108 327    0.221000   -0.043000                                           327Hs
 108 328    0.127000   -0.043000                                           328Hs
 108 329    0.117000   -0.052000                                           329Hs
 108 330    0.117000   -0.052000                                           330Hs
 108 331    0.117000   -0.052000                                           331Hs
 108 332    0.192000   -0.049000                                           332Hs
 108 333    0.053000   -0.023000                                           333Hs
 108 334    0.008000                                                       334Hs
 108 335    0.008000                                                       335Hs
 108 337   -0.008000                                                       337Hs
 108 338   -0.008000                                                       338Hs
 108 339   -0.008000                                                       339Hs
