 109 253    0.227000   -0.004000                                           253Mt
 109 254    0.227000   -0.004000                                           254Mt
 109 255    0.227000   -0.013000                                           255Mt
 109 256    0.227000   -0.012000                                           256Mt
 109 257    0.238000   -0.018000                                           257Mt
 109 258    0.238000   -0.026000                                           258Mt
 109 259    0.238000   -0.026000                                           259Mt
 109 260    0.238000   -0.026000                                           260Mt
 109 261    0.239000   -0.034000                                           261Mt
 109 262    0.229000   -0.036000                                           262Mt
 109 263    0.229000   -0.044000                                           263Mt
 109 264    0.229000   -0.044000                                           264Mt
 109 265    0.229000   -0.053000                                           265Mt
 109 266    0.230000   -0.061000                                           266Mt
 109 267    0.221000   -0.063000                                           267Mt
 109 268    0.221000   -0.071000                                           268Mt
 109 269    0.231000   -0.078000                                           269Mt
 109 270    0.222000   -0.079000                                           270Mt
 109 271    0.231000   -0.087000                                           271Mt
 109 272    0.222000   -0.088000                                           272Mt
 109 273    0.222000   -0.089000                                           273Mt
 109 274    0.222000   -0.097000                                           274Mt
 109 275    0.212000   -0.091000                                           275Mt
 109 276    0.202000   -0.092000                                           276Mt
 109 277    0.164000   -0.063000                                           277Mt
 109 278    0.136000   -0.041000                                           278Mt
 109 279    0.108000   -0.019000                                           279Mt
 109 280    0.108000   -0.028000                                           280Mt
 109 281    0.108000   -0.035000                                           281Mt
 109 282    0.108000   -0.044000                                           282Mt
 109 283    0.108000   -0.053000                                           283Mt
 109 284    0.108000   -0.060000                                           284Mt
 109 285    0.108000   -0.069000                                           285Mt
 109 286    0.089000   -0.054000                                           286Mt
 109 287   -0.079000   -0.021000                                           287Mt
 109 288   -0.018000                                                       288Mt
 109 294    0.001000    0.001000                                           294Mt
 109 295    0.001000    0.001000                                           295Mt
 109 296    0.002000    0.002000                                           296Mt
 109 297    0.003000    0.002000                                           297Mt
 109 299    0.004000    0.003000                                           299Mt
 109 300    0.004000    0.004000                                           300Mt
 109 301    0.264000    0.024000                                           301Mt
 109 302    0.264000    0.024000                                           302Mt
 109 303    0.264000    0.016000                                           303Mt
 109 304    0.264000    0.008000                                           304Mt
 109 305    0.264000                                                       305Mt
 109 306    0.264000                                                       306Mt
 109 307    0.274000   -0.014000                                           307Mt
 109 308    0.274000   -0.013000                                           308Mt
 109 309    0.275000   -0.021000                                           309Mt
 109 310    0.284000   -0.019000                                           310Mt
 109 311    0.275000   -0.021000                                           311Mt
 109 312    0.276000   -0.029000                                           312Mt
 109 313    0.276000   -0.037000                                           313Mt
 109 314    0.277000   -0.045000                                           314Mt
 109 315    0.277000   -0.054000                                           315Mt
 109 316    0.278000   -0.061000                                           316Mt
 109 317    0.278000   -0.070000                                           317Mt
 109 318    0.278000   -0.070000                                           318Mt
 109 319    0.278000   -0.069000                                           319Mt
 109 320    0.279000   -0.078000                                           320Mt
 109 321    0.279000   -0.077000                                           321Mt
 109 322    0.280000   -0.084000                                           322Mt
 109 323    0.280000   -0.084000                                           323Mt
 109 324    0.280000   -0.084000                                           324Mt
 109 325    0.270000   -0.079000                                           325Mt
 109 326    0.260000   -0.072000                                           326Mt
 109 327    0.251000   -0.073000                                           327Mt
 109 328    0.127000   -0.042000                                           328Mt
 109 329    0.117000   -0.052000                                           329Mt
 109 330    0.108000   -0.052000                                           330Mt
 109 331    0.108000   -0.053000                                           331Mt
 109 332    0.108000   -0.053000                                           332Mt
 109 333    0.108000   -0.044000                                           333Mt
 109 334    0.053000   -0.023000                                           334Mt
 109 335    0.008000                                                       335Mt
 109 336    0.008000                                                       336Mt
 109 338   -0.008000                                                       338Mt
 109 339   -0.008000                                                       339Mt
