                    *********************************************************************************
                    *  Z= 18 A= 41: Positive-Parity Spin-dependent Level Density [MeV-1] for AR 41  *
                    *********************************************************************************
 U[MeV]  T[MeV]  NCUMUL   RHOOBS   RHOTOT    J=01/2   J=03/2   J=05/2   J=07/2   J=09/2   J=11/2   J=13/2   J=15/2   J=17/2   J=19/2   J=21/2   J=23/2   J=25/2   J=27/2   J=29/2   J=31/2   J=33/2   J=35/2   J=37/2   J=39/2   J=41/2   J=43/2   J=45/2   J=47/2   J=49/2   J=51/2   J=53/2   J=55/2   J=57/2   J=59/2   J=61/2   J=63/2   J=65/2   J=67/2   J=69/2   J=71/2   J=73/2   J=75/2   J=77/2   J=79/2   J=81/2   J=83/2   J=85/2   J=87/2   J=89/2   J=91/2   J=93/2   J=95/2   J=97/2   J=99/2
   0.25  0.259  1.00E+00 0.00E+00 0.00E+00 0.00E+00 0.00E+00 0.00E+00 0.00E+00 0.00E+00 0.00E+00 0.00E+00 0.00E+00 0.00E+00 0.00E+00 0.00E+00 0.00E+00 0.00E+00 0.00E+00 0.00E+00 0.00E+00 0.00E+00 0.00E+00 0.00E+00 0.00E+00 0.00E+00 0.00E+00 0.00E+00 0.00E+00 0.00E+00 0.00E+00 0.00E+00 0.00E+00 0.00E+00 0.00E+00 0.00E+00 0.00E+00 0.00E+00 0.00E+00 0.00E+00 0.00E+00 0.00E+00 0.00E+00 0.00E+00 0.00E+00 0.00E+00 0.00E+00 0.00E+00 0.00E+00 0.00E+00 0.00E+00 0.00E+00 0.00E+00 0.00E+00 0.00E+00
   0.50  0.366  1.00E+00 0.00E+00 0.00E+00 0.00E+00 0.00E+00 0.00E+00 0.00E+00 0.00E+00 0.00E+00 0.00E+00 0.00E+00 0.00E+00 0.00E+00 0.00E+00 0.00E+00 0.00E+00 0.00E+00 0.00E+00 0.00E+00 0.00E+00 0.00E+00 0.00E+00 0.00E+00 0.00E+00 0.00E+00 0.00E+00 0.00E+00 0.00E+00 0.00E+00 0.00E+00 0.00E+00 0.00E+00 0.00E+00 0.00E+00 0.00E+00 0.00E+00 0.00E+00 0.00E+00 0.00E+00 0.00E+00 0.00E+00 0.00E+00 0.00E+00 0.00E+00 0.00E+00 0.00E+00 0.00E+00 0.00E+00 0.00E+00 0.00E+00 0.00E+00 0.00E+00 0.00E+00
   0.75  0.449  1.00E+00 0.00E+00 0.00E+00 0.00E+00 0.00E+00 0.00E+00 0.00E+00 0.00E+00 0.00E+00 0.00E+00 0.00E+00 0.00E+00 0.00E+00 0.00E+00 0.00E+00 0.00E+00 0.00E+00 0.00E+00 0.00E+00 0.00E+00 0.00E+00 0.00E+00 0.00E+00 0.00E+00 0.00E+00 0.00E+00 0.00E+00 0.00E+00 0.00E+00 0.00E+00 0.00E+00 0.00E+00 0.00E+00 0.00E+00 0.00E+00 0.00E+00 0.00E+00 0.00E+00 0.00E+00 0.00E+00 0.00E+00 0.00E+00 0.00E+00 0.00E+00 0.00E+00 0.00E+00 0.00E+00 0.00E+00 0.00E+00 0.00E+00 0.00E+00 0.00E+00 0.00E+00
   1.00  0.518  1.00E+00 0.00E+00 0.00E+00 0.00E+00 0.00E+00 0.00E+00 0.00E+00 0.00E+00 0.00E+00 0.00E+00 0.00E+00 0.00E+00 0.00E+00 0.00E+00 0.00E+00 0.00E+00 0.00E+00 0.00E+00 0.00E+00 0.00E+00 0.00E+00 0.00E+00 0.00E+00 0.00E+00 0.00E+00 0.00E+00 0.00E+00 0.00E+00 0.00E+00 0.00E+00 0.00E+00 0.00E+00 0.00E+00 0.00E+00 0.00E+00 0.00E+00 0.00E+00 0.00E+00 0.00E+00 0.00E+00 0.00E+00 0.00E+00 0.00E+00 0.00E+00 0.00E+00 0.00E+00 0.00E+00 0.00E+00 0.00E+00 0.00E+00 0.00E+00 0.00E+00 0.00E+00
   1.25  0.579  1.00E+00 0.00E+00 0.00E+00 0.00E+00 0.00E+00 0.00E+00 0.00E+00 0.00E+00 0.00E+00 0.00E+00 0.00E+00 0.00E+00 0.00E+00 0.00E+00 0.00E+00 0.00E+00 0.00E+00 0.00E+00 0.00E+00 0.00E+00 0.00E+00 0.00E+00 0.00E+00 0.00E+00 0.00E+00 0.00E+00 0.00E+00 0.00E+00 0.00E+00 0.00E+00 0.00E+00 0.00E+00 0.00E+00 0.00E+00 0.00E+00 0.00E+00 0.00E+00 0.00E+00 0.00E+00 0.00E+00 0.00E+00 0.00E+00 0.00E+00 0.00E+00 0.00E+00 0.00E+00 0.00E+00 0.00E+00 0.00E+00 0.00E+00 0.00E+00 0.00E+00 0.00E+00
   1.50  0.634  1.00E+00 0.00E+00 0.00E+00 0.00E+00 0.00E+00 0.00E+00 0.00E+00 0.00E+00 0.00E+00 0.00E+00 0.00E+00 0.00E+00 0.00E+00 0.00E+00 0.00E+00 0.00E+00 0.00E+00 0.00E+00 0.00E+00 0.00E+00 0.00E+00 0.00E+00 0.00E+00 0.00E+00 0.00E+00 0.00E+00 0.00E+00 0.00E+00 0.00E+00 0.00E+00 0.00E+00 0.00E+00 0.00E+00 0.00E+00 0.00E+00 0.00E+00 0.00E+00 0.00E+00 0.00E+00 0.00E+00 0.00E+00 0.00E+00 0.00E+00 0.00E+00 0.00E+00 0.00E+00 0.00E+00 0.00E+00 0.00E+00 0.00E+00 0.00E+00 0.00E+00 0.00E+00
   1.75  0.685  1.00E+00 0.00E+00 0.00E+00 0.00E+00 0.00E+00 0.00E+00 0.00E+00 0.00E+00 0.00E+00 0.00E+00 0.00E+00 0.00E+00 0.00E+00 0.00E+00 0.00E+00 0.00E+00 0.00E+00 0.00E+00 0.00E+00 0.00E+00 0.00E+00 0.00E+00 0.00E+00 0.00E+00 0.00E+00 0.00E+00 0.00E+00 0.00E+00 0.00E+00 0.00E+00 0.00E+00 0.00E+00 0.00E+00 0.00E+00 0.00E+00 0.00E+00 0.00E+00 0.00E+00 0.00E+00 0.00E+00 0.00E+00 0.00E+00 0.00E+00 0.00E+00 0.00E+00 0.00E+00 0.00E+00 0.00E+00 0.00E+00 0.00E+00 0.00E+00 0.00E+00 0.00E+00
   2.00  0.733  1.00E+00 0.00E+00 0.00E+00 0.00E+00 0.00E+00 0.00E+00 0.00E+00 0.00E+00 0.00E+00 0.00E+00 0.00E+00 0.00E+00 0.00E+00 0.00E+00 0.00E+00 0.00E+00 0.00E+00 0.00E+00 0.00E+00 0.00E+00 0.00E+00 0.00E+00 0.00E+00 0.00E+00 0.00E+00 0.00E+00 0.00E+00 0.00E+00 0.00E+00 0.00E+00 0.00E+00 0.00E+00 0.00E+00 0.00E+00 0.00E+00 0.00E+00 0.00E+00 0.00E+00 0.00E+00 0.00E+00 0.00E+00 0.00E+00 0.00E+00 0.00E+00 0.00E+00 0.00E+00 0.00E+00 0.00E+00 0.00E+00 0.00E+00 0.00E+00 0.00E+00 0.00E+00
   2.25  0.777  1.00E+00 0.00E+00 0.00E+00 0.00E+00 0.00E+00 0.00E+00 0.00E+00 0.00E+00 0.00E+00 0.00E+00 0.00E+00 0.00E+00 0.00E+00 0.00E+00 0.00E+00 0.00E+00 0.00E+00 0.00E+00 0.00E+00 0.00E+00 0.00E+00 0.00E+00 0.00E+00 0.00E+00 0.00E+00 0.00E+00 0.00E+00 0.00E+00 0.00E+00 0.00E+00 0.00E+00 0.00E+00 0.00E+00 0.00E+00 0.00E+00 0.00E+00 0.00E+00 0.00E+00 0.00E+00 0.00E+00 0.00E+00 0.00E+00 0.00E+00 0.00E+00 0.00E+00 0.00E+00 0.00E+00 0.00E+00 0.00E+00 0.00E+00 0.00E+00 0.00E+00 0.00E+00
   2.50  0.819  1.00E+00 0.00E+00 0.00E+00 0.00E+00 0.00E+00 0.00E+00 0.00E+00 0.00E+00 0.00E+00 0.00E+00 0.00E+00 0.00E+00 0.00E+00 0.00E+00 0.00E+00 0.00E+00 0.00E+00 0.00E+00 0.00E+00 0.00E+00 0.00E+00 0.00E+00 0.00E+00 0.00E+00 0.00E+00 0.00E+00 0.00E+00 0.00E+00 0.00E+00 0.00E+00 0.00E+00 0.00E+00 0.00E+00 0.00E+00 0.00E+00 0.00E+00 0.00E+00 0.00E+00 0.00E+00 0.00E+00 0.00E+00 0.00E+00 0.00E+00 0.00E+00 0.00E+00 0.00E+00 0.00E+00 0.00E+00 0.00E+00 0.00E+00 0.00E+00 0.00E+00 0.00E+00
   2.75  0.859  1.00E+00 0.00E+00 0.00E+00 0.00E+00 0.00E+00 0.00E+00 0.00E+00 0.00E+00 0.00E+00 0.00E+00 0.00E+00 0.00E+00 0.00E+00 0.00E+00 0.00E+00 0.00E+00 0.00E+00 0.00E+00 0.00E+00 0.00E+00 0.00E+00 0.00E+00 0.00E+00 0.00E+00 0.00E+00 0.00E+00 0.00E+00 0.00E+00 0.00E+00 0.00E+00 0.00E+00 0.00E+00 0.00E+00 0.00E+00 0.00E+00 0.00E+00 0.00E+00 0.00E+00 0.00E+00 0.00E+00 0.00E+00 0.00E+00 0.00E+00 0.00E+00 0.00E+00 0.00E+00 0.00E+00 0.00E+00 0.00E+00 0.00E+00 0.00E+00 0.00E+00 0.00E+00
   3.00  0.897  1.00E+00 0.00E+00 0.00E+00 0.00E+00 0.00E+00 0.00E+00 0.00E+00 0.00E+00 0.00E+00 0.00E+00 0.00E+00 0.00E+00 0.00E+00 0.00E+00 0.00E+00 0.00E+00 0.00E+00 0.00E+00 0.00E+00 0.00E+00 0.00E+00 0.00E+00 0.00E+00 0.00E+00 0.00E+00 0.00E+00 0.00E+00 0.00E+00 0.00E+00 0.00E+00 0.00E+00 0.00E+00 0.00E+00 0.00E+00 0.00E+00 0.00E+00 0.00E+00 0.00E+00 0.00E+00 0.00E+00 0.00E+00 0.00E+00 0.00E+00 0.00E+00 0.00E+00 0.00E+00 0.00E+00 0.00E+00 0.00E+00 0.00E+00 0.00E+00 0.00E+00 0.00E+00
   3.25  0.934  1.00E+00 0.00E+00 0.00E+00 0.00E+00 0.00E+00 0.00E+00 0.00E+00 0.00E+00 0.00E+00 0.00E+00 0.00E+00 0.00E+00 0.00E+00 0.00E+00 0.00E+00 0.00E+00 0.00E+00 0.00E+00 0.00E+00 0.00E+00 0.00E+00 0.00E+00 0.00E+00 0.00E+00 0.00E+00 0.00E+00 0.00E+00 0.00E+00 0.00E+00 0.00E+00 0.00E+00 0.00E+00 0.00E+00 0.00E+00 0.00E+00 0.00E+00 0.00E+00 0.00E+00 0.00E+00 0.00E+00 0.00E+00 0.00E+00 0.00E+00 0.00E+00 0.00E+00 0.00E+00 0.00E+00 0.00E+00 0.00E+00 0.00E+00 0.00E+00 0.00E+00 0.00E+00
   3.50  0.969  1.00E+00 0.00E+00 0.00E+00 0.00E+00 0.00E+00 0.00E+00 0.00E+00 0.00E+00 0.00E+00 0.00E+00 0.00E+00 0.00E+00 0.00E+00 0.00E+00 0.00E+00 0.00E+00 0.00E+00 0.00E+00 0.00E+00 0.00E+00 0.00E+00 0.00E+00 0.00E+00 0.00E+00 0.00E+00 0.00E+00 0.00E+00 0.00E+00 0.00E+00 0.00E+00 0.00E+00 0.00E+00 0.00E+00 0.00E+00 0.00E+00 0.00E+00 0.00E+00 0.00E+00 0.00E+00 0.00E+00 0.00E+00 0.00E+00 0.00E+00 0.00E+00 0.00E+00 0.00E+00 0.00E+00 0.00E+00 0.00E+00 0.00E+00 0.00E+00 0.00E+00 0.00E+00
   3.75  1.003  1.00E+00 0.00E+00 0.00E+00 0.00E+00 0.00E+00 0.00E+00 0.00E+00 0.00E+00 0.00E+00 0.00E+00 0.00E+00 0.00E+00 0.00E+00 0.00E+00 0.00E+00 0.00E+00 0.00E+00 0.00E+00 0.00E+00 0.00E+00 0.00E+00 0.00E+00 0.00E+00 0.00E+00 0.00E+00 0.00E+00 0.00E+00 0.00E+00 0.00E+00 0.00E+00 0.00E+00 0.00E+00 0.00E+00 0.00E+00 0.00E+00 0.00E+00 0.00E+00 0.00E+00 0.00E+00 0.00E+00 0.00E+00 0.00E+00 0.00E+00 0.00E+00 0.00E+00 0.00E+00 0.00E+00 0.00E+00 0.00E+00 0.00E+00 0.00E+00 0.00E+00 0.00E+00
   4.00  1.036  1.00E+00 7.32E-01 4.36E+00 0.00E+00 1.78E-02 7.14E-01 0.00E+00 0.00E+00 0.00E+00 0.00E+00 0.00E+00 0.00E+00 0.00E+00 0.00E+00 0.00E+00 0.00E+00 0.00E+00 0.00E+00 0.00E+00 0.00E+00 0.00E+00 0.00E+00 0.00E+00 0.00E+00 0.00E+00 0.00E+00 0.00E+00 0.00E+00 0.00E+00 0.00E+00 0.00E+00 0.00E+00 0.00E+00 0.00E+00 0.00E+00 0.00E+00 0.00E+00 0.00E+00 0.00E+00 0.00E+00 0.00E+00 0.00E+00 0.00E+00 0.00E+00 0.00E+00 0.00E+00 0.00E+00 0.00E+00 0.00E+00 0.00E+00 0.00E+00 0.00E+00 0.00E+00
   4.25  1.068  1.00E+00 2.23E+00 1.47E+01 0.00E+00 7.32E-01 7.79E-01 0.00E+00 7.14E-01 0.00E+00 0.00E+00 0.00E+00 0.00E+00 0.00E+00 0.00E+00 0.00E+00 0.00E+00 0.00E+00 0.00E+00 0.00E+00 0.00E+00 0.00E+00 0.00E+00 0.00E+00 0.00E+00 0.00E+00 0.00E+00 0.00E+00 0.00E+00 0.00E+00 0.00E+00 0.00E+00 0.00E+00 0.00E+00 0.00E+00 0.00E+00 0.00E+00 0.00E+00 0.00E+00 0.00E+00 0.00E+00 0.00E+00 0.00E+00 0.00E+00 0.00E+00 0.00E+00 0.00E+00 0.00E+00 0.00E+00 0.00E+00 0.00E+00 0.00E+00 0.00E+00 0.00E+00
   4.50  1.099  2.00E+00 5.84E+00 3.06E+01 1.43E+00 1.49E+00 1.49E+00 7.14E-01 7.14E-01 0.00E+00 0.00E+00 0.00E+00 0.00E+00 0.00E+00 0.00E+00 0.00E+00 0.00E+00 0.00E+00 0.00E+00 0.00E+00 0.00E+00 0.00E+00 0.00E+00 0.00E+00 0.00E+00 0.00E+00 0.00E+00 0.00E+00 0.00E+00 0.00E+00 0.00E+00 0.00E+00 0.00E+00 0.00E+00 0.00E+00 0.00E+00 0.00E+00 0.00E+00 0.00E+00 0.00E+00 0.00E+00 0.00E+00 0.00E+00 0.00E+00 0.00E+00 0.00E+00 0.00E+00 0.00E+00 0.00E+00 0.00E+00 0.00E+00 0.00E+00 0.00E+00 0.00E+00
   4.75  1.129  4.00E+00 7.98E+00 3.78E+01 2.14E+00 2.92E+00 1.49E+00 7.14E-01 7.14E-01 0.00E+00 0.00E+00 0.00E+00 0.00E+00 0.00E+00 0.00E+00 0.00E+00 0.00E+00 0.00E+00 0.00E+00 0.00E+00 0.00E+00 0.00E+00 0.00E+00 0.00E+00 0.00E+00 0.00E+00 0.00E+00 0.00E+00 0.00E+00 0.00E+00 0.00E+00 0.00E+00 0.00E+00 0.00E+00 0.00E+00 0.00E+00 0.00E+00 0.00E+00 0.00E+00 0.00E+00 0.00E+00 0.00E+00 0.00E+00 0.00E+00 0.00E+00 0.00E+00 0.00E+00 0.00E+00 0.00E+00 0.00E+00 0.00E+00 0.00E+00 0.00E+00 0.00E+00
   5.00  1.158  6.00E+00 1.02E+01 4.65E+01 2.87E+00 3.68E+00 2.21E+00 7.14E-01 7.14E-01 0.00E+00 0.00E+00 0.00E+00 0.00E+00 0.00E+00 0.00E+00 0.00E+00 0.00E+00 0.00E+00 0.00E+00 0.00E+00 0.00E+00 0.00E+00 0.00E+00 0.00E+00 0.00E+00 0.00E+00 0.00E+00 0.00E+00 0.00E+00 0.00E+00 0.00E+00 0.00E+00 0.00E+00 0.00E+00 0.00E+00 0.00E+00 0.00E+00 0.00E+00 0.00E+00 0.00E+00 0.00E+00 0.00E+00 0.00E+00 0.00E+00 0.00E+00 0.00E+00 0.00E+00 0.00E+00 0.00E+00 0.00E+00 0.00E+00 0.00E+00 0.00E+00 0.00E+00
   5.50  1.215  1.20E+01 1.24E+01 6.27E+01 3.59E+00 4.43E+00 1.43E+00 7.45E-01 1.47E+00 7.14E-01 0.00E+00 0.00E+00 0.00E+00 0.00E+00 0.00E+00 0.00E+00 0.00E+00 0.00E+00 0.00E+00 0.00E+00 0.00E+00 0.00E+00 0.00E+00 0.00E+00 0.00E+00 0.00E+00 0.00E+00 0.00E+00 0.00E+00 0.00E+00 0.00E+00 0.00E+00 0.00E+00 0.00E+00 0.00E+00 0.00E+00 0.00E+00 0.00E+00 0.00E+00 0.00E+00 0.00E+00 0.00E+00 0.00E+00 0.00E+00 0.00E+00 0.00E+00 0.00E+00 0.00E+00 0.00E+00 0.00E+00 0.00E+00 0.00E+00 0.00E+00 0.00E+00
   6.00  1.269  1.90E+01 1.56E+01 1.03E+02 2.87E+00 3.09E+00 3.63E+00 7.45E-01 3.62E+00 9.20E-01 7.14E-01 0.00E+00 0.00E+00 0.00E+00 0.00E+00 0.00E+00 0.00E+00 0.00E+00 0.00E+00 0.00E+00 0.00E+00 0.00E+00 0.00E+00 0.00E+00 0.00E+00 0.00E+00 0.00E+00 0.00E+00 0.00E+00 0.00E+00 0.00E+00 0.00E+00 0.00E+00 0.00E+00 0.00E+00 0.00E+00 0.00E+00 0.00E+00 0.00E+00 0.00E+00 0.00E+00 0.00E+00 0.00E+00 0.00E+00 0.00E+00 0.00E+00 0.00E+00 0.00E+00 0.00E+00 0.00E+00 0.00E+00 0.00E+00 0.00E+00 0.00E+00
   6.50  1.321  3.30E+01 4.03E+01 2.62E+02 5.00E+00 9.82E+00 9.96E+00 6.46E+00 5.98E+00 9.20E-01 2.14E+00 0.00E+00 0.00E+00 0.00E+00 0.00E+00 0.00E+00 0.00E+00 0.00E+00 0.00E+00 0.00E+00 0.00E+00 0.00E+00 0.00E+00 0.00E+00 0.00E+00 0.00E+00 0.00E+00 0.00E+00 0.00E+00 0.00E+00 0.00E+00 0.00E+00 0.00E+00 0.00E+00 0.00E+00 0.00E+00 0.00E+00 0.00E+00 0.00E+00 0.00E+00 0.00E+00 0.00E+00 0.00E+00 0.00E+00 0.00E+00 0.00E+00 0.00E+00 0.00E+00 0.00E+00 0.00E+00 0.00E+00 0.00E+00 0.00E+00 0.00E+00
   7.00  1.370  6.40E+01 8.37E+01 6.37E+02 9.41E+00 1.57E+01 1.67E+01 1.16E+01 1.42E+01 7.35E+00 4.59E+00 3.42E+00 7.14E-01 0.00E+00 0.00E+00 0.00E+00 0.00E+00 0.00E+00 0.00E+00 0.00E+00 0.00E+00 0.00E+00 0.00E+00 0.00E+00 0.00E+00 0.00E+00 0.00E+00 0.00E+00 0.00E+00 0.00E+00 0.00E+00 0.00E+00 0.00E+00 0.00E+00 0.00E+00 0.00E+00 0.00E+00 0.00E+00 0.00E+00 0.00E+00 0.00E+00 0.00E+00 0.00E+00 0.00E+00 0.00E+00 0.00E+00 0.00E+00 0.00E+00 0.00E+00 0.00E+00 0.00E+00 0.00E+00 0.00E+00 0.00E+00
   7.50  1.419  1.18E+02 1.32E+02 1.05E+03 1.60E+01 2.03E+01 2.34E+01 2.09E+01 2.16E+01 1.45E+01 7.45E+00 6.11E+00 2.14E+00 0.00E+00 0.00E+00 0.00E+00 0.00E+00 0.00E+00 0.00E+00 0.00E+00 0.00E+00 0.00E+00 0.00E+00 0.00E+00 0.00E+00 0.00E+00 0.00E+00 0.00E+00 0.00E+00 0.00E+00 0.00E+00 0.00E+00 0.00E+00 0.00E+00 0.00E+00 0.00E+00 0.00E+00 0.00E+00 0.00E+00 0.00E+00 0.00E+00 0.00E+00 0.00E+00 0.00E+00 0.00E+00 0.00E+00 0.00E+00 0.00E+00 0.00E+00 0.00E+00 0.00E+00 0.00E+00 0.00E+00 0.00E+00
   8.00  1.465  2.03E+02 2.10E+02 1.64E+03 3.01E+01 3.83E+01 3.03E+01 3.30E+01 2.78E+01 2.26E+01 1.24E+01 1.03E+01 4.09E+00 7.14E-01 0.00E+00 0.00E+00 0.00E+00 0.00E+00 0.00E+00 0.00E+00 0.00E+00 0.00E+00 0.00E+00 0.00E+00 0.00E+00 0.00E+00 0.00E+00 0.00E+00 0.00E+00 0.00E+00 0.00E+00 0.00E+00 0.00E+00 0.00E+00 0.00E+00 0.00E+00 0.00E+00 0.00E+00 0.00E+00 0.00E+00 0.00E+00 0.00E+00 0.00E+00 0.00E+00 0.00E+00 0.00E+00 0.00E+00 0.00E+00 0.00E+00 0.00E+00 0.00E+00 0.00E+00 0.00E+00 0.00E+00
   8.50  1.510  3.32E+02 3.05E+02 2.40E+03 3.67E+01 5.14E+01 5.64E+01 5.14E+01 3.67E+01 3.19E+01 2.07E+01 1.26E+01 6.23E+00 7.14E-01 0.00E+00 0.00E+00 0.00E+00 0.00E+00 0.00E+00 0.00E+00 0.00E+00 0.00E+00 0.00E+00 0.00E+00 0.00E+00 0.00E+00 0.00E+00 0.00E+00 0.00E+00 0.00E+00 0.00E+00 0.00E+00 0.00E+00 0.00E+00 0.00E+00 0.00E+00 0.00E+00 0.00E+00 0.00E+00 0.00E+00 0.00E+00 0.00E+00 0.00E+00 0.00E+00 0.00E+00 0.00E+00 0.00E+00 0.00E+00 0.00E+00 0.00E+00 0.00E+00 0.00E+00 0.00E+00 0.00E+00
   9.00  1.554  5.34E+02 5.02E+02 4.42E+03 4.09E+01 7.02E+01 8.77E+01 7.64E+01 7.64E+01 5.89E+01 4.36E+01 2.49E+01 1.69E+01 3.57E+00 2.14E+00 0.00E+00 7.14E-01 0.00E+00 0.00E+00 0.00E+00 0.00E+00 0.00E+00 0.00E+00 0.00E+00 0.00E+00 0.00E+00 0.00E+00 0.00E+00 0.00E+00 0.00E+00 0.00E+00 0.00E+00 0.00E+00 0.00E+00 0.00E+00 0.00E+00 0.00E+00 0.00E+00 0.00E+00 0.00E+00 0.00E+00 0.00E+00 0.00E+00 0.00E+00 0.00E+00 0.00E+00 0.00E+00 0.00E+00 0.00E+00 0.00E+00 0.00E+00 0.00E+00 0.00E+00 0.00E+00
   9.50  1.596  8.86E+02 9.05E+02 8.71E+03 5.83E+01 1.11E+02 1.35E+02 1.50E+02 1.31E+02 1.11E+02 8.50E+01 5.07E+01 3.14E+01 1.71E+01 1.14E+01 8.71E+00 4.13E+00 0.00E+00 7.14E-01 0.00E+00 0.00E+00 0.00E+00 0.00E+00 0.00E+00 0.00E+00 0.00E+00 0.00E+00 0.00E+00 0.00E+00 0.00E+00 0.00E+00 0.00E+00 0.00E+00 0.00E+00 0.00E+00 0.00E+00 0.00E+00 0.00E+00 0.00E+00 0.00E+00 0.00E+00 0.00E+00 0.00E+00 0.00E+00 0.00E+00 0.00E+00 0.00E+00 0.00E+00 0.00E+00 0.00E+00 0.00E+00 0.00E+00 0.00E+00 0.00E+00
  10.00  1.638  1.51E+03 1.61E+03 1.54E+04 1.17E+02 1.97E+02 2.59E+02 2.44E+02 2.30E+02 1.88E+02 1.40E+02 9.21E+01 5.86E+01 3.43E+01 2.09E+01 1.57E+01 1.06E+01 1.43E+00 7.14E-01 0.00E+00 0.00E+00 0.00E+00 0.00E+00 0.00E+00 0.00E+00 0.00E+00 0.00E+00 0.00E+00 0.00E+00 0.00E+00 0.00E+00 0.00E+00 0.00E+00 0.00E+00 0.00E+00 0.00E+00 0.00E+00 0.00E+00 0.00E+00 0.00E+00 0.00E+00 0.00E+00 0.00E+00 0.00E+00 0.00E+00 0.00E+00 0.00E+00 0.00E+00 0.00E+00 0.00E+00 0.00E+00 0.00E+00 0.00E+00 0.00E+00
  11.00  1.718  4.15E+03 3.66E+03 3.71E+04 1.94E+02 4.08E+02 5.14E+02 5.85E+02 5.21E+02 4.69E+02 3.53E+02 2.46E+02 1.53E+02 9.21E+01 5.74E+01 4.54E+01 1.66E+01 5.71E+00 1.43E+00 1.43E+00 0.00E+00 0.00E+00 0.00E+00 0.00E+00 0.00E+00 0.00E+00 0.00E+00 0.00E+00 0.00E+00 0.00E+00 0.00E+00 0.00E+00 0.00E+00 0.00E+00 0.00E+00 0.00E+00 0.00E+00 0.00E+00 0.00E+00 0.00E+00 0.00E+00 0.00E+00 0.00E+00 0.00E+00 0.00E+00 0.00E+00 0.00E+00 0.00E+00 0.00E+00 0.00E+00 0.00E+00 0.00E+00 0.00E+00 0.00E+00
  12.00  1.794  1.11E+04 1.02E+04 1.11E+05 5.59E+02 1.04E+03 1.39E+03 1.40E+03 1.42E+03 1.21E+03 1.01E+03 7.32E+02 5.35E+02 3.51E+02 2.28E+02 1.41E+02 8.36E+01 5.29E+01 3.36E+01 3.11E+01 1.07E+01 8.06E+00 6.91E+00 1.43E+00 7.14E-01 0.00E+00 0.00E+00 0.00E+00 0.00E+00 0.00E+00 0.00E+00 0.00E+00 0.00E+00 0.00E+00 0.00E+00 0.00E+00 0.00E+00 0.00E+00 0.00E+00 0.00E+00 0.00E+00 0.00E+00 0.00E+00 0.00E+00 0.00E+00 0.00E+00 0.00E+00 0.00E+00 0.00E+00 0.00E+00 0.00E+00 0.00E+00 0.00E+00 0.00E+00
  13.00  1.868  2.90E+04 2.56E+04 2.88E+05 1.28E+03 2.40E+03 3.15E+03 3.48E+03 3.41E+03 3.07E+03 2.57E+03 1.99E+03 1.48E+03 1.01E+03 6.81E+02 4.21E+02 2.59E+02 1.46E+02 9.14E+01 6.81E+01 2.85E+01 2.84E+01 1.12E+01 1.43E+00 7.14E-01 0.00E+00 0.00E+00 0.00E+00 0.00E+00 0.00E+00 0.00E+00 0.00E+00 0.00E+00 0.00E+00 0.00E+00 0.00E+00 0.00E+00 0.00E+00 0.00E+00 0.00E+00 0.00E+00 0.00E+00 0.00E+00 0.00E+00 0.00E+00 0.00E+00 0.00E+00 0.00E+00 0.00E+00 0.00E+00 0.00E+00 0.00E+00 0.00E+00 0.00E+00
  14.00  1.938  7.14E+04 5.93E+04 7.05E+05 2.66E+03 5.15E+03 6.78E+03 7.66E+03 7.62E+03 7.02E+03 5.92E+03 4.82E+03 3.59E+03 2.64E+03 1.83E+03 1.26E+03 8.38E+02 5.46E+02 3.58E+02 2.23E+02 1.44E+02 1.01E+02 5.79E+01 2.79E+01 2.26E+01 1.31E+01 7.86E+00 4.98E+00 1.43E+00 0.00E+00 0.00E+00 0.00E+00 0.00E+00 0.00E+00 0.00E+00 0.00E+00 0.00E+00 0.00E+00 0.00E+00 0.00E+00 0.00E+00 0.00E+00 0.00E+00 0.00E+00 0.00E+00 0.00E+00 0.00E+00 0.00E+00 0.00E+00 0.00E+00 0.00E+00 0.00E+00 0.00E+00 0.00E+00
  15.00  2.006  1.43E+05 8.39E+04 1.04E+06 3.63E+03 6.66E+03 8.96E+03 1.03E+04 1.07E+04 9.70E+03 8.57E+03 6.89E+03 5.41E+03 3.98E+03 2.88E+03 2.06E+03 1.37E+03 9.42E+02 6.18E+02 4.14E+02 2.71E+02 1.69E+02 1.09E+02 6.33E+01 5.07E+01 2.11E+01 2.16E+01 1.61E+01 4.85E+00 2.22E+00 1.11E+00 0.00E+00 0.00E+00 0.00E+00 0.00E+00 0.00E+00 0.00E+00 0.00E+00 0.00E+00 0.00E+00 0.00E+00 0.00E+00 0.00E+00 0.00E+00 0.00E+00 0.00E+00 0.00E+00 0.00E+00 0.00E+00 0.00E+00 0.00E+00 0.00E+00 0.00E+00 0.00E+00
  16.00  2.072  2.44E+05 1.18E+05 1.49E+06 4.96E+03 8.60E+03 1.18E+04 1.39E+04 1.51E+04 1.34E+04 1.24E+04 9.85E+03 8.17E+03 5.98E+03 4.52E+03 3.38E+03 1.91E+03 1.34E+03 8.78E+02 6.06E+02 3.98E+02 2.36E+02 1.60E+02 9.88E+01 7.88E+01 2.91E+01 3.53E+01 2.71E+01 8.26E+00 4.44E+00 2.22E+00 0.00E+00 0.00E+00 0.00E+00 0.00E+00 0.00E+00 0.00E+00 0.00E+00 0.00E+00 0.00E+00 0.00E+00 0.00E+00 0.00E+00 0.00E+00 0.00E+00 0.00E+00 0.00E+00 0.00E+00 0.00E+00 0.00E+00 0.00E+00 0.00E+00 0.00E+00 0.00E+00
  17.00  2.136  3.86E+05 1.66E+05 2.13E+06 6.78E+03 1.11E+04 1.56E+04 1.87E+04 2.13E+04 1.85E+04 1.80E+04 1.41E+04 1.23E+04 9.00E+03 7.10E+03 5.53E+03 2.65E+03 1.74E+03 1.14E+03 7.98E+02 5.25E+02 3.04E+02 2.11E+02 1.34E+02 1.07E+02 3.71E+01 4.90E+01 3.82E+01 1.17E+01 6.67E+00 3.33E+00 0.00E+00 0.00E+00 0.00E+00 0.00E+00 0.00E+00 0.00E+00 0.00E+00 0.00E+00 0.00E+00 0.00E+00 0.00E+00 0.00E+00 0.00E+00 0.00E+00 0.00E+00 0.00E+00 0.00E+00 0.00E+00 0.00E+00 0.00E+00 0.00E+00 0.00E+00 0.00E+00
  18.00  2.198  5.85E+05 2.34E+05 3.06E+06 9.26E+03 1.44E+04 2.07E+04 2.52E+04 3.01E+04 2.55E+04 2.60E+04 2.01E+04 1.86E+04 1.35E+04 1.12E+04 9.05E+03 3.69E+03 2.25E+03 1.40E+03 9.89E+02 6.52E+02 3.71E+02 2.62E+02 1.70E+02 1.35E+02 4.51E+01 6.28E+01 4.93E+01 1.51E+01 8.89E+00 4.44E+00 0.00E+00 0.00E+00 0.00E+00 0.00E+00 0.00E+00 0.00E+00 0.00E+00 0.00E+00 0.00E+00 0.00E+00 0.00E+00 0.00E+00 0.00E+00 0.00E+00 0.00E+00 0.00E+00 0.00E+00 0.00E+00 0.00E+00 0.00E+00 0.00E+00 0.00E+00 0.00E+00
  19.00  2.258  8.67E+05 3.30E+05 4.41E+06 1.26E+04 1.85E+04 2.73E+04 3.39E+04 4.24E+04 3.52E+04 3.76E+04 2.88E+04 2.81E+04 2.04E+04 1.75E+04 1.48E+04 5.13E+03 2.92E+03 1.72E+03 1.18E+03 7.78E+02 4.39E+02 3.13E+02 2.05E+02 1.63E+02 5.32E+01 7.65E+01 6.04E+01 1.85E+01 1.11E+01 5.56E+00 0.00E+00 0.00E+00 0.00E+00 0.00E+00 0.00E+00 0.00E+00 0.00E+00 0.00E+00 0.00E+00 0.00E+00 0.00E+00 0.00E+00 0.00E+00 0.00E+00 0.00E+00 0.00E+00 0.00E+00 0.00E+00 0.00E+00 0.00E+00 0.00E+00 0.00E+00 0.00E+00
  20.00  2.316  1.27E+06 4.69E+05 6.37E+06 1.73E+04 2.40E+04 3.61E+04 4.56E+04 5.97E+04 4.87E+04 5.45E+04 4.12E+04 4.23E+04 3.06E+04 2.75E+04 2.42E+04 7.12E+03 3.78E+03 2.11E+03 1.37E+03 9.05E+02 5.06E+02 3.64E+02 2.41E+02 1.91E+02 6.12E+01 9.02E+01 7.15E+01 2.19E+01 1.33E+01 6.67E+00 0.00E+00 0.00E+00 0.00E+00 0.00E+00 0.00E+00 0.00E+00 0.00E+00 0.00E+00 0.00E+00 0.00E+00 0.00E+00 0.00E+00 0.00E+00 0.00E+00 0.00E+00 0.00E+00 0.00E+00 0.00E+00 0.00E+00 0.00E+00 0.00E+00 0.00E+00 0.00E+00
  22.50  2.457  3.28E+06 1.14E+06 1.63E+07 3.77E+04 4.55E+04 7.23E+04 9.59E+04 1.41E+05 1.09E+05 1.37E+05 1.01E+05 1.18E+05 8.50E+04 8.51E+04 8.31E+04 1.62E+04 7.23E+03 3.53E+03 2.00E+03 1.22E+03 6.75E+02 4.92E+02 3.29E+02 2.61E+02 8.12E+01 1.25E+02 9.92E+01 3.05E+01 1.89E+01 9.44E+00 0.00E+00 0.00E+00 0.00E+00 0.00E+00 0.00E+00 0.00E+00 0.00E+00 0.00E+00 0.00E+00 0.00E+00 0.00E+00 0.00E+00 0.00E+00 0.00E+00 0.00E+00 0.00E+00 0.00E+00 0.00E+00 0.00E+00 0.00E+00 0.00E+00 0.00E+00 0.00E+00
  25.00  2.590  8.29E+06 2.86E+06 4.31E+07 8.21E+04 8.62E+04 1.45E+05 2.02E+05 3.32E+05 2.44E+05 3.47E+05 2.46E+05 3.31E+05 2.36E+05 2.63E+05 2.85E+05 3.70E+04 1.38E+04 5.90E+03 2.91E+03 1.54E+03 8.44E+02 6.19E+02 4.18E+02 3.32E+02 1.01E+02 1.59E+02 1.27E+02 3.90E+01 2.44E+01 1.22E+01 0.00E+00 0.00E+00 0.00E+00 0.00E+00 0.00E+00 0.00E+00 0.00E+00 0.00E+00 0.00E+00 0.00E+00 0.00E+00 0.00E+00 0.00E+00 0.00E+00 0.00E+00 0.00E+00 0.00E+00 0.00E+00 0.00E+00 0.00E+00 0.00E+00 0.00E+00 0.00E+00
  30.00  2.837  6.41E+07 1.95E+07 3.26E+08 3.91E+05 3.10E+05 5.84E+05 8.93E+05 1.85E+06 1.22E+06 2.20E+06 1.47E+06 2.59E+06 1.82E+06 2.51E+06 3.34E+06 1.92E+05 5.06E+04 1.65E+04 6.17E+03 2.44E+03 1.18E+03 8.74E+02 5.95E+02 4.72E+02 1.41E+02 2.27E+02 1.82E+02 5.61E+01 3.56E+01 1.78E+01 0.00E+00 0.00E+00 0.00E+00 0.00E+00 0.00E+00 0.00E+00 0.00E+00 0.00E+00 0.00E+00 0.00E+00 0.00E+00 0.00E+00 0.00E+00 0.00E+00 0.00E+00 0.00E+00 0.00E+00 0.00E+00 0.00E+00 0.00E+00 0.00E+00 0.00E+00 0.00E+00
  40.00  3.276  6.32E+09 1.23E+09 2.45E+10 8.83E+06 4.02E+06 9.46E+06 1.75E+07 5.70E+07 3.08E+07 8.91E+07 5.25E+07 1.58E+08 1.08E+08 2.30E+08 4.61E+08 5.16E+06 6.77E+05 1.29E+05 2.78E+04 6.14E+03 1.86E+03 1.38E+03 9.50E+02 7.53E+02 2.21E+02 3.65E+02 2.93E+02 9.03E+01 5.78E+01 2.89E+01 0.00E+00 0.00E+00 0.00E+00 0.00E+00 0.00E+00 0.00E+00 0.00E+00 0.00E+00 0.00E+00 0.00E+00 0.00E+00 0.00E+00 0.00E+00 0.00E+00 0.00E+00 0.00E+00 0.00E+00 0.00E+00 0.00E+00 0.00E+00 0.00E+00 0.00E+00 0.00E+00
  50.00  3.663  2.47E+11 4.69E+10 9.02E+11 2.00E+08 5.21E+07 1.53E+08 3.42E+08 1.76E+09 7.77E+08 3.60E+09 1.88E+09 9.67E+09 6.40E+09 2.10E+10 9.18E+08 1.39E+08 9.06E+06 1.01E+06 1.25E+05 1.55E+04 2.92E+03 1.89E+03 1.31E+03 1.03E+03 3.01E+02 5.02E+02 4.04E+02 1.24E+02 8.00E+01 4.00E+01 0.00E+00 0.00E+00 0.00E+00 0.00E+00 0.00E+00 0.00E+00 0.00E+00 0.00E+00 0.00E+00 0.00E+00 0.00E+00 0.00E+00 0.00E+00 0.00E+00 0.00E+00 0.00E+00 0.00E+00 0.00E+00 0.00E+00 0.00E+00 0.00E+00 0.00E+00 0.00E+00
  60.00  4.012  1.65E+13 3.20E+12 6.46E+13 4.51E+09 6.76E+08 2.48E+09 6.70E+09 5.44E+10 1.96E+10 1.46E+11 6.70E+10 5.91E+11 3.80E+11 1.92E+12 1.83E+09 3.73E+09 1.21E+08 7.92E+06 5.62E+05 3.89E+04 4.58E+03 2.59E+03 1.66E+03 1.32E+03 3.82E+02 6.39E+02 5.15E+02 1.59E+02 1.02E+02 5.11E+01 0.00E+00 0.00E+00 0.00E+00 0.00E+00 0.00E+00 0.00E+00 0.00E+00 0.00E+00 0.00E+00 0.00E+00 0.00E+00 0.00E+00 0.00E+00 0.00E+00 0.00E+00 0.00E+00 0.00E+00 0.00E+00 0.00E+00 0.00E+00 0.00E+00 0.00E+00 0.00E+00
  70.00  4.334  1.26E+15 2.45E+14 5.11E+15 1.02E+11 8.76E+09 4.02E+10 1.31E+11 1.68E+12 4.92E+11 5.89E+12 2.39E+12 3.61E+13 2.25E+13 1.76E+14 3.64E+09 1.00E+11 1.62E+09 6.20E+07 2.53E+06 9.78E+04 7.20E+03 3.55E+03 2.11E+03 1.67E+03 4.62E+02 7.76E+02 6.26E+02 1.93E+02 1.24E+02 6.22E+01 0.00E+00 0.00E+00 0.00E+00 0.00E+00 0.00E+00 0.00E+00 0.00E+00 0.00E+00 0.00E+00 0.00E+00 0.00E+00 0.00E+00 0.00E+00 0.00E+00 0.00E+00 0.00E+00 0.00E+00 0.00E+00 0.00E+00 0.00E+00 0.00E+00 0.00E+00 0.00E+00
  80.00  4.633  1.02E+17 2.00E+16 4.25E+17 2.31E+12 1.13E+11 6.51E+11 2.57E+12 5.19E+13 1.24E+13 2.38E+14 8.55E+13 2.21E+15 1.34E+15 1.60E+16 7.26E+09 2.70E+12 2.17E+10 4.85E+08 1.14E+07 2.46E+05 1.13E+04 4.86E+03 2.68E+03 2.13E+03 5.42E+02 9.14E+02 7.37E+02 2.27E+02 1.47E+02 7.33E+01 0.00E+00 0.00E+00 0.00E+00 0.00E+00 0.00E+00 0.00E+00 0.00E+00 0.00E+00 0.00E+00 0.00E+00 0.00E+00 0.00E+00 0.00E+00 0.00E+00 0.00E+00 0.00E+00 0.00E+00 0.00E+00 0.00E+00 0.00E+00 0.00E+00 0.00E+00 0.00E+00
  90.00  4.914  8.68E+18 1.70E+18 3.65E+19 5.21E+13 1.47E+12 1.05E+13 5.03E+13 1.60E+15 3.12E+14 9.62E+15 3.05E+15 1.35E+17 7.94E+16 1.47E+18 1.45E+10 7.27E+13 2.91E+11 3.80E+09 5.11E+07 6.19E+05 1.78E+04 6.65E+03 3.41E+03 2.71E+03 6.22E+02 1.05E+03 8.47E+02 2.61E+02 1.69E+02 8.44E+01 0.00E+00 0.00E+00 0.00E+00 0.00E+00 0.00E+00 0.00E+00 0.00E+00 0.00E+00 0.00E+00 0.00E+00 0.00E+00 0.00E+00 0.00E+00 0.00E+00 0.00E+00 0.00E+00 0.00E+00 0.00E+00 0.00E+00 0.00E+00 0.00E+00 0.00E+00 0.00E+00
 100.00  5.180  7.55E+20 1.48E+20 3.20E+21 1.18E+15 1.91E+13 1.71E+14 9.85E+14 4.96E+16 7.86E+15 3.89E+17 1.09E+17 8.26E+18 4.71E+18 1.34E+20 2.88E+10 1.96E+15 3.90E+12 2.97E+10 2.30E+08 1.56E+06 2.79E+04 9.10E+03 4.34E+03 3.44E+03 7.02E+02 1.19E+03 9.58E+02 2.95E+02 1.91E+02 9.56E+01 0.00E+00 0.00E+00 0.00E+00 0.00E+00 0.00E+00 0.00E+00 0.00E+00 0.00E+00 0.00E+00 0.00E+00 0.00E+00 0.00E+00 0.00E+00 0.00E+00 0.00E+00 0.00E+00 0.00E+00 0.00E+00 0.00E+00 0.00E+00 0.00E+00 0.00E+00 0.00E+00
 110.00  5.433  6.68E+22 1.31E+22 2.85E+23 2.66E+16 2.47E+14 2.77E+15 1.93E+16 1.53E+18 1.98E+17 1.57E+19 3.90E+18 5.05E+20 2.79E+20 1.23E+22 5.75E+10 5.27E+16 5.22E+13 2.33E+11 1.03E+09 3.92E+06 4.39E+04 1.24E+04 5.52E+03 4.38E+03 7.82E+02 1.34E+03 1.07E+03 3.29E+02 2.13E+02 1.07E+02 0.00E+00 0.00E+00 0.00E+00 0.00E+00 0.00E+00 0.00E+00 0.00E+00 0.00E+00 0.00E+00 0.00E+00 0.00E+00 0.00E+00 0.00E+00 0.00E+00 0.00E+00 0.00E+00 0.00E+00 0.00E+00 0.00E+00 0.00E+00 0.00E+00 0.00E+00 0.00E+00
 120.00  5.674  5.98E+24 1.17E+24 2.55E+25 6.02E+17 3.20E+15 4.48E+16 3.78E+17 4.73E+19 4.98E+18 6.36E+20 1.39E+20 3.09E+22 1.66E+22 1.12E+24 1.15E+11 1.42E+18 6.98E+14 1.82E+12 4.65E+09 9.85E+06 6.90E+04 1.70E+04 7.03E+03 5.56E+03 8.62E+02 1.52E+03 1.18E+03 3.64E+02 2.36E+02 1.18E+02 0.00E+00 0.00E+00 0.00E+00 0.00E+00 0.00E+00 0.00E+00 0.00E+00 0.00E+00 0.00E+00 0.00E+00 0.00E+00 0.00E+00 0.00E+00 0.00E+00 0.00E+00 0.00E+00 0.00E+00 0.00E+00 0.00E+00 0.00E+00 0.00E+00 0.00E+00 0.00E+00
 130.00  5.906  5.38E+26 1.05E+26 2.31E+27 1.36E+19 4.15E+16 7.25E+17 7.39E+18 1.46E+21 1.25E+20 2.57E+22 4.97E+21 1.89E+24 9.84E+23 1.02E+26 2.28E+11 3.81E+19 9.35E+15 1.43E+13 2.09E+10 2.48E+07 1.08E+05 2.33E+04 8.93E+03 7.08E+03 9.42E+02 1.72E+03 1.30E+03 3.98E+02 2.58E+02 1.29E+02 0.00E+00 0.00E+00 0.00E+00 0.00E+00 0.00E+00 0.00E+00 0.00E+00 0.00E+00 0.00E+00 0.00E+00 0.00E+00 0.00E+00 0.00E+00 0.00E+00 0.00E+00 0.00E+00 0.00E+00 0.00E+00 0.00E+00 0.00E+00 0.00E+00 0.00E+00 0.00E+00
 140.00  6.129  4.87E+28 9.54E+27 2.09E+29 3.08E+20 5.37E+17 1.17E+19 1.45E+20 4.52E+22 3.16E+21 1.04E+24 1.78E+23 1.15E+26 5.84E+25 9.36E+27 4.55E+11 1.03E+21 1.25E+17 1.12E+14 9.41E+10 6.24E+07 1.70E+05 3.19E+04 1.14E+04 9.00E+03 1.02E+03 1.94E+03 1.44E+03 4.32E+02 2.80E+02 1.40E+02 0.00E+00 0.00E+00 0.00E+00 0.00E+00 0.00E+00 0.00E+00 0.00E+00 0.00E+00 0.00E+00 0.00E+00 0.00E+00 0.00E+00 0.00E+00 0.00E+00 0.00E+00 0.00E+00 0.00E+00 0.00E+00 0.00E+00 0.00E+00 0.00E+00 0.00E+00 0.00E+00
 150.00  6.344  4.43E+30 8.66E+29 1.90E+31 6.96E+21 6.96E+18 1.90E+20 2.83E+21 1.40E+24 7.95E+22 4.20E+25 6.34E+24 7.05E+27 3.46E+27 8.56E+29 9.06E+11 2.76E+22 1.67E+18 8.75E+14 4.23E+11 1.57E+08 2.68E+05 4.37E+04 1.45E+04 1.14E+04 1.10E+03 2.19E+03 1.59E+03 4.66E+02 3.02E+02 1.51E+02 0.00E+00 0.00E+00 0.00E+00 0.00E+00 0.00E+00 0.00E+00 0.00E+00 0.00E+00 0.00E+00 0.00E+00 0.00E+00 0.00E+00 0.00E+00 0.00E+00 0.00E+00 0.00E+00 0.00E+00 0.00E+00 0.00E+00 0.00E+00 0.00E+00 0.00E+00 0.00E+00
 160.00  6.552  4.03E+32 7.88E+31 1.73E+33 1.57E+23 9.02E+19 3.08E+21 5.55E+22 4.31E+25 2.00E+24 1.70E+27 2.27E+26 4.31E+29 2.05E+29 7.82E+31 1.81E+12 7.43E+23 2.24E+19 6.85E+15 1.90E+12 3.95E+08 4.21E+05 5.98E+04 1.84E+04 1.46E+04 1.19E+03 2.48E+03 1.75E+03 5.00E+02 3.24E+02 1.62E+02 0.00E+00 0.00E+00 0.00E+00 0.00E+00 0.00E+00 0.00E+00 0.00E+00 0.00E+00 0.00E+00 0.00E+00 0.00E+00 0.00E+00 0.00E+00 0.00E+00 0.00E+00 0.00E+00 0.00E+00 0.00E+00 0.00E+00 0.00E+00 0.00E+00 0.00E+00 0.00E+00
 170.00  6.753  3.67E+34 7.19E+33 1.58E+35 3.56E+24 1.17E+21 4.99E+22 1.09E+24 1.33E+27 5.04E+25 6.86E+28 8.09E+27 2.64E+31 1.22E+31 7.15E+33 3.60E+12 2.00E+25 3.00E+20 5.36E+16 8.56E+12 9.93E+08 6.61E+05 8.18E+04 2.34E+04 1.85E+04 1.28E+03 2.81E+03 1.93E+03 5.34E+02 3.47E+02 1.73E+02 0.00E+00 0.00E+00 0.00E+00 0.00E+00 0.00E+00 0.00E+00 0.00E+00 0.00E+00 0.00E+00 0.00E+00 0.00E+00 0.00E+00 0.00E+00 0.00E+00 0.00E+00 0.00E+00 0.00E+00 0.00E+00 0.00E+00 0.00E+00 0.00E+00 0.00E+00 0.00E+00
 180.00  6.949  3.35E+36 6.56E+35 1.44E+37 8.04E+25 1.52E+22 8.08E+23 2.13E+25 4.12E+28 1.27E+27 2.77E+30 2.89E+29 1.61E+33 7.24E+32 6.53E+35 7.17E+12 5.38E+26 4.02E+21 4.20E+17 3.85E+13 2.50E+09 1.04E+06 1.12E+05 2.97E+04 2.35E+04 1.38E+03 3.17E+03 2.13E+03 5.69E+02 3.69E+02 1.84E+02 0.00E+00 0.00E+00 0.00E+00 0.00E+00 0.00E+00 0.00E+00 0.00E+00 0.00E+00 0.00E+00 0.00E+00 0.00E+00 0.00E+00 0.00E+00 0.00E+00 0.00E+00 0.00E+00 0.00E+00 0.00E+00 0.00E+00 0.00E+00 0.00E+00 0.00E+00 0.00E+00
 190.00  7.140  3.06E+38 5.99E+37 1.32E+39 1.82E+27 1.96E+23 1.31E+25 4.16E+26 1.27E+30 3.20E+28 1.12E+32 1.03E+31 9.85E+34 4.29E+34 5.97E+37 1.43E+13 1.45E+28 5.38E+22 3.29E+18 1.73E+14 6.28E+09 1.63E+06 1.53E+05 3.78E+04 2.99E+04 1.49E+03 3.59E+03 2.35E+03 6.03E+02 3.91E+02 1.96E+02 0.00E+00 0.00E+00 0.00E+00 0.00E+00 0.00E+00 0.00E+00 0.00E+00 0.00E+00 0.00E+00 0.00E+00 0.00E+00 0.00E+00 0.00E+00 0.00E+00 0.00E+00 0.00E+00 0.00E+00 0.00E+00 0.00E+00 0.00E+00 0.00E+00 0.00E+00 0.00E+00
 200.00  7.325  2.79E+40 5.47E+39 1.20E+41 4.11E+28 2.54E+24 2.12E+26 8.15E+27 3.93E+31 8.05E+29 4.53E+33 3.69E+32 6.02E+36 2.55E+36 5.46E+39 2.85E+13 3.89E+29 7.20E+23 2.57E+19 7.79E+14 1.58E+10 2.56E+06 2.10E+05 4.81E+04 3.81E+04 1.61E+03 4.05E+03 2.60E+03 6.37E+02 4.13E+02 2.07E+02 0.00E+00 0.00E+00 0.00E+00 0.00E+00 0.00E+00 0.00E+00 0.00E+00 0.00E+00 0.00E+00 0.00E+00 0.00E+00 0.00E+00 0.00E+00 0.00E+00 0.00E+00 0.00E+00 0.00E+00 0.00E+00 0.00E+00 0.00E+00 0.00E+00 0.00E+00 0.00E+00
 
                    *********************************************************************************
                    *  Z= 18 A= 41: Negative-parity Spin-dependent Level Density [MeV-1] for AR 41  *
                    *********************************************************************************
 U[MeV]  T[MeV]  NCUMUL   RHOOBS   RHOTOT    J=01/2   J=03/2   J=05/2   J=07/2   J=09/2   J=11/2   J=13/2   J=15/2   J=17/2   J=19/2   J=21/2   J=23/2   J=25/2   J=27/2   J=29/2   J=31/2   J=33/2   J=35/2   J=37/2   J=39/2   J=41/2   J=43/2   J=45/2   J=47/2   J=49/2   J=51/2   J=53/2   J=55/2   J=57/2   J=59/2   J=61/2   J=63/2   J=65/2   J=67/2   J=69/2   J=71/2   J=73/2   J=75/2   J=77/2   J=79/2   J=81/2   J=83/2   J=85/2   J=87/2   J=89/2   J=91/2   J=93/2   J=95/2   J=97/2   J=99/2
   0.25  0.259  1.00E+00 3.00E+00 1.80E+01 0.00E+00 1.00E+00 1.00E+00 1.00E+00 0.00E+00 0.00E+00 0.00E+00 0.00E+00 0.00E+00 0.00E+00 0.00E+00 0.00E+00 0.00E+00 0.00E+00 0.00E+00 0.00E+00 0.00E+00 0.00E+00 0.00E+00 0.00E+00 0.00E+00 0.00E+00 0.00E+00 0.00E+00 0.00E+00 0.00E+00 0.00E+00 0.00E+00 0.00E+00 0.00E+00 0.00E+00 0.00E+00 0.00E+00 0.00E+00 0.00E+00 0.00E+00 0.00E+00 0.00E+00 0.00E+00 0.00E+00 0.00E+00 0.00E+00 0.00E+00 0.00E+00 0.00E+00 0.00E+00 0.00E+00 0.00E+00 0.00E+00 0.00E+00
   0.50  0.366  2.00E+00 2.50E+00 1.50E+01 0.00E+00 8.33E-01 8.33E-01 8.33E-01 0.00E+00 0.00E+00 0.00E+00 0.00E+00 0.00E+00 0.00E+00 0.00E+00 0.00E+00 0.00E+00 0.00E+00 0.00E+00 0.00E+00 0.00E+00 0.00E+00 0.00E+00 0.00E+00 0.00E+00 0.00E+00 0.00E+00 0.00E+00 0.00E+00 0.00E+00 0.00E+00 0.00E+00 0.00E+00 0.00E+00 0.00E+00 0.00E+00 0.00E+00 0.00E+00 0.00E+00 0.00E+00 0.00E+00 0.00E+00 0.00E+00 0.00E+00 0.00E+00 0.00E+00 0.00E+00 0.00E+00 0.00E+00 0.00E+00 0.00E+00 0.00E+00 0.00E+00 0.00E+00
   0.75  0.449  2.00E+00 1.43E+00 7.14E+00 0.00E+00 7.14E-01 7.14E-01 0.00E+00 0.00E+00 0.00E+00 0.00E+00 0.00E+00 0.00E+00 0.00E+00 0.00E+00 0.00E+00 0.00E+00 0.00E+00 0.00E+00 0.00E+00 0.00E+00 0.00E+00 0.00E+00 0.00E+00 0.00E+00 0.00E+00 0.00E+00 0.00E+00 0.00E+00 0.00E+00 0.00E+00 0.00E+00 0.00E+00 0.00E+00 0.00E+00 0.00E+00 0.00E+00 0.00E+00 0.00E+00 0.00E+00 0.00E+00 0.00E+00 0.00E+00 0.00E+00 0.00E+00 0.00E+00 0.00E+00 0.00E+00 0.00E+00 0.00E+00 0.00E+00 0.00E+00 0.00E+00 0.00E+00
   1.00  0.518  2.00E+00 1.43E+00 8.57E+00 0.00E+00 7.14E-01 0.00E+00 7.14E-01 0.00E+00 0.00E+00 0.00E+00 0.00E+00 0.00E+00 0.00E+00 0.00E+00 0.00E+00 0.00E+00 0.00E+00 0.00E+00 0.00E+00 0.00E+00 0.00E+00 0.00E+00 0.00E+00 0.00E+00 0.00E+00 0.00E+00 0.00E+00 0.00E+00 0.00E+00 0.00E+00 0.00E+00 0.00E+00 0.00E+00 0.00E+00 0.00E+00 0.00E+00 0.00E+00 0.00E+00 0.00E+00 0.00E+00 0.00E+00 0.00E+00 0.00E+00 0.00E+00 0.00E+00 0.00E+00 0.00E+00 0.00E+00 0.00E+00 0.00E+00 0.00E+00 0.00E+00 0.00E+00
   1.25  0.579  3.00E+00 2.14E+00 1.43E+01 0.00E+00 0.00E+00 1.43E+00 7.14E-01 0.00E+00 0.00E+00 0.00E+00 0.00E+00 0.00E+00 0.00E+00 0.00E+00 0.00E+00 0.00E+00 0.00E+00 0.00E+00 0.00E+00 0.00E+00 0.00E+00 0.00E+00 0.00E+00 0.00E+00 0.00E+00 0.00E+00 0.00E+00 0.00E+00 0.00E+00 0.00E+00 0.00E+00 0.00E+00 0.00E+00 0.00E+00 0.00E+00 0.00E+00 0.00E+00 0.00E+00 0.00E+00 0.00E+00 0.00E+00 0.00E+00 0.00E+00 0.00E+00 0.00E+00 0.00E+00 0.00E+00 0.00E+00 0.00E+00 0.00E+00 0.00E+00 0.00E+00 0.00E+00
   1.50  0.634  3.00E+00 2.86E+00 1.57E+01 7.14E-01 0.00E+00 1.43E+00 7.14E-01 0.00E+00 0.00E+00 0.00E+00 0.00E+00 0.00E+00 0.00E+00 0.00E+00 0.00E+00 0.00E+00 0.00E+00 0.00E+00 0.00E+00 0.00E+00 0.00E+00 0.00E+00 0.00E+00 0.00E+00 0.00E+00 0.00E+00 0.00E+00 0.00E+00 0.00E+00 0.00E+00 0.00E+00 0.00E+00 0.00E+00 0.00E+00 0.00E+00 0.00E+00 0.00E+00 0.00E+00 0.00E+00 0.00E+00 0.00E+00 0.00E+00 0.00E+00 0.00E+00 0.00E+00 0.00E+00 0.00E+00 0.00E+00 0.00E+00 0.00E+00 0.00E+00 0.00E+00 0.00E+00
   1.75  0.685  5.00E+00 7.14E+00 4.00E+01 1.43E+00 1.43E+00 2.86E+00 7.14E-01 0.00E+00 7.14E-01 0.00E+00 0.00E+00 0.00E+00 0.00E+00 0.00E+00 0.00E+00 0.00E+00 0.00E+00 0.00E+00 0.00E+00 0.00E+00 0.00E+00 0.00E+00 0.00E+00 0.00E+00 0.00E+00 0.00E+00 0.00E+00 0.00E+00 0.00E+00 0.00E+00 0.00E+00 0.00E+00 0.00E+00 0.00E+00 0.00E+00 0.00E+00 0.00E+00 0.00E+00 0.00E+00 0.00E+00 0.00E+00 0.00E+00 0.00E+00 0.00E+00 0.00E+00 0.00E+00 0.00E+00 0.00E+00 0.00E+00 0.00E+00 0.00E+00 0.00E+00 0.00E+00
   2.00  0.733  7.00E+00 1.40E+01 9.51E+01 2.86E+00 1.43E+00 3.70E+00 2.32E+00 2.14E+00 7.14E-01 1.08E-01 7.14E-01 0.00E+00 0.00E+00 0.00E+00 0.00E+00 0.00E+00 0.00E+00 0.00E+00 0.00E+00 0.00E+00 0.00E+00 0.00E+00 0.00E+00 0.00E+00 0.00E+00 0.00E+00 0.00E+00 0.00E+00 0.00E+00 0.00E+00 0.00E+00 0.00E+00 0.00E+00 0.00E+00 0.00E+00 0.00E+00 0.00E+00 0.00E+00 0.00E+00 0.00E+00 0.00E+00 0.00E+00 0.00E+00 0.00E+00 0.00E+00 0.00E+00 0.00E+00 0.00E+00 0.00E+00 0.00E+00 0.00E+00 0.00E+00 0.00E+00
   2.25  0.777  1.20E+01 2.39E+01 1.77E+02 2.86E+00 3.57E+00 5.35E+00 5.17E+00 3.17E+00 1.56E+00 1.54E+00 7.14E-01 0.00E+00 0.00E+00 0.00E+00 0.00E+00 0.00E+00 0.00E+00 0.00E+00 0.00E+00 0.00E+00 0.00E+00 0.00E+00 0.00E+00 0.00E+00 0.00E+00 0.00E+00 0.00E+00 0.00E+00 0.00E+00 0.00E+00 0.00E+00 0.00E+00 0.00E+00 0.00E+00 0.00E+00 0.00E+00 0.00E+00 0.00E+00 0.00E+00 0.00E+00 0.00E+00 0.00E+00 0.00E+00 0.00E+00 0.00E+00 0.00E+00 0.00E+00 0.00E+00 0.00E+00 0.00E+00 0.00E+00 0.00E+00 0.00E+00
   2.50  0.819  1.90E+01 3.17E+01 2.28E+02 5.71E+00 3.84E+00 6.06E+00 6.21E+00 4.60E+00 2.98E+00 1.54E+00 7.14E-01 0.00E+00 0.00E+00 0.00E+00 0.00E+00 0.00E+00 0.00E+00 0.00E+00 0.00E+00 0.00E+00 0.00E+00 0.00E+00 0.00E+00 0.00E+00 0.00E+00 0.00E+00 0.00E+00 0.00E+00 0.00E+00 0.00E+00 0.00E+00 0.00E+00 0.00E+00 0.00E+00 0.00E+00 0.00E+00 0.00E+00 0.00E+00 0.00E+00 0.00E+00 0.00E+00 0.00E+00 0.00E+00 0.00E+00 0.00E+00 0.00E+00 0.00E+00 0.00E+00 0.00E+00 0.00E+00 0.00E+00 0.00E+00 0.00E+00
   2.75  0.859  2.70E+01 3.31E+01 2.46E+02 5.00E+00 3.84E+00 6.06E+00 7.64E+00 4.60E+00 3.70E+00 1.54E+00 7.14E-01 0.00E+00 0.00E+00 0.00E+00 0.00E+00 0.00E+00 0.00E+00 0.00E+00 0.00E+00 0.00E+00 0.00E+00 0.00E+00 0.00E+00 0.00E+00 0.00E+00 0.00E+00 0.00E+00 0.00E+00 0.00E+00 0.00E+00 0.00E+00 0.00E+00 0.00E+00 0.00E+00 0.00E+00 0.00E+00 0.00E+00 0.00E+00 0.00E+00 0.00E+00 0.00E+00 0.00E+00 0.00E+00 0.00E+00 0.00E+00 0.00E+00 0.00E+00 0.00E+00 0.00E+00 0.00E+00 0.00E+00 0.00E+00 0.00E+00
   3.00  0.897  3.60E+01 3.75E+01 2.72E+02 7.14E+00 3.84E+00 6.78E+00 7.79E+00 5.32E+00 4.41E+00 1.54E+00 7.14E-01 0.00E+00 0.00E+00 0.00E+00 0.00E+00 0.00E+00 0.00E+00 0.00E+00 0.00E+00 0.00E+00 0.00E+00 0.00E+00 0.00E+00 0.00E+00 0.00E+00 0.00E+00 0.00E+00 0.00E+00 0.00E+00 0.00E+00 0.00E+00 0.00E+00 0.00E+00 0.00E+00 0.00E+00 0.00E+00 0.00E+00 0.00E+00 0.00E+00 0.00E+00 0.00E+00 0.00E+00 0.00E+00 0.00E+00 0.00E+00 0.00E+00 0.00E+00 0.00E+00 0.00E+00 0.00E+00 0.00E+00 0.00E+00 0.00E+00
   3.25  0.934  4.60E+01 4.17E+01 2.97E+02 5.71E+00 7.41E+00 8.08E+00 8.52E+00 5.32E+00 4.41E+00 1.54E+00 7.14E-01 0.00E+00 0.00E+00 0.00E+00 0.00E+00 0.00E+00 0.00E+00 0.00E+00 0.00E+00 0.00E+00 0.00E+00 0.00E+00 0.00E+00 0.00E+00 0.00E+00 0.00E+00 0.00E+00 0.00E+00 0.00E+00 0.00E+00 0.00E+00 0.00E+00 0.00E+00 0.00E+00 0.00E+00 0.00E+00 0.00E+00 0.00E+00 0.00E+00 0.00E+00 0.00E+00 0.00E+00 0.00E+00 0.00E+00 0.00E+00 0.00E+00 0.00E+00 0.00E+00 0.00E+00 0.00E+00 0.00E+00 0.00E+00 0.00E+00
   3.50  0.969  5.60E+01 3.86E+01 2.59E+02 6.43E+00 7.67E+00 6.65E+00 9.06E+00 3.57E+00 3.70E+00 7.95E-01 7.14E-01 0.00E+00 0.00E+00 0.00E+00 0.00E+00 0.00E+00 0.00E+00 0.00E+00 0.00E+00 0.00E+00 0.00E+00 0.00E+00 0.00E+00 0.00E+00 0.00E+00 0.00E+00 0.00E+00 0.00E+00 0.00E+00 0.00E+00 0.00E+00 0.00E+00 0.00E+00 0.00E+00 0.00E+00 0.00E+00 0.00E+00 0.00E+00 0.00E+00 0.00E+00 0.00E+00 0.00E+00 0.00E+00 0.00E+00 0.00E+00 0.00E+00 0.00E+00 0.00E+00 0.00E+00 0.00E+00 0.00E+00 0.00E+00 0.00E+00
   3.75  1.003  6.60E+01 3.99E+01 2.90E+02 5.00E+00 7.40E+00 6.43E+00 9.27E+00 5.00E+00 4.57E+00 1.51E+00 7.14E-01 0.00E+00 0.00E+00 0.00E+00 0.00E+00 0.00E+00 0.00E+00 0.00E+00 0.00E+00 0.00E+00 0.00E+00 0.00E+00 0.00E+00 0.00E+00 0.00E+00 0.00E+00 0.00E+00 0.00E+00 0.00E+00 0.00E+00 0.00E+00 0.00E+00 0.00E+00 0.00E+00 0.00E+00 0.00E+00 0.00E+00 0.00E+00 0.00E+00 0.00E+00 0.00E+00 0.00E+00 0.00E+00 0.00E+00 0.00E+00 0.00E+00 0.00E+00 0.00E+00 0.00E+00 0.00E+00 0.00E+00 0.00E+00 0.00E+00
   4.00  1.036  7.70E+01 5.05E+01 4.00E+02 7.14E+00 8.12E+00 7.04E+00 9.27E+00 6.43E+00 6.00E+00 3.47E+00 1.63E+00 1.43E+00 0.00E+00 0.00E+00 0.00E+00 0.00E+00 0.00E+00 0.00E+00 0.00E+00 0.00E+00 0.00E+00 0.00E+00 0.00E+00 0.00E+00 0.00E+00 0.00E+00 0.00E+00 0.00E+00 0.00E+00 0.00E+00 0.00E+00 0.00E+00 0.00E+00 0.00E+00 0.00E+00 0.00E+00 0.00E+00 0.00E+00 0.00E+00 0.00E+00 0.00E+00 0.00E+00 0.00E+00 0.00E+00 0.00E+00 0.00E+00 0.00E+00 0.00E+00 0.00E+00 0.00E+00 0.00E+00 0.00E+00 0.00E+00
   4.25  1.068  9.30E+01 7.55E+01 6.61E+02 5.71E+00 1.24E+01 1.27E+01 1.21E+01 8.75E+00 1.04E+01 6.33E+00 3.06E+00 2.40E+00 8.75E-01 7.14E-01 0.00E+00 0.00E+00 0.00E+00 0.00E+00 0.00E+00 0.00E+00 0.00E+00 0.00E+00 0.00E+00 0.00E+00 0.00E+00 0.00E+00 0.00E+00 0.00E+00 0.00E+00 0.00E+00 0.00E+00 0.00E+00 0.00E+00 0.00E+00 0.00E+00 0.00E+00 0.00E+00 0.00E+00 0.00E+00 0.00E+00 0.00E+00 0.00E+00 0.00E+00 0.00E+00 0.00E+00 0.00E+00 0.00E+00 0.00E+00 0.00E+00 0.00E+00 0.00E+00 0.00E+00 0.00E+00
   4.50  1.099  1.17E+02 1.21E+02 1.13E+03 1.00E+01 1.80E+01 1.84E+01 1.70E+01 1.52E+01 1.41E+01 1.07E+01 8.06E+00 3.73E+00 3.36E+00 1.66E+00 7.14E-01 0.00E+00 0.00E+00 0.00E+00 0.00E+00 0.00E+00 0.00E+00 0.00E+00 0.00E+00 0.00E+00 0.00E+00 0.00E+00 0.00E+00 0.00E+00 0.00E+00 0.00E+00 0.00E+00 0.00E+00 0.00E+00 0.00E+00 0.00E+00 0.00E+00 0.00E+00 0.00E+00 0.00E+00 0.00E+00 0.00E+00 0.00E+00 0.00E+00 0.00E+00 0.00E+00 0.00E+00 0.00E+00 0.00E+00 0.00E+00 0.00E+00 0.00E+00 0.00E+00 0.00E+00
   4.75  1.129  1.55E+02 1.78E+02 1.72E+03 1.14E+01 2.35E+01 3.11E+01 2.31E+01 2.36E+01 2.06E+01 1.71E+01 1.25E+01 5.87E+00 5.50E+00 2.50E+00 1.43E+00 0.00E+00 0.00E+00 0.00E+00 0.00E+00 0.00E+00 0.00E+00 0.00E+00 0.00E+00 0.00E+00 0.00E+00 0.00E+00 0.00E+00 0.00E+00 0.00E+00 0.00E+00 0.00E+00 0.00E+00 0.00E+00 0.00E+00 0.00E+00 0.00E+00 0.00E+00 0.00E+00 0.00E+00 0.00E+00 0.00E+00 0.00E+00 0.00E+00 0.00E+00 0.00E+00 0.00E+00 0.00E+00 0.00E+00 0.00E+00 0.00E+00 0.00E+00 0.00E+00 0.00E+00
   5.00  1.158  2.05E+02 2.25E+02 2.15E+03 2.00E+01 2.78E+01 3.68E+01 2.33E+01 3.36E+01 2.86E+01 2.12E+01 1.54E+01 6.58E+00 7.23E+00 3.22E+00 1.43E+00 0.00E+00 0.00E+00 0.00E+00 0.00E+00 0.00E+00 0.00E+00 0.00E+00 0.00E+00 0.00E+00 0.00E+00 0.00E+00 0.00E+00 0.00E+00 0.00E+00 0.00E+00 0.00E+00 0.00E+00 0.00E+00 0.00E+00 0.00E+00 0.00E+00 0.00E+00 0.00E+00 0.00E+00 0.00E+00 0.00E+00 0.00E+00 0.00E+00 0.00E+00 0.00E+00 0.00E+00 0.00E+00 0.00E+00 0.00E+00 0.00E+00 0.00E+00 0.00E+00 0.00E+00
   5.50  1.215  3.41E+02 3.18E+02 2.92E+03 3.00E+01 4.54E+01 4.86E+01 4.18E+01 4.29E+01 3.73E+01 2.83E+01 2.09E+01 9.84E+00 7.94E+00 3.22E+00 1.43E+00 0.00E+00 0.00E+00 0.00E+00 0.00E+00 0.00E+00 0.00E+00 0.00E+00 0.00E+00 0.00E+00 0.00E+00 0.00E+00 0.00E+00 0.00E+00 0.00E+00 0.00E+00 0.00E+00 0.00E+00 0.00E+00 0.00E+00 0.00E+00 0.00E+00 0.00E+00 0.00E+00 0.00E+00 0.00E+00 0.00E+00 0.00E+00 0.00E+00 0.00E+00 0.00E+00 0.00E+00 0.00E+00 0.00E+00 0.00E+00 0.00E+00 0.00E+00 0.00E+00 0.00E+00
   6.00  1.269  5.14E+02 3.77E+02 3.52E+03 3.14E+01 4.69E+01 5.71E+01 5.56E+01 5.46E+01 5.08E+01 3.04E+01 2.30E+01 1.43E+01 8.16E+00 2.55E+00 2.14E+00 0.00E+00 0.00E+00 0.00E+00 0.00E+00 0.00E+00 0.00E+00 0.00E+00 0.00E+00 0.00E+00 0.00E+00 0.00E+00 0.00E+00 0.00E+00 0.00E+00 0.00E+00 0.00E+00 0.00E+00 0.00E+00 0.00E+00 0.00E+00 0.00E+00 0.00E+00 0.00E+00 0.00E+00 0.00E+00 0.00E+00 0.00E+00 0.00E+00 0.00E+00 0.00E+00 0.00E+00 0.00E+00 0.00E+00 0.00E+00 0.00E+00 0.00E+00 0.00E+00 0.00E+00
   6.50  1.321  7.28E+02 4.75E+02 4.78E+03 3.57E+01 5.33E+01 7.34E+01 6.49E+01 6.69E+01 5.41E+01 4.14E+01 3.03E+01 2.33E+01 1.10E+01 8.26E+00 4.98E+00 3.26E+00 2.23E+00 1.53E+00 7.14E-01 0.00E+00 0.00E+00 0.00E+00 0.00E+00 0.00E+00 0.00E+00 0.00E+00 0.00E+00 0.00E+00 0.00E+00 0.00E+00 0.00E+00 0.00E+00 0.00E+00 0.00E+00 0.00E+00 0.00E+00 0.00E+00 0.00E+00 0.00E+00 0.00E+00 0.00E+00 0.00E+00 0.00E+00 0.00E+00 0.00E+00 0.00E+00 0.00E+00 0.00E+00 0.00E+00 0.00E+00 0.00E+00 0.00E+00 0.00E+00
   7.00  1.370  1.05E+03 8.19E+02 8.84E+03 5.20E+01 8.88E+01 1.13E+02 1.23E+02 1.08E+02 8.29E+01 6.91E+01 5.89E+01 3.72E+01 2.53E+01 1.96E+01 1.40E+01 1.06E+01 8.02E+00 3.91E+00 3.79E+00 7.14E-01 7.14E-01 0.00E+00 0.00E+00 0.00E+00 0.00E+00 0.00E+00 0.00E+00 0.00E+00 0.00E+00 0.00E+00 0.00E+00 0.00E+00 0.00E+00 0.00E+00 0.00E+00 0.00E+00 0.00E+00 0.00E+00 0.00E+00 0.00E+00 0.00E+00 0.00E+00 0.00E+00 0.00E+00 0.00E+00 0.00E+00 0.00E+00 0.00E+00 0.00E+00 0.00E+00 0.00E+00 0.00E+00 0.00E+00
   7.50  1.419  1.60E+03 1.39E+03 1.53E+04 8.27E+01 1.29E+02 2.04E+02 1.85E+02 1.78E+02 1.62E+02 1.26E+02 1.15E+02 6.00E+01 5.10E+01 3.07E+01 2.47E+01 1.63E+01 1.23E+01 7.05E+00 4.50E+00 7.14E-01 7.14E-01 0.00E+00 0.00E+00 0.00E+00 0.00E+00 0.00E+00 0.00E+00 0.00E+00 0.00E+00 0.00E+00 0.00E+00 0.00E+00 0.00E+00 0.00E+00 0.00E+00 0.00E+00 0.00E+00 0.00E+00 0.00E+00 0.00E+00 0.00E+00 0.00E+00 0.00E+00 0.00E+00 0.00E+00 0.00E+00 0.00E+00 0.00E+00 0.00E+00 0.00E+00 0.00E+00 0.00E+00 0.00E+00
   8.00  1.465  2.48E+03 2.12E+03 2.30E+04 1.28E+02 1.94E+02 3.06E+02 2.78E+02 2.92E+02 2.46E+02 2.04E+02 1.63E+02 1.02E+02 7.57E+01 5.07E+01 3.26E+01 2.06E+01 1.52E+01 7.66E+00 3.71E+00 7.14E-01 0.00E+00 0.00E+00 0.00E+00 0.00E+00 0.00E+00 0.00E+00 0.00E+00 0.00E+00 0.00E+00 0.00E+00 0.00E+00 0.00E+00 0.00E+00 0.00E+00 0.00E+00 0.00E+00 0.00E+00 0.00E+00 0.00E+00 0.00E+00 0.00E+00 0.00E+00 0.00E+00 0.00E+00 0.00E+00 0.00E+00 0.00E+00 0.00E+00 0.00E+00 0.00E+00 0.00E+00 0.00E+00 0.00E+00
   8.50  1.510  3.73E+03 2.89E+03 3.18E+04 1.58E+02 2.79E+02 3.90E+02 3.93E+02 3.86E+02 3.51E+02 2.80E+02 2.19E+02 1.41E+02 1.14E+02 6.57E+01 4.36E+01 2.94E+01 2.08E+01 9.91E+00 4.74E+00 4.39E+00 2.24E+00 1.43E+00 1.62E-02 7.14E-01 0.00E+00 0.00E+00 0.00E+00 0.00E+00 0.00E+00 0.00E+00 0.00E+00 0.00E+00 0.00E+00 0.00E+00 0.00E+00 0.00E+00 0.00E+00 0.00E+00 0.00E+00 0.00E+00 0.00E+00 0.00E+00 0.00E+00 0.00E+00 0.00E+00 0.00E+00 0.00E+00 0.00E+00 0.00E+00 0.00E+00 0.00E+00 0.00E+00 0.00E+00
   9.00  1.554  5.42E+03 3.87E+03 4.43E+04 1.96E+02 3.86E+02 4.94E+02 5.14E+02 4.89E+02 4.48E+02 3.84E+02 2.81E+02 2.04E+02 1.50E+02 9.79E+01 6.71E+01 5.45E+01 3.65E+01 1.96E+01 1.47E+01 1.15E+01 8.24E+00 5.10E+00 2.87E+00 2.26E+00 1.44E+00 7.14E-01 7.14E-01 0.00E+00 0.00E+00 0.00E+00 0.00E+00 0.00E+00 0.00E+00 0.00E+00 0.00E+00 0.00E+00 0.00E+00 0.00E+00 0.00E+00 0.00E+00 0.00E+00 0.00E+00 0.00E+00 0.00E+00 0.00E+00 0.00E+00 0.00E+00 0.00E+00 0.00E+00 0.00E+00 0.00E+00 0.00E+00 0.00E+00
   9.50  1.596  7.84E+03 5.81E+03 7.12E+04 2.45E+02 4.89E+02 6.84E+02 7.33E+02 7.34E+02 6.61E+02 5.80E+02 4.43E+02 3.46E+02 2.49E+02 1.91E+02 1.26E+02 1.04E+02 6.96E+01 4.86E+01 3.47E+01 2.55E+01 1.85E+01 1.08E+01 7.16E+00 5.12E+00 2.87E+00 7.14E-01 7.14E-01 0.00E+00 0.00E+00 0.00E+00 0.00E+00 0.00E+00 0.00E+00 0.00E+00 0.00E+00 0.00E+00 0.00E+00 0.00E+00 0.00E+00 0.00E+00 0.00E+00 0.00E+00 0.00E+00 0.00E+00 0.00E+00 0.00E+00 0.00E+00 0.00E+00 0.00E+00 0.00E+00 0.00E+00 0.00E+00 0.00E+00
  10.00  1.638  1.17E+04 9.45E+03 1.18E+05 3.89E+02 7.86E+02 1.04E+03 1.17E+03 1.11E+03 1.09E+03 9.41E+02 7.56E+02 5.81E+02 4.49E+02 3.39E+02 2.56E+02 1.80E+02 1.29E+02 7.79E+01 6.07E+01 3.54E+01 2.76E+01 1.50E+01 8.89E+00 4.40E+00 2.87E+00 7.14E-01 7.14E-01 0.00E+00 0.00E+00 0.00E+00 0.00E+00 0.00E+00 0.00E+00 0.00E+00 0.00E+00 0.00E+00 0.00E+00 0.00E+00 0.00E+00 0.00E+00 0.00E+00 0.00E+00 0.00E+00 0.00E+00 0.00E+00 0.00E+00 0.00E+00 0.00E+00 0.00E+00 0.00E+00 0.00E+00 0.00E+00 0.00E+00
  11.00  1.718  2.69E+04 2.10E+04 2.64E+05 8.89E+02 1.67E+03 2.23E+03 2.50E+03 2.57E+03 2.43E+03 2.10E+03 1.75E+03 1.33E+03 1.05E+03 7.54E+02 5.60E+02 3.80E+02 2.67E+02 1.79E+02 1.19E+02 7.43E+01 5.61E+01 3.00E+01 2.26E+01 1.30E+01 7.14E+00 6.46E+00 3.63E+00 2.87E+00 1.43E+00 1.43E+00 7.14E-01 0.00E+00 0.00E+00 0.00E+00 0.00E+00 0.00E+00 0.00E+00 0.00E+00 0.00E+00 0.00E+00 0.00E+00 0.00E+00 0.00E+00 0.00E+00 0.00E+00 0.00E+00 0.00E+00 0.00E+00 0.00E+00 0.00E+00 0.00E+00 0.00E+00 0.00E+00
  12.00  1.794  5.85E+04 4.22E+04 5.69E+05 1.61E+03 3.08E+03 4.18E+03 4.75E+03 4.85E+03 4.63E+03 4.10E+03 3.45E+03 2.80E+03 2.23E+03 1.71E+03 1.31E+03 9.80E+02 7.21E+02 5.36E+02 3.86E+02 2.94E+02 1.97E+02 1.50E+02 9.85E+01 6.93E+01 4.64E+01 2.87E+01 2.03E+01 1.46E+01 8.60E+00 6.48E+00 2.86E+00 7.14E-01 0.00E+00 0.00E+00 0.00E+00 0.00E+00 0.00E+00 0.00E+00 0.00E+00 0.00E+00 0.00E+00 0.00E+00 0.00E+00 0.00E+00 0.00E+00 0.00E+00 0.00E+00 0.00E+00 0.00E+00 0.00E+00 0.00E+00 0.00E+00 0.00E+00
  13.00  1.868  1.27E+05 9.48E+04 1.33E+06 3.33E+03 6.35E+03 8.59E+03 9.95E+03 1.04E+04 1.00E+04 9.21E+03 7.95E+03 6.70E+03 5.39E+03 4.30E+03 3.33E+03 2.54E+03 1.95E+03 1.42E+03 1.07E+03 7.18E+02 5.26E+02 3.54E+02 2.54E+02 1.54E+02 1.01E+02 5.64E+01 4.13E+01 2.19E+01 1.51E+01 8.02E+00 3.57E+00 1.43E+00 0.00E+00 0.00E+00 0.00E+00 0.00E+00 0.00E+00 0.00E+00 0.00E+00 0.00E+00 0.00E+00 0.00E+00 0.00E+00 0.00E+00 0.00E+00 0.00E+00 0.00E+00 0.00E+00 0.00E+00 0.00E+00 0.00E+00 0.00E+00 0.00E+00
  14.00  1.938  2.71E+05 1.94E+05 2.79E+06 6.69E+03 1.26E+04 1.71E+04 1.99E+04 2.08E+04 2.03E+04 1.85E+04 1.64E+04 1.38E+04 1.13E+04 8.95E+03 7.08E+03 5.37E+03 4.14E+03 3.07E+03 2.30E+03 1.64E+03 1.24E+03 8.58E+02 6.36E+02 4.16E+02 3.17E+02 2.16E+02 1.56E+02 1.05E+02 7.10E+01 6.44E+01 4.08E+01 3.64E+01 0.00E+00 0.00E+00 0.00E+00 0.00E+00 0.00E+00 0.00E+00 0.00E+00 0.00E+00 0.00E+00 0.00E+00 0.00E+00 0.00E+00 0.00E+00 0.00E+00 0.00E+00 0.00E+00 0.00E+00 0.00E+00 0.00E+00 0.00E+00 0.00E+00
  15.00  2.006  4.92E+05 2.47E+05 3.65E+06 8.13E+03 1.54E+04 2.08E+04 2.44E+04 2.58E+04 2.52E+04 2.31E+04 2.07E+04 1.75E+04 1.46E+04 1.15E+04 9.28E+03 7.25E+03 5.69E+03 4.36E+03 3.32E+03 2.54E+03 1.87E+03 1.44E+03 1.03E+03 7.97E+02 5.39E+02 4.06E+02 2.79E+02 2.04E+02 1.29E+02 1.00E+02 6.78E+01 6.89E+01 0.00E+00 0.00E+00 0.00E+00 0.00E+00 0.00E+00 0.00E+00 0.00E+00 0.00E+00 0.00E+00 0.00E+00 0.00E+00 0.00E+00 0.00E+00 0.00E+00 0.00E+00 0.00E+00 0.00E+00 0.00E+00 0.00E+00 0.00E+00 0.00E+00
  16.00  2.072  7.72E+05 3.13E+05 4.75E+06 9.87E+03 1.89E+04 2.52E+04 3.00E+04 3.21E+04 3.14E+04 2.89E+04 2.61E+04 2.23E+04 1.88E+04 1.47E+04 1.22E+04 9.80E+03 7.82E+03 6.20E+03 4.79E+03 3.94E+03 2.83E+03 2.01E+03 1.43E+03 1.18E+03 7.61E+02 5.95E+02 4.01E+02 3.04E+02 1.87E+02 1.36E+02 9.48E+01 1.01E+02 0.00E+00 0.00E+00 0.00E+00 0.00E+00 0.00E+00 0.00E+00 0.00E+00 0.00E+00 0.00E+00 0.00E+00 0.00E+00 0.00E+00 0.00E+00 0.00E+00 0.00E+00 0.00E+00 0.00E+00 0.00E+00 0.00E+00 0.00E+00 0.00E+00
  17.00  2.136  1.13E+06 3.98E+05 6.19E+06 1.20E+04 2.31E+04 3.06E+04 3.68E+04 3.99E+04 3.91E+04 3.60E+04 3.29E+04 2.83E+04 2.42E+04 1.89E+04 1.59E+04 1.32E+04 1.07E+04 8.81E+03 6.92E+03 6.12E+03 4.26E+03 2.82E+03 1.97E+03 1.56E+03 9.82E+02 7.85E+02 5.24E+02 4.03E+02 2.45E+02 1.71E+02 1.22E+02 1.34E+02 0.00E+00 0.00E+00 0.00E+00 0.00E+00 0.00E+00 0.00E+00 0.00E+00 0.00E+00 0.00E+00 0.00E+00 0.00E+00 0.00E+00 0.00E+00 0.00E+00 0.00E+00 0.00E+00 0.00E+00 0.00E+00 0.00E+00 0.00E+00 0.00E+00
  18.00  2.198  1.58E+06 5.06E+05 8.08E+06 1.46E+04 2.83E+04 3.71E+04 4.52E+04 4.97E+04 4.86E+04 4.49E+04 4.16E+04 3.60E+04 3.12E+04 2.42E+04 2.09E+04 1.79E+04 1.48E+04 1.25E+04 9.98E+03 9.49E+03 6.43E+03 3.96E+03 2.73E+03 2.06E+03 1.20E+03 9.75E+02 6.46E+02 5.03E+02 3.03E+02 2.07E+02 1.49E+02 1.66E+02 0.00E+00 0.00E+00 0.00E+00 0.00E+00 0.00E+00 0.00E+00 0.00E+00 0.00E+00 0.00E+00 0.00E+00 0.00E+00 0.00E+00 0.00E+00 0.00E+00 0.00E+00 0.00E+00 0.00E+00 0.00E+00 0.00E+00 0.00E+00 0.00E+00
  19.00  2.258  2.15E+06 6.46E+05 1.06E+07 1.77E+04 3.47E+04 4.50E+04 5.54E+04 6.18E+04 6.04E+04 5.61E+04 5.24E+04 4.58E+04 4.02E+04 3.11E+04 2.73E+04 2.41E+04 2.03E+04 1.78E+04 1.44E+04 1.47E+04 9.69E+03 5.55E+03 3.78E+03 2.73E+03 1.43E+03 1.16E+03 7.69E+02 6.02E+02 3.61E+02 2.42E+02 1.76E+02 1.99E+02 0.00E+00 0.00E+00 0.00E+00 0.00E+00 0.00E+00 0.00E+00 0.00E+00 0.00E+00 0.00E+00 0.00E+00 0.00E+00 0.00E+00 0.00E+00 0.00E+00 0.00E+00 0.00E+00 0.00E+00 0.00E+00 0.00E+00 0.00E+00 0.00E+00
  20.00  2.316  2.89E+06 8.27E+05 1.39E+07 2.15E+04 4.25E+04 5.46E+04 6.80E+04 7.69E+04 7.52E+04 7.00E+04 6.61E+04 5.82E+04 5.17E+04 3.99E+04 3.58E+04 3.26E+04 2.79E+04 2.53E+04 2.08E+04 2.29E+04 1.46E+04 7.79E+03 5.23E+03 3.61E+03 1.69E+03 1.35E+03 8.91E+02 7.02E+02 4.18E+02 2.78E+02 2.03E+02 2.31E+02 0.00E+00 0.00E+00 0.00E+00 0.00E+00 0.00E+00 0.00E+00 0.00E+00 0.00E+00 0.00E+00 0.00E+00 0.00E+00 0.00E+00 0.00E+00 0.00E+00 0.00E+00 0.00E+00 0.00E+00 0.00E+00 0.00E+00 0.00E+00 0.00E+00
  22.50  2.457  5.87E+06 1.56E+06 2.81E+07 3.49E+04 7.07E+04 8.85E+04 1.14E+05 1.33E+05 1.30E+05 1.22E+05 1.18E+05 1.06E+05 9.73E+04 7.43E+04 7.03E+04 6.92E+04 6.18E+04 6.09E+04 5.19E+04 6.87E+04 4.08E+04 1.81E+04 1.18E+04 7.26E+03 2.58E+03 1.98E+03 1.20E+03 9.50E+02 5.63E+02 3.67E+02 2.70E+02 3.12E+02 0.00E+00 0.00E+00 0.00E+00 0.00E+00 0.00E+00 0.00E+00 0.00E+00 0.00E+00 0.00E+00 0.00E+00 0.00E+00 0.00E+00 0.00E+00 0.00E+00 0.00E+00 0.00E+00 0.00E+00 0.00E+00 0.00E+00 0.00E+00 0.00E+00
  25.00  2.590  1.16E+07 3.01E+06 5.89E+07 5.67E+04 1.18E+05 1.44E+05 1.89E+05 2.29E+05 2.24E+05 2.12E+05 2.11E+05 1.94E+05 1.83E+05 1.39E+05 1.38E+05 1.47E+05 1.37E+05 1.47E+05 1.30E+05 2.06E+05 1.14E+05 4.22E+04 2.65E+04 1.46E+04 3.93E+03 2.88E+03 1.50E+03 1.20E+03 7.08E+02 4.56E+02 3.38E+02 3.93E+02 0.00E+00 0.00E+00 0.00E+00 0.00E+00 0.00E+00 0.00E+00 0.00E+00 0.00E+00 0.00E+00 0.00E+00 0.00E+00 0.00E+00 0.00E+00 0.00E+00 0.00E+00 0.00E+00 0.00E+00 0.00E+00 0.00E+00 0.00E+00 0.00E+00
  30.00  2.837  5.04E+07 1.25E+07 2.91E+08 1.50E+05 3.25E+05 3.78E+05 5.27E+05 6.81E+05 6.67E+05 6.43E+05 6.73E+05 6.45E+05 6.48E+05 4.81E+05 5.33E+05 6.60E+05 6.72E+05 8.51E+05 8.11E+05 1.86E+06 8.90E+05 2.29E+05 1.34E+05 5.93E+04 9.15E+03 6.13E+03 2.37E+03 1.70E+03 9.98E+02 6.34E+02 4.73E+02 5.56E+02 0.00E+00 0.00E+00 0.00E+00 0.00E+00 0.00E+00 0.00E+00 0.00E+00 0.00E+00 0.00E+00 0.00E+00 0.00E+00 0.00E+00 0.00E+00 0.00E+00 0.00E+00 0.00E+00 0.00E+00 0.00E+00 0.00E+00 0.00E+00 0.00E+00
  40.00  3.276  1.96E+09 3.70E+08 1.12E+10 1.04E+06 2.48E+06 2.61E+06 4.09E+06 6.03E+06 5.91E+06 5.90E+06 6.86E+06 7.15E+06 8.13E+06 5.81E+06 7.94E+06 1.34E+07 1.62E+07 2.86E+07 3.17E+07 1.51E+08 5.42E+07 6.75E+06 3.45E+06 9.75E+05 4.96E+04 2.77E+04 5.89E+03 3.39E+03 1.58E+03 9.91E+02 7.42E+02 8.80E+02 0.00E+00 0.00E+00 0.00E+00 0.00E+00 0.00E+00 0.00E+00 0.00E+00 0.00E+00 0.00E+00 0.00E+00 0.00E+00 0.00E+00 0.00E+00 0.00E+00 0.00E+00 0.00E+00 0.00E+00 0.00E+00 0.00E+00 0.00E+00 0.00E+00
  50.00  3.663  1.01E+11 1.94E+10 6.44E+11 7.28E+06 1.89E+07 1.81E+07 3.17E+07 5.34E+07 5.24E+07 5.41E+07 6.98E+07 7.92E+07 1.02E+08 7.01E+07 1.18E+08 2.70E+08 3.90E+08 9.62E+08 1.24E+09 1.22E+10 3.30E+09 1.99E+08 8.86E+07 1.60E+07 2.69E+05 1.26E+05 1.47E+04 6.79E+03 2.16E+03 1.35E+03 1.01E+03 1.20E+03 0.00E+00 0.00E+00 0.00E+00 0.00E+00 0.00E+00 0.00E+00 0.00E+00 0.00E+00 0.00E+00 0.00E+00 0.00E+00 0.00E+00 0.00E+00 0.00E+00 0.00E+00 0.00E+00 0.00E+00 0.00E+00 0.00E+00 0.00E+00 0.00E+00
  60.00  4.012  6.72E+12 1.30E+12 4.44E+13 5.08E+07 1.44E+08 1.25E+08 2.46E+08 4.73E+08 4.65E+08 4.97E+08 7.11E+08 8.77E+08 1.28E+09 8.46E+08 1.76E+09 5.46E+09 9.39E+09 3.24E+10 4.83E+10 9.93E+11 2.01E+11 5.84E+09 2.27E+09 2.63E+08 1.46E+06 5.68E+05 3.64E+04 1.36E+04 2.95E+03 1.70E+03 1.28E+03 1.53E+03 0.00E+00 0.00E+00 0.00E+00 0.00E+00 0.00E+00 0.00E+00 0.00E+00 0.00E+00 0.00E+00 0.00E+00 0.00E+00 0.00E+00 0.00E+00 0.00E+00 0.00E+00 0.00E+00 0.00E+00 0.00E+00 0.00E+00 0.00E+00 0.00E+00
  70.00  4.334  4.95E+14 9.64E+13 3.29E+15 3.54E+08 1.10E+09 8.65E+08 1.90E+09 4.19E+09 4.12E+09 4.56E+09 7.25E+09 9.71E+09 1.60E+10 1.02E+10 2.62E+10 1.11E+11 2.26E+11 1.09E+12 1.89E+12 8.06E+13 1.22E+13 1.72E+11 5.84E+10 4.33E+09 7.91E+06 2.57E+06 9.06E+04 2.72E+04 4.03E+03 2.15E+03 1.62E+03 1.94E+03 0.00E+00 0.00E+00 0.00E+00 0.00E+00 0.00E+00 0.00E+00 0.00E+00 0.00E+00 0.00E+00 0.00E+00 0.00E+00 0.00E+00 0.00E+00 0.00E+00 0.00E+00 0.00E+00 0.00E+00 0.00E+00 0.00E+00 0.00E+00 0.00E+00
  80.00  4.633  3.80E+16 7.41E+15 2.53E+17 2.47E+09 8.38E+09 5.99E+09 1.48E+10 3.71E+10 3.65E+10 4.18E+10 7.38E+10 1.08E+11 2.01E+11 1.23E+11 3.90E+11 2.24E+12 5.44E+12 3.66E+13 7.38E+13 6.54E+15 7.44E+14 5.06E+12 1.50E+12 7.12E+10 4.29E+07 1.16E+07 2.25E+05 5.45E+04 5.51E+03 2.72E+03 2.06E+03 2.46E+03 0.00E+00 0.00E+00 0.00E+00 0.00E+00 0.00E+00 0.00E+00 0.00E+00 0.00E+00 0.00E+00 0.00E+00 0.00E+00 0.00E+00 0.00E+00 0.00E+00 0.00E+00 0.00E+00 0.00E+00 0.00E+00 0.00E+00 0.00E+00 0.00E+00
  90.00  4.914  2.98E+18 5.80E+17 1.98E+19 1.72E+10 6.40E+10 4.14E+10 1.14E+11 3.29E+11 3.24E+11 3.84E+11 7.52E+11 1.19E+12 2.52E+12 1.49E+12 5.81E+12 4.53E+13 1.31E+14 1.23E+15 2.88E+15 5.31E+17 4.53E+16 1.49E+14 3.85E+13 1.17E+12 2.32E+08 5.27E+07 5.60E+05 1.09E+05 7.54E+03 3.44E+03 2.61E+03 3.13E+03 0.00E+00 0.00E+00 0.00E+00 0.00E+00 0.00E+00 0.00E+00 0.00E+00 0.00E+00 0.00E+00 0.00E+00 0.00E+00 0.00E+00 0.00E+00 0.00E+00 0.00E+00 0.00E+00 0.00E+00 0.00E+00 0.00E+00 0.00E+00 0.00E+00
 100.00  5.180  2.36E+20 4.60E+19 1.57E+21 1.20E+11 4.88E+11 2.87E+11 8.87E+11 2.91E+12 2.87E+12 3.52E+12 7.66E+12 1.32E+13 3.16E+13 1.79E+13 8.65E+13 9.16E+14 3.16E+15 4.14E+16 1.13E+17 4.31E+19 2.76E+18 4.38E+15 9.90E+14 1.92E+13 1.26E+09 2.38E+08 1.39E+06 2.18E+05 1.03E+04 4.35E+03 3.30E+03 3.97E+03 0.00E+00 0.00E+00 0.00E+00 0.00E+00 0.00E+00 0.00E+00 0.00E+00 0.00E+00 0.00E+00 0.00E+00 0.00E+00 0.00E+00 0.00E+00 0.00E+00 0.00E+00 0.00E+00 0.00E+00 0.00E+00 0.00E+00 0.00E+00 0.00E+00
 110.00  5.433  1.88E+22 3.67E+21 1.25E+23 8.37E+11 3.72E+12 1.98E+12 6.88E+12 2.58E+13 2.55E+13 3.23E+13 7.80E+13 1.46E+14 3.96E+14 2.16E+14 1.29E+15 1.85E+16 7.60E+16 1.39E+18 4.39E+18 3.50E+21 1.68E+20 1.29E+17 2.54E+16 3.16E+14 6.83E+09 1.08E+09 3.46E+06 4.37E+05 1.41E+04 5.51E+03 4.18E+03 5.04E+03 0.00E+00 0.00E+00 0.00E+00 0.00E+00 0.00E+00 0.00E+00 0.00E+00 0.00E+00 0.00E+00 0.00E+00 0.00E+00 0.00E+00 0.00E+00 0.00E+00 0.00E+00 0.00E+00 0.00E+00 0.00E+00 0.00E+00 0.00E+00 0.00E+00
 120.00  5.674  1.51E+24 2.94E+23 1.00E+25 5.84E+12 2.84E+13 1.37E+13 5.33E+13 2.28E+14 2.26E+14 2.96E+14 7.94E+14 1.62E+15 4.97E+15 2.61E+15 1.92E+16 3.75E+17 1.83E+18 4.68E+19 1.72E+20 2.84E+23 1.02E+22 3.80E+18 6.53E+17 5.20E+15 3.70E+10 4.88E+09 8.60E+06 8.74E+05 1.93E+04 6.96E+03 5.29E+03 6.40E+03 0.00E+00 0.00E+00 0.00E+00 0.00E+00 0.00E+00 0.00E+00 0.00E+00 0.00E+00 0.00E+00 0.00E+00 0.00E+00 0.00E+00 0.00E+00 0.00E+00 0.00E+00 0.00E+00 0.00E+00 0.00E+00 0.00E+00 0.00E+00 0.00E+00
 130.00  5.906  1.21E+26 2.37E+25 8.06E+26 4.07E+13 2.17E+14 9.49E+13 4.13E+14 2.02E+15 2.00E+15 2.72E+15 8.09E+15 1.79E+16 6.23E+16 3.15E+16 2.85E+17 7.58E+18 4.41E+19 1.57E+21 6.70E+21 2.30E+25 6.22E+23 1.12E+20 1.68E+19 8.54E+16 2.01E+11 2.21E+10 2.14E+07 1.75E+06 2.63E+04 8.80E+03 6.71E+03 8.12E+03 0.00E+00 0.00E+00 0.00E+00 0.00E+00 0.00E+00 0.00E+00 0.00E+00 0.00E+00 0.00E+00 0.00E+00 0.00E+00 0.00E+00 0.00E+00 0.00E+00 0.00E+00 0.00E+00 0.00E+00 0.00E+00 0.00E+00 0.00E+00 0.00E+00
 140.00  6.129  9.78E+27 1.91E+27 6.49E+28 2.84E+14 1.65E+15 6.56E+14 3.20E+15 1.79E+16 1.78E+16 2.50E+16 8.24E+16 1.99E+17 7.81E+17 3.80E+17 4.25E+18 1.53E+20 1.06E+21 5.29E+22 2.62E+23 1.87E+27 3.78E+25 3.29E+21 4.31E+20 1.40E+18 1.09E+12 1.00E+11 5.32E+07 3.50E+06 3.60E+04 1.11E+04 8.49E+03 1.03E+04 0.00E+00 0.00E+00 0.00E+00 0.00E+00 0.00E+00 0.00E+00 0.00E+00 0.00E+00 0.00E+00 0.00E+00 0.00E+00 0.00E+00 0.00E+00 0.00E+00 0.00E+00 0.00E+00 0.00E+00 0.00E+00 0.00E+00 0.00E+00 0.00E+00
 150.00  6.344  7.89E+29 1.54E+29 5.24E+30 1.98E+15 1.26E+16 4.54E+15 2.48E+16 1.59E+17 1.57E+17 2.29E+17 8.39E+17 2.20E+18 9.79E+18 4.59E+18 6.33E+19 3.10E+21 2.56E+22 1.78E+24 1.02E+25 1.52E+29 2.30E+27 9.67E+22 1.11E+22 2.31E+19 5.90E+12 4.52E+11 1.32E+08 7.01E+06 4.92E+04 1.41E+04 1.08E+04 1.31E+04 0.00E+00 0.00E+00 0.00E+00 0.00E+00 0.00E+00 0.00E+00 0.00E+00 0.00E+00 0.00E+00 0.00E+00 0.00E+00 0.00E+00 0.00E+00 0.00E+00 0.00E+00 0.00E+00 0.00E+00 0.00E+00 0.00E+00 0.00E+00 0.00E+00
 160.00  6.552  6.38E+31 1.25E+31 4.24E+32 1.38E+16 9.62E+16 3.14E+16 1.93E+17 1.41E+18 1.40E+18 2.10E+18 8.55E+18 2.44E+19 1.23E+20 5.54E+19 9.42E+20 6.28E+22 6.15E+23 5.98E+25 4.00E+26 1.23E+31 1.40E+29 2.85E+24 2.84E+23 3.80E+20 3.20E+13 2.05E+12 3.29E+08 1.40E+07 6.73E+04 1.78E+04 1.36E+04 1.66E+04 0.00E+00 0.00E+00 0.00E+00 0.00E+00 0.00E+00 0.00E+00 0.00E+00 0.00E+00 0.00E+00 0.00E+00 0.00E+00 0.00E+00 0.00E+00 0.00E+00 0.00E+00 0.00E+00 0.00E+00 0.00E+00 0.00E+00 0.00E+00 0.00E+00
 170.00  6.753  5.17E+33 1.01E+33 3.43E+34 9.63E+16 7.34E+17 2.17E+17 1.49E+18 1.24E+19 1.24E+19 1.93E+19 8.70E+19 2.70E+20 1.54E+21 6.68E+20 1.40E+22 1.27E+24 1.48E+25 2.01E+27 1.56E+28 9.99E+32 8.54E+30 8.38E+25 7.30E+24 6.24E+21 1.73E+14 9.27E+12 8.17E+08 2.81E+07 9.21E+04 2.25E+04 1.73E+04 2.11E+04 0.00E+00 0.00E+00 0.00E+00 0.00E+00 0.00E+00 0.00E+00 0.00E+00 0.00E+00 0.00E+00 0.00E+00 0.00E+00 0.00E+00 0.00E+00 0.00E+00 0.00E+00 0.00E+00 0.00E+00 0.00E+00 0.00E+00 0.00E+00 0.00E+00
 180.00  6.949  4.18E+35 8.16E+34 2.78E+36 6.72E+17 5.60E+18 1.50E+18 1.16E+19 1.10E+20 1.10E+20 1.77E+20 8.87E+20 2.99E+21 1.93E+22 8.06E+21 2.09E+23 2.57E+25 3.57E+26 6.77E+28 6.10E+29 8.11E+34 5.20E+32 2.47E+27 1.88E+26 1.03E+23 9.39E+14 4.19E+13 2.03E+09 5.62E+07 1.26E+05 2.85E+04 2.19E+04 2.68E+04 0.00E+00 0.00E+00 0.00E+00 0.00E+00 0.00E+00 0.00E+00 0.00E+00 0.00E+00 0.00E+00 0.00E+00 0.00E+00 0.00E+00 0.00E+00 0.00E+00 0.00E+00 0.00E+00 0.00E+00 0.00E+00 0.00E+00 0.00E+00 0.00E+00
 190.00  7.140  3.39E+37 6.62E+36 2.25E+38 4.68E+18 4.27E+19 1.04E+19 8.97E+19 9.76E+20 9.73E+20 1.62E+21 9.03E+21 3.31E+22 2.42E+23 9.73E+22 3.11E+24 5.20E+26 8.59E+27 2.28E+30 2.38E+31 6.58E+36 3.16E+34 7.26E+28 4.82E+27 1.69E+24 5.09E+15 1.90E+14 5.05E+09 1.12E+08 1.72E+05 3.60E+04 2.77E+04 3.40E+04 0.00E+00 0.00E+00 0.00E+00 0.00E+00 0.00E+00 0.00E+00 0.00E+00 0.00E+00 0.00E+00 0.00E+00 0.00E+00 0.00E+00 0.00E+00 0.00E+00 0.00E+00 0.00E+00 0.00E+00 0.00E+00 0.00E+00 0.00E+00 0.00E+00
 200.00  7.325  2.75E+39 5.36E+38 1.82E+40 3.27E+19 3.26E+20 7.20E+19 6.96E+20 8.65E+21 8.63E+21 1.49E+22 9.20E+22 3.67E+23 3.03E+24 1.17E+24 4.63E+25 1.05E+28 2.07E+29 7.65E+31 9.30E+32 5.34E+38 1.93E+36 2.14E+30 1.24E+29 2.77E+25 2.76E+16 8.59E+14 1.26E+10 2.25E+08 2.35E+05 4.55E+04 3.51E+04 4.31E+04 0.00E+00 0.00E+00 0.00E+00 0.00E+00 0.00E+00 0.00E+00 0.00E+00 0.00E+00 0.00E+00 0.00E+00 0.00E+00 0.00E+00 0.00E+00 0.00E+00 0.00E+00 0.00E+00 0.00E+00 0.00E+00 0.00E+00 0.00E+00 0.00E+00
 
