                    *********************************************************************************
                    *  Z= 35 A= 80: Positive-Parity Spin-dependent Level Density [MeV-1] for BR 80  *
                    *********************************************************************************
 U[MeV]  T[MeV]  NCUMUL   RHOOBS   RHOTOT     J=00     J=01     J=02     J=03     J=04     J=05     J=06     J=07     J=08     J=09     J=10     J=11     J=12     J=13     J=14     J=15     J=16     J=17     J=18     J=19     J=20     J=21     J=22     J=23     J=24     J=25     J=26     J=27     J=28     J=29     J=30     J=31     J=32     J=33     J=34     J=35     J=36     J=37     J=38     J=39     J=40     J=41     J=42     J=43     J=44     J=45     J=46     J=47     J=48     J=49
   0.25  0.185  3.00E+00 1.64E+01 1.00E+02 3.00E+00 2.15E+00 4.12E+00 1.61E+00 2.11E+00 2.26E+00 1.15E+00 0.00E+00 0.00E+00 0.00E+00 0.00E+00 0.00E+00 0.00E+00 0.00E+00 0.00E+00 0.00E+00 0.00E+00 0.00E+00 0.00E+00 0.00E+00 0.00E+00 0.00E+00 0.00E+00 0.00E+00 0.00E+00 0.00E+00 0.00E+00 0.00E+00 0.00E+00 0.00E+00 0.00E+00 0.00E+00 0.00E+00 0.00E+00 0.00E+00 0.00E+00 0.00E+00 0.00E+00 0.00E+00 0.00E+00 0.00E+00 0.00E+00 0.00E+00 0.00E+00 0.00E+00 0.00E+00 0.00E+00 0.00E+00 0.00E+00 0.00E+00
   0.50  0.262  7.00E+00 1.89E+01 1.10E+02 4.17E+00 1.92E+00 4.79E+00 2.56E+00 2.40E+00 2.01E+00 9.61E-01 1.28E-01 0.00E+00 0.00E+00 0.00E+00 0.00E+00 0.00E+00 0.00E+00 0.00E+00 0.00E+00 0.00E+00 0.00E+00 0.00E+00 0.00E+00 0.00E+00 0.00E+00 0.00E+00 0.00E+00 0.00E+00 0.00E+00 0.00E+00 0.00E+00 0.00E+00 0.00E+00 0.00E+00 0.00E+00 0.00E+00 0.00E+00 0.00E+00 0.00E+00 0.00E+00 0.00E+00 0.00E+00 0.00E+00 0.00E+00 0.00E+00 0.00E+00 0.00E+00 0.00E+00 0.00E+00 0.00E+00 0.00E+00 0.00E+00 0.00E+00
   0.75  0.321  1.20E+01 2.36E+01 1.47E+02 3.79E+00 2.58E+00 5.97E+00 4.28E+00 2.82E+00 2.05E+00 1.87E+00 2.19E-01 0.00E+00 0.00E+00 0.00E+00 0.00E+00 0.00E+00 0.00E+00 0.00E+00 0.00E+00 0.00E+00 0.00E+00 0.00E+00 0.00E+00 0.00E+00 0.00E+00 0.00E+00 0.00E+00 0.00E+00 0.00E+00 0.00E+00 0.00E+00 0.00E+00 0.00E+00 0.00E+00 0.00E+00 0.00E+00 0.00E+00 0.00E+00 0.00E+00 0.00E+00 0.00E+00 0.00E+00 0.00E+00 0.00E+00 0.00E+00 0.00E+00 0.00E+00 0.00E+00 0.00E+00 0.00E+00 0.00E+00 0.00E+00 0.00E+00
   1.00  0.371  1.90E+01 2.77E+01 1.66E+02 5.93E+00 2.58E+00 6.06E+00 5.32E+00 3.55E+00 2.10E+00 1.87E+00 2.19E-01 1.09E-01 0.00E+00 0.00E+00 0.00E+00 0.00E+00 0.00E+00 0.00E+00 0.00E+00 0.00E+00 0.00E+00 0.00E+00 0.00E+00 0.00E+00 0.00E+00 0.00E+00 0.00E+00 0.00E+00 0.00E+00 0.00E+00 0.00E+00 0.00E+00 0.00E+00 0.00E+00 0.00E+00 0.00E+00 0.00E+00 0.00E+00 0.00E+00 0.00E+00 0.00E+00 0.00E+00 0.00E+00 0.00E+00 0.00E+00 0.00E+00 0.00E+00 0.00E+00 0.00E+00 0.00E+00 0.00E+00 0.00E+00 0.00E+00
   1.25  0.415  2.70E+01 3.63E+01 2.50E+02 5.47E+00 3.60E+00 8.67E+00 5.43E+00 4.47E+00 2.80E+00 3.80E+00 1.87E+00 2.19E-01 0.00E+00 0.00E+00 0.00E+00 0.00E+00 0.00E+00 0.00E+00 0.00E+00 0.00E+00 0.00E+00 0.00E+00 0.00E+00 0.00E+00 0.00E+00 0.00E+00 0.00E+00 0.00E+00 0.00E+00 0.00E+00 0.00E+00 0.00E+00 0.00E+00 0.00E+00 0.00E+00 0.00E+00 0.00E+00 0.00E+00 0.00E+00 0.00E+00 0.00E+00 0.00E+00 0.00E+00 0.00E+00 0.00E+00 0.00E+00 0.00E+00 0.00E+00 0.00E+00 0.00E+00 0.00E+00 0.00E+00 0.00E+00
   1.50  0.454  3.70E+01 4.41E+01 3.12E+02 6.40E+00 3.77E+00 9.18E+00 7.23E+00 7.16E+00 3.99E+00 3.63E+00 2.41E+00 2.19E-01 1.09E-01 0.00E+00 0.00E+00 0.00E+00 0.00E+00 0.00E+00 0.00E+00 0.00E+00 0.00E+00 0.00E+00 0.00E+00 0.00E+00 0.00E+00 0.00E+00 0.00E+00 0.00E+00 0.00E+00 0.00E+00 0.00E+00 0.00E+00 0.00E+00 0.00E+00 0.00E+00 0.00E+00 0.00E+00 0.00E+00 0.00E+00 0.00E+00 0.00E+00 0.00E+00 0.00E+00 0.00E+00 0.00E+00 0.00E+00 0.00E+00 0.00E+00 0.00E+00 0.00E+00 0.00E+00 0.00E+00 0.00E+00
   1.75  0.491  4.90E+01 5.66E+01 4.26E+02 7.06E+00 5.40E+00 1.10E+01 8.17E+00 9.15E+00 4.87E+00 6.22E+00 3.18E+00 1.26E+00 2.19E-01 0.00E+00 0.00E+00 0.00E+00 0.00E+00 0.00E+00 0.00E+00 0.00E+00 0.00E+00 0.00E+00 0.00E+00 0.00E+00 0.00E+00 0.00E+00 0.00E+00 0.00E+00 0.00E+00 0.00E+00 0.00E+00 0.00E+00 0.00E+00 0.00E+00 0.00E+00 0.00E+00 0.00E+00 0.00E+00 0.00E+00 0.00E+00 0.00E+00 0.00E+00 0.00E+00 0.00E+00 0.00E+00 0.00E+00 0.00E+00 0.00E+00 0.00E+00 0.00E+00 0.00E+00 0.00E+00 0.00E+00
   2.00  0.524  6.70E+01 8.28E+01 5.80E+02 1.46E+01 9.41E+00 1.51E+01 1.17E+01 1.10E+01 6.46E+00 7.11E+00 4.44E+00 2.74E+00 2.19E-01 0.00E+00 0.00E+00 0.00E+00 0.00E+00 0.00E+00 0.00E+00 0.00E+00 0.00E+00 0.00E+00 0.00E+00 0.00E+00 0.00E+00 0.00E+00 0.00E+00 0.00E+00 0.00E+00 0.00E+00 0.00E+00 0.00E+00 0.00E+00 0.00E+00 0.00E+00 0.00E+00 0.00E+00 0.00E+00 0.00E+00 0.00E+00 0.00E+00 0.00E+00 0.00E+00 0.00E+00 0.00E+00 0.00E+00 0.00E+00 0.00E+00 0.00E+00 0.00E+00 0.00E+00 0.00E+00 0.00E+00
   2.25  0.556  9.40E+01 1.36E+02 1.00E+03 2.16E+01 1.22E+01 2.84E+01 1.75E+01 1.69E+01 1.26E+01 1.13E+01 8.34E+00 4.63E+00 1.98E+00 1.09E-01 0.00E+00 0.00E+00 0.00E+00 0.00E+00 0.00E+00 0.00E+00 0.00E+00 0.00E+00 0.00E+00 0.00E+00 0.00E+00 0.00E+00 0.00E+00 0.00E+00 0.00E+00 0.00E+00 0.00E+00 0.00E+00 0.00E+00 0.00E+00 0.00E+00 0.00E+00 0.00E+00 0.00E+00 0.00E+00 0.00E+00 0.00E+00 0.00E+00 0.00E+00 0.00E+00 0.00E+00 0.00E+00 0.00E+00 0.00E+00 0.00E+00 0.00E+00 0.00E+00 0.00E+00 0.00E+00
   2.50  0.586  1.36E+02 1.96E+02 1.46E+03 3.27E+01 1.85E+01 3.82E+01 2.54E+01 2.87E+01 1.51E+01 1.48E+01 1.10E+01 7.82E+00 2.57E+00 8.24E-01 0.00E+00 3.14E-02 6.05E-01 0.00E+00 0.00E+00 0.00E+00 0.00E+00 0.00E+00 0.00E+00 0.00E+00 0.00E+00 0.00E+00 0.00E+00 0.00E+00 0.00E+00 0.00E+00 0.00E+00 0.00E+00 0.00E+00 0.00E+00 0.00E+00 0.00E+00 0.00E+00 0.00E+00 0.00E+00 0.00E+00 0.00E+00 0.00E+00 0.00E+00 0.00E+00 0.00E+00 0.00E+00 0.00E+00 0.00E+00 0.00E+00 0.00E+00 0.00E+00 0.00E+00 0.00E+00
   2.75  0.615  1.98E+02 3.06E+02 2.37E+03 3.97E+01 2.76E+01 6.15E+01 4.40E+01 4.38E+01 2.84E+01 2.70E+01 1.44E+01 1.10E+01 5.86E+00 1.42E+00 7.14E-01 3.14E-02 6.05E-01 0.00E+00 0.00E+00 0.00E+00 0.00E+00 0.00E+00 0.00E+00 0.00E+00 0.00E+00 0.00E+00 0.00E+00 0.00E+00 0.00E+00 0.00E+00 0.00E+00 0.00E+00 0.00E+00 0.00E+00 0.00E+00 0.00E+00 0.00E+00 0.00E+00 0.00E+00 0.00E+00 0.00E+00 0.00E+00 0.00E+00 0.00E+00 0.00E+00 0.00E+00 0.00E+00 0.00E+00 0.00E+00 0.00E+00 0.00E+00 0.00E+00 0.00E+00
   3.00  0.642  2.91E+02 4.32E+02 3.42E+03 5.62E+01 3.72E+01 7.83E+01 5.93E+01 6.72E+01 4.67E+01 3.46E+01 2.25E+01 1.69E+01 9.49E+00 1.75E+00 7.14E-01 3.14E-02 7.14E-01 0.00E+00 0.00E+00 0.00E+00 0.00E+00 0.00E+00 0.00E+00 0.00E+00 0.00E+00 0.00E+00 0.00E+00 0.00E+00 0.00E+00 0.00E+00 0.00E+00 0.00E+00 0.00E+00 0.00E+00 0.00E+00 0.00E+00 0.00E+00 0.00E+00 0.00E+00 0.00E+00 0.00E+00 0.00E+00 0.00E+00 0.00E+00 0.00E+00 0.00E+00 0.00E+00 0.00E+00 0.00E+00 0.00E+00 0.00E+00 0.00E+00 0.00E+00
   3.25  0.668  4.28E+02 6.65E+02 5.59E+03 6.61E+01 5.18E+01 1.23E+02 9.60E+01 9.94E+01 7.54E+01 6.68E+01 3.37E+01 2.50E+01 1.58E+01 6.47E+00 1.54E+00 1.41E+00 1.32E+00 6.05E-01 0.00E+00 0.00E+00 0.00E+00 0.00E+00 0.00E+00 0.00E+00 0.00E+00 0.00E+00 0.00E+00 0.00E+00 0.00E+00 0.00E+00 0.00E+00 0.00E+00 0.00E+00 0.00E+00 0.00E+00 0.00E+00 0.00E+00 0.00E+00 0.00E+00 0.00E+00 0.00E+00 0.00E+00 0.00E+00 0.00E+00 0.00E+00 0.00E+00 0.00E+00 0.00E+00 0.00E+00 0.00E+00 0.00E+00 0.00E+00 0.00E+00
   3.50  0.694  6.19E+02 8.70E+02 7.49E+03 8.82E+01 6.49E+01 1.48E+02 1.22E+02 1.35E+02 1.06E+02 8.27E+01 4.93E+01 3.23E+01 2.12E+01 1.03E+01 3.35E+00 4.43E+00 1.54E+00 7.14E-01 0.00E+00 0.00E+00 0.00E+00 0.00E+00 0.00E+00 0.00E+00 0.00E+00 0.00E+00 0.00E+00 0.00E+00 0.00E+00 0.00E+00 0.00E+00 0.00E+00 0.00E+00 0.00E+00 0.00E+00 0.00E+00 0.00E+00 0.00E+00 0.00E+00 0.00E+00 0.00E+00 0.00E+00 0.00E+00 0.00E+00 0.00E+00 0.00E+00 0.00E+00 0.00E+00 0.00E+00 0.00E+00 0.00E+00 0.00E+00 0.00E+00
   3.75  0.718  8.85E+02 1.26E+03 1.15E+04 9.61E+01 8.48E+01 2.10E+02 1.75E+02 1.95E+02 1.58E+02 1.37E+02 7.78E+01 4.96E+01 3.26E+01 1.95E+01 1.13E+01 6.92E+00 2.14E+00 1.43E+00 0.00E+00 0.00E+00 0.00E+00 0.00E+00 0.00E+00 0.00E+00 0.00E+00 0.00E+00 0.00E+00 0.00E+00 0.00E+00 0.00E+00 0.00E+00 0.00E+00 0.00E+00 0.00E+00 0.00E+00 0.00E+00 0.00E+00 0.00E+00 0.00E+00 0.00E+00 0.00E+00 0.00E+00 0.00E+00 0.00E+00 0.00E+00 0.00E+00 0.00E+00 0.00E+00 0.00E+00 0.00E+00 0.00E+00 0.00E+00 0.00E+00
   4.00  0.742  1.25E+03 1.66E+03 1.53E+04 1.36E+02 1.11E+02 2.65E+02 2.23E+02 2.56E+02 2.07E+02 1.75E+02 1.12E+02 7.42E+01 4.62E+01 2.49E+01 1.68E+01 8.32E+00 2.25E+00 2.75E+00 0.00E+00 0.00E+00 0.00E+00 0.00E+00 0.00E+00 0.00E+00 0.00E+00 0.00E+00 0.00E+00 0.00E+00 0.00E+00 0.00E+00 0.00E+00 0.00E+00 0.00E+00 0.00E+00 0.00E+00 0.00E+00 0.00E+00 0.00E+00 0.00E+00 0.00E+00 0.00E+00 0.00E+00 0.00E+00 0.00E+00 0.00E+00 0.00E+00 0.00E+00 0.00E+00 0.00E+00 0.00E+00 0.00E+00 0.00E+00 0.00E+00
   4.25  0.764  1.76E+03 2.45E+03 2.35E+04 1.71E+02 1.56E+02 3.98E+02 3.21E+02 3.52E+02 3.05E+02 2.78E+02 1.70E+02 1.23E+02 7.50E+01 4.37E+01 3.11E+01 1.42E+01 6.60E+00 6.10E+00 1.21E+00 0.00E+00 0.00E+00 0.00E+00 0.00E+00 0.00E+00 0.00E+00 0.00E+00 0.00E+00 0.00E+00 0.00E+00 0.00E+00 0.00E+00 0.00E+00 0.00E+00 0.00E+00 0.00E+00 0.00E+00 0.00E+00 0.00E+00 0.00E+00 0.00E+00 0.00E+00 0.00E+00 0.00E+00 0.00E+00 0.00E+00 0.00E+00 0.00E+00 0.00E+00 0.00E+00 0.00E+00 0.00E+00 0.00E+00 0.00E+00
   4.50  0.787  2.48E+03 3.28E+03 3.17E+04 2.41E+02 2.12E+02 5.08E+02 4.18E+02 4.95E+02 3.92E+02 3.48E+02 2.45E+02 1.70E+02 9.95E+01 6.34E+01 4.80E+01 2.30E+01 1.18E+01 6.79E+00 3.74E+00 0.00E+00 0.00E+00 0.00E+00 0.00E+00 0.00E+00 0.00E+00 0.00E+00 0.00E+00 0.00E+00 0.00E+00 0.00E+00 0.00E+00 0.00E+00 0.00E+00 0.00E+00 0.00E+00 0.00E+00 0.00E+00 0.00E+00 0.00E+00 0.00E+00 0.00E+00 0.00E+00 0.00E+00 0.00E+00 0.00E+00 0.00E+00 0.00E+00 0.00E+00 0.00E+00 0.00E+00 0.00E+00 0.00E+00 0.00E+00
   4.75  0.808  3.51E+03 4.93E+03 4.93E+04 3.12E+02 2.91E+02 7.61E+02 6.29E+02 7.02E+02 5.91E+02 5.54E+02 3.74E+02 2.66E+02 1.77E+02 1.10E+02 7.78E+01 3.65E+01 2.85E+01 1.17E+01 6.82E+00 2.42E+00 0.00E+00 0.00E+00 0.00E+00 0.00E+00 0.00E+00 0.00E+00 0.00E+00 0.00E+00 0.00E+00 0.00E+00 0.00E+00 0.00E+00 0.00E+00 0.00E+00 0.00E+00 0.00E+00 0.00E+00 0.00E+00 0.00E+00 0.00E+00 0.00E+00 0.00E+00 0.00E+00 0.00E+00 0.00E+00 0.00E+00 0.00E+00 0.00E+00 0.00E+00 0.00E+00 0.00E+00 0.00E+00 0.00E+00
   5.00  0.829  4.96E+03 6.69E+03 6.70E+04 4.47E+02 4.14E+02 9.98E+02 8.59E+02 9.68E+02 7.84E+02 7.00E+02 5.08E+02 3.85E+02 2.35E+02 1.56E+02 1.06E+02 5.46E+01 3.74E+01 1.97E+01 1.17E+01 3.85E+00 1.21E+00 0.00E+00 0.00E+00 6.05E-01 0.00E+00 0.00E+00 0.00E+00 0.00E+00 0.00E+00 0.00E+00 0.00E+00 0.00E+00 0.00E+00 0.00E+00 0.00E+00 0.00E+00 0.00E+00 0.00E+00 0.00E+00 0.00E+00 0.00E+00 0.00E+00 0.00E+00 0.00E+00 0.00E+00 0.00E+00 0.00E+00 0.00E+00 0.00E+00 0.00E+00 0.00E+00 0.00E+00 0.00E+00
   5.50  0.870  9.96E+03 1.33E+04 1.37E+05 7.77E+02 7.89E+02 1.91E+03 1.68E+03 1.94E+03 1.56E+03 1.40E+03 1.03E+03 7.92E+02 5.15E+02 3.40E+02 2.26E+02 1.35E+02 8.01E+01 5.11E+01 2.91E+01 1.79E+01 7.22E+00 4.23E+00 1.21E+00 8.09E-01 6.05E-01 0.00E+00 0.00E+00 0.00E+00 0.00E+00 0.00E+00 0.00E+00 0.00E+00 0.00E+00 0.00E+00 0.00E+00 0.00E+00 0.00E+00 0.00E+00 0.00E+00 0.00E+00 0.00E+00 0.00E+00 0.00E+00 0.00E+00 0.00E+00 0.00E+00 0.00E+00 0.00E+00 0.00E+00 0.00E+00 0.00E+00 0.00E+00 0.00E+00
   6.00  0.908  1.97E+04 2.57E+04 2.73E+05 1.40E+03 1.44E+03 3.52E+03 3.17E+03 3.73E+03 3.01E+03 2.78E+03 2.03E+03 1.55E+03 1.06E+03 7.26E+02 4.66E+02 3.00E+02 1.83E+02 1.18E+02 7.15E+01 4.59E+01 2.90E+01 1.31E+01 6.65E+00 2.54E+00 1.21E+00 6.05E-01 0.00E+00 0.00E+00 0.00E+00 0.00E+00 0.00E+00 0.00E+00 0.00E+00 0.00E+00 0.00E+00 0.00E+00 0.00E+00 0.00E+00 0.00E+00 0.00E+00 0.00E+00 0.00E+00 0.00E+00 0.00E+00 0.00E+00 0.00E+00 0.00E+00 0.00E+00 0.00E+00 0.00E+00 0.00E+00 0.00E+00 0.00E+00
   6.50  0.945  3.82E+04 4.85E+04 5.28E+05 2.46E+03 2.64E+03 6.46E+03 5.81E+03 6.92E+03 5.63E+03 5.33E+03 3.92E+03 3.06E+03 2.10E+03 1.47E+03 9.73E+02 6.32E+02 3.93E+02 2.68E+02 1.63E+02 1.03E+02 6.77E+01 3.00E+01 2.28E+01 9.19E+00 4.84E+00 1.21E+00 0.00E+00 0.00E+00 0.00E+00 0.00E+00 0.00E+00 0.00E+00 0.00E+00 0.00E+00 0.00E+00 0.00E+00 0.00E+00 0.00E+00 0.00E+00 0.00E+00 0.00E+00 0.00E+00 0.00E+00 0.00E+00 0.00E+00 0.00E+00 0.00E+00 0.00E+00 0.00E+00 0.00E+00 0.00E+00 0.00E+00 0.00E+00
   7.00  0.981  7.31E+04 9.12E+04 1.01E+06 4.43E+03 4.77E+03 1.19E+04 1.07E+04 1.28E+04 1.05E+04 1.00E+04 7.46E+03 5.93E+03 4.13E+03 2.90E+03 1.97E+03 1.33E+03 8.46E+02 5.74E+02 3.70E+02 2.06E+02 1.28E+02 7.96E+01 5.06E+01 2.53E+01 1.09E+01 6.65E+00 2.42E+00 0.00E+00 0.00E+00 6.05E-01 0.00E+00 0.00E+00 0.00E+00 0.00E+00 0.00E+00 0.00E+00 0.00E+00 0.00E+00 0.00E+00 0.00E+00 0.00E+00 0.00E+00 0.00E+00 0.00E+00 0.00E+00 0.00E+00 0.00E+00 0.00E+00 0.00E+00 0.00E+00 0.00E+00 0.00E+00 0.00E+00
   7.50  1.016  1.39E+05 1.72E+05 1.94E+06 8.08E+03 8.96E+03 2.21E+04 2.00E+04 2.37E+04 1.96E+04 1.88E+04 1.41E+04 1.14E+04 8.06E+03 5.68E+03 3.93E+03 2.69E+03 1.75E+03 1.20E+03 7.40E+02 4.11E+02 2.60E+02 1.69E+02 1.13E+02 6.41E+01 3.33E+01 2.36E+01 1.09E+01 6.02E+00 1.21E+00 6.05E-01 0.00E+00 0.00E+00 0.00E+00 0.00E+00 0.00E+00 0.00E+00 0.00E+00 0.00E+00 0.00E+00 0.00E+00 0.00E+00 0.00E+00 0.00E+00 0.00E+00 0.00E+00 0.00E+00 0.00E+00 0.00E+00 0.00E+00 0.00E+00 0.00E+00 0.00E+00 0.00E+00
   8.00  1.049  2.62E+05 3.21E+05 3.66E+06 1.47E+04 1.64E+04 4.07E+04 3.70E+04 4.39E+04 3.64E+04 3.50E+04 2.63E+04 2.14E+04 1.54E+04 1.11E+04 7.65E+03 5.40E+03 3.54E+03 2.44E+03 1.40E+03 8.07E+02 5.45E+02 3.64E+02 2.29E+02 1.52E+02 8.95E+01 5.75E+01 3.45E+01 1.75E+01 7.67E+00 3.63E+00 1.21E+00 6.05E-01 0.00E+00 0.00E+00 0.00E+00 0.00E+00 0.00E+00 0.00E+00 0.00E+00 0.00E+00 0.00E+00 0.00E+00 0.00E+00 0.00E+00 0.00E+00 0.00E+00 0.00E+00 0.00E+00 0.00E+00 0.00E+00 0.00E+00 0.00E+00 0.00E+00
   8.50  1.081  4.90E+05 5.93E+05 6.85E+06 2.63E+04 2.96E+04 7.39E+04 6.72E+04 8.04E+04 6.72E+04 6.48E+04 4.88E+04 4.00E+04 2.90E+04 2.11E+04 1.48E+04 1.04E+04 7.01E+03 4.53E+03 2.56E+03 1.64E+03 1.10E+03 7.45E+02 5.07E+02 3.21E+02 2.10E+02 1.32E+02 8.35E+01 5.20E+01 2.95E+01 1.15E+01 6.59E+00 2.42E+00 6.05E-01 0.00E+00 0.00E+00 0.00E+00 0.00E+00 0.00E+00 0.00E+00 0.00E+00 0.00E+00 0.00E+00 0.00E+00 0.00E+00 0.00E+00 0.00E+00 0.00E+00 0.00E+00 0.00E+00 0.00E+00 0.00E+00 0.00E+00 0.00E+00
   9.00  1.112  9.10E+05 1.08E+06 1.27E+07 4.73E+04 5.29E+04 1.33E+05 1.21E+05 1.46E+05 1.22E+05 1.19E+05 9.01E+04 7.41E+04 5.41E+04 3.98E+04 2.83E+04 2.03E+04 1.37E+04 8.17E+03 4.83E+03 3.17E+03 2.22E+03 1.51E+03 1.04E+03 6.95E+02 4.49E+02 2.99E+02 1.86E+02 1.17E+02 6.47E+01 3.87E+01 2.11E+01 1.06E+01 4.23E+00 0.00E+00 0.00E+00 0.00E+00 0.00E+00 0.00E+00 0.00E+00 0.00E+00 0.00E+00 0.00E+00 0.00E+00 0.00E+00 0.00E+00 0.00E+00 0.00E+00 0.00E+00 0.00E+00 0.00E+00 0.00E+00 0.00E+00 0.00E+00
   9.50  1.143  1.67E+06 1.97E+06 2.32E+07 8.50E+04 9.50E+04 2.39E+05 2.18E+05 2.63E+05 2.21E+05 2.17E+05 1.65E+05 1.37E+05 1.01E+05 7.46E+04 5.34E+04 3.86E+04 2.38E+04 1.40E+04 9.00E+03 6.24E+03 4.34E+03 3.05E+03 2.10E+03 1.40E+03 9.53E+02 6.21E+02 3.95E+02 2.58E+02 1.62E+02 9.07E+01 6.28E+01 3.06E+01 2.24E+01 0.00E+00 0.00E+00 0.00E+00 0.00E+00 0.00E+00 0.00E+00 0.00E+00 0.00E+00 0.00E+00 0.00E+00 0.00E+00 0.00E+00 0.00E+00 0.00E+00 0.00E+00 0.00E+00 0.00E+00 0.00E+00 0.00E+00 0.00E+00
  10.00  1.173  3.06E+06 3.58E+06 4.24E+07 1.53E+05 1.70E+05 4.31E+05 3.93E+05 4.74E+05 3.99E+05 3.93E+05 3.01E+05 2.51E+05 1.86E+05 1.39E+05 9.99E+04 6.88E+04 4.11E+04 2.49E+04 1.69E+04 1.19E+04 8.49E+03 5.99E+03 4.20E+03 2.90E+03 1.94E+03 1.31E+03 8.49E+02 5.46E+02 3.52E+02 2.25E+02 1.45E+02 7.92E+01 7.26E+01 0.00E+00 0.00E+00 0.00E+00 0.00E+00 0.00E+00 0.00E+00 0.00E+00 0.00E+00 0.00E+00 0.00E+00 0.00E+00 0.00E+00 0.00E+00 0.00E+00 0.00E+00 0.00E+00 0.00E+00 0.00E+00 0.00E+00 0.00E+00
  11.00  1.230  1.06E+07 1.15E+07 1.37E+08 4.85E+05 5.36E+05 1.37E+06 1.25E+06 1.52E+06 1.29E+06 1.27E+06 9.81E+05 8.28E+05 6.21E+05 4.69E+05 3.05E+05 1.85E+05 1.18E+05 8.06E+04 5.82E+04 4.27E+04 3.15E+04 2.27E+04 1.62E+04 1.15E+04 7.93E+03 5.41E+03 3.64E+03 2.43E+03 1.61E+03 1.07E+03 7.34E+02 4.15E+02 4.99E+02 0.00E+00 0.00E+00 0.00E+00 0.00E+00 0.00E+00 0.00E+00 0.00E+00 0.00E+00 0.00E+00 0.00E+00 0.00E+00 0.00E+00 0.00E+00 0.00E+00 0.00E+00 0.00E+00 0.00E+00 0.00E+00 0.00E+00 0.00E+00
  12.00  1.285  3.42E+07 3.57E+07 4.23E+08 1.50E+06 1.65E+06 4.23E+06 3.87E+06 4.74E+06 4.03E+06 4.03E+06 3.13E+06 2.67E+06 1.90E+06 1.29E+06 7.64E+05 5.01E+05 3.51E+05 2.61E+05 1.97E+05 1.49E+05 1.12E+05 8.23E+04 6.00E+04 4.31E+04 3.04E+04 2.12E+04 1.46E+04 9.98E+03 6.70E+03 4.60E+03 3.35E+03 1.89E+03 2.57E+03 0.00E+00 0.00E+00 0.00E+00 0.00E+00 0.00E+00 0.00E+00 0.00E+00 0.00E+00 0.00E+00 0.00E+00 0.00E+00 0.00E+00 0.00E+00 0.00E+00 0.00E+00 0.00E+00 0.00E+00 0.00E+00 0.00E+00 0.00E+00
  13.00  1.337  1.05E+08 1.06E+08 1.24E+09 4.59E+06 5.03E+06 1.29E+07 1.19E+07 1.46E+07 1.25E+07 1.25E+07 9.54E+06 7.21E+06 4.33E+06 2.99E+06 1.97E+06 1.43E+06 1.07E+06 8.35E+05 6.49E+05 5.02E+05 3.83E+05 2.88E+05 2.13E+05 1.56E+05 1.12E+05 7.97E+04 5.59E+04 3.90E+04 2.67E+04 1.88E+04 1.41E+04 8.18E+03 1.18E+04 0.00E+00 0.00E+00 0.00E+00 0.00E+00 0.00E+00 0.00E+00 0.00E+00 0.00E+00 0.00E+00 0.00E+00 0.00E+00 0.00E+00 0.00E+00 0.00E+00 0.00E+00 0.00E+00 0.00E+00 0.00E+00 0.00E+00 0.00E+00
  14.00  1.387  2.99E+08 2.81E+08 3.18E+09 1.38E+07 1.50E+07 3.88E+07 3.56E+07 4.28E+07 3.29E+07 2.89E+07 1.93E+07 1.44E+07 9.15E+06 7.10E+06 5.17E+06 4.10E+06 3.26E+06 2.62E+06 2.09E+06 1.64E+06 1.28E+06 9.74E+05 7.34E+05 5.45E+05 3.99E+05 2.88E+05 2.06E+05 1.46E+05 1.02E+05 7.31E+04 5.60E+04 3.32E+04 4.99E+04 0.00E+00 0.00E+00 0.00E+00 0.00E+00 0.00E+00 0.00E+00 0.00E+00 0.00E+00 0.00E+00 0.00E+00 0.00E+00 0.00E+00 0.00E+00 0.00E+00 0.00E+00 0.00E+00 0.00E+00 0.00E+00 0.00E+00 0.00E+00
  15.00  1.436  6.31E+08 3.82E+08 4.27E+09 2.16E+07 2.35E+07 6.24E+07 5.01E+07 5.64E+07 3.75E+07 3.28E+07 2.12E+07 1.76E+07 1.18E+07 9.92E+06 7.61E+06 6.32E+06 5.12E+06 4.19E+06 3.37E+06 2.68E+06 2.09E+06 1.61E+06 1.22E+06 9.13E+05 6.74E+05 4.91E+05 3.53E+05 2.51E+05 1.77E+05 1.29E+05 9.93E+04 5.96E+04 9.10E+04 0.00E+00 0.00E+00 0.00E+00 0.00E+00 0.00E+00 0.00E+00 0.00E+00 0.00E+00 0.00E+00 0.00E+00 0.00E+00 0.00E+00 0.00E+00 0.00E+00 0.00E+00 0.00E+00 0.00E+00 0.00E+00 0.00E+00 0.00E+00
  16.00  1.483  1.09E+09 5.29E+08 5.84E+09 3.38E+07 3.68E+07 1.00E+08 7.04E+07 7.43E+07 4.28E+07 3.73E+07 2.33E+07 2.15E+07 1.53E+07 1.39E+07 1.12E+07 9.74E+06 8.06E+06 6.71E+06 5.45E+06 4.37E+06 3.44E+06 2.67E+06 2.04E+06 1.53E+06 1.14E+06 8.36E+05 6.04E+05 4.34E+05 3.08E+05 2.26E+05 1.76E+05 1.07E+05 1.66E+05 0.00E+00 0.00E+00 0.00E+00 0.00E+00 0.00E+00 0.00E+00 0.00E+00 0.00E+00 0.00E+00 0.00E+00 0.00E+00 0.00E+00 0.00E+00 0.00E+00 0.00E+00 0.00E+00 0.00E+00 0.00E+00 0.00E+00 0.00E+00
  17.00  1.529  1.72E+09 7.45E+08 8.15E+09 5.31E+07 5.75E+07 1.61E+08 9.91E+07 9.80E+07 4.87E+07 4.25E+07 2.56E+07 2.63E+07 1.97E+07 1.94E+07 1.65E+07 1.50E+07 1.27E+07 1.07E+07 8.82E+06 7.11E+06 5.64E+06 4.41E+06 3.39E+06 2.56E+06 1.93E+06 1.42E+06 1.04E+06 7.49E+05 5.36E+05 3.98E+05 3.12E+05 1.92E+05 3.02E+05 0.00E+00 0.00E+00 0.00E+00 0.00E+00 0.00E+00 0.00E+00 0.00E+00 0.00E+00 0.00E+00 0.00E+00 0.00E+00 0.00E+00 0.00E+00 0.00E+00 0.00E+00 0.00E+00 0.00E+00 0.00E+00 0.00E+00 0.00E+00
  18.00  1.573  2.63E+09 1.07E+09 1.16E+10 8.32E+07 9.00E+07 2.60E+08 1.39E+08 1.29E+08 5.56E+07 4.83E+07 2.82E+07 3.21E+07 2.55E+07 2.71E+07 2.42E+07 2.32E+07 1.99E+07 1.72E+07 1.43E+07 1.16E+07 9.26E+06 7.30E+06 5.65E+06 4.29E+06 3.26E+06 2.43E+06 1.77E+06 1.29E+06 9.33E+05 7.01E+05 5.54E+05 3.44E+05 5.51E+05 0.00E+00 0.00E+00 0.00E+00 0.00E+00 0.00E+00 0.00E+00 0.00E+00 0.00E+00 0.00E+00 0.00E+00 0.00E+00 0.00E+00 0.00E+00 0.00E+00 0.00E+00 0.00E+00 0.00E+00 0.00E+00 0.00E+00 0.00E+00
  19.00  1.616  3.94E+09 1.55E+09 1.68E+10 1.30E+08 1.41E+08 4.18E+08 1.96E+08 1.70E+08 6.34E+07 5.50E+07 3.10E+07 3.92E+07 3.30E+07 3.78E+07 3.57E+07 3.57E+07 3.14E+07 2.75E+07 2.31E+07 1.89E+07 1.52E+07 1.21E+07 9.41E+06 7.19E+06 5.51E+06 4.13E+06 3.04E+06 2.23E+06 1.62E+06 1.23E+06 9.83E+05 6.17E+05 1.00E+06 0.00E+00 0.00E+00 0.00E+00 0.00E+00 0.00E+00 0.00E+00 0.00E+00 0.00E+00 0.00E+00 0.00E+00 0.00E+00 0.00E+00 0.00E+00 0.00E+00 0.00E+00 0.00E+00 0.00E+00 0.00E+00 0.00E+00 0.00E+00
  20.00  1.658  5.86E+09 2.29E+09 2.48E+10 2.05E+08 2.20E+08 6.72E+08 2.76E+08 2.24E+08 7.22E+07 6.25E+07 3.41E+07 4.79E+07 4.26E+07 5.28E+07 5.25E+07 5.50E+07 4.93E+07 4.41E+07 3.73E+07 3.07E+07 2.49E+07 2.00E+07 1.57E+07 1.20E+07 9.31E+06 7.04E+06 5.21E+06 3.85E+06 2.82E+06 2.17E+06 1.74E+06 1.11E+06 1.83E+06 0.00E+00 0.00E+00 0.00E+00 0.00E+00 0.00E+00 0.00E+00 0.00E+00 0.00E+00 0.00E+00 0.00E+00 0.00E+00 0.00E+00 0.00E+00 0.00E+00 0.00E+00 0.00E+00 0.00E+00 0.00E+00 0.00E+00 0.00E+00
  22.50  1.759  1.66E+10 6.33E+09 6.95E+10 6.30E+08 6.74E+08 2.21E+09 6.48E+08 4.48E+08 1.00E+08 8.63E+07 4.33E+07 7.89E+07 8.08E+07 1.22E+08 1.38E+08 1.62E+08 1.53E+08 1.43E+08 1.24E+08 1.04E+08 8.61E+07 7.03E+07 5.61E+07 4.38E+07 3.46E+07 2.67E+07 2.00E+07 1.50E+07 1.13E+07 8.90E+06 7.30E+06 4.77E+06 8.22E+06 0.00E+00 0.00E+00 0.00E+00 0.00E+00 0.00E+00 0.00E+00 0.00E+00 0.00E+00 0.00E+00 0.00E+00 0.00E+00 0.00E+00 0.00E+00 0.00E+00 0.00E+00 0.00E+00 0.00E+00 0.00E+00 0.00E+00 0.00E+00
  25.00  1.854  4.77E+10 1.85E+10 2.09E+11 1.94E+09 2.06E+09 7.24E+09 1.52E+09 8.93E+08 1.39E+08 1.19E+08 5.49E+07 1.30E+08 1.53E+08 2.81E+08 3.63E+08 4.79E+08 4.75E+08 4.63E+08 4.12E+08 3.53E+08 2.97E+08 2.48E+08 2.01E+08 1.59E+08 1.29E+08 1.01E+08 7.70E+07 5.89E+07 4.51E+07 3.66E+07 3.06E+07 2.06E+07 3.69E+07 0.00E+00 0.00E+00 0.00E+00 0.00E+00 0.00E+00 0.00E+00 0.00E+00 0.00E+00 0.00E+00 0.00E+00 0.00E+00 0.00E+00 0.00E+00 0.00E+00 0.00E+00 0.00E+00 0.00E+00 0.00E+00 0.00E+00 0.00E+00
  30.00  2.031  5.31E+11 1.75E+11 2.14E+12 1.84E+10 1.93E+10 7.80E+10 8.38E+09 3.55E+09 2.68E+08 2.27E+08 8.84E+07 3.53E+08 5.52E+08 1.50E+09 2.50E+09 4.17E+09 4.58E+09 4.87E+09 4.56E+09 4.05E+09 3.54E+09 3.07E+09 2.57E+09 2.10E+09 1.78E+09 1.45E+09 1.14E+09 9.01E+08 7.19E+08 6.16E+08 5.37E+08 3.82E+08 7.42E+08 0.00E+00 0.00E+00 0.00E+00 0.00E+00 0.00E+00 0.00E+00 0.00E+00 0.00E+00 0.00E+00 0.00E+00 0.00E+00 0.00E+00 0.00E+00 0.00E+00 0.00E+00 0.00E+00 0.00E+00 0.00E+00 0.00E+00 0.00E+00
  40.00  2.345  9.67E+13 1.91E+13 2.98E+14 1.65E+12 1.70E+12 9.05E+12 2.54E+11 5.63E+10 9.93E+08 8.24E+08 2.29E+08 2.60E+09 7.16E+09 4.25E+10 1.19E+11 3.17E+11 4.25E+11 5.38E+11 5.57E+11 5.33E+11 5.04E+11 4.72E+11 4.23E+11 3.66E+11 3.39E+11 2.98E+11 2.48E+11 2.11E+11 1.83E+11 1.75E+11 1.65E+11 1.32E+11 3.01E+11 0.00E+00 0.00E+00 0.00E+00 0.00E+00 0.00E+00 0.00E+00 0.00E+00 0.00E+00 0.00E+00 0.00E+00 0.00E+00 0.00E+00 0.00E+00 0.00E+00 0.00E+00 0.00E+00 0.00E+00 0.00E+00 0.00E+00 0.00E+00
  50.00  2.622  2.22E+15 4.05E+14 3.01E+15 1.48E+14 1.49E+14 1.80E+13 7.72E+12 8.91E+11 3.68E+09 2.99E+09 5.93E+08 1.92E+10 9.29E+10 1.21E+12 5.69E+12 2.40E+13 3.94E+13 1.07E+12 1.11E+12 1.06E+12 1.00E+12 9.41E+11 8.43E+11 7.29E+11 6.77E+11 5.94E+11 4.95E+11 4.21E+11 3.66E+11 3.50E+11 3.30E+11 2.63E+11 6.00E+11 0.00E+00 0.00E+00 0.00E+00 0.00E+00 0.00E+00 0.00E+00 0.00E+00 0.00E+00 0.00E+00 0.00E+00 0.00E+00 0.00E+00 0.00E+00 0.00E+00 0.00E+00 0.00E+00 0.00E+00 0.00E+00 0.00E+00 0.00E+00
  60.00  2.872  1.67E+17 3.25E+16 2.07E+17 1.33E+16 1.31E+16 3.59E+13 2.34E+14 1.41E+13 1.36E+10 1.08E+10 1.54E+09 1.42E+11 1.20E+12 3.43E+13 2.71E+14 1.82E+15 3.66E+15 2.13E+12 2.21E+12 2.12E+12 2.00E+12 1.88E+12 1.68E+12 1.45E+12 1.35E+12 1.18E+12 9.89E+11 8.40E+11 7.30E+11 6.98E+11 6.59E+11 5.25E+11 1.20E+12 0.00E+00 0.00E+00 0.00E+00 0.00E+00 0.00E+00 0.00E+00 0.00E+00 0.00E+00 0.00E+00 0.00E+00 0.00E+00 0.00E+00 0.00E+00 0.00E+00 0.00E+00 0.00E+00 0.00E+00 0.00E+00 0.00E+00 0.00E+00
  70.00  3.102  1.45E+19 2.84E+18 1.76E+19 1.19E+18 1.15E+18 7.15E+13 7.12E+15 2.24E+14 5.06E+10 3.94E+10 3.99E+09 1.04E+12 1.56E+13 9.72E+14 1.29E+16 1.38E+17 3.40E+17 4.25E+12 4.40E+12 4.22E+12 3.99E+12 3.74E+12 3.35E+12 2.90E+12 2.69E+12 2.36E+12 1.97E+12 1.68E+12 1.46E+12 1.39E+12 1.32E+12 1.05E+12 2.40E+12 0.00E+00 0.00E+00 0.00E+00 0.00E+00 0.00E+00 0.00E+00 0.00E+00 0.00E+00 0.00E+00 0.00E+00 0.00E+00 0.00E+00 0.00E+00 0.00E+00 0.00E+00 0.00E+00 0.00E+00 0.00E+00 0.00E+00 0.00E+00
  80.00  3.317  1.28E+21 2.51E+20 1.54E+21 1.07E+20 1.01E+20 1.42E+14 2.16E+17 3.54E+15 1.87E+11 1.43E+11 1.03E+10 7.70E+12 2.03E+14 2.76E+16 6.17E+17 1.05E+19 3.15E+19 8.46E+12 8.77E+12 8.40E+12 7.94E+12 7.46E+12 6.68E+12 5.78E+12 5.37E+12 4.72E+12 3.94E+12 3.34E+12 2.91E+12 2.78E+12 2.63E+12 2.10E+12 4.78E+12 0.00E+00 0.00E+00 0.00E+00 0.00E+00 0.00E+00 0.00E+00 0.00E+00 0.00E+00 0.00E+00 0.00E+00 0.00E+00 0.00E+00 0.00E+00 0.00E+00 0.00E+00 0.00E+00 0.00E+00 0.00E+00 0.00E+00 0.00E+00
  90.00  3.518  1.14E+23 2.23E+22 1.36E+23 9.62E+21 8.89E+21 2.83E+14 6.56E+18 5.61E+16 6.95E+11 5.19E+11 2.68E+10 5.68E+13 2.63E+15 7.83E+17 2.94E+19 7.95E+20 2.93E+21 1.68E+13 1.75E+13 1.67E+13 1.58E+13 1.49E+13 1.33E+13 1.15E+13 1.07E+13 9.41E+12 7.85E+12 6.68E+12 5.80E+12 5.55E+12 5.25E+12 4.18E+12 9.56E+12 0.00E+00 0.00E+00 0.00E+00 0.00E+00 0.00E+00 0.00E+00 0.00E+00 0.00E+00 0.00E+00 0.00E+00 0.00E+00 0.00E+00 0.00E+00 0.00E+00 0.00E+00 0.00E+00 0.00E+00 0.00E+00 0.00E+00 0.00E+00
 100.00  3.708  1.01E+25 1.98E+24 1.21E+25 8.64E+23 7.80E+23 5.64E+14 1.99E+20 8.88E+17 2.58E+12 1.88E+12 6.93E+10 4.19E+14 3.41E+16 2.22E+19 1.40E+21 6.03E+22 2.72E+23 3.35E+13 3.48E+13 3.34E+13 3.16E+13 2.96E+13 2.66E+13 2.30E+13 2.14E+13 1.88E+13 1.57E+13 1.33E+13 1.16E+13 1.11E+13 1.05E+13 8.36E+12 1.91E+13 0.00E+00 0.00E+00 0.00E+00 0.00E+00 0.00E+00 0.00E+00 0.00E+00 0.00E+00 0.00E+00 0.00E+00 0.00E+00 0.00E+00 0.00E+00 0.00E+00 0.00E+00 0.00E+00 0.00E+00 0.00E+00 0.00E+00 0.00E+00
 110.00  3.889  9.00E+26 1.76E+26 1.08E+27 7.75E+25 6.86E+25 1.12E+15 6.04E+21 1.41E+19 9.55E+12 6.83E+12 1.80E+11 3.09E+15 4.42E+17 6.30E+20 6.68E+22 4.58E+24 2.52E+25 6.67E+13 6.93E+13 6.65E+13 6.29E+13 5.91E+13 5.30E+13 4.59E+13 4.27E+13 3.75E+13 3.13E+13 2.66E+13 2.31E+13 2.21E+13 2.09E+13 1.67E+13 3.81E+13 0.00E+00 0.00E+00 0.00E+00 0.00E+00 0.00E+00 0.00E+00 0.00E+00 0.00E+00 0.00E+00 0.00E+00 0.00E+00 0.00E+00 0.00E+00 0.00E+00 0.00E+00 0.00E+00 0.00E+00 0.00E+00 0.00E+00 0.00E+00
 120.00  4.062  8.01E+28 1.57E+28 9.69E+28 6.96E+27 6.02E+27 2.24E+15 1.84E+23 2.23E+20 3.54E+13 2.48E+13 4.66E+11 2.28E+16 5.74E+18 1.79E+22 3.19E+24 3.47E+26 2.34E+27 1.33E+14 1.38E+14 1.32E+14 1.25E+14 1.18E+14 1.06E+14 9.14E+13 8.51E+13 7.47E+13 6.24E+13 5.31E+13 4.62E+13 4.42E+13 4.18E+13 3.33E+13 7.62E+13 0.00E+00 0.00E+00 0.00E+00 0.00E+00 0.00E+00 0.00E+00 0.00E+00 0.00E+00 0.00E+00 0.00E+00 0.00E+00 0.00E+00 0.00E+00 0.00E+00 0.00E+00 0.00E+00 0.00E+00 0.00E+00 0.00E+00 0.00E+00
 130.00  4.228  7.15E+30 1.40E+30 8.73E+30 6.25E+29 5.29E+29 4.46E+15 5.57E+24 3.53E+21 1.31E+14 9.00E+13 1.21E+12 1.68E+17 7.44E+19 5.07E+23 1.52E+26 2.63E+28 2.17E+29 2.65E+14 2.75E+14 2.64E+14 2.50E+14 2.35E+14 2.11E+14 1.82E+14 1.70E+14 1.49E+14 1.25E+14 1.06E+14 9.21E+13 8.82E+13 8.34E+13 6.66E+13 1.52E+14 0.00E+00 0.00E+00 0.00E+00 0.00E+00 0.00E+00 0.00E+00 0.00E+00 0.00E+00 0.00E+00 0.00E+00 0.00E+00 0.00E+00 0.00E+00 0.00E+00 0.00E+00 0.00E+00 0.00E+00 0.00E+00 0.00E+00 0.00E+00
 140.00  4.387  6.38E+32 1.25E+32 7.89E+32 5.61E+31 4.65E+31 8.87E+15 1.69E+26 5.59E+22 4.87E+14 3.27E+14 3.13E+12 1.24E+18 9.65E+20 1.44E+25 7.24E+27 2.00E+30 2.01E+31 5.27E+14 5.48E+14 5.26E+14 4.98E+14 4.68E+14 4.20E+14 3.64E+14 3.39E+14 2.97E+14 2.48E+14 2.11E+14 1.84E+14 1.76E+14 1.66E+14 1.33E+14 3.04E+14 0.00E+00 0.00E+00 0.00E+00 0.00E+00 0.00E+00 0.00E+00 0.00E+00 0.00E+00 0.00E+00 0.00E+00 0.00E+00 0.00E+00 0.00E+00 0.00E+00 0.00E+00 0.00E+00 0.00E+00 0.00E+00 0.00E+00 0.00E+00
 150.00  4.541  5.70E+34 1.11E+34 7.16E+34 5.04E+33 4.08E+33 1.77E+16 5.13E+27 8.85E+23 1.80E+15 1.19E+15 8.10E+12 9.14E+18 1.25E+22 4.08E+26 3.45E+29 1.51E+32 1.87E+33 1.05E+15 1.09E+15 1.05E+15 9.92E+14 9.33E+14 8.37E+14 7.25E+14 6.75E+14 5.94E+14 4.96E+14 4.22E+14 3.67E+14 3.52E+14 3.32E+14 2.66E+14 6.07E+14 0.00E+00 0.00E+00 0.00E+00 0.00E+00 0.00E+00 0.00E+00 0.00E+00 0.00E+00 0.00E+00 0.00E+00 0.00E+00 0.00E+00 0.00E+00 0.00E+00 0.00E+00 0.00E+00 0.00E+00 0.00E+00 0.00E+00 0.00E+00
 160.00  4.690  5.09E+36 9.96E+35 6.50E+36 4.52E+35 3.58E+35 3.52E+16 1.56E+29 1.40E+25 6.69E+15 4.30E+15 2.10E+13 6.74E+19 1.62E+23 1.16E+28 1.65E+31 1.15E+34 1.74E+35 2.09E+15 2.17E+15 2.09E+15 1.98E+15 1.86E+15 1.67E+15 1.45E+15 1.35E+15 1.18E+15 9.89E+14 8.42E+14 7.33E+14 7.02E+14 6.64E+14 5.30E+14 1.21E+15 0.00E+00 0.00E+00 0.00E+00 0.00E+00 0.00E+00 0.00E+00 0.00E+00 0.00E+00 0.00E+00 0.00E+00 0.00E+00 0.00E+00 0.00E+00 0.00E+00 0.00E+00 0.00E+00 0.00E+00 0.00E+00 0.00E+00 0.00E+00
 170.00  4.835  4.55E+38 8.91E+37 5.92E+38 4.06E+37 3.15E+37 7.01E+16 4.73E+30 2.22E+26 2.48E+16 1.56E+16 5.44E+13 4.97E+20 2.11E+24 3.29E+29 7.85E+32 8.71E+35 1.61E+37 4.16E+15 4.33E+15 4.16E+15 3.94E+15 3.71E+15 3.33E+15 2.88E+15 2.69E+15 2.36E+15 1.97E+15 1.68E+15 1.46E+15 1.40E+15 1.33E+15 1.06E+15 2.42E+15 0.00E+00 0.00E+00 0.00E+00 0.00E+00 0.00E+00 0.00E+00 0.00E+00 0.00E+00 0.00E+00 0.00E+00 0.00E+00 0.00E+00 0.00E+00 0.00E+00 0.00E+00 0.00E+00 0.00E+00 0.00E+00 0.00E+00 0.00E+00
 180.00  4.975  4.08E+40 7.97E+39 5.39E+40 3.65E+39 2.77E+39 1.40E+17 1.44E+32 3.51E+27 9.19E+16 5.67E+16 1.41E+14 3.66E+21 2.73E+25 9.33E+30 3.74E+34 6.61E+37 1.49E+39 8.27E+15 8.62E+15 8.28E+15 7.85E+15 7.39E+15 6.64E+15 5.75E+15 5.36E+15 4.71E+15 3.94E+15 3.35E+15 2.92E+15 2.80E+15 2.65E+15 2.11E+15 4.84E+15 0.00E+00 0.00E+00 0.00E+00 0.00E+00 0.00E+00 0.00E+00 0.00E+00 0.00E+00 0.00E+00 0.00E+00 0.00E+00 0.00E+00 0.00E+00 0.00E+00 0.00E+00 0.00E+00 0.00E+00 0.00E+00 0.00E+00 0.00E+00
 190.00  5.111  3.65E+42 7.14E+41 4.93E+42 3.27E+41 2.43E+41 2.78E+17 4.36E+33 5.57E+28 3.41E+17 2.06E+17 3.65E+14 2.70E+22 3.54E+26 2.65E+32 1.78E+36 5.01E+39 1.39E+41 1.65E+16 1.72E+16 1.65E+16 1.56E+16 1.47E+16 1.32E+16 1.15E+16 1.07E+16 9.40E+15 7.86E+15 6.69E+15 5.83E+15 5.59E+15 5.28E+15 4.22E+15 9.67E+15 0.00E+00 0.00E+00 0.00E+00 0.00E+00 0.00E+00 0.00E+00 0.00E+00 0.00E+00 0.00E+00 0.00E+00 0.00E+00 0.00E+00 0.00E+00 0.00E+00 0.00E+00 0.00E+00 0.00E+00 0.00E+00 0.00E+00 0.00E+00
 200.00  5.244  3.27E+44 6.40E+43 4.50E+44 2.94E+43 2.13E+43 5.53E+17 1.32E+35 8.81E+29 1.26E+18 7.46E+17 9.47E+14 1.99E+23 4.59E+27 7.51E+33 8.51E+37 3.80E+41 1.29E+43 3.28E+16 3.42E+16 3.29E+16 3.12E+16 2.94E+16 2.64E+16 2.29E+16 2.13E+16 1.88E+16 1.57E+16 1.34E+16 1.16E+16 1.12E+16 1.06E+16 8.44E+15 1.93E+16 0.00E+00 0.00E+00 0.00E+00 0.00E+00 0.00E+00 0.00E+00 0.00E+00 0.00E+00 0.00E+00 0.00E+00 0.00E+00 0.00E+00 0.00E+00 0.00E+00 0.00E+00 0.00E+00 0.00E+00 0.00E+00 0.00E+00 0.00E+00
 
                    *********************************************************************************
                    *  Z= 35 A= 80: Negative-parity Spin-dependent Level Density [MeV-1] for BR 80  *
                    *********************************************************************************
 U[MeV]  T[MeV]  NCUMUL   RHOOBS   RHOTOT     J=00     J=01     J=02     J=03     J=04     J=05     J=06     J=07     J=08     J=09     J=10     J=11     J=12     J=13     J=14     J=15     J=16     J=17     J=18     J=19     J=20     J=21     J=22     J=23     J=24     J=25     J=26     J=27     J=28     J=29     J=30     J=31     J=32     J=33     J=34     J=35     J=36     J=37     J=38     J=39     J=40     J=41     J=42     J=43     J=44     J=45     J=46     J=47     J=48     J=49
   0.25  0.185  1.00E+00 1.15E+00 2.38E+00 8.47E-01 1.53E-01 0.00E+00 1.53E-01 0.00E+00 0.00E+00 0.00E+00 0.00E+00 0.00E+00 0.00E+00 0.00E+00 0.00E+00 0.00E+00 0.00E+00 0.00E+00 0.00E+00 0.00E+00 0.00E+00 0.00E+00 0.00E+00 0.00E+00 0.00E+00 0.00E+00 0.00E+00 0.00E+00 0.00E+00 0.00E+00 0.00E+00 0.00E+00 0.00E+00 0.00E+00 0.00E+00 0.00E+00 0.00E+00 0.00E+00 0.00E+00 0.00E+00 0.00E+00 0.00E+00 0.00E+00 0.00E+00 0.00E+00 0.00E+00 0.00E+00 0.00E+00 0.00E+00 0.00E+00 0.00E+00 0.00E+00 0.00E+00
   0.50  0.262  1.00E+00 9.61E-01 1.98E+00 7.06E-01 1.28E-01 0.00E+00 1.28E-01 0.00E+00 0.00E+00 0.00E+00 0.00E+00 0.00E+00 0.00E+00 0.00E+00 0.00E+00 0.00E+00 0.00E+00 0.00E+00 0.00E+00 0.00E+00 0.00E+00 0.00E+00 0.00E+00 0.00E+00 0.00E+00 0.00E+00 0.00E+00 0.00E+00 0.00E+00 0.00E+00 0.00E+00 0.00E+00 0.00E+00 0.00E+00 0.00E+00 0.00E+00 0.00E+00 0.00E+00 0.00E+00 0.00E+00 0.00E+00 0.00E+00 0.00E+00 0.00E+00 0.00E+00 0.00E+00 0.00E+00 0.00E+00 0.00E+00 0.00E+00 0.00E+00 0.00E+00 0.00E+00
   0.75  0.321  1.00E+00 9.33E-01 2.90E+00 6.05E-01 1.09E-01 0.00E+00 1.09E-01 0.00E+00 1.09E-01 0.00E+00 0.00E+00 0.00E+00 0.00E+00 0.00E+00 0.00E+00 0.00E+00 0.00E+00 0.00E+00 0.00E+00 0.00E+00 0.00E+00 0.00E+00 0.00E+00 0.00E+00 0.00E+00 0.00E+00 0.00E+00 0.00E+00 0.00E+00 0.00E+00 0.00E+00 0.00E+00 0.00E+00 0.00E+00 0.00E+00 0.00E+00 0.00E+00 0.00E+00 0.00E+00 0.00E+00 0.00E+00 0.00E+00 0.00E+00 0.00E+00 0.00E+00 0.00E+00 0.00E+00 0.00E+00 0.00E+00 0.00E+00 0.00E+00 0.00E+00 0.00E+00
   1.00  0.371  2.00E+00 2.63E+00 1.10E+01 1.26E+00 3.28E-01 1.09E-01 2.19E-01 6.05E-01 1.09E-01 0.00E+00 0.00E+00 0.00E+00 0.00E+00 0.00E+00 0.00E+00 0.00E+00 0.00E+00 0.00E+00 0.00E+00 0.00E+00 0.00E+00 0.00E+00 0.00E+00 0.00E+00 0.00E+00 0.00E+00 0.00E+00 0.00E+00 0.00E+00 0.00E+00 0.00E+00 0.00E+00 0.00E+00 0.00E+00 0.00E+00 0.00E+00 0.00E+00 0.00E+00 0.00E+00 0.00E+00 0.00E+00 0.00E+00 0.00E+00 0.00E+00 0.00E+00 0.00E+00 0.00E+00 0.00E+00 0.00E+00 0.00E+00 0.00E+00 0.00E+00 0.00E+00
   1.25  0.415  2.00E+00 4.13E+00 1.97E+01 1.28E+00 4.38E-01 9.33E-01 5.47E-01 8.24E-01 1.09E-01 0.00E+00 0.00E+00 0.00E+00 0.00E+00 0.00E+00 0.00E+00 0.00E+00 0.00E+00 0.00E+00 0.00E+00 0.00E+00 0.00E+00 0.00E+00 0.00E+00 0.00E+00 0.00E+00 0.00E+00 0.00E+00 0.00E+00 0.00E+00 0.00E+00 0.00E+00 0.00E+00 0.00E+00 0.00E+00 0.00E+00 0.00E+00 0.00E+00 0.00E+00 0.00E+00 0.00E+00 0.00E+00 0.00E+00 0.00E+00 0.00E+00 0.00E+00 0.00E+00 0.00E+00 0.00E+00 0.00E+00 0.00E+00 0.00E+00 0.00E+00 0.00E+00
   1.50  0.454  4.00E+00 7.31E+00 3.83E+01 1.96E+00 8.53E-01 1.87E+00 7.66E-01 9.33E-01 8.24E-01 0.00E+00 1.09E-01 0.00E+00 0.00E+00 0.00E+00 0.00E+00 0.00E+00 0.00E+00 0.00E+00 0.00E+00 0.00E+00 0.00E+00 0.00E+00 0.00E+00 0.00E+00 0.00E+00 0.00E+00 0.00E+00 0.00E+00 0.00E+00 0.00E+00 0.00E+00 0.00E+00 0.00E+00 0.00E+00 0.00E+00 0.00E+00 0.00E+00 0.00E+00 0.00E+00 0.00E+00 0.00E+00 0.00E+00 0.00E+00 0.00E+00 0.00E+00 0.00E+00 0.00E+00 0.00E+00 0.00E+00 0.00E+00 0.00E+00 0.00E+00 0.00E+00
   1.75  0.491  7.00E+00 1.79E+01 8.64E+01 4.98E+00 3.27E+00 3.24E+00 2.96E+00 1.98E+00 1.26E+00 1.09E-01 1.09E-01 0.00E+00 0.00E+00 0.00E+00 0.00E+00 0.00E+00 0.00E+00 0.00E+00 0.00E+00 0.00E+00 0.00E+00 0.00E+00 0.00E+00 0.00E+00 0.00E+00 0.00E+00 0.00E+00 0.00E+00 0.00E+00 0.00E+00 0.00E+00 0.00E+00 0.00E+00 0.00E+00 0.00E+00 0.00E+00 0.00E+00 0.00E+00 0.00E+00 0.00E+00 0.00E+00 0.00E+00 0.00E+00 0.00E+00 0.00E+00 0.00E+00 0.00E+00 0.00E+00 0.00E+00 0.00E+00 0.00E+00 0.00E+00 0.00E+00
   2.00  0.524  1.30E+01 2.82E+01 1.26E+02 1.04E+01 4.47E+00 3.95E+00 4.05E+00 2.76E+00 2.09E+00 3.28E-01 1.09E-01 0.00E+00 0.00E+00 0.00E+00 0.00E+00 0.00E+00 0.00E+00 0.00E+00 0.00E+00 0.00E+00 0.00E+00 0.00E+00 0.00E+00 0.00E+00 0.00E+00 0.00E+00 0.00E+00 0.00E+00 0.00E+00 0.00E+00 0.00E+00 0.00E+00 0.00E+00 0.00E+00 0.00E+00 0.00E+00 0.00E+00 0.00E+00 0.00E+00 0.00E+00 0.00E+00 0.00E+00 0.00E+00 0.00E+00 0.00E+00 0.00E+00 0.00E+00 0.00E+00 0.00E+00 0.00E+00 0.00E+00 0.00E+00 0.00E+00
   2.25  0.556  2.20E+01 4.52E+01 2.53E+02 1.16E+01 6.02E+00 6.99E+00 7.98E+00 5.67E+00 4.72E+00 1.33E+00 8.24E-01 0.00E+00 0.00E+00 0.00E+00 0.00E+00 0.00E+00 0.00E+00 0.00E+00 0.00E+00 0.00E+00 0.00E+00 0.00E+00 0.00E+00 0.00E+00 0.00E+00 0.00E+00 0.00E+00 0.00E+00 0.00E+00 0.00E+00 0.00E+00 0.00E+00 0.00E+00 0.00E+00 0.00E+00 0.00E+00 0.00E+00 0.00E+00 0.00E+00 0.00E+00 0.00E+00 0.00E+00 0.00E+00 0.00E+00 0.00E+00 0.00E+00 0.00E+00 0.00E+00 0.00E+00 0.00E+00 0.00E+00 0.00E+00 0.00E+00
   2.50  0.586  3.50E+01 5.69E+01 3.24E+02 1.46E+01 7.57E+00 8.85E+00 9.57E+00 6.21E+00 7.03E+00 1.88E+00 1.15E+00 0.00E+00 0.00E+00 0.00E+00 0.00E+00 0.00E+00 0.00E+00 0.00E+00 0.00E+00 0.00E+00 0.00E+00 0.00E+00 0.00E+00 0.00E+00 0.00E+00 0.00E+00 0.00E+00 0.00E+00 0.00E+00 0.00E+00 0.00E+00 0.00E+00 0.00E+00 0.00E+00 0.00E+00 0.00E+00 0.00E+00 0.00E+00 0.00E+00 0.00E+00 0.00E+00 0.00E+00 0.00E+00 0.00E+00 0.00E+00 0.00E+00 0.00E+00 0.00E+00 0.00E+00 0.00E+00 0.00E+00 0.00E+00 0.00E+00
   2.75  0.615  5.30E+01 9.34E+01 6.02E+02 2.00E+01 1.28E+01 1.24E+01 1.55E+01 1.09E+01 1.16E+01 5.85E+00 2.80E+00 2.81E-01 1.32E+00 0.00E+00 0.00E+00 0.00E+00 0.00E+00 0.00E+00 0.00E+00 0.00E+00 0.00E+00 0.00E+00 0.00E+00 0.00E+00 0.00E+00 0.00E+00 0.00E+00 0.00E+00 0.00E+00 0.00E+00 0.00E+00 0.00E+00 0.00E+00 0.00E+00 0.00E+00 0.00E+00 0.00E+00 0.00E+00 0.00E+00 0.00E+00 0.00E+00 0.00E+00 0.00E+00 0.00E+00 0.00E+00 0.00E+00 0.00E+00 0.00E+00 0.00E+00 0.00E+00 0.00E+00 0.00E+00 0.00E+00
   3.00  0.642  8.10E+01 1.26E+02 8.87E+02 2.36E+01 1.69E+01 1.41E+01 1.97E+01 1.68E+01 1.68E+01 7.94E+00 6.19E+00 2.53E+00 1.54E+00 0.00E+00 0.00E+00 0.00E+00 0.00E+00 0.00E+00 0.00E+00 0.00E+00 0.00E+00 0.00E+00 0.00E+00 0.00E+00 0.00E+00 0.00E+00 0.00E+00 0.00E+00 0.00E+00 0.00E+00 0.00E+00 0.00E+00 0.00E+00 0.00E+00 0.00E+00 0.00E+00 0.00E+00 0.00E+00 0.00E+00 0.00E+00 0.00E+00 0.00E+00 0.00E+00 0.00E+00 0.00E+00 0.00E+00 0.00E+00 0.00E+00 0.00E+00 0.00E+00 0.00E+00 0.00E+00 0.00E+00
   3.25  0.668  1.26E+02 2.36E+02 1.82E+03 2.48E+01 3.35E+01 3.38E+01 4.03E+01 2.77E+01 3.25E+01 2.11E+01 1.22E+01 6.43E+00 2.95E+00 0.00E+00 6.05E-01 0.00E+00 0.00E+00 0.00E+00 0.00E+00 0.00E+00 0.00E+00 0.00E+00 0.00E+00 0.00E+00 0.00E+00 0.00E+00 0.00E+00 0.00E+00 0.00E+00 0.00E+00 0.00E+00 0.00E+00 0.00E+00 0.00E+00 0.00E+00 0.00E+00 0.00E+00 0.00E+00 0.00E+00 0.00E+00 0.00E+00 0.00E+00 0.00E+00 0.00E+00 0.00E+00 0.00E+00 0.00E+00 0.00E+00 0.00E+00 0.00E+00 0.00E+00 0.00E+00 0.00E+00
   3.50  0.694  1.98E+02 3.36E+02 2.70E+03 2.66E+01 4.92E+01 4.81E+01 5.86E+01 3.78E+01 5.04E+01 2.85E+01 1.71E+01 1.23E+01 4.49E+00 1.21E+00 6.05E-01 6.05E-01 0.00E+00 0.00E+00 0.00E+00 0.00E+00 0.00E+00 0.00E+00 0.00E+00 0.00E+00 0.00E+00 0.00E+00 0.00E+00 0.00E+00 0.00E+00 0.00E+00 0.00E+00 0.00E+00 0.00E+00 0.00E+00 0.00E+00 0.00E+00 0.00E+00 0.00E+00 0.00E+00 0.00E+00 0.00E+00 0.00E+00 0.00E+00 0.00E+00 0.00E+00 0.00E+00 0.00E+00 0.00E+00 0.00E+00 0.00E+00 0.00E+00 0.00E+00 0.00E+00
   3.75  0.718  3.12E+02 5.79E+02 4.91E+03 2.78E+01 8.64E+01 8.12E+01 1.03E+02 7.27E+01 7.97E+01 5.20E+01 3.32E+01 2.31E+01 1.05E+01 4.91E+00 2.75E+00 1.32E+00 0.00E+00 0.00E+00 0.00E+00 0.00E+00 0.00E+00 0.00E+00 0.00E+00 0.00E+00 0.00E+00 0.00E+00 0.00E+00 0.00E+00 0.00E+00 0.00E+00 0.00E+00 0.00E+00 0.00E+00 0.00E+00 0.00E+00 0.00E+00 0.00E+00 0.00E+00 0.00E+00 0.00E+00 0.00E+00 0.00E+00 0.00E+00 0.00E+00 0.00E+00 0.00E+00 0.00E+00 0.00E+00 0.00E+00 0.00E+00 0.00E+00 0.00E+00 0.00E+00
   4.00  0.742  4.88E+02 8.30E+02 7.16E+03 3.51E+01 1.20E+02 1.14E+02 1.49E+02 1.08E+02 1.15E+02 7.74E+01 4.98E+01 3.12E+01 1.45E+01 6.45E+00 5.50E+00 2.53E+00 3.30E-01 6.05E-01 0.00E+00 0.00E+00 0.00E+00 0.00E+00 0.00E+00 0.00E+00 0.00E+00 0.00E+00 0.00E+00 0.00E+00 0.00E+00 0.00E+00 0.00E+00 0.00E+00 0.00E+00 0.00E+00 0.00E+00 0.00E+00 0.00E+00 0.00E+00 0.00E+00 0.00E+00 0.00E+00 0.00E+00 0.00E+00 0.00E+00 0.00E+00 0.00E+00 0.00E+00 0.00E+00 0.00E+00 0.00E+00 0.00E+00 0.00E+00 0.00E+00
   4.25  0.764  7.60E+02 1.34E+03 1.20E+04 4.05E+01 1.88E+02 1.79E+02 2.48E+02 1.78E+02 1.88E+02 1.25E+02 7.97E+01 5.29E+01 3.19E+01 1.52E+01 1.10E+01 5.28E+00 1.54E+00 8.55E-01 6.05E-01 0.00E+00 0.00E+00 0.00E+00 0.00E+00 0.00E+00 0.00E+00 0.00E+00 0.00E+00 0.00E+00 0.00E+00 0.00E+00 0.00E+00 0.00E+00 0.00E+00 0.00E+00 0.00E+00 0.00E+00 0.00E+00 0.00E+00 0.00E+00 0.00E+00 0.00E+00 0.00E+00 0.00E+00 0.00E+00 0.00E+00 0.00E+00 0.00E+00 0.00E+00 0.00E+00 0.00E+00 0.00E+00 0.00E+00 0.00E+00
   4.50  0.787  1.16E+03 1.81E+03 1.67E+04 4.26E+01 2.46E+02 2.33E+02 3.24E+02 2.50E+02 2.45E+02 1.73E+02 1.23E+02 7.03E+01 4.78E+01 2.53E+01 1.76E+01 1.03E+01 4.07E+00 9.65E-01 6.05E-01 0.00E+00 0.00E+00 0.00E+00 0.00E+00 0.00E+00 0.00E+00 0.00E+00 0.00E+00 0.00E+00 0.00E+00 0.00E+00 0.00E+00 0.00E+00 0.00E+00 0.00E+00 0.00E+00 0.00E+00 0.00E+00 0.00E+00 0.00E+00 0.00E+00 0.00E+00 0.00E+00 0.00E+00 0.00E+00 0.00E+00 0.00E+00 0.00E+00 0.00E+00 0.00E+00 0.00E+00 0.00E+00 0.00E+00 0.00E+00
   4.75  0.808  1.73E+03 2.77E+03 2.65E+04 5.11E+01 3.43E+02 3.44E+02 4.96E+02 3.76E+02 3.82E+02 2.72E+02 1.99E+02 1.18E+02 8.36E+01 4.55E+01 2.97E+01 1.54E+01 1.12E+01 3.13E+00 2.95E+00 6.05E-01 0.00E+00 0.00E+00 0.00E+00 0.00E+00 0.00E+00 0.00E+00 0.00E+00 0.00E+00 0.00E+00 0.00E+00 0.00E+00 0.00E+00 0.00E+00 0.00E+00 0.00E+00 0.00E+00 0.00E+00 0.00E+00 0.00E+00 0.00E+00 0.00E+00 0.00E+00 0.00E+00 0.00E+00 0.00E+00 0.00E+00 0.00E+00 0.00E+00 0.00E+00 0.00E+00 0.00E+00 0.00E+00 0.00E+00
   5.00  0.829  2.54E+03 3.71E+03 3.63E+04 5.94E+01 4.49E+02 4.29E+02 6.54E+02 5.06E+02 5.11E+02 3.76E+02 2.75E+02 1.77E+02 1.10E+02 6.58E+01 4.25E+01 2.41E+01 1.76E+01 8.68E+00 4.38E+00 1.03E+00 6.05E-01 0.00E+00 0.00E+00 0.00E+00 0.00E+00 0.00E+00 0.00E+00 0.00E+00 0.00E+00 0.00E+00 0.00E+00 0.00E+00 0.00E+00 0.00E+00 0.00E+00 0.00E+00 0.00E+00 0.00E+00 0.00E+00 0.00E+00 0.00E+00 0.00E+00 0.00E+00 0.00E+00 0.00E+00 0.00E+00 0.00E+00 0.00E+00 0.00E+00 0.00E+00 0.00E+00 0.00E+00 0.00E+00
   5.50  0.870  5.36E+03 7.60E+03 7.75E+04 7.78E+01 8.67E+02 8.52E+02 1.26E+03 1.02E+03 1.03E+03 7.85E+02 6.16E+02 4.01E+02 2.64E+02 1.67E+02 1.01E+02 6.87E+01 4.12E+01 2.30E+01 9.16E+00 6.58E+00 2.07E+00 1.21E+00 0.00E+00 0.00E+00 0.00E+00 0.00E+00 0.00E+00 0.00E+00 0.00E+00 0.00E+00 0.00E+00 0.00E+00 0.00E+00 0.00E+00 0.00E+00 0.00E+00 0.00E+00 0.00E+00 0.00E+00 0.00E+00 0.00E+00 0.00E+00 0.00E+00 0.00E+00 0.00E+00 0.00E+00 0.00E+00 0.00E+00 0.00E+00 0.00E+00 0.00E+00 0.00E+00 0.00E+00
   6.00  0.908  1.13E+04 1.60E+04 1.67E+05 1.27E+02 1.75E+03 1.74E+03 2.62E+03 2.07E+03 2.12E+03 1.65E+03 1.32E+03 9.18E+02 6.09E+02 3.96E+02 2.45E+02 1.59E+02 9.69E+01 5.35E+01 3.01E+01 2.14E+01 1.03E+01 5.40E+00 6.05E-01 9.83E-01 6.05E-01 0.00E+00 0.00E+00 0.00E+00 0.00E+00 0.00E+00 0.00E+00 0.00E+00 0.00E+00 0.00E+00 0.00E+00 0.00E+00 0.00E+00 0.00E+00 0.00E+00 0.00E+00 0.00E+00 0.00E+00 0.00E+00 0.00E+00 0.00E+00 0.00E+00 0.00E+00 0.00E+00 0.00E+00 0.00E+00 0.00E+00 0.00E+00 0.00E+00
   6.50  0.945  2.35E+04 3.32E+04 3.55E+05 2.32E+02 3.57E+03 3.55E+03 5.36E+03 4.28E+03 4.40E+03 3.38E+03 2.77E+03 1.94E+03 1.36E+03 8.92E+02 5.77E+02 3.65E+02 2.20E+02 1.40E+02 8.03E+01 5.09E+01 2.37E+01 1.39E+01 7.86E+00 3.10E+00 1.21E+00 6.05E-01 0.00E+00 0.00E+00 0.00E+00 0.00E+00 0.00E+00 0.00E+00 0.00E+00 0.00E+00 0.00E+00 0.00E+00 0.00E+00 0.00E+00 0.00E+00 0.00E+00 0.00E+00 0.00E+00 0.00E+00 0.00E+00 0.00E+00 0.00E+00 0.00E+00 0.00E+00 0.00E+00 0.00E+00 0.00E+00 0.00E+00 0.00E+00
   7.00  0.981  4.85E+04 6.67E+04 7.26E+05 3.97E+02 6.94E+03 6.87E+03 1.06E+04 8.54E+03 8.87E+03 6.87E+03 5.57E+03 3.96E+03 2.88E+03 1.89E+03 1.25E+03 8.09E+02 5.03E+02 3.30E+02 2.05E+02 1.10E+02 5.69E+01 4.05E+01 2.63E+01 1.16E+01 4.84E+00 2.25E+00 1.21E+00 0.00E+00 0.00E+00 0.00E+00 0.00E+00 0.00E+00 0.00E+00 0.00E+00 0.00E+00 0.00E+00 0.00E+00 0.00E+00 0.00E+00 0.00E+00 0.00E+00 0.00E+00 0.00E+00 0.00E+00 0.00E+00 0.00E+00 0.00E+00 0.00E+00 0.00E+00 0.00E+00 0.00E+00 0.00E+00 0.00E+00
   7.50  1.016  9.76E+04 1.29E+05 1.44E+06 6.68E+02 1.31E+04 1.28E+04 2.00E+04 1.63E+04 1.72E+04 1.34E+04 1.11E+04 7.92E+03 5.83E+03 3.89E+03 2.64E+03 1.76E+03 1.10E+03 7.68E+02 4.40E+02 2.44E+02 1.49E+02 9.32E+01 6.44E+01 3.24E+01 1.84E+01 1.07E+01 4.24E+00 1.21E+00 0.00E+00 0.00E+00 0.00E+00 0.00E+00 0.00E+00 0.00E+00 0.00E+00 0.00E+00 0.00E+00 0.00E+00 0.00E+00 0.00E+00 0.00E+00 0.00E+00 0.00E+00 0.00E+00 0.00E+00 0.00E+00 0.00E+00 0.00E+00 0.00E+00 0.00E+00 0.00E+00 0.00E+00 0.00E+00
   8.00  1.049  1.92E+05 2.49E+05 2.82E+06 1.11E+03 2.45E+04 2.39E+04 3.77E+04 3.05E+04 3.27E+04 2.59E+04 2.17E+04 1.57E+04 1.16E+04 7.97E+03 5.50E+03 3.74E+03 2.43E+03 1.65E+03 9.18E+02 5.28E+02 3.44E+02 2.24E+02 1.30E+02 8.47E+01 4.68E+01 2.83E+01 1.51E+01 6.99E+00 2.90E+00 9.38E-01 6.05E-01 0.00E+00 0.00E+00 0.00E+00 0.00E+00 0.00E+00 0.00E+00 0.00E+00 0.00E+00 0.00E+00 0.00E+00 0.00E+00 0.00E+00 0.00E+00 0.00E+00 0.00E+00 0.00E+00 0.00E+00 0.00E+00 0.00E+00 0.00E+00 0.00E+00 0.00E+00
   8.50  1.081  3.74E+05 4.77E+05 5.48E+06 1.86E+03 4.62E+04 4.51E+04 7.10E+04 5.75E+04 6.21E+04 4.93E+04 4.20E+04 3.07E+04 2.31E+04 1.60E+04 1.12E+04 7.71E+03 5.11E+03 3.26E+03 1.79E+03 1.15E+03 7.60E+02 4.91E+02 3.15E+02 1.92E+02 1.24E+02 6.90E+01 4.05E+01 1.91E+01 1.26E+01 4.65E+00 2.89E+00 1.21E+00 0.00E+00 0.00E+00 0.00E+00 0.00E+00 0.00E+00 0.00E+00 0.00E+00 0.00E+00 0.00E+00 0.00E+00 0.00E+00 0.00E+00 0.00E+00 0.00E+00 0.00E+00 0.00E+00 0.00E+00 0.00E+00 0.00E+00 0.00E+00 0.00E+00
   9.00  1.112  7.20E+05 9.08E+05 1.06E+07 3.08E+03 8.62E+04 8.43E+04 1.34E+05 1.08E+05 1.17E+05 9.34E+04 8.00E+04 5.92E+04 4.53E+04 3.15E+04 2.25E+04 1.57E+04 1.05E+04 6.21E+03 3.63E+03 2.39E+03 1.62E+03 1.07E+03 6.86E+02 4.45E+02 2.79E+02 1.64E+02 9.86E+01 6.14E+01 3.55E+01 2.04E+01 7.72E+00 4.55E+00 1.81E+00 0.00E+00 0.00E+00 0.00E+00 0.00E+00 0.00E+00 0.00E+00 0.00E+00 0.00E+00 0.00E+00 0.00E+00 0.00E+00 0.00E+00 0.00E+00 0.00E+00 0.00E+00 0.00E+00 0.00E+00 0.00E+00 0.00E+00 0.00E+00
   9.50  1.143  1.37E+06 1.70E+06 2.00E+07 5.69E+03 1.59E+05 1.55E+05 2.48E+05 2.02E+05 2.19E+05 1.75E+05 1.51E+05 1.12E+05 8.71E+04 6.11E+04 4.41E+04 3.12E+04 1.90E+04 1.11E+04 7.13E+03 4.91E+03 3.33E+03 2.29E+03 1.53E+03 9.76E+02 6.36E+02 4.02E+02 2.32E+02 1.52E+02 9.19E+01 4.97E+01 2.53E+01 1.54E+01 8.47E+00 0.00E+00 0.00E+00 0.00E+00 0.00E+00 0.00E+00 0.00E+00 0.00E+00 0.00E+00 0.00E+00 0.00E+00 0.00E+00 0.00E+00 0.00E+00 0.00E+00 0.00E+00 0.00E+00 0.00E+00 0.00E+00 0.00E+00 0.00E+00
  10.00  1.173  2.58E+06 3.15E+06 3.73E+07 9.69E+03 2.88E+05 2.81E+05 4.51E+05 3.69E+05 4.05E+05 3.25E+05 2.82E+05 2.11E+05 1.65E+05 1.17E+05 8.52E+04 5.70E+04 3.40E+04 2.07E+04 1.40E+04 9.85E+03 6.90E+03 4.74E+03 3.20E+03 2.17E+03 1.39E+03 8.95E+02 5.60E+02 3.46E+02 2.10E+02 1.23E+02 6.41E+01 4.29E+01 3.39E+01 0.00E+00 0.00E+00 0.00E+00 0.00E+00 0.00E+00 0.00E+00 0.00E+00 0.00E+00 0.00E+00 0.00E+00 0.00E+00 0.00E+00 0.00E+00 0.00E+00 0.00E+00 0.00E+00 0.00E+00 0.00E+00 0.00E+00 0.00E+00
  11.00  1.230  9.38E+06 1.04E+07 1.25E+08 2.87E+04 9.34E+05 9.10E+05 1.47E+06 1.21E+06 1.34E+06 1.09E+06 9.58E+05 7.25E+05 5.76E+05 4.13E+05 2.74E+05 1.63E+05 1.04E+05 7.16E+04 5.15E+04 3.76E+04 2.73E+04 1.94E+04 1.35E+04 9.35E+03 6.26E+03 4.20E+03 2.69E+03 1.73E+03 1.10E+03 6.80E+02 4.14E+02 2.52E+02 2.99E+02 0.00E+00 0.00E+00 0.00E+00 0.00E+00 0.00E+00 0.00E+00 0.00E+00 0.00E+00 0.00E+00 0.00E+00 0.00E+00 0.00E+00 0.00E+00 0.00E+00 0.00E+00 0.00E+00 0.00E+00 0.00E+00 0.00E+00 0.00E+00
  12.00  1.285  3.12E+07 3.33E+07 3.99E+08 8.60E+04 2.96E+06 2.88E+06 4.69E+06 3.87E+06 4.32E+06 3.52E+06 3.14E+06 2.41E+06 1.83E+06 1.17E+06 7.14E+05 4.59E+05 3.27E+05 2.42E+05 1.82E+05 1.37E+05 1.02E+05 7.44E+04 5.32E+04 3.77E+04 2.61E+04 1.80E+04 1.20E+04 8.01E+03 5.19E+03 3.39E+03 2.25E+03 1.33E+03 1.77E+03 0.00E+00 0.00E+00 0.00E+00 0.00E+00 0.00E+00 0.00E+00 0.00E+00 0.00E+00 0.00E+00 0.00E+00 0.00E+00 0.00E+00 0.00E+00 0.00E+00 0.00E+00 0.00E+00 0.00E+00 0.00E+00 0.00E+00 0.00E+00
  13.00  1.337  9.81E+07 1.00E+08 1.19E+09 2.47E+05 9.13E+06 8.88E+06 1.45E+07 1.20E+07 1.36E+07 1.11E+07 9.78E+06 6.56E+06 4.29E+06 2.76E+06 1.90E+06 1.35E+06 1.03E+06 7.96E+05 6.19E+05 4.76E+05 3.61E+05 2.69E+05 1.98E+05 1.43E+05 1.02E+05 7.12E+04 4.91E+04 3.37E+04 2.25E+04 1.52E+04 1.07E+04 6.31E+03 8.98E+03 0.00E+00 0.00E+00 0.00E+00 0.00E+00 0.00E+00 0.00E+00 0.00E+00 0.00E+00 0.00E+00 0.00E+00 0.00E+00 0.00E+00 0.00E+00 0.00E+00 0.00E+00 0.00E+00 0.00E+00 0.00E+00 0.00E+00 0.00E+00
  14.00  1.387  2.83E+08 2.69E+08 3.10E+09 7.12E+05 2.76E+07 2.68E+07 4.42E+07 3.54E+07 3.68E+07 2.51E+07 2.06E+07 1.30E+07 9.43E+06 6.62E+06 5.14E+06 3.94E+06 3.18E+06 2.54E+06 2.03E+06 1.59E+06 1.23E+06 9.34E+05 6.98E+05 5.15E+05 3.73E+05 2.68E+05 1.89E+05 1.32E+05 9.08E+04 6.35E+04 4.65E+04 2.78E+04 4.16E+04 0.00E+00 0.00E+00 0.00E+00 0.00E+00 0.00E+00 0.00E+00 0.00E+00 0.00E+00 0.00E+00 0.00E+00 0.00E+00 0.00E+00 0.00E+00 0.00E+00 0.00E+00 0.00E+00 0.00E+00 0.00E+00 0.00E+00 0.00E+00
  15.00  1.436  6.01E+08 3.66E+08 4.18E+09 1.09E+06 4.34E+07 4.30E+07 6.42E+07 4.48E+07 4.44E+07 2.73E+07 2.38E+07 1.55E+07 1.25E+07 9.27E+06 7.65E+06 6.12E+06 5.05E+06 4.09E+06 3.30E+06 2.61E+06 2.03E+06 1.56E+06 1.18E+06 8.73E+05 6.39E+05 4.62E+05 3.30E+05 2.32E+05 1.62E+05 1.15E+05 8.52E+04 5.14E+04 7.81E+04 0.00E+00 0.00E+00 0.00E+00 0.00E+00 0.00E+00 0.00E+00 0.00E+00 0.00E+00 0.00E+00 0.00E+00 0.00E+00 0.00E+00 0.00E+00 0.00E+00 0.00E+00 0.00E+00 0.00E+00 0.00E+00 0.00E+00 0.00E+00
  16.00  1.483  1.04E+09 5.06E+08 5.75E+09 1.66E+06 6.83E+07 6.88E+07 9.33E+07 5.65E+07 5.36E+07 2.96E+07 2.75E+07 1.85E+07 1.65E+07 1.30E+07 1.14E+07 9.50E+06 8.01E+06 6.59E+06 5.37E+06 4.29E+06 3.36E+06 2.60E+06 1.98E+06 1.48E+06 1.10E+06 7.99E+05 5.75E+05 4.09E+05 2.88E+05 2.07E+05 1.56E+05 9.50E+04 1.47E+05 0.00E+00 0.00E+00 0.00E+00 0.00E+00 0.00E+00 0.00E+00 0.00E+00 0.00E+00 0.00E+00 0.00E+00 0.00E+00 0.00E+00 0.00E+00 0.00E+00 0.00E+00 0.00E+00 0.00E+00 0.00E+00 0.00E+00 0.00E+00
  17.00  1.529  1.64E+09 7.11E+08 8.06E+09 2.53E+06 1.07E+08 1.10E+08 1.36E+08 7.14E+07 6.47E+07 3.21E+07 3.18E+07 2.21E+07 2.19E+07 1.82E+07 1.70E+07 1.47E+07 1.27E+07 1.06E+07 8.74E+06 7.03E+06 5.56E+06 4.34E+06 3.33E+06 2.51E+06 1.88E+06 1.38E+06 1.00E+06 7.19E+05 5.14E+05 3.74E+05 2.86E+05 1.75E+05 2.76E+05 0.00E+00 0.00E+00 0.00E+00 0.00E+00 0.00E+00 0.00E+00 0.00E+00 0.00E+00 0.00E+00 0.00E+00 0.00E+00 0.00E+00 0.00E+00 0.00E+00 0.00E+00 0.00E+00 0.00E+00 0.00E+00 0.00E+00 0.00E+00
  18.00  1.573  2.51E+09 1.02E+09 1.15E+10 3.87E+06 1.69E+08 1.76E+08 1.97E+08 9.02E+07 7.81E+07 3.49E+07 3.67E+07 2.65E+07 2.90E+07 2.54E+07 2.53E+07 2.29E+07 2.02E+07 1.71E+07 1.42E+07 1.15E+07 9.20E+06 7.24E+06 5.62E+06 4.25E+06 3.21E+06 2.38E+06 1.75E+06 1.27E+06 9.15E+05 6.77E+05 5.25E+05 3.24E+05 5.18E+05 0.00E+00 0.00E+00 0.00E+00 0.00E+00 0.00E+00 0.00E+00 0.00E+00 0.00E+00 0.00E+00 0.00E+00 0.00E+00 0.00E+00 0.00E+00 0.00E+00 0.00E+00 0.00E+00 0.00E+00 0.00E+00 0.00E+00 0.00E+00
  19.00  1.616  3.75E+09 1.47E+09 1.68E+10 5.91E+06 2.65E+08 2.83E+08 2.87E+08 1.14E+08 9.42E+07 3.79E+07 4.24E+07 3.16E+07 3.84E+07 3.56E+07 3.76E+07 3.55E+07 3.20E+07 2.75E+07 2.31E+07 1.89E+07 1.52E+07 1.21E+07 9.46E+06 7.21E+06 5.50E+06 4.12E+06 3.06E+06 2.23E+06 1.63E+06 1.22E+06 9.62E+05 5.98E+05 9.72E+05 0.00E+00 0.00E+00 0.00E+00 0.00E+00 0.00E+00 0.00E+00 0.00E+00 0.00E+00 0.00E+00 0.00E+00 0.00E+00 0.00E+00 0.00E+00 0.00E+00 0.00E+00 0.00E+00 0.00E+00 0.00E+00 0.00E+00 0.00E+00
  20.00  1.658  5.57E+09 2.17E+09 2.49E+10 9.02E+06 4.17E+08 4.53E+08 4.17E+08 1.44E+08 1.14E+08 4.12E+07 4.90E+07 3.78E+07 5.09E+07 4.98E+07 5.61E+07 5.50E+07 5.07E+07 4.43E+07 3.77E+07 3.11E+07 2.52E+07 2.02E+07 1.59E+07 1.22E+07 9.43E+06 7.12E+06 5.34E+06 3.92E+06 2.91E+06 2.21E+06 1.76E+06 1.11E+06 1.83E+06 0.00E+00 0.00E+00 0.00E+00 0.00E+00 0.00E+00 0.00E+00 0.00E+00 0.00E+00 0.00E+00 0.00E+00 0.00E+00 0.00E+00 0.00E+00 0.00E+00 0.00E+00 0.00E+00 0.00E+00 0.00E+00 0.00E+00 0.00E+00
  22.50  1.759  1.57E+10 5.96E+09 7.07E+10 2.60E+07 1.29E+09 1.47E+09 1.06E+09 2.58E+08 1.82E+08 5.06E+07 7.03E+07 5.91E+07 1.03E+08 1.16E+08 1.52E+08 1.65E+08 1.61E+08 1.46E+08 1.27E+08 1.07E+08 8.86E+07 7.26E+07 5.86E+07 4.57E+07 3.62E+07 2.79E+07 2.15E+07 1.61E+07 1.23E+07 9.70E+06 8.03E+06 5.13E+06 8.83E+06 0.00E+00 0.00E+00 0.00E+00 0.00E+00 0.00E+00 0.00E+00 0.00E+00 0.00E+00 0.00E+00 0.00E+00 0.00E+00 0.00E+00 0.00E+00 0.00E+00 0.00E+00 0.00E+00 0.00E+00 0.00E+00 0.00E+00 0.00E+00
  25.00  1.854  4.48E+10 1.73E+10 2.16E+11 7.49E+07 4.01E+09 4.77E+09 2.71E+09 4.63E+08 2.91E+08 6.21E+07 1.01E+08 9.23E+07 2.07E+08 2.68E+08 4.11E+08 4.95E+08 5.09E+08 4.79E+08 4.30E+08 3.70E+08 3.12E+08 2.61E+08 2.16E+08 1.71E+08 1.39E+08 1.10E+08 8.66E+07 6.61E+07 5.22E+07 4.26E+07 3.65E+07 2.38E+07 4.27E+07 0.00E+00 0.00E+00 0.00E+00 0.00E+00 0.00E+00 0.00E+00 0.00E+00 0.00E+00 0.00E+00 0.00E+00 0.00E+00 0.00E+00 0.00E+00 0.00E+00 0.00E+00 0.00E+00 0.00E+00 0.00E+00 0.00E+00 0.00E+00
  30.00  2.031  4.93E+11 1.62E+11 2.31E+12 6.21E+08 3.86E+10 5.02E+10 1.76E+10 1.49E+09 7.44E+08 9.38E+07 2.07E+08 2.25E+08 8.44E+08 1.44E+09 3.01E+09 4.44E+09 5.11E+09 5.19E+09 4.91E+09 4.41E+09 3.86E+09 3.38E+09 2.92E+09 2.39E+09 2.05E+09 1.69E+09 1.40E+09 1.11E+09 9.39E+08 8.20E+08 7.56E+08 5.11E+08 9.98E+08 0.00E+00 0.00E+00 0.00E+00 0.00E+00 0.00E+00 0.00E+00 0.00E+00 0.00E+00 0.00E+00 0.00E+00 0.00E+00 0.00E+00 0.00E+00 0.00E+00 0.00E+00 0.00E+00 0.00E+00 0.00E+00 0.00E+00 0.00E+00
  40.00  2.345  9.28E+13 1.83E+13 3.77E+14 4.28E+10 3.56E+12 5.57E+12 7.40E+11 1.54E+10 4.87E+09 2.14E+08 8.75E+08 1.34E+09 1.40E+10 4.17E+10 1.62E+11 3.59E+11 5.16E+11 6.07E+11 6.40E+11 6.26E+11 5.93E+11 5.66E+11 5.36E+11 4.68E+11 4.45E+11 3.99E+11 3.68E+11 3.17E+11 3.03E+11 3.04E+11 3.24E+11 2.36E+11 5.46E+11 0.00E+00 0.00E+00 0.00E+00 0.00E+00 0.00E+00 0.00E+00 0.00E+00 0.00E+00 0.00E+00 0.00E+00 0.00E+00 0.00E+00 0.00E+00 0.00E+00 0.00E+00 0.00E+00 0.00E+00 0.00E+00 0.00E+00 0.00E+00
  50.00  2.622  2.33E+15 4.30E+14 2.86E+15 2.95E+12 3.29E+14 1.11E+13 3.12E+13 1.60E+11 3.19E+10 4.87E+08 3.70E+09 7.99E+09 2.33E+11 1.20E+12 8.68E+12 2.90E+13 1.03E+12 1.21E+12 1.27E+12 1.25E+12 1.18E+12 1.13E+12 1.07E+12 9.33E+11 8.89E+11 7.97E+11 7.36E+11 6.32E+11 6.06E+11 6.07E+11 6.48E+11 4.72E+11 1.09E+12 0.00E+00 0.00E+00 0.00E+00 0.00E+00 0.00E+00 0.00E+00 0.00E+00 0.00E+00 0.00E+00 0.00E+00 0.00E+00 0.00E+00 0.00E+00 0.00E+00 0.00E+00 0.00E+00 0.00E+00 0.00E+00 0.00E+00 0.00E+00
  60.00  2.872  1.79E+17 3.49E+16 1.72E+17 2.03E+14 3.04E+16 2.21E+13 1.31E+15 1.65E+12 2.09E+11 1.11E+09 1.56E+10 4.76E+10 3.86E+12 3.48E+13 4.66E+14 2.34E+15 2.04E+12 2.41E+12 2.54E+12 2.49E+12 2.35E+12 2.25E+12 2.13E+12 1.86E+12 1.77E+12 1.59E+12 1.47E+12 1.26E+12 1.21E+12 1.21E+12 1.29E+12 9.44E+11 2.18E+12 0.00E+00 0.00E+00 0.00E+00 0.00E+00 0.00E+00 0.00E+00 0.00E+00 0.00E+00 0.00E+00 0.00E+00 0.00E+00 0.00E+00 0.00E+00 0.00E+00 0.00E+00 0.00E+00 0.00E+00 0.00E+00 0.00E+00 0.00E+00
  70.00  3.102  1.58E+19 3.10E+18 1.42E+19 1.40E+16 2.81E+18 4.39E+13 5.54E+16 1.71E+13 1.37E+12 2.53E+09 6.60E+10 2.84E+11 6.40E+13 1.01E+15 2.50E+16 1.89E+17 4.06E+12 4.80E+12 5.06E+12 4.95E+12 4.69E+12 4.49E+12 4.25E+12 3.71E+12 3.54E+12 3.17E+12 2.93E+12 2.52E+12 2.41E+12 2.42E+12 2.59E+12 1.89E+12 4.35E+12 0.00E+00 0.00E+00 0.00E+00 0.00E+00 0.00E+00 0.00E+00 0.00E+00 0.00E+00 0.00E+00 0.00E+00 0.00E+00 0.00E+00 0.00E+00 0.00E+00 0.00E+00 0.00E+00 0.00E+00 0.00E+00 0.00E+00 0.00E+00
  80.00  3.317  1.43E+21 2.80E+20 1.21E+21 9.65E+17 2.60E+20 8.74E+13 2.33E+18 1.77E+14 8.95E+12 5.76E+09 2.79E+11 1.69E+12 1.06E+15 2.91E+16 1.34E+18 1.53E+19 8.09E+12 9.55E+12 1.01E+13 9.87E+12 9.36E+12 8.95E+12 8.49E+12 7.41E+12 7.06E+12 6.34E+12 5.85E+12 5.03E+12 4.82E+12 4.84E+12 5.17E+12 3.77E+12 8.70E+12 0.00E+00 0.00E+00 0.00E+00 0.00E+00 0.00E+00 0.00E+00 0.00E+00 0.00E+00 0.00E+00 0.00E+00 0.00E+00 0.00E+00 0.00E+00 0.00E+00 0.00E+00 0.00E+00 0.00E+00 0.00E+00 0.00E+00 0.00E+00
  90.00  3.518  1.30E+23 2.55E+22 1.05E+23 6.65E+19 2.40E+22 1.74E+14 9.83E+19 1.84E+15 5.86E+13 1.31E+10 1.18E+12 1.01E+13 1.76E+16 8.42E+17 7.21E+19 1.24E+21 1.61E+13 1.90E+13 2.01E+13 1.97E+13 1.87E+13 1.79E+13 1.69E+13 1.48E+13 1.41E+13 1.26E+13 1.17E+13 1.00E+13 9.63E+12 9.67E+12 1.03E+13 7.52E+12 1.74E+13 0.00E+00 0.00E+00 0.00E+00 0.00E+00 0.00E+00 0.00E+00 0.00E+00 0.00E+00 0.00E+00 0.00E+00 0.00E+00 0.00E+00 0.00E+00 0.00E+00 0.00E+00 0.00E+00 0.00E+00 0.00E+00 0.00E+00 0.00E+00
 100.00  3.708  1.19E+25 2.33E+24 9.28E+24 4.58E+21 2.22E+24 3.47E+14 4.14E+21 1.90E+16 3.83E+14 2.99E+10 4.98E+12 5.99E+13 2.93E+17 2.43E+19 3.87E+21 9.99E+22 3.20E+13 3.79E+13 4.00E+13 3.92E+13 3.72E+13 3.56E+13 3.38E+13 2.95E+13 2.81E+13 2.52E+13 2.33E+13 2.01E+13 1.92E+13 1.93E+13 2.06E+13 1.50E+13 3.47E+13 0.00E+00 0.00E+00 0.00E+00 0.00E+00 0.00E+00 0.00E+00 0.00E+00 0.00E+00 0.00E+00 0.00E+00 0.00E+00 0.00E+00 0.00E+00 0.00E+00 0.00E+00 0.00E+00 0.00E+00 0.00E+00 0.00E+00 0.00E+00
 110.00  3.889  1.09E+27 2.14E+26 8.24E+26 3.16E+23 2.05E+26 6.90E+14 1.75E+23 1.97E+17 2.51E+15 6.82E+10 2.10E+13 3.57E+14 4.86E+18 7.04E+20 2.08E+23 8.07E+24 6.38E+13 7.54E+13 7.97E+13 7.82E+13 7.41E+13 7.10E+13 6.73E+13 5.88E+13 5.61E+13 5.04E+13 4.65E+13 4.01E+13 3.84E+13 3.86E+13 4.12E+13 3.00E+13 6.94E+13 0.00E+00 0.00E+00 0.00E+00 0.00E+00 0.00E+00 0.00E+00 0.00E+00 0.00E+00 0.00E+00 0.00E+00 0.00E+00 0.00E+00 0.00E+00 0.00E+00 0.00E+00 0.00E+00 0.00E+00 0.00E+00 0.00E+00 0.00E+00
 120.00  4.062  1.00E+29 1.97E+28 7.35E+28 2.18E+25 1.90E+28 1.37E+15 7.35E+24 2.04E+18 1.64E+16 1.55E+11 8.89E+13 2.13E+15 8.06E+19 2.04E+22 1.12E+25 6.52E+26 1.27E+14 1.50E+14 1.59E+14 1.56E+14 1.48E+14 1.42E+14 1.34E+14 1.17E+14 1.12E+14 1.01E+14 9.29E+13 8.00E+13 7.67E+13 7.70E+13 8.23E+13 6.00E+13 1.39E+14 0.00E+00 0.00E+00 0.00E+00 0.00E+00 0.00E+00 0.00E+00 0.00E+00 0.00E+00 0.00E+00 0.00E+00 0.00E+00 0.00E+00 0.00E+00 0.00E+00 0.00E+00 0.00E+00 0.00E+00 0.00E+00 0.00E+00 0.00E+00
 130.00  4.228  9.24E+30 1.81E+30 6.59E+30 1.50E+27 1.75E+30 2.74E+15 3.10E+26 2.11E+19 1.08E+17 3.54E+11 3.76E+14 1.27E+16 1.34E+21 5.89E+23 5.99E+26 5.27E+28 2.52E+14 2.99E+14 3.16E+14 3.10E+14 2.95E+14 2.82E+14 2.68E+14 2.34E+14 2.23E+14 2.01E+14 1.85E+14 1.60E+14 1.53E+14 1.54E+14 1.64E+14 1.20E+14 2.77E+14 0.00E+00 0.00E+00 0.00E+00 0.00E+00 0.00E+00 0.00E+00 0.00E+00 0.00E+00 0.00E+00 0.00E+00 0.00E+00 0.00E+00 0.00E+00 0.00E+00 0.00E+00 0.00E+00 0.00E+00 0.00E+00 0.00E+00 0.00E+00
 140.00  4.387  8.50E+32 1.66E+32 5.93E+32 1.03E+29 1.62E+32 5.45E+15 1.31E+28 2.18E+20 7.04E+17 8.07E+11 1.59E+15 7.54E+16 2.22E+22 1.70E+25 3.22E+28 4.26E+30 5.02E+14 5.96E+14 6.30E+14 6.19E+14 5.87E+14 5.63E+14 5.34E+14 4.67E+14 4.46E+14 4.00E+14 3.70E+14 3.19E+14 3.06E+14 3.07E+14 3.28E+14 2.39E+14 5.54E+14 0.00E+00 0.00E+00 0.00E+00 0.00E+00 0.00E+00 0.00E+00 0.00E+00 0.00E+00 0.00E+00 0.00E+00 0.00E+00 0.00E+00 0.00E+00 0.00E+00 0.00E+00 0.00E+00 0.00E+00 0.00E+00 0.00E+00 0.00E+00
 150.00  4.541  7.83E+34 1.53E+34 5.35E+34 7.12E+30 1.50E+34 1.08E+16 5.50E+29 2.26E+21 4.61E+18 1.84E+12 6.71E+15 4.49E+17 3.68E+23 4.92E+26 1.73E+30 3.44E+32 1.00E+15 1.19E+15 1.26E+15 1.23E+15 1.17E+15 1.12E+15 1.07E+15 9.31E+14 8.89E+14 7.99E+14 7.39E+14 6.36E+14 6.11E+14 6.14E+14 6.56E+14 4.78E+14 1.11E+15 0.00E+00 0.00E+00 0.00E+00 0.00E+00 0.00E+00 0.00E+00 0.00E+00 0.00E+00 0.00E+00 0.00E+00 0.00E+00 0.00E+00 0.00E+00 0.00E+00 0.00E+00 0.00E+00 0.00E+00 0.00E+00 0.00E+00 0.00E+00
 160.00  4.690  7.21E+36 1.41E+36 4.85E+36 4.90E+32 1.38E+36 2.16E+16 2.32E+31 2.34E+22 3.02E+19 4.19E+12 2.83E+16 2.68E+18 6.11E+24 1.42E+28 9.27E+31 2.78E+34 1.99E+15 2.36E+15 2.50E+15 2.46E+15 2.33E+15 2.24E+15 2.13E+15 1.86E+15 1.77E+15 1.59E+15 1.48E+15 1.27E+15 1.22E+15 1.23E+15 1.31E+15 9.56E+14 2.21E+15 0.00E+00 0.00E+00 0.00E+00 0.00E+00 0.00E+00 0.00E+00 0.00E+00 0.00E+00 0.00E+00 0.00E+00 0.00E+00 0.00E+00 0.00E+00 0.00E+00 0.00E+00 0.00E+00 0.00E+00 0.00E+00 0.00E+00 0.00E+00
 170.00  4.835  6.65E+38 1.30E+38 4.40E+38 3.38E+34 1.28E+38 4.30E+16 9.77E+32 2.42E+23 1.98E+20 9.55E+12 1.20E+17 1.59E+19 1.01E+26 4.11E+29 4.98E+33 2.25E+36 3.96E+15 4.70E+15 4.98E+15 4.90E+15 4.65E+15 4.46E+15 4.24E+15 3.71E+15 3.54E+15 3.18E+15 2.94E+15 2.54E+15 2.43E+15 2.45E+15 2.62E+15 1.91E+15 4.42E+15 0.00E+00 0.00E+00 0.00E+00 0.00E+00 0.00E+00 0.00E+00 0.00E+00 0.00E+00 0.00E+00 0.00E+00 0.00E+00 0.00E+00 0.00E+00 0.00E+00 0.00E+00 0.00E+00 0.00E+00 0.00E+00 0.00E+00 0.00E+00
 180.00  4.975  6.13E+40 1.20E+40 4.00E+40 2.33E+36 1.18E+40 8.56E+16 4.12E+34 2.51E+24 1.29E+21 2.18E+13 5.06E+17 9.49E+19 1.68E+27 1.19E+31 2.67E+35 1.81E+38 7.88E+15 9.37E+15 9.93E+15 9.76E+15 9.27E+15 8.90E+15 8.46E+15 7.39E+15 7.07E+15 6.35E+15 5.88E+15 5.06E+15 4.86E+15 4.89E+15 5.23E+15 3.82E+15 8.83E+15 0.00E+00 0.00E+00 0.00E+00 0.00E+00 0.00E+00 0.00E+00 0.00E+00 0.00E+00 0.00E+00 0.00E+00 0.00E+00 0.00E+00 0.00E+00 0.00E+00 0.00E+00 0.00E+00 0.00E+00 0.00E+00 0.00E+00 0.00E+00
 190.00  5.111  5.65E+42 1.11E+42 3.64E+42 1.60E+38 1.09E+42 1.70E+17 1.73E+36 2.60E+25 8.46E+21 4.96E+13 2.14E+18 5.65E+20 2.79E+28 3.44E+32 1.43E+37 1.47E+40 1.57E+16 1.87E+16 1.98E+16 1.95E+16 1.85E+16 1.77E+16 1.69E+16 1.48E+16 1.41E+16 1.27E+16 1.17E+16 1.01E+16 9.71E+15 9.77E+15 1.04E+16 7.62E+15 1.76E+16 0.00E+00 0.00E+00 0.00E+00 0.00E+00 0.00E+00 0.00E+00 0.00E+00 0.00E+00 0.00E+00 0.00E+00 0.00E+00 0.00E+00 0.00E+00 0.00E+00 0.00E+00 0.00E+00 0.00E+00 0.00E+00 0.00E+00 0.00E+00
 200.00  5.244  5.21E+44 1.02E+44 3.32E+44 1.11E+40 1.01E+44 3.39E+17 7.31E+37 2.69E+26 5.54E+22 1.13E+14 9.03E+18 3.37E+21 4.63E+29 9.95E+33 7.70E+38 1.18E+42 3.12E+16 3.72E+16 3.94E+16 3.88E+16 3.69E+16 3.54E+16 3.36E+16 2.94E+16 2.81E+16 2.53E+16 2.34E+16 2.02E+16 1.94E+16 1.95E+16 2.09E+16 1.52E+16 3.52E+16 0.00E+00 0.00E+00 0.00E+00 0.00E+00 0.00E+00 0.00E+00 0.00E+00 0.00E+00 0.00E+00 0.00E+00 0.00E+00 0.00E+00 0.00E+00 0.00E+00 0.00E+00 0.00E+00 0.00E+00 0.00E+00 0.00E+00 0.00E+00
 
