                    *********************************************************************************
                    *  Z= 77 A=193: Positive-Parity Spin-dependent Level Density [MeV-1] for IR193  *
                    *********************************************************************************
 U[MeV]  T[MeV]  NCUMUL   RHOOBS   RHOTOT    J=01/2   J=03/2   J=05/2   J=07/2   J=09/2   J=11/2   J=13/2   J=15/2   J=17/2   J=19/2   J=21/2   J=23/2   J=25/2   J=27/2   J=29/2   J=31/2   J=33/2   J=35/2   J=37/2   J=39/2   J=41/2   J=43/2   J=45/2   J=47/2   J=49/2   J=51/2   J=53/2   J=55/2   J=57/2   J=59/2   J=61/2   J=63/2   J=65/2   J=67/2   J=69/2   J=71/2   J=73/2   J=75/2   J=77/2   J=79/2   J=81/2   J=83/2   J=85/2   J=87/2   J=89/2   J=91/2   J=93/2   J=95/2   J=97/2   J=99/2
   0.25  0.119  1.00E+00 6.29E+00 3.08E+01 2.00E+00 1.51E+00 1.51E+00 7.62E-01 2.54E-01 2.54E-01 0.00E+00 0.00E+00 0.00E+00 0.00E+00 0.00E+00 0.00E+00 0.00E+00 0.00E+00 0.00E+00 0.00E+00 0.00E+00 0.00E+00 0.00E+00 0.00E+00 0.00E+00 0.00E+00 0.00E+00 0.00E+00 0.00E+00 0.00E+00 0.00E+00 0.00E+00 0.00E+00 0.00E+00 0.00E+00 0.00E+00 0.00E+00 0.00E+00 0.00E+00 0.00E+00 0.00E+00 0.00E+00 0.00E+00 0.00E+00 0.00E+00 0.00E+00 0.00E+00 0.00E+00 0.00E+00 0.00E+00 0.00E+00 0.00E+00 0.00E+00 0.00E+00
   0.50  0.169  3.00E+00 6.71E+00 3.61E+01 1.67E+00 1.26E+00 2.30E+00 6.35E-01 6.35E-01 2.12E-01 0.00E+00 0.00E+00 0.00E+00 0.00E+00 0.00E+00 0.00E+00 0.00E+00 0.00E+00 0.00E+00 0.00E+00 0.00E+00 0.00E+00 0.00E+00 0.00E+00 0.00E+00 0.00E+00 0.00E+00 0.00E+00 0.00E+00 0.00E+00 0.00E+00 0.00E+00 0.00E+00 0.00E+00 0.00E+00 0.00E+00 0.00E+00 0.00E+00 0.00E+00 0.00E+00 0.00E+00 0.00E+00 0.00E+00 0.00E+00 0.00E+00 0.00E+00 0.00E+00 0.00E+00 0.00E+00 0.00E+00 0.00E+00 0.00E+00 0.00E+00 0.00E+00
   0.75  0.207  5.00E+00 7.20E+00 4.29E+01 1.61E+00 1.26E+00 2.15E+00 9.07E-01 5.44E-01 5.44E-01 1.81E-01 0.00E+00 0.00E+00 0.00E+00 0.00E+00 0.00E+00 0.00E+00 0.00E+00 0.00E+00 0.00E+00 0.00E+00 0.00E+00 0.00E+00 0.00E+00 0.00E+00 0.00E+00 0.00E+00 0.00E+00 0.00E+00 0.00E+00 0.00E+00 0.00E+00 0.00E+00 0.00E+00 0.00E+00 0.00E+00 0.00E+00 0.00E+00 0.00E+00 0.00E+00 0.00E+00 0.00E+00 0.00E+00 0.00E+00 0.00E+00 0.00E+00 0.00E+00 0.00E+00 0.00E+00 0.00E+00 0.00E+00 0.00E+00 0.00E+00 0.00E+00
   1.00  0.239  7.00E+00 1.16E+01 6.77E+01 3.06E+00 2.34E+00 2.38E+00 1.80E+00 9.07E-01 5.44E-01 3.63E-01 1.81E-01 0.00E+00 0.00E+00 0.00E+00 0.00E+00 0.00E+00 0.00E+00 0.00E+00 0.00E+00 0.00E+00 0.00E+00 0.00E+00 0.00E+00 0.00E+00 0.00E+00 0.00E+00 0.00E+00 0.00E+00 0.00E+00 0.00E+00 0.00E+00 0.00E+00 0.00E+00 0.00E+00 0.00E+00 0.00E+00 0.00E+00 0.00E+00 0.00E+00 0.00E+00 0.00E+00 0.00E+00 0.00E+00 0.00E+00 0.00E+00 0.00E+00 0.00E+00 0.00E+00 0.00E+00 0.00E+00 0.00E+00 0.00E+00 0.00E+00
   1.25  0.267  1.10E+01 1.89E+01 1.17E+02 4.01E+00 4.18E+00 4.36E+00 2.88E+00 1.27E+00 9.07E-01 5.64E-01 7.14E-01 0.00E+00 0.00E+00 0.00E+00 0.00E+00 0.00E+00 0.00E+00 0.00E+00 0.00E+00 0.00E+00 0.00E+00 0.00E+00 0.00E+00 0.00E+00 0.00E+00 0.00E+00 0.00E+00 0.00E+00 0.00E+00 0.00E+00 0.00E+00 0.00E+00 0.00E+00 0.00E+00 0.00E+00 0.00E+00 0.00E+00 0.00E+00 0.00E+00 0.00E+00 0.00E+00 0.00E+00 0.00E+00 0.00E+00 0.00E+00 0.00E+00 0.00E+00 0.00E+00 0.00E+00 0.00E+00 0.00E+00 0.00E+00 0.00E+00
   1.50  0.292  1.70E+01 2.71E+01 1.77E+02 4.73E+00 6.55E+00 5.62E+00 4.21E+00 2.53E+00 1.27E+00 7.46E-01 1.26E+00 1.81E-01 0.00E+00 0.00E+00 0.00E+00 0.00E+00 0.00E+00 0.00E+00 0.00E+00 0.00E+00 0.00E+00 0.00E+00 0.00E+00 0.00E+00 0.00E+00 0.00E+00 0.00E+00 0.00E+00 0.00E+00 0.00E+00 0.00E+00 0.00E+00 0.00E+00 0.00E+00 0.00E+00 0.00E+00 0.00E+00 0.00E+00 0.00E+00 0.00E+00 0.00E+00 0.00E+00 0.00E+00 0.00E+00 0.00E+00 0.00E+00 0.00E+00 0.00E+00 0.00E+00 0.00E+00 0.00E+00 0.00E+00 0.00E+00
   1.75  0.316  2.60E+01 4.60E+01 3.21E+02 8.37E+00 9.69E+00 9.05E+00 7.62E+00 3.62E+00 2.66E+00 1.29E+00 1.58E+00 2.14E+00 0.00E+00 0.00E+00 0.00E+00 0.00E+00 0.00E+00 0.00E+00 0.00E+00 0.00E+00 0.00E+00 0.00E+00 0.00E+00 0.00E+00 0.00E+00 0.00E+00 0.00E+00 0.00E+00 0.00E+00 0.00E+00 0.00E+00 0.00E+00 0.00E+00 0.00E+00 0.00E+00 0.00E+00 0.00E+00 0.00E+00 0.00E+00 0.00E+00 0.00E+00 0.00E+00 0.00E+00 0.00E+00 0.00E+00 0.00E+00 0.00E+00 0.00E+00 0.00E+00 0.00E+00 0.00E+00 0.00E+00 0.00E+00
   2.00  0.338  4.00E+01 7.19E+01 5.45E+02 1.21E+01 1.41E+01 1.27E+01 1.14E+01 7.04E+00 4.27E+00 2.37E+00 2.60E+00 3.05E+00 2.31E+00 0.00E+00 0.00E+00 0.00E+00 0.00E+00 0.00E+00 0.00E+00 0.00E+00 0.00E+00 0.00E+00 0.00E+00 0.00E+00 0.00E+00 0.00E+00 0.00E+00 0.00E+00 0.00E+00 0.00E+00 0.00E+00 0.00E+00 0.00E+00 0.00E+00 0.00E+00 0.00E+00 0.00E+00 0.00E+00 0.00E+00 0.00E+00 0.00E+00 0.00E+00 0.00E+00 0.00E+00 0.00E+00 0.00E+00 0.00E+00 0.00E+00 0.00E+00 0.00E+00 0.00E+00 0.00E+00 0.00E+00
   2.25  0.358  6.50E+01 1.21E+02 9.98E+02 1.86E+01 2.02E+01 1.92E+01 1.92E+01 1.51E+01 7.62E+00 5.87E+00 5.28E+00 4.24E+00 5.09E+00 5.33E-01 5.33E-01 0.00E+00 0.00E+00 0.00E+00 0.00E+00 0.00E+00 0.00E+00 0.00E+00 0.00E+00 0.00E+00 0.00E+00 0.00E+00 0.00E+00 0.00E+00 0.00E+00 0.00E+00 0.00E+00 0.00E+00 0.00E+00 0.00E+00 0.00E+00 0.00E+00 0.00E+00 0.00E+00 0.00E+00 0.00E+00 0.00E+00 0.00E+00 0.00E+00 0.00E+00 0.00E+00 0.00E+00 0.00E+00 0.00E+00 0.00E+00 0.00E+00 0.00E+00 0.00E+00 0.00E+00
   2.50  0.377  1.01E+02 1.70E+02 1.47E+03 2.13E+01 2.87E+01 2.50E+01 2.70E+01 2.23E+01 1.46E+01 7.69E+00 7.10E+00 6.20E+00 6.12E+00 2.68E+00 7.14E-01 5.29E-02 5.33E-01 0.00E+00 0.00E+00 0.00E+00 0.00E+00 0.00E+00 0.00E+00 0.00E+00 0.00E+00 0.00E+00 0.00E+00 0.00E+00 0.00E+00 0.00E+00 0.00E+00 0.00E+00 0.00E+00 0.00E+00 0.00E+00 0.00E+00 0.00E+00 0.00E+00 0.00E+00 0.00E+00 0.00E+00 0.00E+00 0.00E+00 0.00E+00 0.00E+00 0.00E+00 0.00E+00 0.00E+00 0.00E+00 0.00E+00 0.00E+00 0.00E+00 0.00E+00
   2.75  0.396  1.58E+02 2.87E+02 2.58E+03 2.99E+01 4.47E+01 4.31E+01 5.21E+01 3.31E+01 2.67E+01 1.62E+01 1.20E+01 1.16E+01 8.02E+00 5.64E+00 1.07E+00 1.65E+00 7.14E-01 5.33E-01 0.00E+00 0.00E+00 0.00E+00 0.00E+00 0.00E+00 0.00E+00 0.00E+00 0.00E+00 0.00E+00 0.00E+00 0.00E+00 0.00E+00 0.00E+00 0.00E+00 0.00E+00 0.00E+00 0.00E+00 0.00E+00 0.00E+00 0.00E+00 0.00E+00 0.00E+00 0.00E+00 0.00E+00 0.00E+00 0.00E+00 0.00E+00 0.00E+00 0.00E+00 0.00E+00 0.00E+00 0.00E+00 0.00E+00 0.00E+00 0.00E+00
   3.00  0.414  2.46E+02 4.14E+02 3.85E+03 3.79E+01 6.16E+01 6.39E+01 7.21E+01 4.89E+01 3.82E+01 2.73E+01 2.10E+01 1.54E+01 1.28E+01 7.79E+00 2.61E+00 3.26E+00 8.96E-01 7.14E-01 0.00E+00 0.00E+00 0.00E+00 0.00E+00 0.00E+00 0.00E+00 0.00E+00 0.00E+00 0.00E+00 0.00E+00 0.00E+00 0.00E+00 0.00E+00 0.00E+00 0.00E+00 0.00E+00 0.00E+00 0.00E+00 0.00E+00 0.00E+00 0.00E+00 0.00E+00 0.00E+00 0.00E+00 0.00E+00 0.00E+00 0.00E+00 0.00E+00 0.00E+00 0.00E+00 0.00E+00 0.00E+00 0.00E+00 0.00E+00 0.00E+00
   3.25  0.430  3.81E+02 6.67E+02 6.39E+03 5.02E+01 9.17E+01 1.07E+02 1.12E+02 8.85E+01 6.07E+01 4.79E+01 3.65E+01 2.50E+01 2.02E+01 1.35E+01 6.03E+00 4.22E+00 2.49E+00 1.25E+00 0.00E+00 0.00E+00 0.00E+00 0.00E+00 0.00E+00 0.00E+00 0.00E+00 0.00E+00 0.00E+00 0.00E+00 0.00E+00 0.00E+00 0.00E+00 0.00E+00 0.00E+00 0.00E+00 0.00E+00 0.00E+00 0.00E+00 0.00E+00 0.00E+00 0.00E+00 0.00E+00 0.00E+00 0.00E+00 0.00E+00 0.00E+00 0.00E+00 0.00E+00 0.00E+00 0.00E+00 0.00E+00 0.00E+00 0.00E+00 0.00E+00
   3.50  0.447  5.84E+02 9.54E+02 9.27E+03 6.69E+01 1.33E+02 1.43E+02 1.54E+02 1.27E+02 1.03E+02 6.90E+01 5.18E+01 3.65E+01 2.65E+01 1.85E+01 1.21E+01 5.65E+00 4.10E+00 2.14E+00 0.00E+00 0.00E+00 0.00E+00 0.00E+00 0.00E+00 0.00E+00 0.00E+00 0.00E+00 0.00E+00 0.00E+00 0.00E+00 0.00E+00 0.00E+00 0.00E+00 0.00E+00 0.00E+00 0.00E+00 0.00E+00 0.00E+00 0.00E+00 0.00E+00 0.00E+00 0.00E+00 0.00E+00 0.00E+00 0.00E+00 0.00E+00 0.00E+00 0.00E+00 0.00E+00 0.00E+00 0.00E+00 0.00E+00 0.00E+00 0.00E+00
   3.75  0.462  9.01E+02 1.58E+03 1.59E+04 1.05E+02 2.08E+02 2.32E+02 2.39E+02 2.16E+02 1.76E+02 1.31E+02 8.36E+01 6.22E+01 4.91E+01 3.12E+01 2.25E+01 1.26E+01 7.72E+00 5.57E+00 9.72E-01 5.33E-01 0.00E+00 0.00E+00 0.00E+00 0.00E+00 0.00E+00 0.00E+00 0.00E+00 0.00E+00 0.00E+00 0.00E+00 0.00E+00 0.00E+00 0.00E+00 0.00E+00 0.00E+00 0.00E+00 0.00E+00 0.00E+00 0.00E+00 0.00E+00 0.00E+00 0.00E+00 0.00E+00 0.00E+00 0.00E+00 0.00E+00 0.00E+00 0.00E+00 0.00E+00 0.00E+00 0.00E+00 0.00E+00 0.00E+00
   4.00  0.477  1.38E+03 2.24E+03 2.30E+04 1.45E+02 2.80E+02 3.19E+02 3.32E+02 2.99E+02 2.49E+02 1.93E+02 1.26E+02 9.18E+01 7.26E+01 4.91E+01 3.32E+01 1.94E+01 1.52E+01 7.44E+00 4.17E+00 5.33E-01 0.00E+00 0.00E+00 0.00E+00 0.00E+00 0.00E+00 0.00E+00 0.00E+00 0.00E+00 0.00E+00 0.00E+00 0.00E+00 0.00E+00 0.00E+00 0.00E+00 0.00E+00 0.00E+00 0.00E+00 0.00E+00 0.00E+00 0.00E+00 0.00E+00 0.00E+00 0.00E+00 0.00E+00 0.00E+00 0.00E+00 0.00E+00 0.00E+00 0.00E+00 0.00E+00 0.00E+00 0.00E+00 0.00E+00
   4.25  0.492  2.12E+03 3.69E+03 3.86E+04 2.25E+02 4.39E+02 5.20E+02 5.44E+02 4.91E+02 4.19E+02 3.11E+02 2.27E+02 1.58E+02 1.13E+02 9.27E+01 5.80E+01 3.79E+01 2.61E+01 1.26E+01 7.21E+00 2.74E+00 1.07E+00 0.00E+00 0.00E+00 0.00E+00 0.00E+00 0.00E+00 0.00E+00 0.00E+00 0.00E+00 0.00E+00 0.00E+00 0.00E+00 0.00E+00 0.00E+00 0.00E+00 0.00E+00 0.00E+00 0.00E+00 0.00E+00 0.00E+00 0.00E+00 0.00E+00 0.00E+00 0.00E+00 0.00E+00 0.00E+00 0.00E+00 0.00E+00 0.00E+00 0.00E+00 0.00E+00 0.00E+00 0.00E+00
   4.50  0.506  3.23E+03 5.23E+03 5.55E+04 3.23E+02 5.97E+02 7.12E+02 7.82E+02 6.95E+02 5.96E+02 4.40E+02 3.43E+02 2.34E+02 1.71E+02 1.25E+02 8.36E+01 5.34E+01 3.31E+01 2.64E+01 1.08E+01 4.70E+00 3.73E+00 3.06E-01 5.33E-01 0.00E+00 0.00E+00 0.00E+00 0.00E+00 0.00E+00 0.00E+00 0.00E+00 0.00E+00 0.00E+00 0.00E+00 0.00E+00 0.00E+00 0.00E+00 0.00E+00 0.00E+00 0.00E+00 0.00E+00 0.00E+00 0.00E+00 0.00E+00 0.00E+00 0.00E+00 0.00E+00 0.00E+00 0.00E+00 0.00E+00 0.00E+00 0.00E+00 0.00E+00 0.00E+00
   4.75  0.520  4.98E+03 8.77E+03 9.42E+04 5.24E+02 9.66E+02 1.19E+03 1.29E+03 1.20E+03 9.44E+02 7.60E+02 5.99E+02 3.81E+02 3.20E+02 1.96E+02 1.45E+02 9.37E+01 5.96E+01 5.37E+01 2.10E+01 1.19E+01 7.46E+00 2.44E+00 2.13E+00 0.00E+00 0.00E+00 0.00E+00 0.00E+00 0.00E+00 0.00E+00 0.00E+00 0.00E+00 0.00E+00 0.00E+00 0.00E+00 0.00E+00 0.00E+00 0.00E+00 0.00E+00 0.00E+00 0.00E+00 0.00E+00 0.00E+00 0.00E+00 0.00E+00 0.00E+00 0.00E+00 0.00E+00 0.00E+00 0.00E+00 0.00E+00 0.00E+00 0.00E+00 0.00E+00
   5.00  0.534  7.64E+03 1.25E+04 1.35E+05 7.39E+02 1.36E+03 1.71E+03 1.77E+03 1.68E+03 1.35E+03 1.12E+03 8.24E+02 5.65E+02 4.51E+02 2.96E+02 2.23E+02 1.30E+02 1.01E+02 6.89E+01 3.67E+01 1.98E+01 1.09E+01 7.77E+00 2.93E+00 0.00E+00 5.33E-01 0.00E+00 0.00E+00 0.00E+00 0.00E+00 0.00E+00 0.00E+00 0.00E+00 0.00E+00 0.00E+00 0.00E+00 0.00E+00 0.00E+00 0.00E+00 0.00E+00 0.00E+00 0.00E+00 0.00E+00 0.00E+00 0.00E+00 0.00E+00 0.00E+00 0.00E+00 0.00E+00 0.00E+00 0.00E+00 0.00E+00 0.00E+00 0.00E+00
   5.50  0.560  1.81E+04 2.95E+04 3.28E+05 1.68E+03 3.14E+03 3.94E+03 4.06E+03 3.86E+03 3.24E+03 2.72E+03 2.05E+03 1.42E+03 1.06E+03 7.63E+02 5.96E+02 3.33E+02 2.60E+02 1.65E+02 9.93E+01 6.26E+01 3.78E+01 2.59E+01 1.06E+01 4.98E+00 2.13E+00 1.07E+00 0.00E+00 0.00E+00 0.00E+00 0.00E+00 0.00E+00 0.00E+00 0.00E+00 0.00E+00 0.00E+00 0.00E+00 0.00E+00 0.00E+00 0.00E+00 0.00E+00 0.00E+00 0.00E+00 0.00E+00 0.00E+00 0.00E+00 0.00E+00 0.00E+00 0.00E+00 0.00E+00 0.00E+00 0.00E+00 0.00E+00 0.00E+00
   6.00  0.585  4.29E+04 6.94E+04 7.87E+05 3.71E+03 7.24E+03 8.87E+03 9.50E+03 8.94E+03 7.57E+03 6.34E+03 4.97E+03 3.59E+03 2.56E+03 1.95E+03 1.36E+03 9.14E+02 6.82E+02 4.33E+02 2.86E+02 1.65E+02 1.16E+02 7.59E+01 3.94E+01 1.62E+01 1.59E+01 6.47E+00 2.22E+00 1.56E+00 5.33E-01 0.00E+00 0.00E+00 0.00E+00 0.00E+00 0.00E+00 0.00E+00 0.00E+00 0.00E+00 0.00E+00 0.00E+00 0.00E+00 0.00E+00 0.00E+00 0.00E+00 0.00E+00 0.00E+00 0.00E+00 0.00E+00 0.00E+00 0.00E+00 0.00E+00 0.00E+00 0.00E+00 0.00E+00
   6.50  0.609  1.00E+05 1.61E+05 1.86E+06 8.29E+03 1.61E+04 2.02E+04 2.14E+04 2.05E+04 1.77E+04 1.48E+04 1.20E+04 8.37E+03 6.32E+03 4.71E+03 3.43E+03 2.29E+03 1.62E+03 1.20E+03 7.69E+02 5.10E+02 3.17E+02 1.87E+02 1.16E+02 6.54E+01 4.35E+01 2.39E+01 1.16E+01 5.85E+00 2.70E+00 1.73E+00 5.33E-01 0.00E+00 0.00E+00 0.00E+00 0.00E+00 0.00E+00 0.00E+00 0.00E+00 0.00E+00 0.00E+00 0.00E+00 0.00E+00 0.00E+00 0.00E+00 0.00E+00 0.00E+00 0.00E+00 0.00E+00 0.00E+00 0.00E+00 0.00E+00 0.00E+00 0.00E+00
   7.00  0.632  2.33E+05 3.69E+05 4.36E+06 1.82E+04 3.56E+04 4.50E+04 4.83E+04 4.66E+04 4.03E+04 3.43E+04 2.76E+04 1.98E+04 1.49E+04 1.13E+04 8.42E+03 5.67E+03 4.16E+03 2.93E+03 1.96E+03 1.35E+03 8.79E+02 5.87E+02 3.54E+02 1.95E+02 1.43E+02 7.60E+01 3.44E+01 2.49E+01 1.25E+01 6.89E+00 3.20E+00 1.60E+00 0.00E+00 0.00E+00 0.00E+00 0.00E+00 0.00E+00 0.00E+00 0.00E+00 0.00E+00 0.00E+00 0.00E+00 0.00E+00 0.00E+00 0.00E+00 0.00E+00 0.00E+00 0.00E+00 0.00E+00 0.00E+00 0.00E+00 0.00E+00 0.00E+00
   7.50  0.654  5.34E+05 8.36E+05 1.01E+07 3.97E+04 7.95E+04 9.93E+04 1.09E+05 1.04E+05 9.07E+04 7.76E+04 6.29E+04 4.60E+04 3.47E+04 2.69E+04 1.99E+04 1.38E+04 1.02E+04 7.51E+03 5.03E+03 3.37E+03 2.44E+03 1.61E+03 1.05E+03 6.56E+02 3.92E+02 2.52E+02 1.24E+02 8.43E+01 4.56E+01 3.08E+01 1.55E+01 8.53E+00 0.00E+00 0.00E+00 0.00E+00 0.00E+00 0.00E+00 0.00E+00 0.00E+00 0.00E+00 0.00E+00 0.00E+00 0.00E+00 0.00E+00 0.00E+00 0.00E+00 0.00E+00 0.00E+00 0.00E+00 0.00E+00 0.00E+00 0.00E+00 0.00E+00
   8.00  0.675  1.22E+06 1.89E+06 2.31E+07 8.84E+04 1.75E+05 2.20E+05 2.42E+05 2.31E+05 2.03E+05 1.75E+05 1.43E+05 1.05E+05 8.05E+04 6.26E+04 4.69E+04 3.31E+04 2.45E+04 1.82E+04 1.25E+04 9.04E+03 6.28E+03 4.30E+03 2.91E+03 1.81E+03 1.24E+03 7.57E+02 4.17E+02 2.76E+02 1.72E+02 9.25E+01 5.07E+01 4.64E+01 5.44E-01 0.00E+00 0.00E+00 0.00E+00 0.00E+00 0.00E+00 0.00E+00 0.00E+00 0.00E+00 0.00E+00 0.00E+00 0.00E+00 0.00E+00 0.00E+00 0.00E+00 0.00E+00 0.00E+00 0.00E+00 0.00E+00 0.00E+00 0.00E+00
   8.50  0.696  2.74E+06 4.23E+06 5.27E+07 1.95E+05 3.84E+05 4.85E+05 5.32E+05 5.12E+05 4.51E+05 3.91E+05 3.22E+05 2.38E+05 1.84E+05 1.44E+05 1.10E+05 7.75E+04 5.86E+04 4.36E+04 3.05E+04 2.25E+04 1.61E+04 1.13E+04 7.43E+03 5.11E+03 3.41E+03 2.22E+03 1.38E+03 8.28E+02 5.31E+02 3.14E+02 1.68E+02 1.80E+02 2.00E+00 0.00E+00 0.00E+00 0.00E+00 0.00E+00 0.00E+00 0.00E+00 0.00E+00 0.00E+00 0.00E+00 0.00E+00 0.00E+00 0.00E+00 0.00E+00 0.00E+00 0.00E+00 0.00E+00 0.00E+00 0.00E+00 0.00E+00 0.00E+00
   9.00  0.716  6.15E+06 9.39E+06 1.19E+08 4.23E+05 8.36E+05 1.06E+06 1.17E+06 1.12E+06 9.95E+05 8.65E+05 7.18E+05 5.36E+05 4.16E+05 3.29E+05 2.52E+05 1.80E+05 1.37E+05 1.04E+05 7.40E+04 5.43E+04 4.00E+04 2.85E+04 1.96E+04 1.36E+04 9.04E+03 6.27E+03 3.81E+03 2.56E+03 1.63E+03 9.25E+02 5.90E+02 6.22E+02 9.25E+00 0.00E+00 0.00E+00 0.00E+00 0.00E+00 0.00E+00 0.00E+00 0.00E+00 0.00E+00 0.00E+00 0.00E+00 0.00E+00 0.00E+00 0.00E+00 0.00E+00 0.00E+00 0.00E+00 0.00E+00 0.00E+00 0.00E+00 0.00E+00
   9.50  0.736  1.37E+07 2.07E+07 2.65E+08 9.12E+05 1.81E+06 2.29E+06 2.53E+06 2.45E+06 2.18E+06 1.90E+06 1.59E+06 1.19E+06 9.31E+05 7.40E+05 5.73E+05 4.12E+05 3.16E+05 2.42E+05 1.74E+05 1.31E+05 9.70E+04 7.02E+04 4.88E+04 3.47E+04 2.43E+04 1.65E+04 1.06E+04 7.06E+03 4.61E+03 2.87E+03 1.75E+03 2.09E+03 3.83E+01 0.00E+00 0.00E+00 0.00E+00 0.00E+00 0.00E+00 0.00E+00 0.00E+00 0.00E+00 0.00E+00 0.00E+00 0.00E+00 0.00E+00 0.00E+00 0.00E+00 0.00E+00 0.00E+00 0.00E+00 0.00E+00 0.00E+00 0.00E+00
  10.00  0.755  3.01E+07 4.52E+07 5.88E+08 1.96E+06 3.88E+06 4.93E+06 5.45E+06 5.30E+06 4.73E+06 4.15E+06 3.47E+06 2.62E+06 2.06E+06 1.65E+06 1.29E+06 9.32E+05 7.24E+05 5.58E+05 4.05E+05 3.08E+05 2.31E+05 1.71E+05 1.20E+05 8.67E+04 6.15E+04 4.31E+04 2.80E+04 1.90E+04 1.31E+04 7.84E+03 5.17E+03 6.53E+03 1.37E+02 0.00E+00 0.00E+00 0.00E+00 0.00E+00 0.00E+00 0.00E+00 0.00E+00 0.00E+00 0.00E+00 0.00E+00 0.00E+00 0.00E+00 0.00E+00 0.00E+00 0.00E+00 0.00E+00 0.00E+00 0.00E+00 0.00E+00 0.00E+00
  11.00  0.792  1.59E+08 2.12E+08 2.83E+09 8.86E+06 1.76E+07 2.24E+07 2.49E+07 2.43E+07 2.18E+07 1.93E+07 1.63E+07 1.24E+07 9.88E+06 7.99E+06 6.32E+06 4.64E+06 3.64E+06 2.86E+06 2.11E+06 1.63E+06 1.26E+06 9.47E+05 6.87E+05 5.09E+05 3.72E+05 2.68E+05 1.81E+05 1.30E+05 9.17E+04 5.79E+04 3.90E+04 5.49E+04 1.52E+03 0.00E+00 0.00E+00 0.00E+00 0.00E+00 0.00E+00 0.00E+00 0.00E+00 0.00E+00 0.00E+00 0.00E+00 0.00E+00 0.00E+00 0.00E+00 0.00E+00 0.00E+00 0.00E+00 0.00E+00 0.00E+00 0.00E+00 0.00E+00
  12.00  0.827  7.47E+08 9.65E+08 1.32E+10 3.93E+07 7.79E+07 9.96E+07 1.11E+08 1.09E+08 9.84E+07 8.75E+07 7.44E+07 5.72E+07 4.59E+07 3.75E+07 3.00E+07 2.22E+07 1.77E+07 1.40E+07 1.06E+07 8.29E+06 6.48E+06 4.99E+06 3.68E+06 2.80E+06 2.09E+06 1.55E+06 1.07E+06 7.99E+05 5.85E+05 3.74E+05 2.66E+05 3.99E+05 1.34E+04 0.00E+00 0.00E+00 0.00E+00 0.00E+00 0.00E+00 0.00E+00 0.00E+00 0.00E+00 0.00E+00 0.00E+00 0.00E+00 0.00E+00 0.00E+00 0.00E+00 0.00E+00 0.00E+00 0.00E+00 0.00E+00 0.00E+00 0.00E+00
  13.00  0.861  3.38E+09 4.30E+09 6.01E+10 1.70E+08 3.38E+08 4.33E+08 4.84E+08 4.77E+08 4.33E+08 3.87E+08 3.31E+08 2.57E+08 2.07E+08 1.71E+08 1.38E+08 1.03E+08 8.30E+07 6.66E+07 5.07E+07 4.04E+07 3.20E+07 2.50E+07 1.88E+07 1.46E+07 1.11E+07 8.40E+06 5.93E+06 4.56E+06 3.43E+06 2.23E+06 1.65E+06 2.60E+06 1.01E+05 0.00E+00 0.00E+00 0.00E+00 0.00E+00 0.00E+00 0.00E+00 0.00E+00 0.00E+00 0.00E+00 0.00E+00 0.00E+00 0.00E+00 0.00E+00 0.00E+00 0.00E+00 0.00E+00 0.00E+00 0.00E+00 0.00E+00 0.00E+00
  14.00  0.893  1.49E+10 1.87E+10 2.67E+11 7.23E+08 1.44E+09 1.84E+09 2.07E+09 2.05E+09 1.87E+09 1.68E+09 1.44E+09 1.13E+09 9.15E+08 7.58E+08 6.16E+08 4.65E+08 3.78E+08 3.06E+08 2.35E+08 1.90E+08 1.53E+08 1.21E+08 9.21E+07 7.24E+07 5.62E+07 4.33E+07 3.11E+07 2.45E+07 1.89E+07 1.25E+07 9.47E+06 1.56E+07 6.78E+05 0.00E+00 0.00E+00 0.00E+00 0.00E+00 0.00E+00 0.00E+00 0.00E+00 0.00E+00 0.00E+00 0.00E+00 0.00E+00 0.00E+00 0.00E+00 0.00E+00 0.00E+00 0.00E+00 0.00E+00 0.00E+00 0.00E+00 0.00E+00
  15.00  0.925  4.21E+10 3.56E+10 5.13E+11 1.33E+09 2.65E+09 3.48E+09 3.88E+09 3.89E+09 3.57E+09 3.21E+09 2.76E+09 2.14E+09 1.75E+09 1.45E+09 1.18E+09 8.92E+08 7.27E+08 5.94E+08 4.59E+08 3.70E+08 2.99E+08 2.38E+08 1.81E+08 1.42E+08 1.12E+08 8.63E+07 6.34E+07 5.05E+07 3.92E+07 2.60E+07 1.98E+07 3.31E+07 1.53E+06 0.00E+00 0.00E+00 0.00E+00 0.00E+00 0.00E+00 0.00E+00 0.00E+00 0.00E+00 0.00E+00 0.00E+00 0.00E+00 0.00E+00 0.00E+00 0.00E+00 0.00E+00 0.00E+00 0.00E+00 0.00E+00 0.00E+00 0.00E+00
  16.00  0.955  9.38E+10 6.78E+10 9.84E+11 2.45E+09 4.88E+09 6.55E+09 7.27E+09 7.41E+09 6.84E+09 6.15E+09 5.29E+09 4.08E+09 3.34E+09 2.78E+09 2.27E+09 1.71E+09 1.40E+09 1.15E+09 8.95E+08 7.21E+08 5.87E+08 4.68E+08 3.54E+08 2.79E+08 2.22E+08 1.72E+08 1.29E+08 1.04E+08 8.15E+07 5.43E+07 4.15E+07 7.00E+07 3.45E+06 0.00E+00 0.00E+00 0.00E+00 0.00E+00 0.00E+00 0.00E+00 0.00E+00 0.00E+00 0.00E+00 0.00E+00 0.00E+00 0.00E+00 0.00E+00 0.00E+00 0.00E+00 0.00E+00 0.00E+00 0.00E+00 0.00E+00 0.00E+00
  17.00  0.984  1.92E+11 1.29E+11 1.89E+12 4.52E+09 8.99E+09 1.24E+10 1.36E+10 1.41E+10 1.31E+10 1.18E+10 1.01E+10 7.76E+09 6.39E+09 5.34E+09 4.35E+09 3.27E+09 2.69E+09 2.24E+09 1.74E+09 1.41E+09 1.15E+09 9.22E+08 6.94E+08 5.49E+08 4.42E+08 3.44E+08 2.64E+08 2.14E+08 1.69E+08 1.13E+08 8.70E+07 1.48E+08 7.78E+06 0.00E+00 0.00E+00 0.00E+00 0.00E+00 0.00E+00 0.00E+00 0.00E+00 0.00E+00 0.00E+00 0.00E+00 0.00E+00 0.00E+00 0.00E+00 0.00E+00 0.00E+00 0.00E+00 0.00E+00 0.00E+00 0.00E+00 0.00E+00
  18.00  1.013  3.79E+11 2.45E+11 3.63E+12 8.34E+09 1.66E+10 2.33E+10 2.56E+10 2.68E+10 2.50E+10 2.26E+10 1.94E+10 1.48E+10 1.22E+10 1.02E+10 8.35E+09 6.27E+09 5.17E+09 4.34E+09 3.40E+09 2.74E+09 2.26E+09 1.82E+09 1.36E+09 1.08E+09 8.78E+08 6.86E+08 5.39E+08 4.41E+08 3.51E+08 2.36E+08 1.82E+08 3.14E+08 1.75E+07 0.00E+00 0.00E+00 0.00E+00 0.00E+00 0.00E+00 0.00E+00 0.00E+00 0.00E+00 0.00E+00 0.00E+00 0.00E+00 0.00E+00 0.00E+00 0.00E+00 0.00E+00 0.00E+00 0.00E+00 0.00E+00 0.00E+00 0.00E+00
  19.00  1.041  7.35E+11 4.67E+11 6.97E+12 1.54E+10 3.06E+10 4.39E+10 4.80E+10 5.10E+10 4.79E+10 4.32E+10 3.71E+10 2.81E+10 2.34E+10 1.96E+10 1.60E+10 1.20E+10 9.94E+09 8.42E+09 6.63E+09 5.34E+09 4.43E+09 3.58E+09 2.67E+09 2.12E+09 1.74E+09 1.37E+09 1.10E+09 9.08E+08 7.30E+08 4.92E+08 3.81E+08 6.64E+08 3.96E+07 0.00E+00 0.00E+00 0.00E+00 0.00E+00 0.00E+00 0.00E+00 0.00E+00 0.00E+00 0.00E+00 0.00E+00 0.00E+00 0.00E+00 0.00E+00 0.00E+00 0.00E+00 0.00E+00 0.00E+00 0.00E+00 0.00E+00 0.00E+00
  20.00  1.068  1.41E+12 8.88E+11 1.34E+13 2.83E+10 5.63E+10 8.28E+10 8.99E+10 9.70E+10 9.17E+10 8.28E+10 7.10E+10 5.35E+10 4.47E+10 3.75E+10 3.07E+10 2.30E+10 1.91E+10 1.63E+10 1.29E+10 1.04E+10 8.69E+09 7.04E+09 5.23E+09 4.16E+09 3.47E+09 2.73E+09 2.25E+09 1.87E+09 1.52E+09 1.03E+09 7.99E+08 1.41E+09 8.92E+07 0.00E+00 0.00E+00 0.00E+00 0.00E+00 0.00E+00 0.00E+00 0.00E+00 0.00E+00 0.00E+00 0.00E+00 0.00E+00 0.00E+00 0.00E+00 0.00E+00 0.00E+00 0.00E+00 0.00E+00 0.00E+00 0.00E+00 0.00E+00
  22.50  1.132  8.08E+12 4.45E+12 6.86E+13 1.31E+11 2.60E+11 4.04E+11 4.33E+11 4.84E+11 4.65E+11 4.20E+11 3.60E+11 2.68E+11 2.26E+11 1.91E+11 1.57E+11 1.17E+11 9.81E+10 8.57E+10 6.86E+10 5.52E+10 4.68E+10 3.83E+10 2.81E+10 2.25E+10 1.93E+10 1.54E+10 1.34E+10 1.14E+10 9.43E+09 6.45E+09 5.07E+09 9.17E+09 6.81E+08 0.00E+00 0.00E+00 0.00E+00 0.00E+00 0.00E+00 0.00E+00 0.00E+00 0.00E+00 0.00E+00 0.00E+00 0.00E+00 0.00E+00 0.00E+00 0.00E+00 0.00E+00 0.00E+00 0.00E+00 0.00E+00 0.00E+00 0.00E+00
  25.00  1.194  4.15E+13 2.23E+13 3.53E+14 6.02E+11 1.20E+12 1.97E+12 2.08E+12 2.41E+12 2.35E+12 2.13E+12 1.83E+12 1.34E+12 1.14E+12 9.69E+11 7.98E+11 5.95E+11 5.03E+11 4.50E+11 3.64E+11 2.93E+11 2.52E+11 2.09E+11 1.51E+11 1.22E+11 1.08E+11 8.63E+10 7.95E+10 6.92E+10 5.86E+10 4.05E+10 3.22E+10 5.98E+10 5.20E+09 0.00E+00 0.00E+00 0.00E+00 0.00E+00 0.00E+00 0.00E+00 0.00E+00 0.00E+00 0.00E+00 0.00E+00 0.00E+00 0.00E+00 0.00E+00 0.00E+00 0.00E+00 0.00E+00 0.00E+00 0.00E+00 0.00E+00 0.00E+00
  30.00  1.308  1.51E+15 5.65E+14 9.43E+15 1.28E+13 2.55E+13 4.69E+13 4.83E+13 6.01E+13 6.05E+13 5.50E+13 4.70E+13 3.34E+13 2.91E+13 2.50E+13 2.08E+13 1.54E+13 1.33E+13 1.24E+13 1.02E+13 8.22E+12 7.33E+12 6.18E+12 4.38E+12 3.55E+12 3.34E+12 2.73E+12 2.82E+12 2.56E+12 2.27E+12 1.60E+12 1.30E+12 2.54E+12 3.04E+11 0.00E+00 0.00E+00 0.00E+00 0.00E+00 0.00E+00 0.00E+00 0.00E+00 0.00E+00 0.00E+00 0.00E+00 0.00E+00 0.00E+00 0.00E+00 0.00E+00 0.00E+00 0.00E+00 0.00E+00 0.00E+00 0.00E+00 0.00E+00
  40.00  1.510  1.87E+18 3.73E+17 7.10E+18 5.78E+15 1.15E+16 2.65E+16 2.60E+16 3.72E+16 3.99E+16 3.65E+16 3.11E+16 2.08E+16 1.90E+16 1.67E+16 1.40E+16 1.03E+16 9.18E+15 9.36E+15 8.11E+15 6.50E+15 6.18E+15 5.42E+15 3.67E+15 3.03E+15 3.21E+15 2.73E+15 3.53E+15 3.52E+15 3.38E+15 2.48E+15 2.10E+15 4.61E+15 1.03E+15 0.00E+00 0.00E+00 0.00E+00 0.00E+00 0.00E+00 0.00E+00 0.00E+00 0.00E+00 0.00E+00 0.00E+00 0.00E+00 0.00E+00 0.00E+00 0.00E+00 0.00E+00 0.00E+00 0.00E+00 0.00E+00 0.00E+00 0.00E+00
  50.00  1.688  7.47E+18 7.46E+17 1.42E+19 1.15E+16 2.31E+16 5.30E+16 5.19E+16 7.44E+16 7.97E+16 7.30E+16 6.21E+16 4.17E+16 3.80E+16 3.34E+16 2.80E+16 2.05E+16 1.83E+16 1.87E+16 1.62E+16 1.30E+16 1.23E+16 1.08E+16 7.33E+15 6.06E+15 6.42E+15 5.46E+15 7.06E+15 7.03E+15 6.76E+15 4.97E+15 4.21E+15 9.21E+15 2.07E+15 0.00E+00 0.00E+00 0.00E+00 0.00E+00 0.00E+00 0.00E+00 0.00E+00 0.00E+00 0.00E+00 0.00E+00 0.00E+00 0.00E+00 0.00E+00 0.00E+00 0.00E+00 0.00E+00 0.00E+00 0.00E+00 0.00E+00 0.00E+00
  60.00  1.849  1.87E+19 1.49E+18 2.84E+19 2.31E+16 4.61E+16 1.06E+17 1.04E+17 1.49E+17 1.59E+17 1.46E+17 1.24E+17 8.33E+16 7.59E+16 6.67E+16 5.60E+16 4.10E+16 3.67E+16 3.74E+16 3.24E+16 2.60E+16 2.47E+16 2.17E+16 1.46E+16 1.21E+16 1.28E+16 1.09E+16 1.41E+16 1.41E+16 1.35E+16 9.93E+15 8.41E+15 1.84E+16 4.13E+15 0.00E+00 0.00E+00 0.00E+00 0.00E+00 0.00E+00 0.00E+00 0.00E+00 0.00E+00 0.00E+00 0.00E+00 0.00E+00 0.00E+00 0.00E+00 0.00E+00 0.00E+00 0.00E+00 0.00E+00 0.00E+00 0.00E+00 0.00E+00
  70.00  1.997  4.10E+19 2.98E+18 5.67E+19 4.61E+16 9.20E+16 2.12E+17 2.07E+17 2.97E+17 3.18E+17 2.91E+17 2.48E+17 1.66E+17 1.52E+17 1.33E+17 1.12E+17 8.19E+16 7.33E+16 7.47E+16 6.48E+16 5.19E+16 4.93E+16 4.33E+16 2.93E+16 2.42E+16 2.56E+16 2.18E+16 2.82E+16 2.81E+16 2.70E+16 1.99E+16 1.68E+16 3.68E+16 8.26E+15 0.00E+00 0.00E+00 0.00E+00 0.00E+00 0.00E+00 0.00E+00 0.00E+00 0.00E+00 0.00E+00 0.00E+00 0.00E+00 0.00E+00 0.00E+00 0.00E+00 0.00E+00 0.00E+00 0.00E+00 0.00E+00 0.00E+00 0.00E+00
  80.00  2.135  8.57E+19 5.96E+18 1.13E+20 9.20E+16 1.84E+17 4.23E+17 4.14E+17 5.94E+17 6.36E+17 5.82E+17 4.96E+17 3.32E+17 3.03E+17 2.66E+17 2.24E+17 1.64E+17 1.46E+17 1.49E+17 1.29E+17 1.04E+17 9.86E+16 8.65E+16 5.85E+16 4.84E+16 5.12E+16 4.36E+16 5.64E+16 5.62E+16 5.41E+16 3.97E+16 3.36E+16 7.36E+16 1.65E+16 0.00E+00 0.00E+00 0.00E+00 0.00E+00 0.00E+00 0.00E+00 0.00E+00 0.00E+00 0.00E+00 0.00E+00 0.00E+00 0.00E+00 0.00E+00 0.00E+00 0.00E+00 0.00E+00 0.00E+00 0.00E+00 0.00E+00 0.00E+00
  90.00  2.265  1.75E+20 1.19E+19 2.26E+20 1.84E+17 3.67E+17 8.45E+17 8.27E+17 1.19E+18 1.27E+18 1.16E+18 9.91E+17 6.64E+17 6.06E+17 5.32E+17 4.47E+17 3.27E+17 2.93E+17 2.98E+17 2.59E+17 2.07E+17 1.97E+17 1.73E+17 1.17E+17 9.68E+16 1.02E+17 8.72E+16 1.13E+17 1.12E+17 1.08E+17 7.94E+16 6.72E+16 1.47E+17 3.30E+16 0.00E+00 0.00E+00 0.00E+00 0.00E+00 0.00E+00 0.00E+00 0.00E+00 0.00E+00 0.00E+00 0.00E+00 0.00E+00 0.00E+00 0.00E+00 0.00E+00 0.00E+00 0.00E+00 0.00E+00 0.00E+00 0.00E+00 0.00E+00
 100.00  2.387  3.53E+20 2.38E+19 4.53E+20 3.67E+17 7.34E+17 1.69E+18 1.65E+18 2.37E+18 2.54E+18 2.33E+18 1.98E+18 1.33E+18 1.21E+18 1.06E+18 8.93E+17 6.54E+17 5.85E+17 5.97E+17 5.17E+17 4.14E+17 3.94E+17 3.46E+17 2.34E+17 1.93E+17 2.05E+17 1.74E+17 2.26E+17 2.25E+17 2.16E+17 1.59E+17 1.34E+17 2.94E+17 6.61E+16 0.00E+00 0.00E+00 0.00E+00 0.00E+00 0.00E+00 0.00E+00 0.00E+00 0.00E+00 0.00E+00 0.00E+00 0.00E+00 0.00E+00 0.00E+00 0.00E+00 0.00E+00 0.00E+00 0.00E+00 0.00E+00 0.00E+00 0.00E+00
 110.00  2.504  7.10E+20 4.75E+19 9.05E+20 7.34E+17 1.47E+18 3.38E+18 3.30E+18 4.74E+18 5.07E+18 4.65E+18 3.96E+18 2.65E+18 2.42E+18 2.13E+18 1.78E+18 1.31E+18 1.17E+18 1.19E+18 1.03E+18 8.28E+17 7.87E+17 6.91E+17 4.67E+17 3.87E+17 4.09E+17 3.48E+17 4.51E+17 4.49E+17 4.32E+17 3.17E+17 2.69E+17 5.88E+17 1.32E+17 0.00E+00 0.00E+00 0.00E+00 0.00E+00 0.00E+00 0.00E+00 0.00E+00 0.00E+00 0.00E+00 0.00E+00 0.00E+00 0.00E+00 0.00E+00 0.00E+00 0.00E+00 0.00E+00 0.00E+00 0.00E+00 0.00E+00 0.00E+00
 120.00  2.615  1.42E+21 9.50E+19 1.81E+21 1.47E+18 2.93E+18 6.75E+18 6.60E+18 9.47E+18 1.01E+19 9.29E+18 7.91E+18 5.30E+18 4.84E+18 4.25E+18 3.57E+18 2.61E+18 2.34E+18 2.38E+18 2.07E+18 1.66E+18 1.57E+18 1.38E+18 9.34E+17 7.73E+17 8.18E+17 6.97E+17 9.02E+17 8.98E+17 8.64E+17 6.34E+17 5.37E+17 1.18E+18 2.64E+17 0.00E+00 0.00E+00 0.00E+00 0.00E+00 0.00E+00 0.00E+00 0.00E+00 0.00E+00 0.00E+00 0.00E+00 0.00E+00 0.00E+00 0.00E+00 0.00E+00 0.00E+00 0.00E+00 0.00E+00 0.00E+00 0.00E+00 0.00E+00
 130.00  2.722  2.85E+21 1.90E+20 3.61E+21 2.93E+18 5.85E+18 1.35E+19 1.32E+19 1.89E+19 2.03E+19 1.86E+19 1.58E+19 1.06E+19 9.67E+18 8.49E+18 7.13E+18 5.22E+18 4.67E+18 4.76E+18 4.13E+18 3.31E+18 3.15E+18 2.76E+18 1.87E+18 1.55E+18 1.64E+18 1.39E+18 1.80E+18 1.80E+18 1.73E+18 1.27E+18 1.07E+18 2.35E+18 5.28E+17 0.00E+00 0.00E+00 0.00E+00 0.00E+00 0.00E+00 0.00E+00 0.00E+00 0.00E+00 0.00E+00 0.00E+00 0.00E+00 0.00E+00 0.00E+00 0.00E+00 0.00E+00 0.00E+00 0.00E+00 0.00E+00 0.00E+00 0.00E+00
 140.00  2.825  5.69E+21 3.79E+20 7.22E+21 5.85E+18 1.17E+19 2.69E+19 2.63E+19 3.78E+19 4.05E+19 3.71E+19 3.16E+19 2.12E+19 1.93E+19 1.70E+19 1.42E+19 1.04E+19 9.33E+18 9.52E+18 8.25E+18 6.61E+18 6.29E+18 5.52E+18 3.73E+18 3.09E+18 3.27E+18 2.78E+18 3.60E+18 3.59E+18 3.45E+18 2.54E+18 2.15E+18 4.70E+18 1.06E+18 0.00E+00 0.00E+00 0.00E+00 0.00E+00 0.00E+00 0.00E+00 0.00E+00 0.00E+00 0.00E+00 0.00E+00 0.00E+00 0.00E+00 0.00E+00 0.00E+00 0.00E+00 0.00E+00 0.00E+00 0.00E+00 0.00E+00 0.00E+00
 150.00  2.924  1.14E+22 7.58E+20 1.44E+22 1.17E+19 2.33E+19 5.38E+19 5.26E+19 7.56E+19 8.09E+19 7.42E+19 6.32E+19 4.23E+19 3.86E+19 3.39E+19 2.85E+19 2.09E+19 1.87E+19 1.90E+19 1.65E+19 1.32E+19 1.26E+19 1.10E+19 7.46E+18 6.17E+18 6.54E+18 5.56E+18 7.20E+18 7.17E+18 6.90E+18 5.07E+18 4.30E+18 9.40E+18 2.11E+18 0.00E+00 0.00E+00 0.00E+00 0.00E+00 0.00E+00 0.00E+00 0.00E+00 0.00E+00 0.00E+00 0.00E+00 0.00E+00 0.00E+00 0.00E+00 0.00E+00 0.00E+00 0.00E+00 0.00E+00 0.00E+00 0.00E+00 0.00E+00
 160.00  3.020  2.28E+22 1.52E+21 2.89E+22 2.34E+19 4.66E+19 1.08E+20 1.05E+20 1.51E+20 1.62E+20 1.48E+20 1.26E+20 8.46E+19 7.72E+19 6.77E+19 5.69E+19 4.17E+19 3.73E+19 3.80E+19 3.30E+19 2.64E+19 2.51E+19 2.20E+19 1.49E+19 1.23E+19 1.31E+19 1.11E+19 1.44E+19 1.43E+19 1.38E+19 1.01E+19 8.59E+18 1.88E+19 4.23E+18 0.00E+00 0.00E+00 0.00E+00 0.00E+00 0.00E+00 0.00E+00 0.00E+00 0.00E+00 0.00E+00 0.00E+00 0.00E+00 0.00E+00 0.00E+00 0.00E+00 0.00E+00 0.00E+00 0.00E+00 0.00E+00 0.00E+00 0.00E+00
 170.00  3.113  4.55E+22 3.03E+21 5.77E+22 4.67E+19 9.32E+19 2.15E+20 2.10E+20 3.02E+20 3.23E+20 2.96E+20 2.52E+20 1.69E+20 1.54E+20 1.35E+20 1.14E+20 8.33E+19 7.45E+19 7.60E+19 6.59E+19 5.28E+19 5.02E+19 4.41E+19 2.98E+19 2.47E+19 2.61E+19 2.22E+19 2.88E+19 2.87E+19 2.76E+19 2.03E+19 1.72E+19 3.76E+19 8.45E+18 0.00E+00 0.00E+00 0.00E+00 0.00E+00 0.00E+00 0.00E+00 0.00E+00 0.00E+00 0.00E+00 0.00E+00 0.00E+00 0.00E+00 0.00E+00 0.00E+00 0.00E+00 0.00E+00 0.00E+00 0.00E+00 0.00E+00 0.00E+00
 180.00  3.203  9.09E+22 6.05E+21 1.15E+23 9.32E+19 1.86E+20 4.29E+20 4.20E+20 6.03E+20 6.46E+20 5.92E+20 5.04E+20 3.38E+20 3.08E+20 2.71E+20 2.27E+20 1.66E+20 1.49E+20 1.52E+20 1.32E+20 1.06E+20 1.00E+20 8.81E+19 5.96E+19 4.93E+19 5.22E+19 4.44E+19 5.76E+19 5.73E+19 5.52E+19 4.05E+19 3.43E+19 7.52E+19 1.69E+19 0.00E+00 0.00E+00 0.00E+00 0.00E+00 0.00E+00 0.00E+00 0.00E+00 0.00E+00 0.00E+00 0.00E+00 0.00E+00 0.00E+00 0.00E+00 0.00E+00 0.00E+00 0.00E+00 0.00E+00 0.00E+00 0.00E+00 0.00E+00
 190.00  3.291  1.82E+23 1.21E+22 2.30E+23 1.86E+20 3.72E+20 8.58E+20 8.39E+20 1.21E+21 1.29E+21 1.18E+21 1.01E+21 6.75E+20 6.16E+20 5.41E+20 4.54E+20 3.33E+20 2.98E+20 3.04E+20 2.63E+20 2.11E+20 2.01E+20 1.76E+20 1.19E+20 9.85E+19 1.04E+20 8.88E+19 1.15E+20 1.15E+20 1.10E+20 8.10E+19 6.86E+19 1.50E+20 3.38E+19 0.00E+00 0.00E+00 0.00E+00 0.00E+00 0.00E+00 0.00E+00 0.00E+00 0.00E+00 0.00E+00 0.00E+00 0.00E+00 0.00E+00 0.00E+00 0.00E+00 0.00E+00 0.00E+00 0.00E+00 0.00E+00 0.00E+00 0.00E+00
 200.00  3.376  3.63E+23 2.42E+22 4.60E+23 3.72E+20 7.43E+20 1.71E+21 1.68E+21 2.41E+21 2.58E+21 2.36E+21 2.01E+21 1.35E+21 1.23E+21 1.08E+21 9.08E+20 6.65E+20 5.95E+20 6.07E+20 5.26E+20 4.22E+20 4.01E+20 3.52E+20 2.38E+20 1.97E+20 2.09E+20 1.78E+20 2.30E+20 2.29E+20 2.21E+20 1.62E+20 1.37E+20 3.00E+20 6.76E+19 0.00E+00 0.00E+00 0.00E+00 0.00E+00 0.00E+00 0.00E+00 0.00E+00 0.00E+00 0.00E+00 0.00E+00 0.00E+00 0.00E+00 0.00E+00 0.00E+00 0.00E+00 0.00E+00 0.00E+00 0.00E+00 0.00E+00 0.00E+00
 
                    *********************************************************************************
                    *  Z= 77 A=193: Negative-parity Spin-dependent Level Density [MeV-1] for IR193  *
                    *********************************************************************************
 U[MeV]  T[MeV]  NCUMUL   RHOOBS   RHOTOT    J=01/2   J=03/2   J=05/2   J=07/2   J=09/2   J=11/2   J=13/2   J=15/2   J=17/2   J=19/2   J=21/2   J=23/2   J=25/2   J=27/2   J=29/2   J=31/2   J=33/2   J=35/2   J=37/2   J=39/2   J=41/2   J=43/2   J=45/2   J=47/2   J=49/2   J=51/2   J=53/2   J=55/2   J=57/2   J=59/2   J=61/2   J=63/2   J=65/2   J=67/2   J=69/2   J=71/2   J=73/2   J=75/2   J=77/2   J=79/2   J=81/2   J=83/2   J=85/2   J=87/2   J=89/2   J=91/2   J=93/2   J=95/2   J=97/2   J=99/2
   0.25  0.119  1.00E+00 2.29E+00 2.53E+01 0.00E+00 0.00E+00 0.00E+00 3.31E-02 1.00E+00 1.25E+00 0.00E+00 0.00E+00 0.00E+00 0.00E+00 0.00E+00 0.00E+00 0.00E+00 0.00E+00 0.00E+00 0.00E+00 0.00E+00 0.00E+00 0.00E+00 0.00E+00 0.00E+00 0.00E+00 0.00E+00 0.00E+00 0.00E+00 0.00E+00 0.00E+00 0.00E+00 0.00E+00 0.00E+00 0.00E+00 0.00E+00 0.00E+00 0.00E+00 0.00E+00 0.00E+00 0.00E+00 0.00E+00 0.00E+00 0.00E+00 0.00E+00 0.00E+00 0.00E+00 0.00E+00 0.00E+00 0.00E+00 0.00E+00 0.00E+00 0.00E+00 0.00E+00
   0.50  0.169  1.00E+00 2.12E+00 2.41E+01 0.00E+00 0.00E+00 0.00E+00 2.75E-02 8.33E-01 1.04E+00 2.12E-01 0.00E+00 0.00E+00 0.00E+00 0.00E+00 0.00E+00 0.00E+00 0.00E+00 0.00E+00 0.00E+00 0.00E+00 0.00E+00 0.00E+00 0.00E+00 0.00E+00 0.00E+00 0.00E+00 0.00E+00 0.00E+00 0.00E+00 0.00E+00 0.00E+00 0.00E+00 0.00E+00 0.00E+00 0.00E+00 0.00E+00 0.00E+00 0.00E+00 0.00E+00 0.00E+00 0.00E+00 0.00E+00 0.00E+00 0.00E+00 0.00E+00 0.00E+00 0.00E+00 0.00E+00 0.00E+00 0.00E+00 0.00E+00 0.00E+00 0.00E+00
   0.75  0.207  2.00E+00 3.51E+00 3.06E+01 0.00E+00 7.98E-01 7.14E-01 2.36E-02 7.14E-01 8.96E-01 3.63E-01 0.00E+00 0.00E+00 0.00E+00 0.00E+00 0.00E+00 0.00E+00 0.00E+00 0.00E+00 0.00E+00 0.00E+00 0.00E+00 0.00E+00 0.00E+00 0.00E+00 0.00E+00 0.00E+00 0.00E+00 0.00E+00 0.00E+00 0.00E+00 0.00E+00 0.00E+00 0.00E+00 0.00E+00 0.00E+00 0.00E+00 0.00E+00 0.00E+00 0.00E+00 0.00E+00 0.00E+00 0.00E+00 0.00E+00 0.00E+00 0.00E+00 0.00E+00 0.00E+00 0.00E+00 0.00E+00 0.00E+00 0.00E+00 0.00E+00 0.00E+00
   1.00  0.239  3.00E+00 7.47E+00 6.47E+01 7.14E-01 9.80E-01 9.86E-01 4.74E-01 2.16E+00 1.43E+00 3.63E-01 3.63E-01 0.00E+00 0.00E+00 0.00E+00 0.00E+00 0.00E+00 0.00E+00 0.00E+00 0.00E+00 0.00E+00 0.00E+00 0.00E+00 0.00E+00 0.00E+00 0.00E+00 0.00E+00 0.00E+00 0.00E+00 0.00E+00 0.00E+00 0.00E+00 0.00E+00 0.00E+00 0.00E+00 0.00E+00 0.00E+00 0.00E+00 0.00E+00 0.00E+00 0.00E+00 0.00E+00 0.00E+00 0.00E+00 0.00E+00 0.00E+00 0.00E+00 0.00E+00 0.00E+00 0.00E+00 0.00E+00 0.00E+00 0.00E+00 0.00E+00
   1.25  0.267  6.00E+00 1.52E+01 1.27E+02 1.61E+00 1.76E+00 2.34E+00 2.60E+00 2.26E+00 3.75E+00 3.63E-01 3.63E-01 1.81E-01 0.00E+00 0.00E+00 0.00E+00 0.00E+00 0.00E+00 0.00E+00 0.00E+00 0.00E+00 0.00E+00 0.00E+00 0.00E+00 0.00E+00 0.00E+00 0.00E+00 0.00E+00 0.00E+00 0.00E+00 0.00E+00 0.00E+00 0.00E+00 0.00E+00 0.00E+00 0.00E+00 0.00E+00 0.00E+00 0.00E+00 0.00E+00 0.00E+00 0.00E+00 0.00E+00 0.00E+00 0.00E+00 0.00E+00 0.00E+00 0.00E+00 0.00E+00 0.00E+00 0.00E+00 0.00E+00 0.00E+00 0.00E+00
   1.50  0.292  1.10E+01 2.50E+01 2.23E+02 1.79E+00 2.71E+00 3.23E+00 4.23E+00 4.76E+00 4.83E+00 2.69E+00 3.63E-01 3.63E-01 0.00E+00 0.00E+00 0.00E+00 0.00E+00 0.00E+00 0.00E+00 0.00E+00 0.00E+00 0.00E+00 0.00E+00 0.00E+00 0.00E+00 0.00E+00 0.00E+00 0.00E+00 0.00E+00 0.00E+00 0.00E+00 0.00E+00 0.00E+00 0.00E+00 0.00E+00 0.00E+00 0.00E+00 0.00E+00 0.00E+00 0.00E+00 0.00E+00 0.00E+00 0.00E+00 0.00E+00 0.00E+00 0.00E+00 0.00E+00 0.00E+00 0.00E+00 0.00E+00 0.00E+00 0.00E+00 0.00E+00 0.00E+00
   1.75  0.316  2.00E+01 4.71E+01 4.16E+02 4.56E+00 6.12E+00 4.76E+00 8.04E+00 8.18E+00 7.08E+00 6.63E+00 6.66E-01 8.96E-01 1.81E-01 0.00E+00 0.00E+00 0.00E+00 0.00E+00 0.00E+00 0.00E+00 0.00E+00 0.00E+00 0.00E+00 0.00E+00 0.00E+00 0.00E+00 0.00E+00 0.00E+00 0.00E+00 0.00E+00 0.00E+00 0.00E+00 0.00E+00 0.00E+00 0.00E+00 0.00E+00 0.00E+00 0.00E+00 0.00E+00 0.00E+00 0.00E+00 0.00E+00 0.00E+00 0.00E+00 0.00E+00 0.00E+00 0.00E+00 0.00E+00 0.00E+00 0.00E+00 0.00E+00 0.00E+00 0.00E+00 0.00E+00
   2.00  0.338  3.50E+01 7.01E+01 6.62E+02 5.00E+00 7.89E+00 7.85E+00 1.23E+01 1.03E+01 1.21E+01 8.20E+00 3.90E+00 1.61E+00 4.35E-01 5.33E-01 0.00E+00 0.00E+00 0.00E+00 0.00E+00 0.00E+00 0.00E+00 0.00E+00 0.00E+00 0.00E+00 0.00E+00 0.00E+00 0.00E+00 0.00E+00 0.00E+00 0.00E+00 0.00E+00 0.00E+00 0.00E+00 0.00E+00 0.00E+00 0.00E+00 0.00E+00 0.00E+00 0.00E+00 0.00E+00 0.00E+00 0.00E+00 0.00E+00 0.00E+00 0.00E+00 0.00E+00 0.00E+00 0.00E+00 0.00E+00 0.00E+00 0.00E+00 0.00E+00 0.00E+00 0.00E+00
   2.25  0.358  5.80E+01 1.16E+02 1.14E+03 8.35E+00 1.10E+01 1.45E+01 1.88E+01 1.41E+01 1.90E+01 1.46E+01 8.57E+00 2.73E+00 2.87E+00 1.25E+00 0.00E+00 0.00E+00 0.00E+00 0.00E+00 0.00E+00 0.00E+00 0.00E+00 0.00E+00 0.00E+00 0.00E+00 0.00E+00 0.00E+00 0.00E+00 0.00E+00 0.00E+00 0.00E+00 0.00E+00 0.00E+00 0.00E+00 0.00E+00 0.00E+00 0.00E+00 0.00E+00 0.00E+00 0.00E+00 0.00E+00 0.00E+00 0.00E+00 0.00E+00 0.00E+00 0.00E+00 0.00E+00 0.00E+00 0.00E+00 0.00E+00 0.00E+00 0.00E+00 0.00E+00 0.00E+00
   2.50  0.377  9.30E+01 1.67E+02 1.69E+03 1.02E+01 1.56E+01 2.27E+01 2.38E+01 2.55E+01 2.24E+01 2.08E+01 1.20E+01 5.48E+00 5.73E+00 1.79E+00 1.13E-01 5.33E-01 0.00E+00 0.00E+00 0.00E+00 0.00E+00 0.00E+00 0.00E+00 0.00E+00 0.00E+00 0.00E+00 0.00E+00 0.00E+00 0.00E+00 0.00E+00 0.00E+00 0.00E+00 0.00E+00 0.00E+00 0.00E+00 0.00E+00 0.00E+00 0.00E+00 0.00E+00 0.00E+00 0.00E+00 0.00E+00 0.00E+00 0.00E+00 0.00E+00 0.00E+00 0.00E+00 0.00E+00 0.00E+00 0.00E+00 0.00E+00 0.00E+00 0.00E+00 0.00E+00
   2.75  0.396  1.50E+02 2.83E+02 2.87E+03 1.94E+01 2.66E+01 3.85E+01 4.11E+01 4.33E+01 3.50E+01 2.87E+01 2.29E+01 1.33E+01 7.89E+00 3.75E+00 1.01E+00 8.17E-01 5.33E-01 0.00E+00 0.00E+00 0.00E+00 0.00E+00 0.00E+00 0.00E+00 0.00E+00 0.00E+00 0.00E+00 0.00E+00 0.00E+00 0.00E+00 0.00E+00 0.00E+00 0.00E+00 0.00E+00 0.00E+00 0.00E+00 0.00E+00 0.00E+00 0.00E+00 0.00E+00 0.00E+00 0.00E+00 0.00E+00 0.00E+00 0.00E+00 0.00E+00 0.00E+00 0.00E+00 0.00E+00 0.00E+00 0.00E+00 0.00E+00 0.00E+00 0.00E+00
   3.00  0.414  2.34E+02 3.93E+02 3.99E+03 2.59E+01 4.23E+01 5.46E+01 5.41E+01 5.62E+01 4.90E+01 3.87E+01 3.15E+01 1.83E+01 1.10E+01 6.44E+00 3.50E+00 8.17E-01 5.33E-01 0.00E+00 0.00E+00 0.00E+00 0.00E+00 0.00E+00 0.00E+00 0.00E+00 0.00E+00 0.00E+00 0.00E+00 0.00E+00 0.00E+00 0.00E+00 0.00E+00 0.00E+00 0.00E+00 0.00E+00 0.00E+00 0.00E+00 0.00E+00 0.00E+00 0.00E+00 0.00E+00 0.00E+00 0.00E+00 0.00E+00 0.00E+00 0.00E+00 0.00E+00 0.00E+00 0.00E+00 0.00E+00 0.00E+00 0.00E+00 0.00E+00 0.00E+00
   3.25  0.430  3.65E+02 6.55E+02 6.70E+03 3.83E+01 7.11E+01 9.47E+01 9.60E+01 8.80E+01 7.94E+01 6.88E+01 4.64E+01 3.24E+01 1.91E+01 9.86E+00 7.97E+00 1.61E+00 1.78E+00 0.00E+00 0.00E+00 0.00E+00 0.00E+00 0.00E+00 0.00E+00 0.00E+00 0.00E+00 0.00E+00 0.00E+00 0.00E+00 0.00E+00 0.00E+00 0.00E+00 0.00E+00 0.00E+00 0.00E+00 0.00E+00 0.00E+00 0.00E+00 0.00E+00 0.00E+00 0.00E+00 0.00E+00 0.00E+00 0.00E+00 0.00E+00 0.00E+00 0.00E+00 0.00E+00 0.00E+00 0.00E+00 0.00E+00 0.00E+00 0.00E+00 0.00E+00
   3.50  0.447  5.65E+02 9.43E+02 9.72E+03 6.22E+01 9.92E+01 1.24E+02 1.44E+02 1.28E+02 1.08E+02 1.02E+02 6.55E+01 4.67E+01 2.67E+01 1.62E+01 1.10E+01 6.42E+00 2.86E+00 5.33E-01 0.00E+00 0.00E+00 0.00E+00 0.00E+00 0.00E+00 0.00E+00 0.00E+00 0.00E+00 0.00E+00 0.00E+00 0.00E+00 0.00E+00 0.00E+00 0.00E+00 0.00E+00 0.00E+00 0.00E+00 0.00E+00 0.00E+00 0.00E+00 0.00E+00 0.00E+00 0.00E+00 0.00E+00 0.00E+00 0.00E+00 0.00E+00 0.00E+00 0.00E+00 0.00E+00 0.00E+00 0.00E+00 0.00E+00 0.00E+00 0.00E+00
   3.75  0.462  8.78E+02 1.56E+03 1.63E+04 9.09E+01 1.63E+02 2.10E+02 2.31E+02 2.18E+02 1.83E+02 1.62E+02 1.13E+02 7.50E+01 4.58E+01 3.06E+01 1.77E+01 1.11E+01 6.42E+00 2.31E+00 0.00E+00 0.00E+00 0.00E+00 0.00E+00 0.00E+00 0.00E+00 0.00E+00 0.00E+00 0.00E+00 0.00E+00 0.00E+00 0.00E+00 0.00E+00 0.00E+00 0.00E+00 0.00E+00 0.00E+00 0.00E+00 0.00E+00 0.00E+00 0.00E+00 0.00E+00 0.00E+00 0.00E+00 0.00E+00 0.00E+00 0.00E+00 0.00E+00 0.00E+00 0.00E+00 0.00E+00 0.00E+00 0.00E+00 0.00E+00 0.00E+00
   4.00  0.477  1.35E+03 2.19E+03 2.32E+04 1.24E+02 2.29E+02 2.91E+02 3.22E+02 3.06E+02 2.55E+02 2.16E+02 1.67E+02 1.06E+02 6.30E+01 4.14E+01 3.20E+01 1.57E+01 1.31E+01 6.59E+00 3.56E-01 1.07E+00 0.00E+00 0.00E+00 0.00E+00 0.00E+00 0.00E+00 0.00E+00 0.00E+00 0.00E+00 0.00E+00 0.00E+00 0.00E+00 0.00E+00 0.00E+00 0.00E+00 0.00E+00 0.00E+00 0.00E+00 0.00E+00 0.00E+00 0.00E+00 0.00E+00 0.00E+00 0.00E+00 0.00E+00 0.00E+00 0.00E+00 0.00E+00 0.00E+00 0.00E+00 0.00E+00 0.00E+00 0.00E+00 0.00E+00
   4.25  0.492  2.08E+03 3.65E+03 3.90E+04 2.07E+02 3.68E+02 4.99E+02 5.28E+02 5.13E+02 4.22E+02 3.64E+02 2.61E+02 1.72E+02 1.21E+02 6.87E+01 6.11E+01 2.62E+01 2.12E+01 1.30E+01 2.49E+00 2.62E+00 2.13E+00 5.33E-01 0.00E+00 0.00E+00 0.00E+00 0.00E+00 0.00E+00 0.00E+00 0.00E+00 0.00E+00 0.00E+00 0.00E+00 0.00E+00 0.00E+00 0.00E+00 0.00E+00 0.00E+00 0.00E+00 0.00E+00 0.00E+00 0.00E+00 0.00E+00 0.00E+00 0.00E+00 0.00E+00 0.00E+00 0.00E+00 0.00E+00 0.00E+00 0.00E+00 0.00E+00 0.00E+00 0.00E+00
   4.50  0.506  3.19E+03 5.23E+03 5.61E+04 3.06E+02 5.34E+02 7.26E+02 7.41E+02 7.18E+02 5.97E+02 5.08E+02 3.73E+02 2.49E+02 1.78E+02 1.14E+02 8.00E+01 4.28E+01 2.85E+01 1.83E+01 8.72E+00 5.64E+00 3.10E+00 2.66E+00 5.33E-01 0.00E+00 0.00E+00 0.00E+00 0.00E+00 0.00E+00 0.00E+00 0.00E+00 0.00E+00 0.00E+00 0.00E+00 0.00E+00 0.00E+00 0.00E+00 0.00E+00 0.00E+00 0.00E+00 0.00E+00 0.00E+00 0.00E+00 0.00E+00 0.00E+00 0.00E+00 0.00E+00 0.00E+00 0.00E+00 0.00E+00 0.00E+00 0.00E+00 0.00E+00 0.00E+00
   4.75  0.520  4.93E+03 8.70E+03 9.48E+04 4.91E+02 8.88E+02 1.16E+03 1.24E+03 1.15E+03 1.00E+03 8.45E+02 6.28E+02 4.16E+02 3.02E+02 2.13E+02 1.36E+02 7.92E+01 6.20E+01 2.95E+01 2.13E+01 1.21E+01 7.92E+00 6.05E+00 1.51E+00 1.07E+00 0.00E+00 0.00E+00 0.00E+00 0.00E+00 0.00E+00 0.00E+00 0.00E+00 0.00E+00 0.00E+00 0.00E+00 0.00E+00 0.00E+00 0.00E+00 0.00E+00 0.00E+00 0.00E+00 0.00E+00 0.00E+00 0.00E+00 0.00E+00 0.00E+00 0.00E+00 0.00E+00 0.00E+00 0.00E+00 0.00E+00 0.00E+00 0.00E+00 0.00E+00
   5.00  0.534  7.56E+03 1.24E+04 1.36E+05 6.85E+02 1.32E+03 1.62E+03 1.73E+03 1.60E+03 1.42E+03 1.17E+03 9.06E+02 6.42E+02 4.42E+02 2.93E+02 1.92E+02 1.34E+02 8.86E+01 5.73E+01 3.39E+01 2.01E+01 1.72E+01 7.76E+00 4.36E+00 1.60E+00 2.10E-01 5.33E-01 0.00E+00 0.00E+00 0.00E+00 0.00E+00 0.00E+00 0.00E+00 0.00E+00 0.00E+00 0.00E+00 0.00E+00 0.00E+00 0.00E+00 0.00E+00 0.00E+00 0.00E+00 0.00E+00 0.00E+00 0.00E+00 0.00E+00 0.00E+00 0.00E+00 0.00E+00 0.00E+00 0.00E+00 0.00E+00 0.00E+00 0.00E+00
   5.50  0.560  1.80E+04 2.92E+04 3.28E+05 1.56E+03 3.01E+03 3.72E+03 4.05E+03 3.79E+03 3.28E+03 2.72E+03 2.19E+03 1.55E+03 1.11E+03 7.69E+02 4.85E+02 3.43E+02 2.29E+02 1.52E+02 1.04E+02 6.82E+01 3.58E+01 2.93E+01 1.33E+01 5.15E+00 5.54E+00 1.78E+00 1.07E+00 0.00E+00 0.00E+00 0.00E+00 0.00E+00 0.00E+00 0.00E+00 0.00E+00 0.00E+00 0.00E+00 0.00E+00 0.00E+00 0.00E+00 0.00E+00 0.00E+00 0.00E+00 0.00E+00 0.00E+00 0.00E+00 0.00E+00 0.00E+00 0.00E+00 0.00E+00 0.00E+00 0.00E+00 0.00E+00 0.00E+00
   6.00  0.585  4.24E+04 6.86E+04 7.84E+05 3.61E+03 6.84E+03 8.66E+03 9.15E+03 8.90E+03 7.56E+03 6.47E+03 5.20E+03 3.63E+03 2.69E+03 1.91E+03 1.37E+03 8.44E+02 5.78E+02 4.25E+02 2.65E+02 1.91E+02 1.17E+02 6.97E+01 4.04E+01 2.49E+01 1.60E+01 1.06E+01 2.31E+00 5.33E-01 0.00E+00 0.00E+00 0.00E+00 0.00E+00 0.00E+00 0.00E+00 0.00E+00 0.00E+00 0.00E+00 0.00E+00 0.00E+00 0.00E+00 0.00E+00 0.00E+00 0.00E+00 0.00E+00 0.00E+00 0.00E+00 0.00E+00 0.00E+00 0.00E+00 0.00E+00 0.00E+00 0.00E+00 0.00E+00
   6.50  0.609  9.95E+04 1.60E+05 1.86E+06 8.08E+03 1.56E+04 1.98E+04 2.12E+04 2.03E+04 1.76E+04 1.51E+04 1.21E+04 8.63E+03 6.35E+03 4.73E+03 3.38E+03 2.21E+03 1.60E+03 1.05E+03 7.28E+02 4.87E+02 3.20E+02 2.31E+02 1.30E+02 7.60E+01 4.66E+01 3.25E+01 1.10E+01 4.59E+00 1.60E+00 5.33E-01 0.00E+00 0.00E+00 0.00E+00 0.00E+00 0.00E+00 0.00E+00 0.00E+00 0.00E+00 0.00E+00 0.00E+00 0.00E+00 0.00E+00 0.00E+00 0.00E+00 0.00E+00 0.00E+00 0.00E+00 0.00E+00 0.00E+00 0.00E+00 0.00E+00 0.00E+00 0.00E+00
   7.00  0.632  2.31E+05 3.67E+05 4.36E+06 1.77E+04 3.52E+04 4.45E+04 4.82E+04 4.62E+04 4.05E+04 3.45E+04 2.78E+04 2.01E+04 1.51E+04 1.14E+04 8.21E+03 5.59E+03 3.95E+03 2.93E+03 1.89E+03 1.27E+03 9.26E+02 5.80E+02 3.94E+02 2.46E+02 1.42E+02 8.60E+01 4.83E+01 2.06E+01 1.35E+01 5.03E+00 5.33E-01 1.07E+00 0.00E+00 0.00E+00 0.00E+00 0.00E+00 0.00E+00 0.00E+00 0.00E+00 0.00E+00 0.00E+00 0.00E+00 0.00E+00 0.00E+00 0.00E+00 0.00E+00 0.00E+00 0.00E+00 0.00E+00 0.00E+00 0.00E+00 0.00E+00 0.00E+00
   7.50  0.654  5.32E+05 8.35E+05 1.01E+07 3.98E+04 7.82E+04 9.89E+04 1.08E+05 1.04E+05 9.11E+04 7.80E+04 6.34E+04 4.63E+04 3.51E+04 2.68E+04 2.00E+04 1.36E+04 9.94E+03 7.12E+03 4.91E+03 3.55E+03 2.37E+03 1.68E+03 1.04E+03 6.96E+02 4.55E+02 2.64E+02 1.55E+02 7.19E+01 4.82E+01 1.80E+01 1.13E+01 6.93E+00 0.00E+00 0.00E+00 0.00E+00 0.00E+00 0.00E+00 0.00E+00 0.00E+00 0.00E+00 0.00E+00 0.00E+00 0.00E+00 0.00E+00 0.00E+00 0.00E+00 0.00E+00 0.00E+00 0.00E+00 0.00E+00 0.00E+00 0.00E+00 0.00E+00
   8.00  0.675  1.21E+06 1.89E+06 2.32E+07 8.79E+04 1.74E+05 2.19E+05 2.40E+05 2.31E+05 2.02E+05 1.76E+05 1.44E+05 1.06E+05 8.09E+04 6.27E+04 4.71E+04 3.26E+04 2.45E+04 1.77E+04 1.24E+04 8.86E+03 6.33E+03 4.50E+03 2.86E+03 1.97E+03 1.23E+03 7.85E+02 4.93E+02 2.66E+02 1.56E+02 8.26E+01 4.44E+01 3.64E+01 0.00E+00 0.00E+00 0.00E+00 0.00E+00 0.00E+00 0.00E+00 0.00E+00 0.00E+00 0.00E+00 0.00E+00 0.00E+00 0.00E+00 0.00E+00 0.00E+00 0.00E+00 0.00E+00 0.00E+00 0.00E+00 0.00E+00 0.00E+00 0.00E+00
   8.50  0.696  2.74E+06 4.22E+06 5.27E+07 1.93E+05 3.83E+05 4.83E+05 5.31E+05 5.11E+05 4.52E+05 3.91E+05 3.23E+05 2.39E+05 1.84E+05 1.45E+05 1.09E+05 7.74E+04 5.78E+04 4.34E+04 3.05E+04 2.21E+04 1.61E+04 1.13E+04 7.77E+03 5.23E+03 3.52E+03 2.30E+03 1.35E+03 8.70E+02 5.10E+02 2.88E+02 1.65E+02 1.55E+02 1.45E+00 0.00E+00 0.00E+00 0.00E+00 0.00E+00 0.00E+00 0.00E+00 0.00E+00 0.00E+00 0.00E+00 0.00E+00 0.00E+00 0.00E+00 0.00E+00 0.00E+00 0.00E+00 0.00E+00 0.00E+00 0.00E+00 0.00E+00 0.00E+00
   9.00  0.716  6.14E+06 9.39E+06 1.19E+08 4.22E+05 8.35E+05 1.06E+06 1.16E+06 1.12E+06 9.95E+05 8.66E+05 7.20E+05 5.37E+05 4.18E+05 3.28E+05 2.53E+05 1.79E+05 1.36E+05 1.03E+05 7.29E+04 5.46E+04 4.00E+04 2.86E+04 1.95E+04 1.37E+04 9.53E+03 6.24E+03 3.99E+03 2.49E+03 1.56E+03 9.41E+02 5.11E+02 6.00E+02 6.89E+00 0.00E+00 0.00E+00 0.00E+00 0.00E+00 0.00E+00 0.00E+00 0.00E+00 0.00E+00 0.00E+00 0.00E+00 0.00E+00 0.00E+00 0.00E+00 0.00E+00 0.00E+00 0.00E+00 0.00E+00 0.00E+00 0.00E+00 0.00E+00
   9.50  0.736  1.37E+07 2.07E+07 2.66E+08 9.12E+05 1.81E+06 2.29E+06 2.53E+06 2.45E+06 2.18E+06 1.90E+06 1.59E+06 1.19E+06 9.33E+05 7.40E+05 5.75E+05 4.11E+05 3.16E+05 2.41E+05 1.73E+05 1.30E+05 9.67E+04 7.08E+04 4.91E+04 3.51E+04 2.43E+04 1.68E+04 1.07E+04 7.12E+03 4.68E+03 2.67E+03 1.68E+03 2.00E+03 3.14E+01 0.00E+00 0.00E+00 0.00E+00 0.00E+00 0.00E+00 0.00E+00 0.00E+00 0.00E+00 0.00E+00 0.00E+00 0.00E+00 0.00E+00 0.00E+00 0.00E+00 0.00E+00 0.00E+00 0.00E+00 0.00E+00 0.00E+00 0.00E+00
  10.00  0.755  3.01E+07 4.52E+07 5.89E+08 1.96E+06 3.88E+06 4.93E+06 5.46E+06 5.30E+06 4.73E+06 4.15E+06 3.48E+06 2.63E+06 2.06E+06 1.65E+06 1.29E+06 9.32E+05 7.22E+05 5.56E+05 4.05E+05 3.06E+05 2.31E+05 1.70E+05 1.21E+05 8.73E+04 6.21E+04 4.31E+04 2.81E+04 1.94E+04 1.28E+04 7.94E+03 4.92E+03 6.34E+03 1.30E+02 0.00E+00 0.00E+00 0.00E+00 0.00E+00 0.00E+00 0.00E+00 0.00E+00 0.00E+00 0.00E+00 0.00E+00 0.00E+00 0.00E+00 0.00E+00 0.00E+00 0.00E+00 0.00E+00 0.00E+00 0.00E+00 0.00E+00 0.00E+00
  11.00  0.792  1.59E+08 2.12E+08 2.83E+09 8.86E+06 1.76E+07 2.24E+07 2.49E+07 2.43E+07 2.18E+07 1.93E+07 1.63E+07 1.24E+07 9.88E+06 7.99E+06 6.32E+06 4.63E+06 3.65E+06 2.85E+06 2.11E+06 1.63E+06 1.25E+06 9.50E+05 6.86E+05 5.11E+05 3.73E+05 2.69E+05 1.81E+05 1.30E+05 9.16E+04 5.70E+04 3.89E+04 5.44E+04 1.48E+03 0.00E+00 0.00E+00 0.00E+00 0.00E+00 0.00E+00 0.00E+00 0.00E+00 0.00E+00 0.00E+00 0.00E+00 0.00E+00 0.00E+00 0.00E+00 0.00E+00 0.00E+00 0.00E+00 0.00E+00 0.00E+00 0.00E+00 0.00E+00
  12.00  0.827  7.47E+08 9.65E+08 1.32E+10 3.93E+07 7.79E+07 9.96E+07 1.11E+08 1.09E+08 9.84E+07 8.75E+07 7.44E+07 5.72E+07 4.59E+07 3.75E+07 2.99E+07 2.22E+07 1.77E+07 1.40E+07 1.05E+07 8.29E+06 6.48E+06 4.99E+06 3.69E+06 2.80E+06 2.10E+06 1.55E+06 1.07E+06 7.98E+05 5.83E+05 3.74E+05 2.65E+05 3.98E+05 1.34E+04 0.00E+00 0.00E+00 0.00E+00 0.00E+00 0.00E+00 0.00E+00 0.00E+00 0.00E+00 0.00E+00 0.00E+00 0.00E+00 0.00E+00 0.00E+00 0.00E+00 0.00E+00 0.00E+00 0.00E+00 0.00E+00 0.00E+00 0.00E+00
  13.00  0.861  3.38E+09 4.30E+09 6.01E+10 1.70E+08 3.38E+08 4.33E+08 4.84E+08 4.77E+08 4.33E+08 3.87E+08 3.31E+08 2.57E+08 2.07E+08 1.71E+08 1.38E+08 1.03E+08 8.30E+07 6.66E+07 5.07E+07 4.04E+07 3.20E+07 2.50E+07 1.88E+07 1.46E+07 1.11E+07 8.41E+06 5.93E+06 4.56E+06 3.43E+06 2.23E+06 1.64E+06 2.60E+06 1.01E+05 0.00E+00 0.00E+00 0.00E+00 0.00E+00 0.00E+00 0.00E+00 0.00E+00 0.00E+00 0.00E+00 0.00E+00 0.00E+00 0.00E+00 0.00E+00 0.00E+00 0.00E+00 0.00E+00 0.00E+00 0.00E+00 0.00E+00 0.00E+00
  14.00  0.893  1.49E+10 1.87E+10 2.67E+11 7.23E+08 1.44E+09 1.84E+09 2.07E+09 2.05E+09 1.87E+09 1.68E+09 1.44E+09 1.13E+09 9.15E+08 7.58E+08 6.16E+08 4.65E+08 3.78E+08 3.06E+08 2.35E+08 1.90E+08 1.53E+08 1.21E+08 9.22E+07 7.24E+07 5.62E+07 4.33E+07 3.11E+07 2.45E+07 1.89E+07 1.25E+07 9.46E+06 1.56E+07 6.77E+05 0.00E+00 0.00E+00 0.00E+00 0.00E+00 0.00E+00 0.00E+00 0.00E+00 0.00E+00 0.00E+00 0.00E+00 0.00E+00 0.00E+00 0.00E+00 0.00E+00 0.00E+00 0.00E+00 0.00E+00 0.00E+00 0.00E+00 0.00E+00
  15.00  0.925  4.21E+10 3.56E+10 5.13E+11 1.33E+09 2.65E+09 3.48E+09 3.88E+09 3.89E+09 3.57E+09 3.21E+09 2.76E+09 2.14E+09 1.75E+09 1.45E+09 1.18E+09 8.91E+08 7.27E+08 5.94E+08 4.59E+08 3.70E+08 2.99E+08 2.38E+08 1.81E+08 1.42E+08 1.12E+08 8.63E+07 6.34E+07 5.05E+07 3.92E+07 2.60E+07 1.98E+07 3.30E+07 1.53E+06 0.00E+00 0.00E+00 0.00E+00 0.00E+00 0.00E+00 0.00E+00 0.00E+00 0.00E+00 0.00E+00 0.00E+00 0.00E+00 0.00E+00 0.00E+00 0.00E+00 0.00E+00 0.00E+00 0.00E+00 0.00E+00 0.00E+00 0.00E+00
  16.00  0.955  9.38E+10 6.78E+10 9.84E+11 2.45E+09 4.88E+09 6.56E+09 7.27E+09 7.41E+09 6.83E+09 6.15E+09 5.29E+09 4.08E+09 3.34E+09 2.78E+09 2.27E+09 1.71E+09 1.40E+09 1.15E+09 8.95E+08 7.21E+08 5.87E+08 4.68E+08 3.54E+08 2.80E+08 2.22E+08 1.72E+08 1.29E+08 1.04E+08 8.15E+07 5.44E+07 4.15E+07 6.99E+07 3.44E+06 0.00E+00 0.00E+00 0.00E+00 0.00E+00 0.00E+00 0.00E+00 0.00E+00 0.00E+00 0.00E+00 0.00E+00 0.00E+00 0.00E+00 0.00E+00 0.00E+00 0.00E+00 0.00E+00 0.00E+00 0.00E+00 0.00E+00 0.00E+00
  17.00  0.984  1.92E+11 1.29E+11 1.89E+12 4.52E+09 8.99E+09 1.24E+10 1.36E+10 1.41E+10 1.31E+10 1.18E+10 1.01E+10 7.76E+09 6.39E+09 5.34E+09 4.35E+09 3.27E+09 2.69E+09 2.24E+09 1.75E+09 1.40E+09 1.15E+09 9.23E+08 6.93E+08 5.50E+08 4.41E+08 3.44E+08 2.64E+08 2.14E+08 1.69E+08 1.14E+08 8.70E+07 1.48E+08 7.76E+06 0.00E+00 0.00E+00 0.00E+00 0.00E+00 0.00E+00 0.00E+00 0.00E+00 0.00E+00 0.00E+00 0.00E+00 0.00E+00 0.00E+00 0.00E+00 0.00E+00 0.00E+00 0.00E+00 0.00E+00 0.00E+00 0.00E+00 0.00E+00
  18.00  1.013  3.79E+11 2.45E+11 3.63E+12 8.33E+09 1.66E+10 2.33E+10 2.56E+10 2.68E+10 2.50E+10 2.26E+10 1.94E+10 1.48E+10 1.22E+10 1.02E+10 8.35E+09 6.27E+09 5.18E+09 4.34E+09 3.40E+09 2.74E+09 2.26E+09 1.82E+09 1.36E+09 1.08E+09 8.77E+08 6.86E+08 5.38E+08 4.41E+08 3.51E+08 2.37E+08 1.82E+08 3.13E+08 1.75E+07 0.00E+00 0.00E+00 0.00E+00 0.00E+00 0.00E+00 0.00E+00 0.00E+00 0.00E+00 0.00E+00 0.00E+00 0.00E+00 0.00E+00 0.00E+00 0.00E+00 0.00E+00 0.00E+00 0.00E+00 0.00E+00 0.00E+00 0.00E+00
  19.00  1.041  7.35E+11 4.67E+11 6.97E+12 1.54E+10 3.05E+10 4.39E+10 4.79E+10 5.10E+10 4.79E+10 4.32E+10 3.71E+10 2.81E+10 2.34E+10 1.96E+10 1.60E+10 1.20E+10 9.96E+09 8.42E+09 6.64E+09 5.33E+09 4.43E+09 3.58E+09 2.66E+09 2.12E+09 1.74E+09 1.37E+09 1.10E+09 9.08E+08 7.30E+08 4.95E+08 3.82E+08 6.63E+08 3.95E+07 0.00E+00 0.00E+00 0.00E+00 0.00E+00 0.00E+00 0.00E+00 0.00E+00 0.00E+00 0.00E+00 0.00E+00 0.00E+00 0.00E+00 0.00E+00 0.00E+00 0.00E+00 0.00E+00 0.00E+00 0.00E+00 0.00E+00 0.00E+00
  20.00  1.068  1.41E+12 8.88E+11 1.34E+13 2.83E+10 5.63E+10 8.28E+10 8.99E+10 9.70E+10 9.17E+10 8.28E+10 7.10E+10 5.35E+10 4.47E+10 3.75E+10 3.07E+10 2.30E+10 1.92E+10 1.63E+10 1.29E+10 1.04E+10 8.68E+09 7.05E+09 5.22E+09 4.17E+09 3.46E+09 2.73E+09 2.24E+09 1.87E+09 1.52E+09 1.03E+09 8.00E+08 1.40E+09 8.90E+07 0.00E+00 0.00E+00 0.00E+00 0.00E+00 0.00E+00 0.00E+00 0.00E+00 0.00E+00 0.00E+00 0.00E+00 0.00E+00 0.00E+00 0.00E+00 0.00E+00 0.00E+00 0.00E+00 0.00E+00 0.00E+00 0.00E+00 0.00E+00
  22.50  1.132  8.08E+12 4.45E+12 6.86E+13 1.30E+11 2.60E+11 4.04E+11 4.33E+11 4.84E+11 4.65E+11 4.20E+11 3.60E+11 2.68E+11 2.26E+11 1.91E+11 1.57E+11 1.17E+11 9.83E+10 8.56E+10 6.87E+10 5.51E+10 4.68E+10 3.84E+10 2.80E+10 2.26E+10 1.93E+10 1.54E+10 1.33E+10 1.14E+10 9.42E+09 6.50E+09 5.09E+09 9.16E+09 6.80E+08 0.00E+00 0.00E+00 0.00E+00 0.00E+00 0.00E+00 0.00E+00 0.00E+00 0.00E+00 0.00E+00 0.00E+00 0.00E+00 0.00E+00 0.00E+00 0.00E+00 0.00E+00 0.00E+00 0.00E+00 0.00E+00 0.00E+00 0.00E+00
  25.00  1.194  4.15E+13 2.23E+13 3.53E+14 6.01E+11 1.20E+12 1.97E+12 2.08E+12 2.42E+12 2.35E+12 2.13E+12 1.83E+12 1.34E+12 1.14E+12 9.69E+11 7.99E+11 5.94E+11 5.05E+11 4.49E+11 3.65E+11 2.92E+11 2.52E+11 2.09E+11 1.51E+11 1.22E+11 1.07E+11 8.65E+10 7.88E+10 6.93E+10 5.85E+10 4.09E+10 3.23E+10 5.97E+10 5.19E+09 0.00E+00 0.00E+00 0.00E+00 0.00E+00 0.00E+00 0.00E+00 0.00E+00 0.00E+00 0.00E+00 0.00E+00 0.00E+00 0.00E+00 0.00E+00 0.00E+00 0.00E+00 0.00E+00 0.00E+00 0.00E+00 0.00E+00 0.00E+00
  30.00  1.308  1.51E+15 5.65E+14 9.43E+15 1.28E+13 2.55E+13 4.69E+13 4.83E+13 6.02E+13 6.04E+13 5.50E+13 4.70E+13 3.34E+13 2.91E+13 2.50E+13 2.08E+13 1.53E+13 1.33E+13 1.23E+13 1.03E+13 8.20E+12 7.32E+12 6.19E+12 4.36E+12 3.58E+12 3.33E+12 2.74E+12 2.78E+12 2.57E+12 2.26E+12 1.62E+12 1.30E+12 2.54E+12 3.03E+11 0.00E+00 0.00E+00 0.00E+00 0.00E+00 0.00E+00 0.00E+00 0.00E+00 0.00E+00 0.00E+00 0.00E+00 0.00E+00 0.00E+00 0.00E+00 0.00E+00 0.00E+00 0.00E+00 0.00E+00 0.00E+00 0.00E+00 0.00E+00
  40.00  1.510  1.87E+18 3.73E+17 7.10E+18 5.77E+15 1.15E+16 2.66E+16 2.60E+16 3.73E+16 3.98E+16 3.65E+16 3.11E+16 2.09E+16 1.90E+16 1.67E+16 1.40E+16 1.02E+16 9.24E+15 9.32E+15 8.18E+15 6.47E+15 6.17E+15 5.44E+15 3.64E+15 3.07E+15 3.19E+15 2.74E+15 3.46E+15 3.52E+15 3.37E+15 2.55E+15 2.13E+15 4.59E+15 1.03E+15 0.00E+00 0.00E+00 0.00E+00 0.00E+00 0.00E+00 0.00E+00 0.00E+00 0.00E+00 0.00E+00 0.00E+00 0.00E+00 0.00E+00 0.00E+00 0.00E+00 0.00E+00 0.00E+00 0.00E+00 0.00E+00 0.00E+00 0.00E+00
  50.00  1.688  7.47E+18 7.46E+17 1.42E+19 1.15E+16 2.30E+16 5.31E+16 5.19E+16 7.46E+16 7.96E+16 7.30E+16 6.21E+16 4.17E+16 3.80E+16 3.34E+16 2.80E+16 2.04E+16 1.85E+16 1.86E+16 1.63E+16 1.29E+16 1.23E+16 1.09E+16 7.27E+15 6.14E+15 6.38E+15 5.48E+15 6.91E+15 7.04E+15 6.73E+15 5.10E+15 4.25E+15 9.17E+15 2.06E+15 0.00E+00 0.00E+00 0.00E+00 0.00E+00 0.00E+00 0.00E+00 0.00E+00 0.00E+00 0.00E+00 0.00E+00 0.00E+00 0.00E+00 0.00E+00 0.00E+00 0.00E+00 0.00E+00 0.00E+00 0.00E+00 0.00E+00 0.00E+00
  60.00  1.849  1.87E+19 1.49E+18 2.84E+19 2.30E+16 4.60E+16 1.06E+17 1.04E+17 1.49E+17 1.59E+17 1.46E+17 1.24E+17 8.34E+16 7.58E+16 6.67E+16 5.61E+16 4.08E+16 3.69E+16 3.72E+16 3.27E+16 2.59E+16 2.46E+16 2.17E+16 1.45E+16 1.23E+16 1.28E+16 1.10E+16 1.38E+16 1.41E+16 1.35E+16 1.02E+16 8.50E+15 1.83E+16 4.12E+15 0.00E+00 0.00E+00 0.00E+00 0.00E+00 0.00E+00 0.00E+00 0.00E+00 0.00E+00 0.00E+00 0.00E+00 0.00E+00 0.00E+00 0.00E+00 0.00E+00 0.00E+00 0.00E+00 0.00E+00 0.00E+00 0.00E+00 0.00E+00
  70.00  1.997  4.10E+19 2.98E+18 5.67E+19 4.60E+16 9.19E+16 2.12E+17 2.07E+17 2.98E+17 3.18E+17 2.91E+17 2.48E+17 1.67E+17 1.52E+17 1.33E+17 1.12E+17 8.15E+16 7.38E+16 7.44E+16 6.53E+16 5.17E+16 4.93E+16 4.34E+16 2.90E+16 2.45E+16 2.55E+16 2.19E+16 2.76E+16 2.81E+16 2.69E+16 2.04E+16 1.70E+16 3.67E+16 8.23E+15 0.00E+00 0.00E+00 0.00E+00 0.00E+00 0.00E+00 0.00E+00 0.00E+00 0.00E+00 0.00E+00 0.00E+00 0.00E+00 0.00E+00 0.00E+00 0.00E+00 0.00E+00 0.00E+00 0.00E+00 0.00E+00 0.00E+00 0.00E+00
  80.00  2.135  8.57E+19 5.96E+18 1.13E+20 9.19E+16 1.84E+17 4.24E+17 4.14E+17 5.95E+17 6.35E+17 5.82E+17 4.95E+17 3.33E+17 3.03E+17 2.66E+17 2.24E+17 1.63E+17 1.47E+17 1.49E+17 1.31E+17 1.03E+17 9.85E+16 8.68E+16 5.80E+16 4.90E+16 5.10E+16 4.38E+16 5.52E+16 5.62E+16 5.38E+16 4.08E+16 3.40E+16 7.33E+16 1.65E+16 0.00E+00 0.00E+00 0.00E+00 0.00E+00 0.00E+00 0.00E+00 0.00E+00 0.00E+00 0.00E+00 0.00E+00 0.00E+00 0.00E+00 0.00E+00 0.00E+00 0.00E+00 0.00E+00 0.00E+00 0.00E+00 0.00E+00 0.00E+00
  90.00  2.265  1.75E+20 1.19E+19 2.26E+20 1.84E+17 3.67E+17 8.47E+17 8.27E+17 1.19E+18 1.27E+18 1.16E+18 9.90E+17 6.65E+17 6.05E+17 5.32E+17 4.47E+17 3.26E+17 2.95E+17 2.97E+17 2.61E+17 2.06E+17 1.97E+17 1.74E+17 1.16E+17 9.80E+16 1.02E+17 8.76E+16 1.10E+17 1.12E+17 1.08E+17 8.16E+16 6.79E+16 1.47E+17 3.29E+16 0.00E+00 0.00E+00 0.00E+00 0.00E+00 0.00E+00 0.00E+00 0.00E+00 0.00E+00 0.00E+00 0.00E+00 0.00E+00 0.00E+00 0.00E+00 0.00E+00 0.00E+00 0.00E+00 0.00E+00 0.00E+00 0.00E+00 0.00E+00
 100.00  2.387  3.54E+20 2.38E+19 4.53E+20 3.67E+17 7.33E+17 1.69E+18 1.65E+18 2.38E+18 2.54E+18 2.33E+18 1.98E+18 1.33E+18 1.21E+18 1.06E+18 8.94E+17 6.51E+17 5.89E+17 5.94E+17 5.22E+17 4.13E+17 3.93E+17 3.47E+17 2.32E+17 1.96E+17 2.04E+17 1.75E+17 2.21E+17 2.25E+17 2.15E+17 1.63E+17 1.36E+17 2.93E+17 6.58E+16 0.00E+00 0.00E+00 0.00E+00 0.00E+00 0.00E+00 0.00E+00 0.00E+00 0.00E+00 0.00E+00 0.00E+00 0.00E+00 0.00E+00 0.00E+00 0.00E+00 0.00E+00 0.00E+00 0.00E+00 0.00E+00 0.00E+00 0.00E+00
 110.00  2.504  7.10E+20 4.75E+19 9.05E+20 7.33E+17 1.46E+18 3.38E+18 3.30E+18 4.75E+18 5.07E+18 4.65E+18 3.95E+18 2.66E+18 2.42E+18 2.13E+18 1.79E+18 1.30E+18 1.18E+18 1.19E+18 1.04E+18 8.25E+17 7.86E+17 6.93E+17 4.63E+17 3.92E+17 4.07E+17 3.50E+17 4.41E+17 4.49E+17 4.30E+17 3.26E+17 2.71E+17 5.86E+17 1.32E+17 0.00E+00 0.00E+00 0.00E+00 0.00E+00 0.00E+00 0.00E+00 0.00E+00 0.00E+00 0.00E+00 0.00E+00 0.00E+00 0.00E+00 0.00E+00 0.00E+00 0.00E+00 0.00E+00 0.00E+00 0.00E+00 0.00E+00 0.00E+00
 120.00  2.615  1.42E+21 9.50E+19 1.81E+21 1.46E+18 2.92E+18 6.75E+18 6.60E+18 9.49E+18 1.01E+19 9.29E+18 7.90E+18 5.31E+18 4.83E+18 4.25E+18 3.57E+18 2.60E+18 2.35E+18 2.37E+18 2.08E+18 1.65E+18 1.57E+18 1.39E+18 9.26E+17 7.83E+17 8.14E+17 6.99E+17 8.82E+17 8.99E+17 8.60E+17 6.52E+17 5.43E+17 1.17E+18 2.63E+17 0.00E+00 0.00E+00 0.00E+00 0.00E+00 0.00E+00 0.00E+00 0.00E+00 0.00E+00 0.00E+00 0.00E+00 0.00E+00 0.00E+00 0.00E+00 0.00E+00 0.00E+00 0.00E+00 0.00E+00 0.00E+00 0.00E+00 0.00E+00
 130.00  2.722  2.85E+21 1.90E+20 3.61E+21 2.93E+18 5.84E+18 1.35E+19 1.32E+19 1.90E+19 2.03E+19 1.86E+19 1.58E+19 1.06E+19 9.66E+18 8.49E+18 7.14E+18 5.19E+18 4.70E+18 4.74E+18 4.16E+18 3.30E+18 3.14E+18 2.77E+18 1.85E+18 1.57E+18 1.63E+18 1.40E+18 1.76E+18 1.80E+18 1.72E+18 1.30E+18 1.09E+18 2.34E+18 5.26E+17 0.00E+00 0.00E+00 0.00E+00 0.00E+00 0.00E+00 0.00E+00 0.00E+00 0.00E+00 0.00E+00 0.00E+00 0.00E+00 0.00E+00 0.00E+00 0.00E+00 0.00E+00 0.00E+00 0.00E+00 0.00E+00 0.00E+00 0.00E+00
 140.00  2.825  5.69E+21 3.80E+20 7.22E+21 5.84E+18 1.17E+19 2.70E+19 2.63E+19 3.79E+19 4.05E+19 3.71E+19 3.16E+19 2.12E+19 1.93E+19 1.70E+19 1.43E+19 1.04E+19 9.39E+18 9.48E+18 8.32E+18 6.59E+18 6.28E+18 5.54E+18 3.70E+18 3.13E+18 3.25E+18 2.79E+18 3.53E+18 3.59E+18 3.44E+18 2.61E+18 2.17E+18 4.68E+18 1.05E+18 0.00E+00 0.00E+00 0.00E+00 0.00E+00 0.00E+00 0.00E+00 0.00E+00 0.00E+00 0.00E+00 0.00E+00 0.00E+00 0.00E+00 0.00E+00 0.00E+00 0.00E+00 0.00E+00 0.00E+00 0.00E+00 0.00E+00 0.00E+00
 150.00  2.924  1.14E+22 7.58E+20 1.44E+22 1.17E+19 2.33E+19 5.39E+19 5.26E+19 7.58E+19 8.09E+19 7.42E+19 6.31E+19 4.24E+19 3.86E+19 3.39E+19 2.85E+19 2.07E+19 1.88E+19 1.89E+19 1.66E+19 1.32E+19 1.26E+19 1.11E+19 7.40E+18 6.25E+18 6.50E+18 5.59E+18 7.05E+18 7.18E+18 6.87E+18 5.21E+18 4.34E+18 9.37E+18 2.10E+18 0.00E+00 0.00E+00 0.00E+00 0.00E+00 0.00E+00 0.00E+00 0.00E+00 0.00E+00 0.00E+00 0.00E+00 0.00E+00 0.00E+00 0.00E+00 0.00E+00 0.00E+00 0.00E+00 0.00E+00 0.00E+00 0.00E+00 0.00E+00
 160.00  3.020  2.28E+22 1.52E+21 2.89E+22 2.33E+19 4.66E+19 1.08E+20 1.05E+20 1.51E+20 1.62E+20 1.48E+20 1.26E+20 8.47E+19 7.71E+19 6.78E+19 5.70E+19 4.14E+19 3.75E+19 3.79E+19 3.33E+19 2.63E+19 2.51E+19 2.21E+19 1.48E+19 1.25E+19 1.30E+19 1.12E+19 1.41E+19 1.44E+19 1.37E+19 1.04E+19 8.67E+18 1.87E+19 4.21E+18 0.00E+00 0.00E+00 0.00E+00 0.00E+00 0.00E+00 0.00E+00 0.00E+00 0.00E+00 0.00E+00 0.00E+00 0.00E+00 0.00E+00 0.00E+00 0.00E+00 0.00E+00 0.00E+00 0.00E+00 0.00E+00 0.00E+00 0.00E+00
 170.00  3.113  4.55E+22 3.03E+21 5.77E+22 4.66E+19 9.31E+19 2.15E+20 2.10E+20 3.03E+20 3.23E+20 2.96E+20 2.52E+20 1.69E+20 1.54E+20 1.35E+20 1.14E+20 8.28E+19 7.50E+19 7.57E+19 6.65E+19 5.26E+19 5.01E+19 4.42E+19 2.96E+19 2.50E+19 2.60E+19 2.23E+19 2.82E+19 2.87E+19 2.75E+19 2.08E+19 1.73E+19 3.74E+19 8.42E+18 0.00E+00 0.00E+00 0.00E+00 0.00E+00 0.00E+00 0.00E+00 0.00E+00 0.00E+00 0.00E+00 0.00E+00 0.00E+00 0.00E+00 0.00E+00 0.00E+00 0.00E+00 0.00E+00 0.00E+00 0.00E+00 0.00E+00 0.00E+00
 180.00  3.203  9.09E+22 6.05E+21 1.15E+23 9.31E+19 1.86E+20 4.30E+20 4.20E+20 6.05E+20 6.46E+20 5.92E+20 5.03E+20 3.38E+20 3.08E+20 2.71E+20 2.28E+20 1.66E+20 1.50E+20 1.51E+20 1.33E+20 1.05E+20 1.00E+20 8.84E+19 5.91E+19 4.99E+19 5.19E+19 4.46E+19 5.63E+19 5.74E+19 5.49E+19 4.16E+19 3.47E+19 7.49E+19 1.68E+19 0.00E+00 0.00E+00 0.00E+00 0.00E+00 0.00E+00 0.00E+00 0.00E+00 0.00E+00 0.00E+00 0.00E+00 0.00E+00 0.00E+00 0.00E+00 0.00E+00 0.00E+00 0.00E+00 0.00E+00 0.00E+00 0.00E+00 0.00E+00
 190.00  3.291  1.82E+23 1.21E+22 2.30E+23 1.86E+20 3.71E+20 8.59E+20 8.39E+20 1.21E+21 1.29E+21 1.18E+21 1.01E+21 6.76E+20 6.15E+20 5.41E+20 4.55E+20 3.31E+20 3.00E+20 3.02E+20 2.66E+20 2.10E+20 2.00E+20 1.77E+20 1.18E+20 9.98E+19 1.04E+20 8.92E+19 1.13E+20 1.15E+20 1.10E+20 8.33E+19 6.93E+19 1.50E+20 3.37E+19 0.00E+00 0.00E+00 0.00E+00 0.00E+00 0.00E+00 0.00E+00 0.00E+00 0.00E+00 0.00E+00 0.00E+00 0.00E+00 0.00E+00 0.00E+00 0.00E+00 0.00E+00 0.00E+00 0.00E+00 0.00E+00 0.00E+00 0.00E+00
 200.00  3.376  3.63E+23 2.42E+22 4.60E+23 3.72E+20 7.42E+20 1.72E+21 1.68E+21 2.41E+21 2.58E+21 2.36E+21 2.01E+21 1.35E+21 1.23E+21 1.08E+21 9.09E+20 6.61E+20 5.99E+20 6.04E+20 5.31E+20 4.20E+20 4.00E+20 3.53E+20 2.36E+20 2.00E+20 2.08E+20 1.78E+20 2.25E+20 2.29E+20 2.19E+20 1.66E+20 1.39E+20 2.99E+20 6.73E+19 0.00E+00 0.00E+00 0.00E+00 0.00E+00 0.00E+00 0.00E+00 0.00E+00 0.00E+00 0.00E+00 0.00E+00 0.00E+00 0.00E+00 0.00E+00 0.00E+00 0.00E+00 0.00E+00 0.00E+00 0.00E+00 0.00E+00 0.00E+00
 
