                    *********************************************************************************
                    *  Z= 57 A=139: Positive-Parity Spin-dependent Level Density [MeV-1] for LA139  *
                    *********************************************************************************
 U[MeV]  T[MeV]  NCUMUL   RHOOBS   RHOTOT    J=01/2   J=03/2   J=05/2   J=07/2   J=09/2   J=11/2   J=13/2   J=15/2   J=17/2   J=19/2   J=21/2   J=23/2   J=25/2   J=27/2   J=29/2   J=31/2   J=33/2   J=35/2   J=37/2   J=39/2   J=41/2   J=43/2   J=45/2   J=47/2   J=49/2   J=51/2   J=53/2   J=55/2   J=57/2   J=59/2   J=61/2   J=63/2   J=65/2   J=67/2   J=69/2   J=71/2   J=73/2   J=75/2   J=77/2   J=79/2   J=81/2   J=83/2   J=85/2   J=87/2   J=89/2   J=91/2   J=93/2   J=95/2   J=97/2   J=99/2
   0.25  0.141  1.00E+00 5.00E+00 2.80E+01 0.00E+00 2.00E+00 2.00E+00 1.00E+00 0.00E+00 0.00E+00 0.00E+00 0.00E+00 0.00E+00 0.00E+00 0.00E+00 0.00E+00 0.00E+00 0.00E+00 0.00E+00 0.00E+00 0.00E+00 0.00E+00 0.00E+00 0.00E+00 0.00E+00 0.00E+00 0.00E+00 0.00E+00 0.00E+00 0.00E+00 0.00E+00 0.00E+00 0.00E+00 0.00E+00 0.00E+00 0.00E+00 0.00E+00 0.00E+00 0.00E+00 0.00E+00 0.00E+00 0.00E+00 0.00E+00 0.00E+00 0.00E+00 0.00E+00 0.00E+00 0.00E+00 0.00E+00 0.00E+00 0.00E+00 0.00E+00 0.00E+00 0.00E+00
   0.50  0.199  2.00E+00 4.17E+00 2.33E+01 0.00E+00 1.67E+00 1.67E+00 8.33E-01 0.00E+00 0.00E+00 0.00E+00 0.00E+00 0.00E+00 0.00E+00 0.00E+00 0.00E+00 0.00E+00 0.00E+00 0.00E+00 0.00E+00 0.00E+00 0.00E+00 0.00E+00 0.00E+00 0.00E+00 0.00E+00 0.00E+00 0.00E+00 0.00E+00 0.00E+00 0.00E+00 0.00E+00 0.00E+00 0.00E+00 0.00E+00 0.00E+00 0.00E+00 0.00E+00 0.00E+00 0.00E+00 0.00E+00 0.00E+00 0.00E+00 0.00E+00 0.00E+00 0.00E+00 0.00E+00 0.00E+00 0.00E+00 0.00E+00 0.00E+00 0.00E+00 0.00E+00 0.00E+00
   0.75  0.244  3.00E+00 2.86E+00 1.43E+01 0.00E+00 1.43E+00 1.43E+00 0.00E+00 0.00E+00 0.00E+00 0.00E+00 0.00E+00 0.00E+00 0.00E+00 0.00E+00 0.00E+00 0.00E+00 0.00E+00 0.00E+00 0.00E+00 0.00E+00 0.00E+00 0.00E+00 0.00E+00 0.00E+00 0.00E+00 0.00E+00 0.00E+00 0.00E+00 0.00E+00 0.00E+00 0.00E+00 0.00E+00 0.00E+00 0.00E+00 0.00E+00 0.00E+00 0.00E+00 0.00E+00 0.00E+00 0.00E+00 0.00E+00 0.00E+00 0.00E+00 0.00E+00 0.00E+00 0.00E+00 0.00E+00 0.00E+00 0.00E+00 0.00E+00 0.00E+00 0.00E+00 0.00E+00
   1.00  0.281  4.00E+00 1.43E+00 4.29E+00 7.14E-01 7.14E-01 0.00E+00 0.00E+00 0.00E+00 0.00E+00 0.00E+00 0.00E+00 0.00E+00 0.00E+00 0.00E+00 0.00E+00 0.00E+00 0.00E+00 0.00E+00 0.00E+00 0.00E+00 0.00E+00 0.00E+00 0.00E+00 0.00E+00 0.00E+00 0.00E+00 0.00E+00 0.00E+00 0.00E+00 0.00E+00 0.00E+00 0.00E+00 0.00E+00 0.00E+00 0.00E+00 0.00E+00 0.00E+00 0.00E+00 0.00E+00 0.00E+00 0.00E+00 0.00E+00 0.00E+00 0.00E+00 0.00E+00 0.00E+00 0.00E+00 0.00E+00 0.00E+00 0.00E+00 0.00E+00 0.00E+00 0.00E+00
   1.25  0.315  6.00E+00 1.33E+01 1.27E+02 7.14E-01 1.43E+00 2.86E+00 2.86E+00 4.18E-01 7.46E-01 2.18E+00 1.43E+00 7.14E-01 0.00E+00 0.00E+00 0.00E+00 0.00E+00 0.00E+00 0.00E+00 0.00E+00 0.00E+00 0.00E+00 0.00E+00 0.00E+00 0.00E+00 0.00E+00 0.00E+00 0.00E+00 0.00E+00 0.00E+00 0.00E+00 0.00E+00 0.00E+00 0.00E+00 0.00E+00 0.00E+00 0.00E+00 0.00E+00 0.00E+00 0.00E+00 0.00E+00 0.00E+00 0.00E+00 0.00E+00 0.00E+00 0.00E+00 0.00E+00 0.00E+00 0.00E+00 0.00E+00 0.00E+00 0.00E+00 0.00E+00 0.00E+00
   1.50  0.345  1.30E+01 4.28E+01 3.69E+02 7.14E+00 6.43E+00 4.95E+00 4.49E+00 2.56E+00 6.46E+00 6.47E+00 3.57E+00 7.14E-01 0.00E+00 0.00E+00 0.00E+00 0.00E+00 0.00E+00 0.00E+00 0.00E+00 0.00E+00 0.00E+00 0.00E+00 0.00E+00 0.00E+00 0.00E+00 0.00E+00 0.00E+00 0.00E+00 0.00E+00 0.00E+00 0.00E+00 0.00E+00 0.00E+00 0.00E+00 0.00E+00 0.00E+00 0.00E+00 0.00E+00 0.00E+00 0.00E+00 0.00E+00 0.00E+00 0.00E+00 0.00E+00 0.00E+00 0.00E+00 0.00E+00 0.00E+00 0.00E+00 0.00E+00 0.00E+00 0.00E+00 0.00E+00
   1.75  0.372  2.50E+01 5.66E+01 4.91E+02 9.36E+00 6.56E+00 4.95E+00 7.35E+00 7.56E+00 9.32E+00 7.18E+00 3.57E+00 7.14E-01 0.00E+00 0.00E+00 0.00E+00 0.00E+00 0.00E+00 0.00E+00 0.00E+00 0.00E+00 0.00E+00 0.00E+00 0.00E+00 0.00E+00 0.00E+00 0.00E+00 0.00E+00 0.00E+00 0.00E+00 0.00E+00 0.00E+00 0.00E+00 0.00E+00 0.00E+00 0.00E+00 0.00E+00 0.00E+00 0.00E+00 0.00E+00 0.00E+00 0.00E+00 0.00E+00 0.00E+00 0.00E+00 0.00E+00 0.00E+00 0.00E+00 0.00E+00 0.00E+00 0.00E+00 0.00E+00 0.00E+00 0.00E+00
   2.00  0.398  4.10E+01 7.02E+01 5.78E+02 1.22E+01 8.32E+00 9.23E+00 9.49E+00 8.99E+00 9.72E+00 7.18E+00 4.29E+00 7.14E-01 0.00E+00 0.00E+00 0.00E+00 0.00E+00 0.00E+00 0.00E+00 0.00E+00 0.00E+00 0.00E+00 0.00E+00 0.00E+00 0.00E+00 0.00E+00 0.00E+00 0.00E+00 0.00E+00 0.00E+00 0.00E+00 0.00E+00 0.00E+00 0.00E+00 0.00E+00 0.00E+00 0.00E+00 0.00E+00 0.00E+00 0.00E+00 0.00E+00 0.00E+00 0.00E+00 0.00E+00 0.00E+00 0.00E+00 0.00E+00 0.00E+00 0.00E+00 0.00E+00 0.00E+00 0.00E+00 0.00E+00 0.00E+00
   2.25  0.422  6.30E+01 1.09E+02 8.37E+02 2.01E+01 1.55E+01 1.71E+01 1.63E+01 1.22E+01 1.40E+01 9.33E+00 4.29E+00 7.14E-01 0.00E+00 0.00E+00 0.00E+00 0.00E+00 0.00E+00 0.00E+00 0.00E+00 0.00E+00 0.00E+00 0.00E+00 0.00E+00 0.00E+00 0.00E+00 0.00E+00 0.00E+00 0.00E+00 0.00E+00 0.00E+00 0.00E+00 0.00E+00 0.00E+00 0.00E+00 0.00E+00 0.00E+00 0.00E+00 0.00E+00 0.00E+00 0.00E+00 0.00E+00 0.00E+00 0.00E+00 0.00E+00 0.00E+00 0.00E+00 0.00E+00 0.00E+00 0.00E+00 0.00E+00 0.00E+00 0.00E+00 0.00E+00
   2.50  0.445  9.30E+01 1.27E+02 9.83E+02 2.00E+01 1.92E+01 1.99E+01 2.06E+01 1.43E+01 1.47E+01 1.29E+01 4.29E+00 7.14E-01 0.00E+00 0.00E+00 0.00E+00 0.00E+00 0.00E+00 0.00E+00 0.00E+00 0.00E+00 0.00E+00 0.00E+00 0.00E+00 0.00E+00 0.00E+00 0.00E+00 0.00E+00 0.00E+00 0.00E+00 0.00E+00 0.00E+00 0.00E+00 0.00E+00 0.00E+00 0.00E+00 0.00E+00 0.00E+00 0.00E+00 0.00E+00 0.00E+00 0.00E+00 0.00E+00 0.00E+00 0.00E+00 0.00E+00 0.00E+00 0.00E+00 0.00E+00 0.00E+00 0.00E+00 0.00E+00 0.00E+00 0.00E+00
   2.75  0.467  1.25E+02 1.35E+02 1.03E+03 1.75E+01 2.14E+01 2.24E+01 2.33E+01 1.96E+01 1.97E+01 9.29E+00 1.43E+00 0.00E+00 0.00E+00 0.00E+00 0.00E+00 0.00E+00 0.00E+00 0.00E+00 0.00E+00 0.00E+00 0.00E+00 0.00E+00 0.00E+00 0.00E+00 0.00E+00 0.00E+00 0.00E+00 0.00E+00 0.00E+00 0.00E+00 0.00E+00 0.00E+00 0.00E+00 0.00E+00 0.00E+00 0.00E+00 0.00E+00 0.00E+00 0.00E+00 0.00E+00 0.00E+00 0.00E+00 0.00E+00 0.00E+00 0.00E+00 0.00E+00 0.00E+00 0.00E+00 0.00E+00 0.00E+00 0.00E+00 0.00E+00 0.00E+00
   3.00  0.487  1.61E+02 1.49E+02 1.23E+03 1.82E+01 1.85E+01 2.51E+01 3.18E+01 1.89E+01 1.47E+01 1.24E+01 6.43E+00 7.14E-01 0.00E+00 9.18E-01 7.14E-01 7.14E-01 0.00E+00 0.00E+00 0.00E+00 0.00E+00 0.00E+00 0.00E+00 0.00E+00 0.00E+00 0.00E+00 0.00E+00 0.00E+00 0.00E+00 0.00E+00 0.00E+00 0.00E+00 0.00E+00 0.00E+00 0.00E+00 0.00E+00 0.00E+00 0.00E+00 0.00E+00 0.00E+00 0.00E+00 0.00E+00 0.00E+00 0.00E+00 0.00E+00 0.00E+00 0.00E+00 0.00E+00 0.00E+00 0.00E+00 0.00E+00 0.00E+00 0.00E+00 0.00E+00
   3.25  0.507  2.23E+02 3.51E+02 3.68E+03 3.93E+01 4.06E+01 4.14E+01 3.68E+01 4.32E+01 4.11E+01 3.31E+01 1.71E+01 1.21E+01 1.57E+01 1.52E+01 1.07E+01 3.57E+00 7.14E-01 0.00E+00 0.00E+00 0.00E+00 0.00E+00 0.00E+00 0.00E+00 0.00E+00 0.00E+00 0.00E+00 0.00E+00 0.00E+00 0.00E+00 0.00E+00 0.00E+00 0.00E+00 0.00E+00 0.00E+00 0.00E+00 0.00E+00 0.00E+00 0.00E+00 0.00E+00 0.00E+00 0.00E+00 0.00E+00 0.00E+00 0.00E+00 0.00E+00 0.00E+00 0.00E+00 0.00E+00 0.00E+00 0.00E+00 0.00E+00 0.00E+00 0.00E+00
   3.50  0.526  3.44E+02 6.13E+02 6.88E+03 4.31E+01 6.77E+01 6.85E+01 8.18E+01 8.14E+01 5.79E+01 4.16E+01 3.21E+01 4.00E+01 4.64E+01 3.23E+01 1.57E+01 3.57E+00 7.14E-01 0.00E+00 0.00E+00 0.00E+00 0.00E+00 0.00E+00 0.00E+00 0.00E+00 0.00E+00 0.00E+00 0.00E+00 0.00E+00 0.00E+00 0.00E+00 0.00E+00 0.00E+00 0.00E+00 0.00E+00 0.00E+00 0.00E+00 0.00E+00 0.00E+00 0.00E+00 0.00E+00 0.00E+00 0.00E+00 0.00E+00 0.00E+00 0.00E+00 0.00E+00 0.00E+00 0.00E+00 0.00E+00 0.00E+00 0.00E+00 0.00E+00 0.00E+00
   3.75  0.545  5.32E+02 8.96E+02 1.00E+04 5.61E+01 1.05E+02 1.01E+02 1.12E+02 1.01E+02 9.37E+01 7.24E+01 7.00E+01 7.00E+01 5.50E+01 3.66E+01 1.79E+01 4.29E+00 7.14E-01 0.00E+00 0.00E+00 0.00E+00 0.00E+00 0.00E+00 0.00E+00 0.00E+00 0.00E+00 0.00E+00 0.00E+00 0.00E+00 0.00E+00 0.00E+00 0.00E+00 0.00E+00 0.00E+00 0.00E+00 0.00E+00 0.00E+00 0.00E+00 0.00E+00 0.00E+00 0.00E+00 0.00E+00 0.00E+00 0.00E+00 0.00E+00 0.00E+00 0.00E+00 0.00E+00 0.00E+00 0.00E+00 0.00E+00 0.00E+00 0.00E+00 0.00E+00
   4.00  0.563  7.99E+02 1.23E+03 1.35E+04 8.89E+01 1.37E+02 1.32E+02 1.54E+02 1.36E+02 1.46E+02 1.24E+02 9.79E+01 8.00E+01 6.36E+01 4.45E+01 2.21E+01 5.00E+00 7.14E-01 0.00E+00 0.00E+00 0.00E+00 0.00E+00 0.00E+00 0.00E+00 0.00E+00 0.00E+00 0.00E+00 0.00E+00 0.00E+00 0.00E+00 0.00E+00 0.00E+00 0.00E+00 0.00E+00 0.00E+00 0.00E+00 0.00E+00 0.00E+00 0.00E+00 0.00E+00 0.00E+00 0.00E+00 0.00E+00 0.00E+00 0.00E+00 0.00E+00 0.00E+00 0.00E+00 0.00E+00 0.00E+00 0.00E+00 0.00E+00 0.00E+00 0.00E+00
   4.25  0.580  1.19E+03 1.88E+03 2.10E+04 1.20E+02 1.88E+02 1.84E+02 2.19E+02 2.55E+02 2.52E+02 1.95E+02 1.56E+02 1.24E+02 9.57E+01 6.21E+01 2.64E+01 5.71E+00 7.14E-01 0.00E+00 0.00E+00 0.00E+00 0.00E+00 0.00E+00 0.00E+00 0.00E+00 0.00E+00 0.00E+00 0.00E+00 0.00E+00 0.00E+00 0.00E+00 0.00E+00 0.00E+00 0.00E+00 0.00E+00 0.00E+00 0.00E+00 0.00E+00 0.00E+00 0.00E+00 0.00E+00 0.00E+00 0.00E+00 0.00E+00 0.00E+00 0.00E+00 0.00E+00 0.00E+00 0.00E+00 0.00E+00 0.00E+00 0.00E+00 0.00E+00 0.00E+00
   4.50  0.597  1.74E+03 2.50E+03 2.78E+04 1.53E+02 2.60E+02 2.65E+02 3.09E+02 3.13E+02 2.97E+02 2.58E+02 2.15E+02 1.84E+02 1.37E+02 8.00E+01 2.79E+01 5.00E+00 0.00E+00 0.00E+00 0.00E+00 0.00E+00 0.00E+00 0.00E+00 0.00E+00 0.00E+00 0.00E+00 0.00E+00 0.00E+00 0.00E+00 0.00E+00 0.00E+00 0.00E+00 0.00E+00 0.00E+00 0.00E+00 0.00E+00 0.00E+00 0.00E+00 0.00E+00 0.00E+00 0.00E+00 0.00E+00 0.00E+00 0.00E+00 0.00E+00 0.00E+00 0.00E+00 0.00E+00 0.00E+00 0.00E+00 0.00E+00 0.00E+00 0.00E+00 0.00E+00
   4.75  0.613  2.44E+03 3.14E+03 3.45E+04 1.94E+02 3.33E+02 3.77E+02 3.96E+02 3.45E+02 3.48E+02 3.37E+02 3.04E+02 2.31E+02 1.45E+02 7.29E+01 3.29E+01 1.71E+01 4.29E+00 4.14E+00 7.14E-01 7.14E-01 0.00E+00 0.00E+00 0.00E+00 0.00E+00 0.00E+00 0.00E+00 0.00E+00 0.00E+00 0.00E+00 0.00E+00 0.00E+00 0.00E+00 0.00E+00 0.00E+00 0.00E+00 0.00E+00 0.00E+00 0.00E+00 0.00E+00 0.00E+00 0.00E+00 0.00E+00 0.00E+00 0.00E+00 0.00E+00 0.00E+00 0.00E+00 0.00E+00 0.00E+00 0.00E+00 0.00E+00 0.00E+00 0.00E+00
   5.00  0.629  3.34E+03 4.06E+03 4.68E+04 2.39E+02 3.64E+02 4.38E+02 5.03E+02 4.96E+02 4.83E+02 4.36E+02 3.54E+02 2.74E+02 1.97E+02 1.21E+02 5.86E+01 2.93E+01 2.21E+01 2.70E+01 1.07E+01 4.29E+00 7.14E-01 7.14E-01 0.00E+00 0.00E+00 0.00E+00 0.00E+00 0.00E+00 0.00E+00 0.00E+00 0.00E+00 0.00E+00 0.00E+00 0.00E+00 0.00E+00 0.00E+00 0.00E+00 0.00E+00 0.00E+00 0.00E+00 0.00E+00 0.00E+00 0.00E+00 0.00E+00 0.00E+00 0.00E+00 0.00E+00 0.00E+00 0.00E+00 0.00E+00 0.00E+00 0.00E+00 0.00E+00 0.00E+00
   5.50  0.660  6.95E+03 1.04E+04 1.38E+05 3.92E+02 6.91E+02 8.81E+02 1.09E+03 1.15E+03 1.18E+03 1.14E+03 9.95E+02 7.96E+02 5.76E+02 4.08E+02 3.24E+02 2.91E+02 2.19E+02 1.37E+02 6.21E+01 2.00E+01 5.71E+00 7.14E-01 0.00E+00 0.00E+00 0.00E+00 0.00E+00 0.00E+00 0.00E+00 0.00E+00 0.00E+00 0.00E+00 0.00E+00 0.00E+00 0.00E+00 0.00E+00 0.00E+00 0.00E+00 0.00E+00 0.00E+00 0.00E+00 0.00E+00 0.00E+00 0.00E+00 0.00E+00 0.00E+00 0.00E+00 0.00E+00 0.00E+00 0.00E+00 0.00E+00 0.00E+00 0.00E+00 0.00E+00
   6.00  0.689  1.54E+04 2.34E+04 3.27E+05 8.24E+02 1.45E+03 1.84E+03 2.25E+03 2.48E+03 2.54E+03 2.41E+03 2.15E+03 1.91E+03 1.60E+03 1.26E+03 9.37E+02 7.00E+02 4.96E+02 3.09E+02 1.69E+02 6.57E+01 2.79E+01 7.14E+00 2.14E+00 0.00E+00 0.00E+00 0.00E+00 0.00E+00 0.00E+00 0.00E+00 0.00E+00 0.00E+00 0.00E+00 0.00E+00 0.00E+00 0.00E+00 0.00E+00 0.00E+00 0.00E+00 0.00E+00 0.00E+00 0.00E+00 0.00E+00 0.00E+00 0.00E+00 0.00E+00 0.00E+00 0.00E+00 0.00E+00 0.00E+00 0.00E+00 0.00E+00 0.00E+00 0.00E+00
   6.50  0.717  3.37E+04 4.97E+04 6.92E+05 1.53E+03 2.92E+03 3.97E+03 4.81E+03 5.30E+03 5.48E+03 5.25E+03 4.74E+03 4.07E+03 3.31E+03 2.66E+03 2.09E+03 1.56E+03 1.01E+03 5.56E+02 2.51E+02 1.01E+02 4.00E+01 1.07E+01 2.86E+00 0.00E+00 0.00E+00 0.00E+00 0.00E+00 0.00E+00 0.00E+00 0.00E+00 0.00E+00 0.00E+00 0.00E+00 0.00E+00 0.00E+00 0.00E+00 0.00E+00 0.00E+00 0.00E+00 0.00E+00 0.00E+00 0.00E+00 0.00E+00 0.00E+00 0.00E+00 0.00E+00 0.00E+00 0.00E+00 0.00E+00 0.00E+00 0.00E+00 0.00E+00 0.00E+00
   7.00  0.744  6.92E+04 9.24E+04 1.32E+06 2.81E+03 5.13E+03 7.24E+03 8.95E+03 9.71E+03 9.82E+03 9.45E+03 8.68E+03 7.73E+03 6.49E+03 5.15E+03 3.92E+03 2.80E+03 1.85E+03 1.12E+03 6.56E+02 3.86E+02 2.47E+02 1.49E+02 7.86E+01 3.07E+01 1.43E+01 5.00E+00 7.14E-01 0.00E+00 0.00E+00 0.00E+00 0.00E+00 0.00E+00 0.00E+00 0.00E+00 0.00E+00 0.00E+00 0.00E+00 0.00E+00 0.00E+00 0.00E+00 0.00E+00 0.00E+00 0.00E+00 0.00E+00 0.00E+00 0.00E+00 0.00E+00 0.00E+00 0.00E+00 0.00E+00 0.00E+00 0.00E+00 0.00E+00
   7.50  0.770  1.41E+05 1.96E+05 2.92E+06 5.47E+03 1.04E+04 1.46E+04 1.76E+04 1.94E+04 2.00E+04 1.97E+04 1.83E+04 1.63E+04 1.40E+04 1.16E+04 9.01E+03 6.56E+03 4.58E+03 3.12E+03 2.18E+03 1.53E+03 9.76E+02 5.49E+02 2.72E+02 1.09E+02 3.93E+01 9.29E+00 2.14E+00 0.00E+00 0.00E+00 0.00E+00 0.00E+00 0.00E+00 0.00E+00 0.00E+00 0.00E+00 0.00E+00 0.00E+00 0.00E+00 0.00E+00 0.00E+00 0.00E+00 0.00E+00 0.00E+00 0.00E+00 0.00E+00 0.00E+00 0.00E+00 0.00E+00 0.00E+00 0.00E+00 0.00E+00 0.00E+00 0.00E+00
   8.00  0.796  3.11E+05 4.84E+05 7.68E+06 1.19E+04 2.25E+04 3.19E+04 3.93E+04 4.39E+04 4.61E+04 4.61E+04 4.40E+04 4.04E+04 3.53E+04 2.99E+04 2.47E+04 1.96E+04 1.49E+04 1.11E+04 8.09E+03 5.69E+03 3.82E+03 2.33E+03 1.28E+03 6.19E+02 2.56E+02 8.43E+01 2.14E+01 2.14E+00 0.00E+00 0.00E+00 0.00E+00 0.00E+00 0.00E+00 0.00E+00 0.00E+00 0.00E+00 0.00E+00 0.00E+00 0.00E+00 0.00E+00 0.00E+00 0.00E+00 0.00E+00 0.00E+00 0.00E+00 0.00E+00 0.00E+00 0.00E+00 0.00E+00 0.00E+00 0.00E+00 0.00E+00 0.00E+00
   8.50  0.820  6.73E+05 9.65E+05 1.54E+07 2.34E+04 4.42E+04 6.25E+04 7.71E+04 8.68E+04 9.13E+04 9.16E+04 8.76E+04 8.10E+04 7.21E+04 6.16E+04 5.03E+04 3.96E+04 3.04E+04 2.29E+04 1.65E+04 1.12E+04 6.96E+03 3.93E+03 2.02E+03 9.59E+02 4.00E+02 1.46E+02 4.71E+01 1.64E+01 4.29E+00 0.00E+00 0.00E+00 0.00E+00 0.00E+00 0.00E+00 0.00E+00 0.00E+00 0.00E+00 0.00E+00 0.00E+00 0.00E+00 0.00E+00 0.00E+00 0.00E+00 0.00E+00 0.00E+00 0.00E+00 0.00E+00 0.00E+00 0.00E+00 0.00E+00 0.00E+00 0.00E+00 0.00E+00
   9.00  0.844  1.39E+06 1.92E+06 3.11E+07 4.41E+04 8.54E+04 1.21E+05 1.49E+05 1.68E+05 1.79E+05 1.80E+05 1.74E+05 1.61E+05 1.43E+05 1.23E+05 1.03E+05 8.36E+04 6.49E+04 4.85E+04 3.47E+04 2.35E+04 1.50E+04 8.96E+03 5.17E+03 2.88E+03 1.56E+03 8.09E+02 3.99E+02 1.83E+02 8.36E+01 3.43E+01 1.14E+01 5.71E+00 0.00E+00 0.00E+00 0.00E+00 0.00E+00 0.00E+00 0.00E+00 0.00E+00 0.00E+00 0.00E+00 0.00E+00 0.00E+00 0.00E+00 0.00E+00 0.00E+00 0.00E+00 0.00E+00 0.00E+00 0.00E+00 0.00E+00 0.00E+00 0.00E+00
   9.50  0.867  2.82E+06 3.77E+06 6.23E+07 8.34E+04 1.61E+05 2.29E+05 2.84E+05 3.23E+05 3.43E+05 3.46E+05 3.36E+05 3.14E+05 2.82E+05 2.45E+05 2.06E+05 1.68E+05 1.33E+05 1.01E+05 7.33E+04 5.07E+04 3.38E+04 2.20E+04 1.40E+04 8.70E+03 5.11E+03 2.86E+03 1.50E+03 7.17E+02 3.10E+02 1.18E+02 4.00E+01 1.29E+01 0.00E+00 0.00E+00 0.00E+00 0.00E+00 0.00E+00 0.00E+00 0.00E+00 0.00E+00 0.00E+00 0.00E+00 0.00E+00 0.00E+00 0.00E+00 0.00E+00 0.00E+00 0.00E+00 0.00E+00 0.00E+00 0.00E+00 0.00E+00 0.00E+00
  10.00  0.890  5.96E+06 8.80E+06 1.54E+08 1.77E+05 3.43E+05 4.90E+05 6.11E+05 6.98E+05 7.51E+05 7.69E+05 7.56E+05 7.17E+05 6.59E+05 5.87E+05 5.08E+05 4.26E+05 3.46E+05 2.73E+05 2.09E+05 1.55E+05 1.12E+05 7.89E+04 5.44E+04 3.62E+04 2.30E+04 1.36E+04 7.47E+03 3.68E+03 1.61E+03 5.90E+02 1.79E+02 4.43E+01 0.00E+00 0.00E+00 0.00E+00 0.00E+00 0.00E+00 0.00E+00 0.00E+00 0.00E+00 0.00E+00 0.00E+00 0.00E+00 0.00E+00 0.00E+00 0.00E+00 0.00E+00 0.00E+00 0.00E+00 0.00E+00 0.00E+00 0.00E+00 0.00E+00
  11.00  0.933  2.83E+07 3.58E+07 6.41E+08 6.76E+05 1.31E+06 1.88E+06 2.36E+06 2.71E+06 2.94E+06 3.04E+06 3.02E+06 2.90E+06 2.70E+06 2.43E+06 2.13E+06 1.81E+06 1.50E+06 1.20E+06 9.39E+05 7.12E+05 5.22E+05 3.70E+05 2.52E+05 1.64E+05 1.01E+05 5.91E+04 3.28E+04 1.72E+04 8.62E+03 4.33E+03 2.14E+03 1.49E+03 0.00E+00 0.00E+00 0.00E+00 0.00E+00 0.00E+00 0.00E+00 0.00E+00 0.00E+00 0.00E+00 0.00E+00 0.00E+00 0.00E+00 0.00E+00 0.00E+00 0.00E+00 0.00E+00 0.00E+00 0.00E+00 0.00E+00 0.00E+00 0.00E+00
  12.00  0.974  1.21E+08 1.50E+08 2.81E+09 2.59E+06 5.04E+06 7.23E+06 9.09E+06 1.05E+07 1.15E+07 1.20E+07 1.21E+07 1.18E+07 1.11E+07 1.02E+07 9.10E+06 7.92E+06 6.72E+06 5.56E+06 4.49E+06 3.53E+06 2.70E+06 2.01E+06 1.46E+06 1.03E+06 7.05E+05 4.73E+05 3.09E+05 1.96E+05 1.20E+05 7.10E+04 3.92E+04 3.00E+04 0.00E+00 0.00E+00 0.00E+00 0.00E+00 0.00E+00 0.00E+00 0.00E+00 0.00E+00 0.00E+00 0.00E+00 0.00E+00 0.00E+00 0.00E+00 0.00E+00 0.00E+00 0.00E+00 0.00E+00 0.00E+00 0.00E+00 0.00E+00 0.00E+00
  13.00  1.014  4.99E+08 6.07E+08 1.18E+10 9.81E+06 1.92E+07 2.76E+07 3.49E+07 4.06E+07 4.47E+07 4.70E+07 4.77E+07 4.69E+07 4.47E+07 4.15E+07 3.76E+07 3.32E+07 2.86E+07 2.40E+07 1.97E+07 1.58E+07 1.23E+07 9.40E+06 6.98E+06 5.05E+06 3.54E+06 2.41E+06 1.59E+06 1.00E+06 6.06E+05 3.66E+05 2.05E+05 1.69E+05 0.00E+00 0.00E+00 0.00E+00 0.00E+00 0.00E+00 0.00E+00 0.00E+00 0.00E+00 0.00E+00 0.00E+00 0.00E+00 0.00E+00 0.00E+00 0.00E+00 0.00E+00 0.00E+00 0.00E+00 0.00E+00 0.00E+00 0.00E+00 0.00E+00
  14.00  1.053  2.01E+09 2.41E+09 4.84E+10 3.63E+07 7.10E+07 1.03E+08 1.30E+08 1.52E+08 1.68E+08 1.78E+08 1.82E+08 1.81E+08 1.74E+08 1.64E+08 1.50E+08 1.34E+08 1.17E+08 1.01E+08 8.41E+07 6.89E+07 5.52E+07 4.32E+07 3.31E+07 2.48E+07 1.81E+07 1.29E+07 8.94E+06 6.06E+06 4.01E+06 2.76E+06 1.81E+06 1.95E+06 0.00E+00 0.00E+00 0.00E+00 0.00E+00 0.00E+00 0.00E+00 0.00E+00 0.00E+00 0.00E+00 0.00E+00 0.00E+00 0.00E+00 0.00E+00 0.00E+00 0.00E+00 0.00E+00 0.00E+00 0.00E+00 0.00E+00 0.00E+00 0.00E+00
  15.00  1.090  5.40E+09 4.37E+09 8.93E+10 6.37E+07 1.25E+08 1.80E+08 2.29E+08 2.68E+08 2.98E+08 3.17E+08 3.25E+08 3.23E+08 3.13E+08 2.95E+08 2.72E+08 2.45E+08 2.16E+08 1.87E+08 1.58E+08 1.30E+08 1.06E+08 8.37E+07 6.49E+07 4.92E+07 3.65E+07 2.64E+07 1.87E+07 1.29E+07 8.74E+06 6.14E+06 4.08E+06 4.46E+06 0.00E+00 0.00E+00 0.00E+00 0.00E+00 0.00E+00 0.00E+00 0.00E+00 0.00E+00 0.00E+00 0.00E+00 0.00E+00 0.00E+00 0.00E+00 0.00E+00 0.00E+00 0.00E+00 0.00E+00 0.00E+00 0.00E+00 0.00E+00 0.00E+00
  16.00  1.125  1.15E+10 7.93E+09 1.65E+11 1.12E+08 2.19E+08 3.17E+08 4.03E+08 4.73E+08 5.26E+08 5.61E+08 5.78E+08 5.78E+08 5.62E+08 5.34E+08 4.95E+08 4.49E+08 3.98E+08 3.46E+08 2.95E+08 2.47E+08 2.02E+08 1.62E+08 1.27E+08 9.77E+07 7.35E+07 5.42E+07 3.91E+07 2.76E+07 1.90E+07 1.36E+07 9.20E+06 1.02E+07 0.00E+00 0.00E+00 0.00E+00 0.00E+00 0.00E+00 0.00E+00 0.00E+00 0.00E+00 0.00E+00 0.00E+00 0.00E+00 0.00E+00 0.00E+00 0.00E+00 0.00E+00 0.00E+00 0.00E+00 0.00E+00 0.00E+00 0.00E+00 0.00E+00
  17.00  1.160  2.27E+10 1.44E+10 3.06E+11 1.96E+08 3.84E+08 5.57E+08 7.09E+08 8.34E+08 9.31E+08 9.95E+08 1.03E+09 1.03E+09 1.01E+09 9.63E+08 8.99E+08 8.20E+08 7.34E+08 6.43E+08 5.53E+08 4.67E+08 3.86E+08 3.13E+08 2.49E+08 1.94E+08 1.48E+08 1.11E+08 8.17E+07 5.90E+07 4.15E+07 3.03E+07 2.07E+07 2.31E+07 0.00E+00 0.00E+00 0.00E+00 0.00E+00 0.00E+00 0.00E+00 0.00E+00 0.00E+00 0.00E+00 0.00E+00 0.00E+00 0.00E+00 0.00E+00 0.00E+00 0.00E+00 0.00E+00 0.00E+00 0.00E+00 0.00E+00 0.00E+00 0.00E+00
  18.00  1.194  4.30E+10 2.63E+10 5.68E+11 3.44E+08 6.74E+08 9.79E+08 1.25E+09 1.47E+09 1.64E+09 1.76E+09 1.83E+09 1.85E+09 1.81E+09 1.74E+09 1.63E+09 1.50E+09 1.35E+09 1.19E+09 1.04E+09 8.84E+08 7.39E+08 6.06E+08 4.88E+08 3.85E+08 2.99E+08 2.28E+08 1.71E+08 1.26E+08 9.04E+07 6.73E+07 4.68E+07 5.28E+07 0.00E+00 0.00E+00 0.00E+00 0.00E+00 0.00E+00 0.00E+00 0.00E+00 0.00E+00 0.00E+00 0.00E+00 0.00E+00 0.00E+00 0.00E+00 0.00E+00 0.00E+00 0.00E+00 0.00E+00 0.00E+00 0.00E+00 0.00E+00 0.00E+00
  19.00  1.226  8.01E+10 4.79E+10 1.06E+12 6.02E+08 1.18E+09 1.72E+09 2.19E+09 2.59E+09 2.91E+09 3.13E+09 3.26E+09 3.30E+09 3.26E+09 3.14E+09 2.96E+09 2.74E+09 2.49E+09 2.22E+09 1.94E+09 1.67E+09 1.41E+09 1.17E+09 9.56E+08 7.65E+08 6.02E+08 4.67E+08 3.57E+08 2.69E+08 1.97E+08 1.49E+08 1.06E+08 1.20E+08 0.00E+00 0.00E+00 0.00E+00 0.00E+00 0.00E+00 0.00E+00 0.00E+00 0.00E+00 0.00E+00 0.00E+00 0.00E+00 0.00E+00 0.00E+00 0.00E+00 0.00E+00 0.00E+00 0.00E+00 0.00E+00 0.00E+00 0.00E+00 0.00E+00
  20.00  1.258  1.48E+11 8.75E+10 1.97E+12 1.06E+09 2.08E+09 3.02E+09 3.86E+09 4.57E+09 5.14E+09 5.55E+09 5.80E+09 5.90E+09 5.85E+09 5.67E+09 5.38E+09 5.01E+09 4.58E+09 4.12E+09 3.64E+09 3.16E+09 2.70E+09 2.27E+09 1.87E+09 1.52E+09 1.21E+09 9.58E+08 7.46E+08 5.73E+08 4.29E+08 3.32E+08 2.38E+08 2.74E+08 0.00E+00 0.00E+00 0.00E+00 0.00E+00 0.00E+00 0.00E+00 0.00E+00 0.00E+00 0.00E+00 0.00E+00 0.00E+00 0.00E+00 0.00E+00 0.00E+00 0.00E+00 0.00E+00 0.00E+00 0.00E+00 0.00E+00 0.00E+00 0.00E+00
  22.50  1.334  7.56E+11 3.99E+11 9.54E+12 4.30E+09 8.47E+09 1.24E+10 1.58E+10 1.89E+10 2.14E+10 2.32E+10 2.45E+10 2.52E+10 2.53E+10 2.49E+10 2.39E+10 2.26E+10 2.11E+10 1.93E+10 1.75E+10 1.56E+10 1.37E+10 1.18E+10 1.01E+10 8.45E+09 7.01E+09 5.77E+09 4.71E+09 3.82E+09 3.01E+09 2.44E+09 1.82E+09 2.15E+09 0.00E+00 0.00E+00 0.00E+00 0.00E+00 0.00E+00 0.00E+00 0.00E+00 0.00E+00 0.00E+00 0.00E+00 0.00E+00 0.00E+00 0.00E+00 0.00E+00 0.00E+00 0.00E+00 0.00E+00 0.00E+00 0.00E+00 0.00E+00 0.00E+00
  25.00  1.407  3.57E+12 1.85E+12 4.72E+13 1.75E+10 3.46E+10 5.06E+10 6.50E+10 7.79E+10 8.87E+10 9.73E+10 1.04E+11 1.08E+11 1.09E+11 1.09E+11 1.06E+11 1.02E+11 9.70E+10 9.08E+10 8.40E+10 7.68E+10 6.93E+10 6.16E+10 5.41E+10 4.70E+10 4.05E+10 3.47E+10 2.98E+10 2.54E+10 2.11E+10 1.79E+10 1.39E+10 1.69E+10 0.00E+00 0.00E+00 0.00E+00 0.00E+00 0.00E+00 0.00E+00 0.00E+00 0.00E+00 0.00E+00 0.00E+00 0.00E+00 0.00E+00 0.00E+00 0.00E+00 0.00E+00 0.00E+00 0.00E+00 0.00E+00 0.00E+00 0.00E+00 0.00E+00
  30.00  1.541  1.15E+14 4.26E+13 1.27E+15 2.91E+11 5.75E+11 8.46E+11 1.10E+12 1.33E+12 1.53E+12 1.71E+12 1.85E+12 1.96E+12 2.05E+12 2.09E+12 2.10E+12 2.09E+12 2.05E+12 2.00E+12 1.94E+12 1.87E+12 1.77E+12 1.67E+12 1.56E+12 1.45E+12 1.35E+12 1.26E+12 1.19E+12 1.12E+12 1.04E+12 9.70E+11 8.12E+11 1.04E+12 0.00E+00 0.00E+00 0.00E+00 0.00E+00 0.00E+00 0.00E+00 0.00E+00 0.00E+00 0.00E+00 0.00E+00 0.00E+00 0.00E+00 0.00E+00 0.00E+00 0.00E+00 0.00E+00 0.00E+00 0.00E+00 0.00E+00 0.00E+00 0.00E+00
  40.00  1.779  1.75E+17 3.50E+16 1.45E+18 8.00E+13 1.59E+14 2.37E+14 3.11E+14 3.85E+14 4.56E+14 5.25E+14 5.90E+14 6.54E+14 7.15E+14 7.70E+14 8.22E+14 8.71E+14 9.20E+14 9.73E+14 1.03E+15 1.10E+15 1.16E+15 1.23E+15 1.30E+15 1.39E+15 1.50E+15 1.66E+15 1.89E+15 2.21E+15 2.50E+15 2.84E+15 2.77E+15 3.93E+15 0.00E+00 0.00E+00 0.00E+00 0.00E+00 0.00E+00 0.00E+00 0.00E+00 0.00E+00 0.00E+00 0.00E+00 0.00E+00 0.00E+00 0.00E+00 0.00E+00 0.00E+00 0.00E+00 0.00E+00 0.00E+00 0.00E+00 0.00E+00 0.00E+00
  50.00  1.989  7.00E+17 6.99E+16 2.90E+18 1.60E+14 3.18E+14 4.73E+14 6.22E+14 7.69E+14 9.11E+14 1.05E+15 1.18E+15 1.31E+15 1.43E+15 1.54E+15 1.64E+15 1.74E+15 1.84E+15 1.94E+15 2.07E+15 2.20E+15 2.33E+15 2.46E+15 2.60E+15 2.77E+15 2.99E+15 3.31E+15 3.79E+15 4.41E+15 4.99E+15 5.67E+15 5.53E+15 7.86E+15 0.00E+00 0.00E+00 0.00E+00 0.00E+00 0.00E+00 0.00E+00 0.00E+00 0.00E+00 0.00E+00 0.00E+00 0.00E+00 0.00E+00 0.00E+00 0.00E+00 0.00E+00 0.00E+00 0.00E+00 0.00E+00 0.00E+00 0.00E+00 0.00E+00
  60.00  2.179  1.75E+18 1.40E+17 5.79E+18 3.19E+14 6.35E+14 9.45E+14 1.24E+15 1.54E+15 1.82E+15 2.09E+15 2.35E+15 2.61E+15 2.85E+15 3.07E+15 3.28E+15 3.47E+15 3.67E+15 3.89E+15 4.13E+15 4.39E+15 4.65E+15 4.92E+15 5.20E+15 5.54E+15 5.98E+15 6.62E+15 7.57E+15 8.82E+15 9.98E+15 1.13E+16 1.11E+16 1.57E+16 0.00E+00 0.00E+00 0.00E+00 0.00E+00 0.00E+00 0.00E+00 0.00E+00 0.00E+00 0.00E+00 0.00E+00 0.00E+00 0.00E+00 0.00E+00 0.00E+00 0.00E+00 0.00E+00 0.00E+00 0.00E+00 0.00E+00 0.00E+00 0.00E+00
  70.00  2.354  3.84E+18 2.79E+17 1.16E+19 6.36E+14 1.27E+15 1.89E+15 2.48E+15 3.07E+15 3.63E+15 4.18E+15 4.70E+15 5.20E+15 5.69E+15 6.14E+15 6.55E+15 6.94E+15 7.34E+15 7.76E+15 8.25E+15 8.77E+15 9.29E+15 9.83E+15 1.04E+16 1.11E+16 1.20E+16 1.32E+16 1.51E+16 1.76E+16 2.00E+16 2.27E+16 2.21E+16 3.14E+16 0.00E+00 0.00E+00 0.00E+00 0.00E+00 0.00E+00 0.00E+00 0.00E+00 0.00E+00 0.00E+00 0.00E+00 0.00E+00 0.00E+00 0.00E+00 0.00E+00 0.00E+00 0.00E+00 0.00E+00 0.00E+00 0.00E+00 0.00E+00 0.00E+00
  80.00  2.516  8.03E+18 5.58E+17 2.32E+19 1.27E+15 2.53E+15 3.76E+15 4.95E+15 6.12E+15 7.25E+15 8.34E+15 9.39E+15 1.04E+16 1.14E+16 1.23E+16 1.31E+16 1.39E+16 1.47E+16 1.55E+16 1.65E+16 1.75E+16 1.86E+16 1.96E+16 2.08E+16 2.22E+16 2.39E+16 2.65E+16 3.03E+16 3.53E+16 3.99E+16 4.53E+16 4.42E+16 6.28E+16 0.00E+00 0.00E+00 0.00E+00 0.00E+00 0.00E+00 0.00E+00 0.00E+00 0.00E+00 0.00E+00 0.00E+00 0.00E+00 0.00E+00 0.00E+00 0.00E+00 0.00E+00 0.00E+00 0.00E+00 0.00E+00 0.00E+00 0.00E+00 0.00E+00
  90.00  2.669  1.64E+19 1.12E+18 4.63E+19 2.54E+15 5.06E+15 7.52E+15 9.88E+15 1.22E+16 1.45E+16 1.67E+16 1.87E+16 2.08E+16 2.27E+16 2.45E+16 2.61E+16 2.77E+16 2.93E+16 3.10E+16 3.29E+16 3.50E+16 3.71E+16 3.93E+16 4.15E+16 4.43E+16 4.78E+16 5.29E+16 6.05E+16 7.05E+16 7.98E+16 9.07E+16 8.85E+16 1.26E+17 0.00E+00 0.00E+00 0.00E+00 0.00E+00 0.00E+00 0.00E+00 0.00E+00 0.00E+00 0.00E+00 0.00E+00 0.00E+00 0.00E+00 0.00E+00 0.00E+00 0.00E+00 0.00E+00 0.00E+00 0.00E+00 0.00E+00 0.00E+00 0.00E+00
 100.00  2.813  3.31E+19 2.23E+18 9.25E+19 5.06E+15 1.01E+16 1.50E+16 1.97E+16 2.44E+16 2.89E+16 3.33E+16 3.74E+16 4.14E+16 4.54E+16 4.89E+16 5.22E+16 5.53E+16 5.85E+16 6.19E+16 6.58E+16 7.00E+16 7.42E+16 7.85E+16 8.30E+16 8.85E+16 9.55E+16 1.06E+17 1.21E+17 1.41E+17 1.60E+17 1.81E+17 1.77E+17 2.51E+17 0.00E+00 0.00E+00 0.00E+00 0.00E+00 0.00E+00 0.00E+00 0.00E+00 0.00E+00 0.00E+00 0.00E+00 0.00E+00 0.00E+00 0.00E+00 0.00E+00 0.00E+00 0.00E+00 0.00E+00 0.00E+00 0.00E+00 0.00E+00 0.00E+00
 110.00  2.950  6.66E+19 4.46E+18 1.85E+20 1.01E+16 2.02E+16 3.00E+16 3.94E+16 4.87E+16 5.77E+16 6.64E+16 7.48E+16 8.28E+16 9.06E+16 9.77E+16 1.04E+17 1.10E+17 1.17E+17 1.24E+17 1.31E+17 1.40E+17 1.48E+17 1.57E+17 1.66E+17 1.77E+17 1.91E+17 2.12E+17 2.42E+17 2.82E+17 3.19E+17 3.63E+17 3.54E+17 5.03E+17 0.00E+00 0.00E+00 0.00E+00 0.00E+00 0.00E+00 0.00E+00 0.00E+00 0.00E+00 0.00E+00 0.00E+00 0.00E+00 0.00E+00 0.00E+00 0.00E+00 0.00E+00 0.00E+00 0.00E+00 0.00E+00 0.00E+00 0.00E+00 0.00E+00
 120.00  3.082  1.33E+20 8.91E+18 3.70E+20 2.02E+16 4.02E+16 5.98E+16 7.86E+16 9.72E+16 1.15E+17 1.33E+17 1.49E+17 1.65E+17 1.81E+17 1.95E+17 2.08E+17 2.21E+17 2.33E+17 2.47E+17 2.63E+17 2.79E+17 2.96E+17 3.14E+17 3.32E+17 3.54E+17 3.82E+17 4.23E+17 4.84E+17 5.64E+17 6.38E+17 7.25E+17 7.07E+17 1.00E+18 0.00E+00 0.00E+00 0.00E+00 0.00E+00 0.00E+00 0.00E+00 0.00E+00 0.00E+00 0.00E+00 0.00E+00 0.00E+00 0.00E+00 0.00E+00 0.00E+00 0.00E+00 0.00E+00 0.00E+00 0.00E+00 0.00E+00 0.00E+00 0.00E+00
 130.00  3.207  2.67E+20 1.78E+19 7.39E+20 4.03E+16 8.03E+16 1.19E+17 1.57E+17 1.94E+17 2.30E+17 2.65E+17 2.98E+17 3.30E+17 3.61E+17 3.90E+17 4.16E+17 4.41E+17 4.66E+17 4.94E+17 5.25E+17 5.58E+17 5.92E+17 6.27E+17 6.63E+17 7.07E+17 7.63E+17 8.46E+17 9.67E+17 1.13E+18 1.28E+18 1.45E+18 1.41E+18 2.01E+18 0.00E+00 0.00E+00 0.00E+00 0.00E+00 0.00E+00 0.00E+00 0.00E+00 0.00E+00 0.00E+00 0.00E+00 0.00E+00 0.00E+00 0.00E+00 0.00E+00 0.00E+00 0.00E+00 0.00E+00 0.00E+00 0.00E+00 0.00E+00 0.00E+00
 140.00  3.329  5.34E+20 3.56E+19 1.48E+21 8.04E+16 1.60E+17 2.38E+17 3.13E+17 3.88E+17 4.60E+17 5.29E+17 5.95E+17 6.59E+17 7.22E+17 7.78E+17 8.31E+17 8.81E+17 9.32E+17 9.87E+17 1.05E+18 1.12E+18 1.18E+18 1.25E+18 1.32E+18 1.41E+18 1.52E+18 1.69E+18 1.93E+18 2.25E+18 2.55E+18 2.90E+18 2.83E+18 4.02E+18 0.00E+00 0.00E+00 0.00E+00 0.00E+00 0.00E+00 0.00E+00 0.00E+00 0.00E+00 0.00E+00 0.00E+00 0.00E+00 0.00E+00 0.00E+00 0.00E+00 0.00E+00 0.00E+00 0.00E+00 0.00E+00 0.00E+00 0.00E+00 0.00E+00
 150.00  3.445  1.07E+21 7.11E+19 2.95E+21 1.61E+17 3.20E+17 4.76E+17 6.26E+17 7.74E+17 9.17E+17 1.06E+18 1.19E+18 1.32E+18 1.44E+18 1.55E+18 1.66E+18 1.76E+18 1.86E+18 1.97E+18 2.10E+18 2.23E+18 2.36E+18 2.50E+18 2.65E+18 2.83E+18 3.05E+18 3.38E+18 3.86E+18 4.51E+18 5.10E+18 5.80E+18 5.66E+18 8.04E+18 0.00E+00 0.00E+00 0.00E+00 0.00E+00 0.00E+00 0.00E+00 0.00E+00 0.00E+00 0.00E+00 0.00E+00 0.00E+00 0.00E+00 0.00E+00 0.00E+00 0.00E+00 0.00E+00 0.00E+00 0.00E+00 0.00E+00 0.00E+00 0.00E+00
 160.00  3.558  2.13E+21 1.42E+20 5.91E+21 3.20E+17 6.39E+17 9.50E+17 1.25E+18 1.55E+18 1.83E+18 2.11E+18 2.37E+18 2.63E+18 2.88E+18 3.10E+18 3.32E+18 3.51E+18 3.72E+18 3.94E+18 4.19E+18 4.46E+18 4.73E+18 5.00E+18 5.29E+18 5.65E+18 6.09E+18 6.76E+18 7.73E+18 9.01E+18 1.02E+19 1.16E+19 1.13E+19 1.61E+19 0.00E+00 0.00E+00 0.00E+00 0.00E+00 0.00E+00 0.00E+00 0.00E+00 0.00E+00 0.00E+00 0.00E+00 0.00E+00 0.00E+00 0.00E+00 0.00E+00 0.00E+00 0.00E+00 0.00E+00 0.00E+00 0.00E+00 0.00E+00 0.00E+00
 170.00  3.668  4.27E+21 2.84E+20 1.18E+22 6.40E+17 1.28E+18 1.90E+18 2.49E+18 3.09E+18 3.66E+18 4.21E+18 4.74E+18 5.25E+18 5.75E+18 6.20E+18 6.62E+18 7.02E+18 7.43E+18 7.87E+18 8.37E+18 8.90E+18 9.45E+18 1.00E+19 1.06E+19 1.13E+19 1.22E+19 1.35E+19 1.54E+19 1.80E+19 2.04E+19 2.32E+19 2.26E+19 3.21E+19 0.00E+00 0.00E+00 0.00E+00 0.00E+00 0.00E+00 0.00E+00 0.00E+00 0.00E+00 0.00E+00 0.00E+00 0.00E+00 0.00E+00 0.00E+00 0.00E+00 0.00E+00 0.00E+00 0.00E+00 0.00E+00 0.00E+00 0.00E+00 0.00E+00
 180.00  3.774  8.53E+21 5.68E+20 2.36E+22 1.28E+18 2.55E+18 3.79E+18 4.98E+18 6.16E+18 7.30E+18 8.41E+18 9.46E+18 1.05E+19 1.15E+19 1.24E+19 1.32E+19 1.40E+19 1.48E+19 1.57E+19 1.67E+19 1.78E+19 1.89E+19 2.00E+19 2.11E+19 2.26E+19 2.44E+19 2.70E+19 3.09E+19 3.60E+19 4.08E+19 4.63E+19 4.52E+19 6.43E+19 0.00E+00 0.00E+00 0.00E+00 0.00E+00 0.00E+00 0.00E+00 0.00E+00 0.00E+00 0.00E+00 0.00E+00 0.00E+00 0.00E+00 0.00E+00 0.00E+00 0.00E+00 0.00E+00 0.00E+00 0.00E+00 0.00E+00 0.00E+00 0.00E+00
 190.00  3.878  1.70E+22 1.14E+21 4.72E+22 2.55E+18 5.09E+18 7.56E+18 9.94E+18 1.23E+19 1.46E+19 1.68E+19 1.89E+19 2.09E+19 2.29E+19 2.47E+19 2.64E+19 2.80E+19 2.97E+19 3.14E+19 3.34E+19 3.56E+19 3.77E+19 3.99E+19 4.23E+19 4.51E+19 4.87E+19 5.40E+19 6.18E+19 7.21E+19 8.16E+19 9.27E+19 9.04E+19 1.29E+20 0.00E+00 0.00E+00 0.00E+00 0.00E+00 0.00E+00 0.00E+00 0.00E+00 0.00E+00 0.00E+00 0.00E+00 0.00E+00 0.00E+00 0.00E+00 0.00E+00 0.00E+00 0.00E+00 0.00E+00 0.00E+00 0.00E+00 0.00E+00 0.00E+00
 200.00  3.978  3.41E+22 2.27E+21 9.44E+22 5.09E+18 1.02E+19 1.51E+19 1.98E+19 2.46E+19 2.91E+19 3.35E+19 3.77E+19 4.18E+19 4.58E+19 4.94E+19 5.28E+19 5.60E+19 5.92E+19 6.28E+19 6.68E+19 7.11E+19 7.54E+19 7.98E+19 8.45E+19 9.02E+19 9.73E+19 1.08E+20 1.23E+20 1.44E+20 1.63E+20 1.85E+20 1.81E+20 2.57E+20 0.00E+00 0.00E+00 0.00E+00 0.00E+00 0.00E+00 0.00E+00 0.00E+00 0.00E+00 0.00E+00 0.00E+00 0.00E+00 0.00E+00 0.00E+00 0.00E+00 0.00E+00 0.00E+00 0.00E+00 0.00E+00 0.00E+00 0.00E+00 0.00E+00
 
                    *********************************************************************************
                    *  Z= 57 A=139: Negative-parity Spin-dependent Level Density [MeV-1] for LA139  *
                    *********************************************************************************
 U[MeV]  T[MeV]  NCUMUL   RHOOBS   RHOTOT    J=01/2   J=03/2   J=05/2   J=07/2   J=09/2   J=11/2   J=13/2   J=15/2   J=17/2   J=19/2   J=21/2   J=23/2   J=25/2   J=27/2   J=29/2   J=31/2   J=33/2   J=35/2   J=37/2   J=39/2   J=41/2   J=43/2   J=45/2   J=47/2   J=49/2   J=51/2   J=53/2   J=55/2   J=57/2   J=59/2   J=61/2   J=63/2   J=65/2   J=67/2   J=69/2   J=71/2   J=73/2   J=75/2   J=77/2   J=79/2   J=81/2   J=83/2   J=85/2   J=87/2   J=89/2   J=91/2   J=93/2   J=95/2   J=97/2   J=99/2
   0.25  0.141  1.00E+00 0.00E+00 0.00E+00 0.00E+00 0.00E+00 0.00E+00 0.00E+00 0.00E+00 0.00E+00 0.00E+00 0.00E+00 0.00E+00 0.00E+00 0.00E+00 0.00E+00 0.00E+00 0.00E+00 0.00E+00 0.00E+00 0.00E+00 0.00E+00 0.00E+00 0.00E+00 0.00E+00 0.00E+00 0.00E+00 0.00E+00 0.00E+00 0.00E+00 0.00E+00 0.00E+00 0.00E+00 0.00E+00 0.00E+00 0.00E+00 0.00E+00 0.00E+00 0.00E+00 0.00E+00 0.00E+00 0.00E+00 0.00E+00 0.00E+00 0.00E+00 0.00E+00 0.00E+00 0.00E+00 0.00E+00 0.00E+00 0.00E+00 0.00E+00 0.00E+00 0.00E+00
   0.50  0.199  1.00E+00 0.00E+00 0.00E+00 0.00E+00 0.00E+00 0.00E+00 0.00E+00 0.00E+00 0.00E+00 0.00E+00 0.00E+00 0.00E+00 0.00E+00 0.00E+00 0.00E+00 0.00E+00 0.00E+00 0.00E+00 0.00E+00 0.00E+00 0.00E+00 0.00E+00 0.00E+00 0.00E+00 0.00E+00 0.00E+00 0.00E+00 0.00E+00 0.00E+00 0.00E+00 0.00E+00 0.00E+00 0.00E+00 0.00E+00 0.00E+00 0.00E+00 0.00E+00 0.00E+00 0.00E+00 0.00E+00 0.00E+00 0.00E+00 0.00E+00 0.00E+00 0.00E+00 0.00E+00 0.00E+00 0.00E+00 0.00E+00 0.00E+00 0.00E+00 0.00E+00 0.00E+00
   0.75  0.244  1.00E+00 0.00E+00 0.00E+00 0.00E+00 0.00E+00 0.00E+00 0.00E+00 0.00E+00 0.00E+00 0.00E+00 0.00E+00 0.00E+00 0.00E+00 0.00E+00 0.00E+00 0.00E+00 0.00E+00 0.00E+00 0.00E+00 0.00E+00 0.00E+00 0.00E+00 0.00E+00 0.00E+00 0.00E+00 0.00E+00 0.00E+00 0.00E+00 0.00E+00 0.00E+00 0.00E+00 0.00E+00 0.00E+00 0.00E+00 0.00E+00 0.00E+00 0.00E+00 0.00E+00 0.00E+00 0.00E+00 0.00E+00 0.00E+00 0.00E+00 0.00E+00 0.00E+00 0.00E+00 0.00E+00 0.00E+00 0.00E+00 0.00E+00 0.00E+00 0.00E+00 0.00E+00
   1.00  0.281  1.00E+00 0.00E+00 0.00E+00 0.00E+00 0.00E+00 0.00E+00 0.00E+00 0.00E+00 0.00E+00 0.00E+00 0.00E+00 0.00E+00 0.00E+00 0.00E+00 0.00E+00 0.00E+00 0.00E+00 0.00E+00 0.00E+00 0.00E+00 0.00E+00 0.00E+00 0.00E+00 0.00E+00 0.00E+00 0.00E+00 0.00E+00 0.00E+00 0.00E+00 0.00E+00 0.00E+00 0.00E+00 0.00E+00 0.00E+00 0.00E+00 0.00E+00 0.00E+00 0.00E+00 0.00E+00 0.00E+00 0.00E+00 0.00E+00 0.00E+00 0.00E+00 0.00E+00 0.00E+00 0.00E+00 0.00E+00 0.00E+00 0.00E+00 0.00E+00 0.00E+00 0.00E+00
   1.25  0.315  1.00E+00 0.00E+00 0.00E+00 0.00E+00 0.00E+00 0.00E+00 0.00E+00 0.00E+00 0.00E+00 0.00E+00 0.00E+00 0.00E+00 0.00E+00 0.00E+00 0.00E+00 0.00E+00 0.00E+00 0.00E+00 0.00E+00 0.00E+00 0.00E+00 0.00E+00 0.00E+00 0.00E+00 0.00E+00 0.00E+00 0.00E+00 0.00E+00 0.00E+00 0.00E+00 0.00E+00 0.00E+00 0.00E+00 0.00E+00 0.00E+00 0.00E+00 0.00E+00 0.00E+00 0.00E+00 0.00E+00 0.00E+00 0.00E+00 0.00E+00 0.00E+00 0.00E+00 0.00E+00 0.00E+00 0.00E+00 0.00E+00 0.00E+00 0.00E+00 0.00E+00 0.00E+00
   1.50  0.345  1.00E+00 1.45E+00 1.59E+01 0.00E+00 0.00E+00 0.00E+00 0.00E+00 7.36E-01 7.14E-01 0.00E+00 0.00E+00 0.00E+00 0.00E+00 0.00E+00 0.00E+00 0.00E+00 0.00E+00 0.00E+00 0.00E+00 0.00E+00 0.00E+00 0.00E+00 0.00E+00 0.00E+00 0.00E+00 0.00E+00 0.00E+00 0.00E+00 0.00E+00 0.00E+00 0.00E+00 0.00E+00 0.00E+00 0.00E+00 0.00E+00 0.00E+00 0.00E+00 0.00E+00 0.00E+00 0.00E+00 0.00E+00 0.00E+00 0.00E+00 0.00E+00 0.00E+00 0.00E+00 0.00E+00 0.00E+00 0.00E+00 0.00E+00 0.00E+00 0.00E+00 0.00E+00
   1.75  0.372  2.00E+00 5.12E+00 3.99E+01 2.14E+00 0.00E+00 0.00E+00 0.00E+00 8.02E-01 1.47E+00 7.14E-01 0.00E+00 0.00E+00 0.00E+00 0.00E+00 0.00E+00 0.00E+00 0.00E+00 0.00E+00 0.00E+00 0.00E+00 0.00E+00 0.00E+00 0.00E+00 0.00E+00 0.00E+00 0.00E+00 0.00E+00 0.00E+00 0.00E+00 0.00E+00 0.00E+00 0.00E+00 0.00E+00 0.00E+00 0.00E+00 0.00E+00 0.00E+00 0.00E+00 0.00E+00 0.00E+00 0.00E+00 0.00E+00 0.00E+00 0.00E+00 0.00E+00 0.00E+00 0.00E+00 0.00E+00 0.00E+00 0.00E+00 0.00E+00 0.00E+00 0.00E+00
   2.00  0.398  3.00E+00 6.55E+00 5.56E+01 2.14E+00 0.00E+00 0.00E+00 0.00E+00 1.52E+00 2.18E+00 7.14E-01 0.00E+00 0.00E+00 0.00E+00 0.00E+00 0.00E+00 0.00E+00 0.00E+00 0.00E+00 0.00E+00 0.00E+00 0.00E+00 0.00E+00 0.00E+00 0.00E+00 0.00E+00 0.00E+00 0.00E+00 0.00E+00 0.00E+00 0.00E+00 0.00E+00 0.00E+00 0.00E+00 0.00E+00 0.00E+00 0.00E+00 0.00E+00 0.00E+00 0.00E+00 0.00E+00 0.00E+00 0.00E+00 0.00E+00 0.00E+00 0.00E+00 0.00E+00 0.00E+00 0.00E+00 0.00E+00 0.00E+00 0.00E+00 0.00E+00 0.00E+00
   2.25  0.422  5.00E+00 6.55E+00 5.56E+01 2.14E+00 0.00E+00 0.00E+00 0.00E+00 1.52E+00 2.18E+00 7.14E-01 0.00E+00 0.00E+00 0.00E+00 0.00E+00 0.00E+00 0.00E+00 0.00E+00 0.00E+00 0.00E+00 0.00E+00 0.00E+00 0.00E+00 0.00E+00 0.00E+00 0.00E+00 0.00E+00 0.00E+00 0.00E+00 0.00E+00 0.00E+00 0.00E+00 0.00E+00 0.00E+00 0.00E+00 0.00E+00 0.00E+00 0.00E+00 0.00E+00 0.00E+00 0.00E+00 0.00E+00 0.00E+00 0.00E+00 0.00E+00 0.00E+00 0.00E+00 0.00E+00 0.00E+00 0.00E+00 0.00E+00 0.00E+00 0.00E+00 0.00E+00
   2.50  0.445  7.00E+00 1.42E+01 1.23E+02 4.29E+00 1.43E+00 2.33E-01 7.14E-01 2.23E+00 2.33E+00 7.14E-01 7.14E-01 8.05E-01 0.00E+00 7.14E-01 0.00E+00 0.00E+00 0.00E+00 0.00E+00 0.00E+00 0.00E+00 0.00E+00 0.00E+00 0.00E+00 0.00E+00 0.00E+00 0.00E+00 0.00E+00 0.00E+00 0.00E+00 0.00E+00 0.00E+00 0.00E+00 0.00E+00 0.00E+00 0.00E+00 0.00E+00 0.00E+00 0.00E+00 0.00E+00 0.00E+00 0.00E+00 0.00E+00 0.00E+00 0.00E+00 0.00E+00 0.00E+00 0.00E+00 0.00E+00 0.00E+00 0.00E+00 0.00E+00 0.00E+00 0.00E+00
   2.75  0.467  2.00E+01 8.46E+01 9.61E+02 1.25E+01 9.37E+00 6.66E+00 5.00E+00 7.20E+00 4.47E+00 8.57E+00 1.00E+01 8.66E+00 6.43E+00 4.29E+00 1.43E+00 0.00E+00 0.00E+00 0.00E+00 0.00E+00 0.00E+00 0.00E+00 0.00E+00 0.00E+00 0.00E+00 0.00E+00 0.00E+00 0.00E+00 0.00E+00 0.00E+00 0.00E+00 0.00E+00 0.00E+00 0.00E+00 0.00E+00 0.00E+00 0.00E+00 0.00E+00 0.00E+00 0.00E+00 0.00E+00 0.00E+00 0.00E+00 0.00E+00 0.00E+00 0.00E+00 0.00E+00 0.00E+00 0.00E+00 0.00E+00 0.00E+00 0.00E+00 0.00E+00 0.00E+00
   3.00  0.487  4.60E+01 1.23E+02 1.41E+03 1.44E+01 1.30E+01 7.38E+00 8.91E+00 1.08E+01 1.38E+01 1.57E+01 1.43E+01 1.22E+01 7.14E+00 4.29E+00 1.43E+00 0.00E+00 0.00E+00 0.00E+00 0.00E+00 0.00E+00 0.00E+00 0.00E+00 0.00E+00 0.00E+00 0.00E+00 0.00E+00 0.00E+00 0.00E+00 0.00E+00 0.00E+00 0.00E+00 0.00E+00 0.00E+00 0.00E+00 0.00E+00 0.00E+00 0.00E+00 0.00E+00 0.00E+00 0.00E+00 0.00E+00 0.00E+00 0.00E+00 0.00E+00 0.00E+00 0.00E+00 0.00E+00 0.00E+00 0.00E+00 0.00E+00 0.00E+00 0.00E+00 0.00E+00
   3.25  0.507  7.70E+01 1.31E+02 1.49E+03 1.53E+01 1.40E+01 9.52E+00 1.03E+01 1.14E+01 1.27E+01 1.57E+01 1.43E+01 1.37E+01 7.86E+00 5.00E+00 1.43E+00 0.00E+00 0.00E+00 0.00E+00 0.00E+00 0.00E+00 0.00E+00 0.00E+00 0.00E+00 0.00E+00 0.00E+00 0.00E+00 0.00E+00 0.00E+00 0.00E+00 0.00E+00 0.00E+00 0.00E+00 0.00E+00 0.00E+00 0.00E+00 0.00E+00 0.00E+00 0.00E+00 0.00E+00 0.00E+00 0.00E+00 0.00E+00 0.00E+00 0.00E+00 0.00E+00 0.00E+00 0.00E+00 0.00E+00 0.00E+00 0.00E+00 0.00E+00 0.00E+00 0.00E+00
   3.50  0.526  1.15E+02 1.68E+02 1.86E+03 1.82E+01 2.11E+01 1.30E+01 1.28E+01 1.71E+01 1.70E+01 1.77E+01 1.64E+01 1.73E+01 1.00E+01 5.71E+00 1.43E+00 0.00E+00 0.00E+00 0.00E+00 0.00E+00 0.00E+00 0.00E+00 0.00E+00 0.00E+00 0.00E+00 0.00E+00 0.00E+00 0.00E+00 0.00E+00 0.00E+00 0.00E+00 0.00E+00 0.00E+00 0.00E+00 0.00E+00 0.00E+00 0.00E+00 0.00E+00 0.00E+00 0.00E+00 0.00E+00 0.00E+00 0.00E+00 0.00E+00 0.00E+00 0.00E+00 0.00E+00 0.00E+00 0.00E+00 0.00E+00 0.00E+00 0.00E+00 0.00E+00 0.00E+00
   3.75  0.545  1.66E+02 2.40E+02 2.62E+03 2.42E+01 2.67E+01 2.56E+01 2.13E+01 2.94E+01 2.18E+01 2.34E+01 2.14E+01 2.09E+01 1.50E+01 8.57E+00 2.14E+00 0.00E+00 0.00E+00 0.00E+00 0.00E+00 0.00E+00 0.00E+00 0.00E+00 0.00E+00 0.00E+00 0.00E+00 0.00E+00 0.00E+00 0.00E+00 0.00E+00 0.00E+00 0.00E+00 0.00E+00 0.00E+00 0.00E+00 0.00E+00 0.00E+00 0.00E+00 0.00E+00 0.00E+00 0.00E+00 0.00E+00 0.00E+00 0.00E+00 0.00E+00 0.00E+00 0.00E+00 0.00E+00 0.00E+00 0.00E+00 0.00E+00 0.00E+00 0.00E+00 0.00E+00
   4.00  0.563  2.31E+02 2.78E+02 2.90E+03 2.77E+01 3.73E+01 2.99E+01 2.92E+01 3.38E+01 2.54E+01 2.20E+01 2.43E+01 2.43E+01 1.64E+01 7.14E+00 7.14E-01 0.00E+00 0.00E+00 0.00E+00 0.00E+00 0.00E+00 0.00E+00 0.00E+00 0.00E+00 0.00E+00 0.00E+00 0.00E+00 0.00E+00 0.00E+00 0.00E+00 0.00E+00 0.00E+00 0.00E+00 0.00E+00 0.00E+00 0.00E+00 0.00E+00 0.00E+00 0.00E+00 0.00E+00 0.00E+00 0.00E+00 0.00E+00 0.00E+00 0.00E+00 0.00E+00 0.00E+00 0.00E+00 0.00E+00 0.00E+00 0.00E+00 0.00E+00 0.00E+00 0.00E+00
   4.25  0.580  3.08E+02 3.44E+02 3.50E+03 3.23E+01 4.03E+01 4.43E+01 4.13E+01 5.08E+01 3.04E+01 3.06E+01 2.71E+01 2.22E+01 1.21E+01 7.86E+00 2.14E+00 1.43E+00 7.14E-01 7.14E-01 0.00E+00 0.00E+00 0.00E+00 0.00E+00 0.00E+00 0.00E+00 0.00E+00 0.00E+00 0.00E+00 0.00E+00 0.00E+00 0.00E+00 0.00E+00 0.00E+00 0.00E+00 0.00E+00 0.00E+00 0.00E+00 0.00E+00 0.00E+00 0.00E+00 0.00E+00 0.00E+00 0.00E+00 0.00E+00 0.00E+00 0.00E+00 0.00E+00 0.00E+00 0.00E+00 0.00E+00 0.00E+00 0.00E+00 0.00E+00 0.00E+00
   4.50  0.597  4.55E+02 8.27E+02 1.08E+04 4.87E+01 4.46E+01 6.71E+01 8.45E+01 1.07E+02 9.97E+01 9.06E+01 7.29E+01 5.65E+01 4.50E+01 3.86E+01 2.71E+01 1.71E+01 1.14E+01 1.07E+01 5.00E+00 1.43E+00 0.00E+00 0.00E+00 0.00E+00 0.00E+00 0.00E+00 0.00E+00 0.00E+00 0.00E+00 0.00E+00 0.00E+00 0.00E+00 0.00E+00 0.00E+00 0.00E+00 0.00E+00 0.00E+00 0.00E+00 0.00E+00 0.00E+00 0.00E+00 0.00E+00 0.00E+00 0.00E+00 0.00E+00 0.00E+00 0.00E+00 0.00E+00 0.00E+00 0.00E+00 0.00E+00 0.00E+00 0.00E+00 0.00E+00
   4.75  0.613  9.00E+02 2.74E+03 3.92E+04 1.28E+02 1.21E+02 1.80E+02 2.46E+02 3.11E+02 2.99E+02 2.65E+02 2.31E+02 2.13E+02 1.94E+02 1.73E+02 1.49E+02 1.12E+02 7.00E+01 3.29E+01 1.00E+01 1.43E+00 0.00E+00 0.00E+00 0.00E+00 0.00E+00 0.00E+00 0.00E+00 0.00E+00 0.00E+00 0.00E+00 0.00E+00 0.00E+00 0.00E+00 0.00E+00 0.00E+00 0.00E+00 0.00E+00 0.00E+00 0.00E+00 0.00E+00 0.00E+00 0.00E+00 0.00E+00 0.00E+00 0.00E+00 0.00E+00 0.00E+00 0.00E+00 0.00E+00 0.00E+00 0.00E+00 0.00E+00 0.00E+00 0.00E+00
   5.00  0.629  1.67E+03 3.45E+03 4.85E+04 1.78E+02 1.79E+02 2.54E+02 3.29E+02 3.59E+02 3.25E+02 3.08E+02 3.09E+02 2.93E+02 2.63E+02 2.26E+02 1.80E+02 1.26E+02 7.36E+01 3.29E+01 1.00E+01 1.43E+00 0.00E+00 0.00E+00 0.00E+00 0.00E+00 0.00E+00 0.00E+00 0.00E+00 0.00E+00 0.00E+00 0.00E+00 0.00E+00 0.00E+00 0.00E+00 0.00E+00 0.00E+00 0.00E+00 0.00E+00 0.00E+00 0.00E+00 0.00E+00 0.00E+00 0.00E+00 0.00E+00 0.00E+00 0.00E+00 0.00E+00 0.00E+00 0.00E+00 0.00E+00 0.00E+00 0.00E+00 0.00E+00 0.00E+00
   5.50  0.660  4.11E+03 6.31E+03 8.92E+04 2.41E+02 3.19E+02 4.22E+02 5.44E+02 6.36E+02 6.72E+02 6.98E+02 6.66E+02 5.81E+02 4.81E+02 3.87E+02 2.93E+02 1.91E+02 1.11E+02 5.00E+01 1.36E+01 2.14E+00 0.00E+00 0.00E+00 0.00E+00 0.00E+00 0.00E+00 0.00E+00 0.00E+00 0.00E+00 0.00E+00 0.00E+00 0.00E+00 0.00E+00 0.00E+00 0.00E+00 0.00E+00 0.00E+00 0.00E+00 0.00E+00 0.00E+00 0.00E+00 0.00E+00 0.00E+00 0.00E+00 0.00E+00 0.00E+00 0.00E+00 0.00E+00 0.00E+00 0.00E+00 0.00E+00 0.00E+00 0.00E+00 0.00E+00
   6.00  0.689  8.45E+03 1.10E+04 1.54E+05 4.06E+02 5.94E+02 7.48E+02 9.46E+02 1.15E+03 1.24E+03 1.24E+03 1.15E+03 1.03E+03 8.61E+02 6.69E+02 4.84E+02 2.96E+02 1.49E+02 5.64E+01 1.43E+01 2.14E+00 0.00E+00 0.00E+00 0.00E+00 0.00E+00 0.00E+00 0.00E+00 0.00E+00 0.00E+00 0.00E+00 0.00E+00 0.00E+00 0.00E+00 0.00E+00 0.00E+00 0.00E+00 0.00E+00 0.00E+00 0.00E+00 0.00E+00 0.00E+00 0.00E+00 0.00E+00 0.00E+00 0.00E+00 0.00E+00 0.00E+00 0.00E+00 0.00E+00 0.00E+00 0.00E+00 0.00E+00 0.00E+00 0.00E+00
   6.50  0.717  1.84E+04 2.88E+04 4.41E+05 8.91E+02 1.54E+03 1.85E+03 2.28E+03 2.54E+03 2.74E+03 2.84E+03 2.77E+03 2.62E+03 2.25E+03 1.79E+03 1.38E+03 1.03E+03 7.55E+02 5.46E+02 3.64E+02 2.58E+02 1.69E+02 9.00E+01 3.93E+01 1.07E+01 1.43E+00 0.00E+00 0.00E+00 0.00E+00 0.00E+00 0.00E+00 0.00E+00 0.00E+00 0.00E+00 0.00E+00 0.00E+00 0.00E+00 0.00E+00 0.00E+00 0.00E+00 0.00E+00 0.00E+00 0.00E+00 0.00E+00 0.00E+00 0.00E+00 0.00E+00 0.00E+00 0.00E+00 0.00E+00 0.00E+00 0.00E+00 0.00E+00 0.00E+00
   7.00  0.744  4.52E+04 7.84E+04 1.25E+06 1.84E+03 3.42E+03 4.76E+03 6.03E+03 6.98E+03 7.59E+03 7.74E+03 7.50E+03 6.83E+03 5.91E+03 5.02E+03 4.18E+03 3.32E+03 2.56E+03 1.89E+03 1.30E+03 8.11E+02 4.36E+02 1.94E+02 6.36E+01 1.29E+01 1.43E+00 0.00E+00 0.00E+00 0.00E+00 0.00E+00 0.00E+00 0.00E+00 0.00E+00 0.00E+00 0.00E+00 0.00E+00 0.00E+00 0.00E+00 0.00E+00 0.00E+00 0.00E+00 0.00E+00 0.00E+00 0.00E+00 0.00E+00 0.00E+00 0.00E+00 0.00E+00 0.00E+00 0.00E+00 0.00E+00 0.00E+00 0.00E+00 0.00E+00
   7.50  0.770  1.08E+05 1.75E+05 2.75E+06 4.27E+03 7.80E+03 1.11E+04 1.39E+04 1.56E+04 1.65E+04 1.66E+04 1.62E+04 1.54E+04 1.37E+04 1.17E+04 9.55E+03 7.47E+03 5.54E+03 3.89E+03 2.54E+03 1.52E+03 7.96E+02 3.41E+02 1.05E+02 2.29E+01 2.14E+00 0.00E+00 0.00E+00 0.00E+00 0.00E+00 0.00E+00 0.00E+00 0.00E+00 0.00E+00 0.00E+00 0.00E+00 0.00E+00 0.00E+00 0.00E+00 0.00E+00 0.00E+00 0.00E+00 0.00E+00 0.00E+00 0.00E+00 0.00E+00 0.00E+00 0.00E+00 0.00E+00 0.00E+00 0.00E+00 0.00E+00 0.00E+00 0.00E+00
   8.00  0.796  2.33E+05 3.24E+05 5.08E+06 7.43E+03 1.43E+04 2.05E+04 2.58E+04 2.92E+04 3.11E+04 3.18E+04 3.08E+04 2.85E+04 2.52E+04 2.16E+04 1.76E+04 1.37E+04 1.01E+04 7.07E+03 4.50E+03 2.53E+03 1.23E+03 5.24E+02 2.11E+02 8.43E+01 3.07E+01 1.50E+01 6.43E+00 7.14E-01 0.00E+00 0.00E+00 0.00E+00 0.00E+00 0.00E+00 0.00E+00 0.00E+00 0.00E+00 0.00E+00 0.00E+00 0.00E+00 0.00E+00 0.00E+00 0.00E+00 0.00E+00 0.00E+00 0.00E+00 0.00E+00 0.00E+00 0.00E+00 0.00E+00 0.00E+00 0.00E+00 0.00E+00 0.00E+00
   8.50  0.820  5.02E+05 7.51E+05 1.25E+07 1.56E+04 3.04E+04 4.38E+04 5.53E+04 6.37E+04 6.83E+04 6.96E+04 6.81E+04 6.41E+04 5.80E+04 5.06E+04 4.27E+04 3.44E+04 2.65E+04 1.95E+04 1.38E+04 9.55E+03 6.47E+03 4.30E+03 2.82E+03 1.78E+03 1.04E+03 5.36E+02 2.25E+02 7.64E+01 1.86E+01 2.86E+00 0.00E+00 0.00E+00 0.00E+00 0.00E+00 0.00E+00 0.00E+00 0.00E+00 0.00E+00 0.00E+00 0.00E+00 0.00E+00 0.00E+00 0.00E+00 0.00E+00 0.00E+00 0.00E+00 0.00E+00 0.00E+00 0.00E+00 0.00E+00 0.00E+00 0.00E+00 0.00E+00
   9.00  0.844  1.11E+06 1.69E+06 2.89E+07 3.40E+04 6.63E+04 9.52E+04 1.20E+05 1.37E+05 1.48E+05 1.52E+05 1.50E+05 1.43E+05 1.31E+05 1.16E+05 9.85E+04 8.07E+04 6.39E+04 4.90E+04 3.64E+04 2.63E+04 1.84E+04 1.24E+04 7.77E+03 4.54E+03 2.38E+03 1.09E+03 4.03E+02 1.24E+02 3.21E+01 6.43E+00 1.43E+00 0.00E+00 0.00E+00 0.00E+00 0.00E+00 0.00E+00 0.00E+00 0.00E+00 0.00E+00 0.00E+00 0.00E+00 0.00E+00 0.00E+00 0.00E+00 0.00E+00 0.00E+00 0.00E+00 0.00E+00 0.00E+00 0.00E+00 0.00E+00 0.00E+00 0.00E+00
   9.50  0.867  2.48E+06 3.79E+06 6.55E+07 7.36E+04 1.43E+05 2.06E+05 2.59E+05 3.00E+05 3.26E+05 3.37E+05 3.33E+05 3.17E+05 2.91E+05 2.59E+05 2.24E+05 1.87E+05 1.50E+05 1.17E+05 8.81E+04 6.41E+04 4.47E+04 2.96E+04 1.85E+04 1.06E+04 5.52E+03 2.51E+03 9.60E+02 3.14E+02 8.36E+01 2.00E+01 2.86E+00 0.00E+00 0.00E+00 0.00E+00 0.00E+00 0.00E+00 0.00E+00 0.00E+00 0.00E+00 0.00E+00 0.00E+00 0.00E+00 0.00E+00 0.00E+00 0.00E+00 0.00E+00 0.00E+00 0.00E+00 0.00E+00 0.00E+00 0.00E+00 0.00E+00 0.00E+00
  10.00  0.890  5.26E+06 7.32E+06 1.27E+08 1.45E+05 2.80E+05 4.00E+05 5.00E+05 5.76E+05 6.24E+05 6.45E+05 6.40E+05 6.13E+05 5.65E+05 5.03E+05 4.34E+05 3.62E+05 2.91E+05 2.27E+05 1.71E+05 1.24E+05 8.59E+04 5.63E+04 3.45E+04 1.96E+04 1.04E+04 5.14E+03 2.46E+03 1.19E+03 5.84E+02 2.87E+02 1.16E+02 5.36E+01 0.00E+00 0.00E+00 0.00E+00 0.00E+00 0.00E+00 0.00E+00 0.00E+00 0.00E+00 0.00E+00 0.00E+00 0.00E+00 0.00E+00 0.00E+00 0.00E+00 0.00E+00 0.00E+00 0.00E+00 0.00E+00 0.00E+00 0.00E+00 0.00E+00
  11.00  0.933  2.54E+07 3.29E+07 6.01E+08 5.93E+05 1.15E+06 1.65E+06 2.07E+06 2.40E+06 2.62E+06 2.74E+06 2.74E+06 2.65E+06 2.49E+06 2.26E+06 2.00E+06 1.71E+06 1.43E+06 1.16E+06 9.10E+05 6.95E+05 5.14E+05 3.70E+05 2.58E+05 1.76E+05 1.16E+05 7.38E+04 4.49E+04 2.58E+04 1.38E+04 6.74E+03 2.98E+03 1.68E+03 0.00E+00 0.00E+00 0.00E+00 0.00E+00 0.00E+00 0.00E+00 0.00E+00 0.00E+00 0.00E+00 0.00E+00 0.00E+00 0.00E+00 0.00E+00 0.00E+00 0.00E+00 0.00E+00 0.00E+00 0.00E+00 0.00E+00 0.00E+00 0.00E+00
  12.00  0.974  1.12E+08 1.40E+08 2.63E+09 2.37E+06 4.62E+06 6.67E+06 8.41E+06 9.79E+06 1.07E+07 1.13E+07 1.14E+07 1.11E+07 1.05E+07 9.66E+06 8.65E+06 7.54E+06 6.39E+06 5.27E+06 4.23E+06 3.31E+06 2.51E+06 1.85E+06 1.33E+06 9.19E+05 6.12E+05 3.90E+05 2.37E+05 1.37E+05 7.51E+04 4.17E+04 2.15E+04 1.66E+04 0.00E+00 0.00E+00 0.00E+00 0.00E+00 0.00E+00 0.00E+00 0.00E+00 0.00E+00 0.00E+00 0.00E+00 0.00E+00 0.00E+00 0.00E+00 0.00E+00 0.00E+00 0.00E+00 0.00E+00 0.00E+00 0.00E+00 0.00E+00 0.00E+00
  13.00  1.014  4.71E+08 5.79E+08 1.13E+10 9.15E+06 1.79E+07 2.59E+07 3.27E+07 3.82E+07 4.21E+07 4.45E+07 4.52E+07 4.46E+07 4.26E+07 3.97E+07 3.60E+07 3.19E+07 2.75E+07 2.32E+07 1.91E+07 1.54E+07 1.21E+07 9.23E+06 6.88E+06 5.00E+06 3.54E+06 2.44E+06 1.64E+06 1.08E+06 6.88E+05 4.48E+05 2.76E+05 2.66E+05 0.00E+00 0.00E+00 0.00E+00 0.00E+00 0.00E+00 0.00E+00 0.00E+00 0.00E+00 0.00E+00 0.00E+00 0.00E+00 0.00E+00 0.00E+00 0.00E+00 0.00E+00 0.00E+00 0.00E+00 0.00E+00 0.00E+00 0.00E+00 0.00E+00
  14.00  1.053  1.95E+09 2.37E+09 4.78E+10 3.54E+07 6.93E+07 1.00E+08 1.27E+08 1.49E+08 1.65E+08 1.75E+08 1.79E+08 1.78E+08 1.72E+08 1.62E+08 1.49E+08 1.33E+08 1.17E+08 1.00E+08 8.38E+07 6.86E+07 5.49E+07 4.30E+07 3.28E+07 2.45E+07 1.78E+07 1.27E+07 8.76E+06 5.88E+06 3.82E+06 2.54E+06 1.59E+06 1.55E+06 0.00E+00 0.00E+00 0.00E+00 0.00E+00 0.00E+00 0.00E+00 0.00E+00 0.00E+00 0.00E+00 0.00E+00 0.00E+00 0.00E+00 0.00E+00 0.00E+00 0.00E+00 0.00E+00 0.00E+00 0.00E+00 0.00E+00 0.00E+00 0.00E+00
  15.00  1.090  5.24E+09 4.21E+09 8.58E+10 6.15E+07 1.20E+08 1.74E+08 2.21E+08 2.59E+08 2.88E+08 3.06E+08 3.15E+08 3.13E+08 3.03E+08 2.86E+08 2.64E+08 2.38E+08 2.09E+08 1.80E+08 1.52E+08 1.25E+08 1.01E+08 7.95E+07 6.13E+07 4.61E+07 3.39E+07 2.44E+07 1.70E+07 1.16E+07 7.63E+06 5.25E+06 3.39E+06 3.56E+06 0.00E+00 0.00E+00 0.00E+00 0.00E+00 0.00E+00 0.00E+00 0.00E+00 0.00E+00 0.00E+00 0.00E+00 0.00E+00 0.00E+00 0.00E+00 0.00E+00 0.00E+00 0.00E+00 0.00E+00 0.00E+00 0.00E+00 0.00E+00 0.00E+00
  16.00  1.125  1.11E+10 7.47E+09 1.54E+11 1.07E+08 2.09E+08 3.03E+08 3.85E+08 4.52E+08 5.02E+08 5.36E+08 5.51E+08 5.50E+08 5.35E+08 5.06E+08 4.69E+08 4.24E+08 3.75E+08 3.25E+08 2.75E+08 2.28E+08 1.85E+08 1.47E+08 1.14E+08 8.69E+07 6.46E+07 4.68E+07 3.31E+07 2.27E+07 1.52E+07 1.08E+07 7.24E+06 8.17E+06 0.00E+00 0.00E+00 0.00E+00 0.00E+00 0.00E+00 0.00E+00 0.00E+00 0.00E+00 0.00E+00 0.00E+00 0.00E+00 0.00E+00 0.00E+00 0.00E+00 0.00E+00 0.00E+00 0.00E+00 0.00E+00 0.00E+00 0.00E+00 0.00E+00
  17.00  1.160  2.15E+10 1.33E+10 2.77E+11 1.85E+08 3.63E+08 5.27E+08 6.70E+08 7.87E+08 8.77E+08 9.37E+08 9.66E+08 9.67E+08 9.43E+08 8.96E+08 8.32E+08 7.56E+08 6.72E+08 5.85E+08 4.98E+08 4.16E+08 3.40E+08 2.72E+08 2.13E+08 1.64E+08 1.23E+08 9.00E+07 6.43E+07 4.47E+07 3.04E+07 2.23E+07 1.55E+07 1.88E+07 0.00E+00 0.00E+00 0.00E+00 0.00E+00 0.00E+00 0.00E+00 0.00E+00 0.00E+00 0.00E+00 0.00E+00 0.00E+00 0.00E+00 0.00E+00 0.00E+00 0.00E+00 0.00E+00 0.00E+00 0.00E+00 0.00E+00 0.00E+00 0.00E+00
  18.00  1.194  3.99E+10 2.36E+10 4.98E+11 3.22E+08 6.31E+08 9.16E+08 1.16E+09 1.37E+09 1.53E+09 1.64E+09 1.69E+09 1.70E+09 1.66E+09 1.58E+09 1.48E+09 1.35E+09 1.20E+09 1.05E+09 9.03E+08 7.58E+08 6.24E+08 5.03E+08 3.98E+08 3.08E+08 2.34E+08 1.73E+08 1.25E+08 8.80E+07 6.07E+07 4.60E+07 3.30E+07 4.31E+07 0.00E+00 0.00E+00 0.00E+00 0.00E+00 0.00E+00 0.00E+00 0.00E+00 0.00E+00 0.00E+00 0.00E+00 0.00E+00 0.00E+00 0.00E+00 0.00E+00 0.00E+00 0.00E+00 0.00E+00 0.00E+00 0.00E+00 0.00E+00 0.00E+00
  19.00  1.226  7.27E+10 4.20E+10 8.98E+11 5.59E+08 1.10E+09 1.59E+09 2.03E+09 2.39E+09 2.67E+09 2.86E+09 2.97E+09 2.99E+09 2.93E+09 2.80E+09 2.62E+09 2.40E+09 2.16E+09 1.90E+09 1.64E+09 1.38E+09 1.14E+09 9.30E+08 7.42E+08 5.80E+08 4.44E+08 3.33E+08 2.43E+08 1.73E+08 1.21E+08 9.48E+07 7.05E+07 9.90E+07 0.00E+00 0.00E+00 0.00E+00 0.00E+00 0.00E+00 0.00E+00 0.00E+00 0.00E+00 0.00E+00 0.00E+00 0.00E+00 0.00E+00 0.00E+00 0.00E+00 0.00E+00 0.00E+00 0.00E+00 0.00E+00 0.00E+00 0.00E+00 0.00E+00
  20.00  1.258  1.31E+11 7.47E+10 1.62E+12 9.71E+08 1.90E+09 2.77E+09 3.53E+09 4.16E+09 4.66E+09 5.01E+09 5.20E+09 5.25E+09 5.16E+09 4.96E+09 4.66E+09 4.29E+09 3.87E+09 3.42E+09 2.96E+09 2.52E+09 2.10E+09 1.72E+09 1.38E+09 1.09E+09 8.45E+08 6.39E+08 4.72E+08 3.40E+08 2.42E+08 1.95E+08 1.51E+08 2.28E+08 0.00E+00 0.00E+00 0.00E+00 0.00E+00 0.00E+00 0.00E+00 0.00E+00 0.00E+00 0.00E+00 0.00E+00 0.00E+00 0.00E+00 0.00E+00 0.00E+00 0.00E+00 0.00E+00 0.00E+00 0.00E+00 0.00E+00 0.00E+00 0.00E+00
  22.50  1.334  6.21E+11 3.17E+11 7.14E+12 3.86E+09 7.57E+09 1.10E+10 1.41E+10 1.67E+10 1.87E+10 2.02E+10 2.12E+10 2.15E+10 2.13E+10 2.06E+10 1.96E+10 1.82E+10 1.66E+10 1.49E+10 1.31E+10 1.13E+10 9.59E+09 8.01E+09 6.58E+09 5.32E+09 4.22E+09 3.28E+09 2.48E+09 1.85E+09 1.36E+09 1.19E+09 1.00E+09 1.82E+09 0.00E+00 0.00E+00 0.00E+00 0.00E+00 0.00E+00 0.00E+00 0.00E+00 0.00E+00 0.00E+00 0.00E+00 0.00E+00 0.00E+00 0.00E+00 0.00E+00 0.00E+00 0.00E+00 0.00E+00 0.00E+00 0.00E+00 0.00E+00 0.00E+00
  25.00  1.407  2.71E+12 1.36E+12 3.19E+13 1.53E+10 3.01E+10 4.39E+10 5.62E+10 6.68E+10 7.53E+10 8.19E+10 8.61E+10 8.81E+10 8.79E+10 8.58E+10 8.22E+10 7.74E+10 7.16E+10 6.50E+10 5.79E+10 5.07E+10 4.38E+10 3.73E+10 3.13E+10 2.59E+10 2.10E+10 1.68E+10 1.31E+10 1.00E+10 7.65E+09 7.28E+09 6.68E+09 1.46E+10 0.00E+00 0.00E+00 0.00E+00 0.00E+00 0.00E+00 0.00E+00 0.00E+00 0.00E+00 0.00E+00 0.00E+00 0.00E+00 0.00E+00 0.00E+00 0.00E+00 0.00E+00 0.00E+00 0.00E+00 0.00E+00 0.00E+00 0.00E+00 0.00E+00
  30.00  1.541  7.06E+13 2.58E+13 6.77E+14 2.42E+11 4.76E+11 6.96E+11 8.96E+11 1.07E+12 1.22E+12 1.34E+12 1.42E+12 1.48E+12 1.50E+12 1.49E+12 1.45E+12 1.40E+12 1.32E+12 1.23E+12 1.13E+12 1.02E+12 9.13E+11 8.07E+11 7.07E+11 6.13E+11 5.24E+11 4.41E+11 3.62E+11 2.95E+11 2.42E+11 2.71E+11 2.97E+11 9.32E+11 0.00E+00 0.00E+00 0.00E+00 0.00E+00 0.00E+00 0.00E+00 0.00E+00 0.00E+00 0.00E+00 0.00E+00 0.00E+00 0.00E+00 0.00E+00 0.00E+00 0.00E+00 0.00E+00 0.00E+00 0.00E+00 0.00E+00 0.00E+00 0.00E+00
  40.00  1.779  6.79E+16 1.35E+16 5.23E+17 6.02E+13 1.19E+14 1.75E+14 2.27E+14 2.76E+14 3.19E+14 3.58E+14 3.90E+14 4.15E+14 4.33E+14 4.45E+14 4.52E+14 4.55E+14 4.53E+14 4.45E+14 4.31E+14 4.14E+14 3.97E+14 3.78E+14 3.61E+14 3.44E+14 3.25E+14 3.04E+14 2.78E+14 2.55E+14 2.43E+14 3.76E+14 5.85E+14 3.82E+15 0.00E+00 0.00E+00 0.00E+00 0.00E+00 0.00E+00 0.00E+00 0.00E+00 0.00E+00 0.00E+00 0.00E+00 0.00E+00 0.00E+00 0.00E+00 0.00E+00 0.00E+00 0.00E+00 0.00E+00 0.00E+00 0.00E+00 0.00E+00 0.00E+00
  50.00  1.989  2.71E+17 2.70E+16 1.05E+18 1.20E+14 2.37E+14 3.50E+14 4.54E+14 5.51E+14 6.36E+14 7.14E+14 7.79E+14 8.29E+14 8.65E+14 8.89E+14 9.03E+14 9.10E+14 9.06E+14 8.89E+14 8.62E+14 8.26E+14 7.92E+14 7.56E+14 7.22E+14 6.87E+14 6.50E+14 6.07E+14 5.56E+14 5.10E+14 4.86E+14 7.52E+14 1.17E+15 7.64E+15 0.00E+00 0.00E+00 0.00E+00 0.00E+00 0.00E+00 0.00E+00 0.00E+00 0.00E+00 0.00E+00 0.00E+00 0.00E+00 0.00E+00 0.00E+00 0.00E+00 0.00E+00 0.00E+00 0.00E+00 0.00E+00 0.00E+00 0.00E+00 0.00E+00
  60.00  2.179  6.76E+17 5.40E+16 2.09E+18 2.40E+14 4.73E+14 6.98E+14 9.06E+14 1.10E+15 1.27E+15 1.43E+15 1.55E+15 1.65E+15 1.73E+15 1.77E+15 1.80E+15 1.82E+15 1.81E+15 1.78E+15 1.72E+15 1.65E+15 1.58E+15 1.51E+15 1.44E+15 1.37E+15 1.30E+15 1.21E+15 1.11E+15 1.02E+15 9.72E+14 1.50E+15 2.34E+15 1.53E+16 0.00E+00 0.00E+00 0.00E+00 0.00E+00 0.00E+00 0.00E+00 0.00E+00 0.00E+00 0.00E+00 0.00E+00 0.00E+00 0.00E+00 0.00E+00 0.00E+00 0.00E+00 0.00E+00 0.00E+00 0.00E+00 0.00E+00 0.00E+00 0.00E+00
  70.00  2.354  1.49E+18 1.08E+17 4.18E+18 4.79E+14 9.45E+14 1.39E+15 1.81E+15 2.19E+15 2.54E+15 2.85E+15 3.10E+15 3.30E+15 3.45E+15 3.54E+15 3.60E+15 3.63E+15 3.61E+15 3.55E+15 3.44E+15 3.30E+15 3.16E+15 3.02E+15 2.88E+15 2.74E+15 2.59E+15 2.42E+15 2.22E+15 2.04E+15 1.94E+15 3.01E+15 4.67E+15 3.05E+16 0.00E+00 0.00E+00 0.00E+00 0.00E+00 0.00E+00 0.00E+00 0.00E+00 0.00E+00 0.00E+00 0.00E+00 0.00E+00 0.00E+00 0.00E+00 0.00E+00 0.00E+00 0.00E+00 0.00E+00 0.00E+00 0.00E+00 0.00E+00 0.00E+00
  80.00  2.516  3.10E+18 2.16E+17 8.35E+18 9.55E+14 1.89E+15 2.78E+15 3.61E+15 4.38E+15 5.06E+15 5.68E+15 6.20E+15 6.60E+15 6.88E+15 7.07E+15 7.19E+15 7.24E+15 7.21E+15 7.08E+15 6.87E+15 6.59E+15 6.32E+15 6.03E+15 5.76E+15 5.48E+15 5.18E+15 4.84E+15 4.44E+15 4.07E+15 3.88E+15 6.01E+15 9.34E+15 6.11E+16 0.00E+00 0.00E+00 0.00E+00 0.00E+00 0.00E+00 0.00E+00 0.00E+00 0.00E+00 0.00E+00 0.00E+00 0.00E+00 0.00E+00 0.00E+00 0.00E+00 0.00E+00 0.00E+00 0.00E+00 0.00E+00 0.00E+00 0.00E+00 0.00E+00
  90.00  2.669  6.34E+18 4.31E+17 1.67E+19 1.91E+15 3.76E+15 5.55E+15 7.21E+15 8.74E+15 1.01E+16 1.13E+16 1.24E+16 1.32E+16 1.37E+16 1.41E+16 1.43E+16 1.45E+16 1.44E+16 1.41E+16 1.37E+16 1.32E+16 1.26E+16 1.20E+16 1.15E+16 1.10E+16 1.04E+16 9.68E+15 8.87E+15 8.13E+15 7.76E+15 1.20E+16 1.87E+16 1.22E+17 0.00E+00 0.00E+00 0.00E+00 0.00E+00 0.00E+00 0.00E+00 0.00E+00 0.00E+00 0.00E+00 0.00E+00 0.00E+00 0.00E+00 0.00E+00 0.00E+00 0.00E+00 0.00E+00 0.00E+00 0.00E+00 0.00E+00 0.00E+00 0.00E+00
 100.00  2.813  1.28E+19 8.61E+17 3.33E+19 3.81E+15 7.51E+15 1.11E+16 1.44E+16 1.75E+16 2.02E+16 2.26E+16 2.47E+16 2.63E+16 2.74E+16 2.82E+16 2.87E+16 2.89E+16 2.88E+16 2.83E+16 2.74E+16 2.63E+16 2.52E+16 2.41E+16 2.30E+16 2.19E+16 2.07E+16 1.93E+16 1.77E+16 1.63E+16 1.55E+16 2.40E+16 3.74E+16 2.44E+17 0.00E+00 0.00E+00 0.00E+00 0.00E+00 0.00E+00 0.00E+00 0.00E+00 0.00E+00 0.00E+00 0.00E+00 0.00E+00 0.00E+00 0.00E+00 0.00E+00 0.00E+00 0.00E+00 0.00E+00 0.00E+00 0.00E+00 0.00E+00 0.00E+00
 110.00  2.950  2.57E+19 1.72E+18 6.66E+19 7.60E+15 1.50E+16 2.21E+16 2.87E+16 3.48E+16 4.03E+16 4.52E+16 4.93E+16 5.25E+16 5.48E+16 5.63E+16 5.72E+16 5.77E+16 5.74E+16 5.64E+16 5.47E+16 5.25E+16 5.04E+16 4.81E+16 4.59E+16 4.37E+16 4.14E+16 3.87E+16 3.54E+16 3.25E+16 3.10E+16 4.81E+16 7.47E+16 4.88E+17 0.00E+00 0.00E+00 0.00E+00 0.00E+00 0.00E+00 0.00E+00 0.00E+00 0.00E+00 0.00E+00 0.00E+00 0.00E+00 0.00E+00 0.00E+00 0.00E+00 0.00E+00 0.00E+00 0.00E+00 0.00E+00 0.00E+00 0.00E+00 0.00E+00
 120.00  3.082  5.15E+19 3.44E+18 1.33E+20 1.52E+16 2.99E+16 4.41E+16 5.73E+16 6.95E+16 8.04E+16 9.02E+16 9.84E+16 1.05E+17 1.09E+17 1.12E+17 1.14E+17 1.15E+17 1.15E+17 1.13E+17 1.09E+17 1.05E+17 1.01E+17 9.61E+16 9.18E+16 8.74E+16 8.27E+16 7.73E+16 7.08E+16 6.50E+16 6.20E+16 9.61E+16 1.49E+17 9.77E+17 0.00E+00 0.00E+00 0.00E+00 0.00E+00 0.00E+00 0.00E+00 0.00E+00 0.00E+00 0.00E+00 0.00E+00 0.00E+00 0.00E+00 0.00E+00 0.00E+00 0.00E+00 0.00E+00 0.00E+00 0.00E+00 0.00E+00 0.00E+00 0.00E+00
 130.00  3.207  1.03E+20 6.87E+18 2.66E+20 3.03E+16 5.98E+16 8.81E+16 1.14E+17 1.39E+17 1.60E+17 1.80E+17 1.96E+17 2.09E+17 2.18E+17 2.24E+17 2.28E+17 2.30E+17 2.29E+17 2.25E+17 2.18E+17 2.09E+17 2.01E+17 1.92E+17 1.83E+17 1.75E+17 1.65E+17 1.54E+17 1.41E+17 1.30E+17 1.24E+17 1.92E+17 2.99E+17 1.95E+18 0.00E+00 0.00E+00 0.00E+00 0.00E+00 0.00E+00 0.00E+00 0.00E+00 0.00E+00 0.00E+00 0.00E+00 0.00E+00 0.00E+00 0.00E+00 0.00E+00 0.00E+00 0.00E+00 0.00E+00 0.00E+00 0.00E+00 0.00E+00 0.00E+00
 140.00  3.329  2.06E+20 1.37E+19 5.32E+20 6.04E+16 1.19E+17 1.76E+17 2.28E+17 2.77E+17 3.20E+17 3.59E+17 3.92E+17 4.18E+17 4.36E+17 4.48E+17 4.56E+17 4.59E+17 4.58E+17 4.50E+17 4.36E+17 4.18E+17 4.02E+17 3.83E+17 3.66E+17 3.49E+17 3.30E+17 3.09E+17 2.83E+17 2.60E+17 2.48E+17 3.84E+17 5.97E+17 3.91E+18 0.00E+00 0.00E+00 0.00E+00 0.00E+00 0.00E+00 0.00E+00 0.00E+00 0.00E+00 0.00E+00 0.00E+00 0.00E+00 0.00E+00 0.00E+00 0.00E+00 0.00E+00 0.00E+00 0.00E+00 0.00E+00 0.00E+00 0.00E+00 0.00E+00
 150.00  3.445  4.12E+20 2.74E+19 1.06E+21 1.21E+17 2.38E+17 3.51E+17 4.56E+17 5.53E+17 6.39E+17 7.18E+17 7.83E+17 8.34E+17 8.71E+17 8.95E+17 9.10E+17 9.17E+17 9.14E+17 8.98E+17 8.71E+17 8.36E+17 8.02E+17 7.66E+17 7.32E+17 6.97E+17 6.60E+17 6.17E+17 5.65E+17 5.19E+17 4.95E+17 7.68E+17 1.19E+18 7.81E+18 0.00E+00 0.00E+00 0.00E+00 0.00E+00 0.00E+00 0.00E+00 0.00E+00 0.00E+00 0.00E+00 0.00E+00 0.00E+00 0.00E+00 0.00E+00 0.00E+00 0.00E+00 0.00E+00 0.00E+00 0.00E+00 0.00E+00 0.00E+00 0.00E+00
 160.00  3.558  8.23E+20 5.48E+19 2.13E+21 2.41E+17 4.75E+17 7.01E+17 9.10E+17 1.10E+18 1.28E+18 1.43E+18 1.56E+18 1.66E+18 1.74E+18 1.79E+18 1.82E+18 1.83E+18 1.82E+18 1.79E+18 1.74E+18 1.67E+18 1.60E+18 1.53E+18 1.46E+18 1.39E+18 1.32E+18 1.23E+18 1.13E+18 1.04E+18 9.90E+17 1.53E+18 2.39E+18 1.56E+19 0.00E+00 0.00E+00 0.00E+00 0.00E+00 0.00E+00 0.00E+00 0.00E+00 0.00E+00 0.00E+00 0.00E+00 0.00E+00 0.00E+00 0.00E+00 0.00E+00 0.00E+00 0.00E+00 0.00E+00 0.00E+00 0.00E+00 0.00E+00 0.00E+00
 170.00  3.668  1.64E+21 1.10E+20 4.25E+21 4.80E+17 9.48E+17 1.40E+18 1.82E+18 2.20E+18 2.55E+18 2.86E+18 3.12E+18 3.32E+18 3.47E+18 3.57E+18 3.63E+18 3.66E+18 3.64E+18 3.58E+18 3.47E+18 3.34E+18 3.20E+18 3.06E+18 2.92E+18 2.78E+18 2.63E+18 2.46E+18 2.26E+18 2.07E+18 1.98E+18 3.07E+18 4.77E+18 3.12E+19 0.00E+00 0.00E+00 0.00E+00 0.00E+00 0.00E+00 0.00E+00 0.00E+00 0.00E+00 0.00E+00 0.00E+00 0.00E+00 0.00E+00 0.00E+00 0.00E+00 0.00E+00 0.00E+00 0.00E+00 0.00E+00 0.00E+00 0.00E+00 0.00E+00
 180.00  3.774  3.29E+21 2.19E+20 8.49E+21 9.59E+17 1.89E+18 2.79E+18 3.63E+18 4.40E+18 5.08E+18 5.71E+18 6.23E+18 6.63E+18 6.93E+18 7.12E+18 7.24E+18 7.30E+18 7.28E+18 7.15E+18 6.94E+18 6.66E+18 6.40E+18 6.11E+18 5.84E+18 5.56E+18 5.27E+18 4.92E+18 4.51E+18 4.14E+18 3.96E+18 6.13E+18 9.54E+18 6.25E+19 0.00E+00 0.00E+00 0.00E+00 0.00E+00 0.00E+00 0.00E+00 0.00E+00 0.00E+00 0.00E+00 0.00E+00 0.00E+00 0.00E+00 0.00E+00 0.00E+00 0.00E+00 0.00E+00 0.00E+00 0.00E+00 0.00E+00 0.00E+00 0.00E+00
 190.00  3.878  6.57E+21 4.37E+20 1.70E+22 1.91E+18 3.78E+18 5.57E+18 7.24E+18 8.78E+18 1.01E+19 1.14E+19 1.24E+19 1.32E+19 1.38E+19 1.42E+19 1.45E+19 1.46E+19 1.45E+19 1.43E+19 1.39E+19 1.33E+19 1.28E+19 1.22E+19 1.17E+19 1.11E+19 1.05E+19 9.84E+18 9.02E+18 8.28E+18 7.91E+18 1.23E+19 1.91E+19 1.25E+20 0.00E+00 0.00E+00 0.00E+00 0.00E+00 0.00E+00 0.00E+00 0.00E+00 0.00E+00 0.00E+00 0.00E+00 0.00E+00 0.00E+00 0.00E+00 0.00E+00 0.00E+00 0.00E+00 0.00E+00 0.00E+00 0.00E+00 0.00E+00 0.00E+00
 200.00  3.978  1.31E+22 8.74E+20 3.39E+22 3.82E+18 7.54E+18 1.11E+19 1.44E+19 1.75E+19 2.03E+19 2.27E+19 2.48E+19 2.64E+19 2.76E+19 2.84E+19 2.89E+19 2.91E+19 2.90E+19 2.85E+19 2.77E+19 2.66E+19 2.55E+19 2.44E+19 2.33E+19 2.22E+19 2.10E+19 1.97E+19 1.80E+19 1.66E+19 1.58E+19 2.45E+19 3.82E+19 2.50E+20 0.00E+00 0.00E+00 0.00E+00 0.00E+00 0.00E+00 0.00E+00 0.00E+00 0.00E+00 0.00E+00 0.00E+00 0.00E+00 0.00E+00 0.00E+00 0.00E+00 0.00E+00 0.00E+00 0.00E+00 0.00E+00 0.00E+00 0.00E+00 0.00E+00
 
