                    *********************************************************************************
                    *  Z= 91 A=233: Positive-Parity Spin-dependent Level Density [MeV-1] for PA233  *
                    *********************************************************************************
 U[MeV]  T[MeV]  NCUMUL   RHOOBS   RHOTOT    J=01/2   J=03/2   J=05/2   J=07/2   J=09/2   J=11/2   J=13/2   J=15/2   J=17/2   J=19/2   J=21/2   J=23/2   J=25/2   J=27/2   J=29/2   J=31/2   J=33/2   J=35/2   J=37/2   J=39/2   J=41/2   J=43/2   J=45/2   J=47/2   J=49/2   J=51/2   J=53/2   J=55/2   J=57/2   J=59/2   J=61/2   J=63/2   J=65/2   J=67/2   J=69/2   J=71/2   J=73/2   J=75/2   J=77/2   J=79/2   J=81/2   J=83/2   J=85/2   J=87/2   J=89/2   J=91/2   J=93/2   J=95/2   J=97/2   J=99/2
   0.25  0.109  3.00E+00 2.13E+01 2.38E+02 1.00E+00 2.72E+00 3.16E+00 2.88E+00 2.16E+00 2.16E+00 1.44E+00 1.44E+00 1.44E+00 7.20E-01 7.20E-01 7.20E-01 7.20E-01 0.00E+00 0.00E+00 0.00E+00 0.00E+00 0.00E+00 0.00E+00 0.00E+00 0.00E+00 0.00E+00 0.00E+00 0.00E+00 0.00E+00 0.00E+00 0.00E+00 0.00E+00 0.00E+00 0.00E+00 0.00E+00 0.00E+00 0.00E+00 0.00E+00 0.00E+00 0.00E+00 0.00E+00 0.00E+00 0.00E+00 0.00E+00 0.00E+00 0.00E+00 0.00E+00 0.00E+00 0.00E+00 0.00E+00 0.00E+00 0.00E+00 0.00E+00 0.00E+00
   0.50  0.154  9.00E+00 2.25E+01 2.80E+02 8.33E-01 2.27E+00 2.63E+00 2.40E+00 2.40E+00 2.40E+00 2.40E+00 1.80E+00 1.20E+00 1.20E+00 1.20E+00 6.00E-01 6.00E-01 6.00E-01 0.00E+00 0.00E+00 0.00E+00 0.00E+00 0.00E+00 0.00E+00 0.00E+00 0.00E+00 0.00E+00 0.00E+00 0.00E+00 0.00E+00 0.00E+00 0.00E+00 0.00E+00 0.00E+00 0.00E+00 0.00E+00 0.00E+00 0.00E+00 0.00E+00 0.00E+00 0.00E+00 0.00E+00 0.00E+00 0.00E+00 0.00E+00 0.00E+00 0.00E+00 0.00E+00 0.00E+00 0.00E+00 0.00E+00 0.00E+00 0.00E+00 0.00E+00
   0.75  0.188  1.60E+01 4.00E+01 4.74E+02 2.46E+00 4.00E+00 5.08E+00 5.15E+00 5.35E+00 4.12E+00 2.57E+00 2.06E+00 2.06E+00 2.06E+00 1.54E+00 1.03E+00 1.03E+00 5.15E-01 5.15E-01 5.15E-01 0.00E+00 0.00E+00 0.00E+00 0.00E+00 0.00E+00 0.00E+00 0.00E+00 0.00E+00 0.00E+00 0.00E+00 0.00E+00 0.00E+00 0.00E+00 0.00E+00 0.00E+00 0.00E+00 0.00E+00 0.00E+00 0.00E+00 0.00E+00 0.00E+00 0.00E+00 0.00E+00 0.00E+00 0.00E+00 0.00E+00 0.00E+00 0.00E+00 0.00E+00 0.00E+00 0.00E+00 0.00E+00 0.00E+00 0.00E+00
   1.00  0.217  3.00E+01 7.07E+01 7.93E+02 4.02E+00 8.20E+00 9.43E+00 1.00E+01 8.63E+00 7.72E+00 5.66E+00 5.15E+00 2.57E+00 2.06E+00 2.06E+00 1.54E+00 1.03E+00 1.03E+00 5.15E-01 5.15E-01 5.15E-01 0.00E+00 0.00E+00 0.00E+00 0.00E+00 0.00E+00 0.00E+00 0.00E+00 0.00E+00 0.00E+00 0.00E+00 0.00E+00 0.00E+00 0.00E+00 0.00E+00 0.00E+00 0.00E+00 0.00E+00 0.00E+00 0.00E+00 0.00E+00 0.00E+00 0.00E+00 0.00E+00 0.00E+00 0.00E+00 0.00E+00 0.00E+00 0.00E+00 0.00E+00 0.00E+00 0.00E+00 0.00E+00 0.00E+00
   1.25  0.243  6.00E+01 1.64E+02 1.94E+03 5.36E+00 1.59E+01 1.89E+01 2.18E+01 2.05E+01 1.98E+01 1.77E+01 1.48E+01 9.78E+00 6.17E+00 4.63E+00 2.06E+00 2.06E+00 1.54E+00 1.03E+00 1.03E+00 5.15E-01 5.15E-01 0.00E+00 0.00E+00 0.00E+00 0.00E+00 0.00E+00 0.00E+00 0.00E+00 0.00E+00 0.00E+00 0.00E+00 0.00E+00 0.00E+00 0.00E+00 0.00E+00 0.00E+00 0.00E+00 0.00E+00 0.00E+00 0.00E+00 0.00E+00 0.00E+00 0.00E+00 0.00E+00 0.00E+00 0.00E+00 0.00E+00 0.00E+00 0.00E+00 0.00E+00 0.00E+00 0.00E+00 0.00E+00
   1.50  0.266  1.19E+02 3.12E+02 3.64E+03 1.27E+01 2.71E+01 4.03E+01 4.31E+01 3.84E+01 3.73E+01 2.82E+01 2.65E+01 2.01E+01 1.44E+01 9.26E+00 5.15E+00 2.57E+00 2.06E+00 2.06E+00 1.03E+00 1.03E+00 5.15E-01 5.15E-01 0.00E+00 0.00E+00 0.00E+00 0.00E+00 0.00E+00 0.00E+00 0.00E+00 0.00E+00 0.00E+00 0.00E+00 0.00E+00 0.00E+00 0.00E+00 0.00E+00 0.00E+00 0.00E+00 0.00E+00 0.00E+00 0.00E+00 0.00E+00 0.00E+00 0.00E+00 0.00E+00 0.00E+00 0.00E+00 0.00E+00 0.00E+00 0.00E+00 0.00E+00 0.00E+00 0.00E+00
   1.75  0.287  2.44E+02 6.84E+02 8.36E+03 2.76E+01 4.97E+01 7.39E+01 8.53E+01 8.26E+01 8.63E+01 7.08E+01 6.23E+01 4.83E+01 3.29E+01 2.42E+01 1.65E+01 9.78E+00 5.15E+00 2.57E+00 2.06E+00 1.54E+00 1.03E+00 5.15E-01 5.15E-01 0.00E+00 0.00E+00 0.00E+00 0.00E+00 0.00E+00 0.00E+00 0.00E+00 0.00E+00 0.00E+00 0.00E+00 0.00E+00 0.00E+00 0.00E+00 0.00E+00 0.00E+00 0.00E+00 0.00E+00 0.00E+00 0.00E+00 0.00E+00 0.00E+00 0.00E+00 0.00E+00 0.00E+00 0.00E+00 0.00E+00 0.00E+00 0.00E+00 0.00E+00 0.00E+00
   2.00  0.307  4.68E+02 1.11E+03 1.40E+04 4.37E+01 7.75E+01 1.13E+02 1.32E+02 1.28E+02 1.30E+02 1.17E+02 1.04E+02 8.14E+01 6.30E+01 4.63E+01 2.68E+01 2.01E+01 1.08E+01 5.66E+00 2.57E+00 2.06E+00 1.54E+00 1.03E+00 5.15E-01 5.15E-01 0.00E+00 0.00E+00 0.00E+00 0.00E+00 0.00E+00 0.00E+00 0.00E+00 0.00E+00 0.00E+00 0.00E+00 0.00E+00 0.00E+00 0.00E+00 0.00E+00 0.00E+00 0.00E+00 0.00E+00 0.00E+00 0.00E+00 0.00E+00 0.00E+00 0.00E+00 0.00E+00 0.00E+00 0.00E+00 0.00E+00 0.00E+00 0.00E+00 0.00E+00
   2.25  0.326  8.81E+02 2.20E+03 2.88E+04 7.24E+01 1.43E+02 2.09E+02 2.57E+02 2.48E+02 2.55E+02 2.34E+02 2.06E+02 1.65E+02 1.30E+02 1.01E+02 6.59E+01 4.84E+01 2.68E+01 1.90E+01 9.78E+00 5.15E+00 2.06E+00 2.06E+00 1.03E+00 5.15E-01 5.15E-01 0.00E+00 0.00E+00 0.00E+00 0.00E+00 0.00E+00 0.00E+00 0.00E+00 0.00E+00 0.00E+00 0.00E+00 0.00E+00 0.00E+00 0.00E+00 0.00E+00 0.00E+00 0.00E+00 0.00E+00 0.00E+00 0.00E+00 0.00E+00 0.00E+00 0.00E+00 0.00E+00 0.00E+00 0.00E+00 0.00E+00 0.00E+00 0.00E+00
   2.50  0.344  1.60E+03 3.55E+03 4.70E+04 1.14E+02 2.30E+02 3.31E+02 4.03E+02 4.01E+02 4.11E+02 3.68E+02 3.31E+02 2.69E+02 2.12E+02 1.60E+02 1.14E+02 8.18E+01 5.30E+01 3.09E+01 2.01E+01 9.78E+00 5.15E+00 2.06E+00 2.06E+00 1.03E+00 5.15E-01 5.15E-01 0.00E+00 0.00E+00 0.00E+00 0.00E+00 0.00E+00 0.00E+00 0.00E+00 0.00E+00 0.00E+00 0.00E+00 0.00E+00 0.00E+00 0.00E+00 0.00E+00 0.00E+00 0.00E+00 0.00E+00 0.00E+00 0.00E+00 0.00E+00 0.00E+00 0.00E+00 0.00E+00 0.00E+00 0.00E+00 0.00E+00 0.00E+00
   2.75  0.360  2.96E+03 7.31E+03 9.81E+04 2.25E+02 4.53E+02 6.52E+02 8.14E+02 8.19E+02 8.53E+02 7.76E+02 6.75E+02 5.64E+02 4.42E+02 3.36E+02 2.37E+02 1.68E+02 1.14E+02 7.51E+01 4.84E+01 2.62E+01 1.44E+01 6.17E+00 2.57E+00 2.06E+00 1.03E+00 5.15E-01 5.15E-01 0.00E+00 0.00E+00 0.00E+00 0.00E+00 0.00E+00 0.00E+00 0.00E+00 0.00E+00 0.00E+00 0.00E+00 0.00E+00 0.00E+00 0.00E+00 0.00E+00 0.00E+00 0.00E+00 0.00E+00 0.00E+00 0.00E+00 0.00E+00 0.00E+00 0.00E+00 0.00E+00 0.00E+00 0.00E+00 0.00E+00
   3.00  0.376  5.36E+03 1.19E+04 1.61E+05 3.67E+02 7.33E+02 1.04E+03 1.31E+03 1.33E+03 1.37E+03 1.25E+03 1.12E+03 9.25E+02 7.37E+02 5.61E+02 3.90E+02 2.84E+02 1.83E+02 1.26E+02 8.18E+01 4.84E+01 2.62E+01 1.44E+01 5.66E+00 2.06E+00 2.06E+00 1.03E+00 5.15E-01 5.15E-01 0.00E+00 0.00E+00 0.00E+00 0.00E+00 0.00E+00 0.00E+00 0.00E+00 0.00E+00 0.00E+00 0.00E+00 0.00E+00 0.00E+00 0.00E+00 0.00E+00 0.00E+00 0.00E+00 0.00E+00 0.00E+00 0.00E+00 0.00E+00 0.00E+00 0.00E+00 0.00E+00 0.00E+00 0.00E+00
   3.25  0.392  9.89E+03 2.43E+04 3.35E+05 7.09E+02 1.42E+03 2.06E+03 2.59E+03 2.62E+03 2.77E+03 2.57E+03 2.32E+03 1.96E+03 1.57E+03 1.19E+03 8.39E+02 6.08E+02 3.96E+02 2.72E+02 1.68E+02 1.07E+02 6.28E+01 3.29E+01 1.90E+01 7.20E+00 2.57E+00 2.06E+00 1.03E+00 5.15E-01 5.15E-01 0.00E+00 0.00E+00 0.00E+00 0.00E+00 0.00E+00 0.00E+00 0.00E+00 0.00E+00 0.00E+00 0.00E+00 0.00E+00 0.00E+00 0.00E+00 0.00E+00 0.00E+00 0.00E+00 0.00E+00 0.00E+00 0.00E+00 0.00E+00 0.00E+00 0.00E+00 0.00E+00 0.00E+00
   3.50  0.406  1.78E+04 3.90E+04 5.42E+05 1.14E+03 2.27E+03 3.25E+03 4.08E+03 4.18E+03 4.40E+03 4.05E+03 3.71E+03 3.14E+03 2.57E+03 2.00E+03 1.42E+03 1.01E+03 6.60E+02 4.45E+02 2.85E+02 1.69E+02 1.07E+02 6.28E+01 3.09E+01 1.65E+01 6.17E+00 2.06E+00 2.06E+00 1.03E+00 5.15E-01 5.15E-01 0.00E+00 0.00E+00 0.00E+00 0.00E+00 0.00E+00 0.00E+00 0.00E+00 0.00E+00 0.00E+00 0.00E+00 0.00E+00 0.00E+00 0.00E+00 0.00E+00 0.00E+00 0.00E+00 0.00E+00 0.00E+00 0.00E+00 0.00E+00 0.00E+00 0.00E+00 0.00E+00
   3.75  0.421  3.22E+04 7.62E+04 1.08E+06 2.14E+03 4.20E+03 6.09E+03 7.67E+03 7.92E+03 8.40E+03 7.85E+03 7.32E+03 6.27E+03 5.23E+03 4.05E+03 2.96E+03 2.17E+03 1.44E+03 9.75E+02 6.13E+02 3.68E+02 2.18E+02 1.30E+02 7.51E+01 3.86E+01 2.01E+01 7.20E+00 2.57E+00 2.06E+00 1.03E+00 5.15E-01 5.15E-01 0.00E+00 0.00E+00 0.00E+00 0.00E+00 0.00E+00 0.00E+00 0.00E+00 0.00E+00 0.00E+00 0.00E+00 0.00E+00 0.00E+00 0.00E+00 0.00E+00 0.00E+00 0.00E+00 0.00E+00 0.00E+00 0.00E+00 0.00E+00 0.00E+00 0.00E+00
   4.00  0.435  5.68E+04 1.20E+05 1.72E+06 3.33E+03 6.61E+03 9.54E+03 1.21E+04 1.25E+04 1.32E+04 1.23E+04 1.14E+04 9.75E+03 8.27E+03 6.56E+03 4.77E+03 3.53E+03 2.37E+03 1.62E+03 1.02E+03 6.15E+02 3.68E+02 2.17E+02 1.26E+02 6.59E+01 3.29E+01 1.65E+01 5.66E+00 2.06E+00 1.54E+00 1.03E+00 5.15E-01 0.00E+00 0.00E+00 0.00E+00 0.00E+00 0.00E+00 0.00E+00 0.00E+00 0.00E+00 0.00E+00 0.00E+00 0.00E+00 0.00E+00 0.00E+00 0.00E+00 0.00E+00 0.00E+00 0.00E+00 0.00E+00 0.00E+00 0.00E+00 0.00E+00 0.00E+00
   4.25  0.448  1.01E+05 2.31E+05 3.36E+06 6.11E+03 1.21E+04 1.76E+04 2.24E+04 2.32E+04 2.48E+04 2.35E+04 2.21E+04 1.93E+04 1.62E+04 1.28E+04 9.62E+03 7.21E+03 4.94E+03 3.44E+03 2.21E+03 1.34E+03 7.89E+02 4.64E+02 2.72E+02 1.43E+02 8.18E+01 3.86E+01 1.90E+01 6.17E+00 2.06E+00 1.54E+00 1.03E+00 5.15E-01 0.00E+00 0.00E+00 0.00E+00 0.00E+00 0.00E+00 0.00E+00 0.00E+00 0.00E+00 0.00E+00 0.00E+00 0.00E+00 0.00E+00 0.00E+00 0.00E+00 0.00E+00 0.00E+00 0.00E+00 0.00E+00 0.00E+00 0.00E+00 0.00E+00
   4.50  0.461  1.75E+05 3.63E+05 5.30E+06 9.62E+03 1.90E+04 2.76E+04 3.53E+04 3.67E+04 3.91E+04 3.65E+04 3.43E+04 2.98E+04 2.55E+04 2.05E+04 1.52E+04 1.13E+04 7.96E+03 5.58E+03 3.62E+03 2.24E+03 1.34E+03 7.82E+02 4.45E+02 2.38E+02 1.30E+02 6.59E+01 3.09E+01 1.44E+01 5.15E+00 2.06E+00 1.03E+00 5.15E-01 5.15E-01 0.00E+00 0.00E+00 0.00E+00 0.00E+00 0.00E+00 0.00E+00 0.00E+00 0.00E+00 0.00E+00 0.00E+00 0.00E+00 0.00E+00 0.00E+00 0.00E+00 0.00E+00 0.00E+00 0.00E+00 0.00E+00 0.00E+00 0.00E+00
   4.75  0.474  3.07E+05 6.97E+05 1.03E+07 1.79E+04 3.54E+04 5.14E+04 6.57E+04 6.86E+04 7.36E+04 6.99E+04 6.65E+04 5.85E+04 4.99E+04 4.00E+04 3.03E+04 2.30E+04 1.60E+04 1.13E+04 7.53E+03 4.68E+03 2.85E+03 1.70E+03 9.77E+02 5.07E+02 2.85E+02 1.43E+02 7.51E+01 3.29E+01 1.44E+01 5.15E+00 2.06E+00 1.03E+00 5.15E-01 0.00E+00 0.00E+00 0.00E+00 0.00E+00 0.00E+00 0.00E+00 0.00E+00 0.00E+00 0.00E+00 0.00E+00 0.00E+00 0.00E+00 0.00E+00 0.00E+00 0.00E+00 0.00E+00 0.00E+00 0.00E+00 0.00E+00 0.00E+00
   5.00  0.486  5.31E+05 1.09E+06 1.62E+07 2.78E+04 5.50E+04 8.03E+04 1.03E+05 1.08E+05 1.15E+05 1.09E+05 1.03E+05 9.02E+04 7.81E+04 6.37E+04 4.77E+04 3.61E+04 2.57E+04 1.82E+04 1.20E+04 7.67E+03 4.71E+03 2.83E+03 1.62E+03 8.59E+02 4.64E+02 2.38E+02 1.26E+02 6.28E+01 2.62E+01 9.78E+00 2.57E+00 2.06E+00 1.03E+00 0.00E+00 0.00E+00 0.00E+00 0.00E+00 0.00E+00 0.00E+00 0.00E+00 0.00E+00 0.00E+00 0.00E+00 0.00E+00 0.00E+00 0.00E+00 0.00E+00 0.00E+00 0.00E+00 0.00E+00 0.00E+00 0.00E+00 0.00E+00
   5.50  0.510  1.61E+06 3.21E+06 4.86E+07 7.87E+04 1.55E+05 2.27E+05 2.92E+05 3.08E+05 3.31E+05 3.15E+05 3.02E+05 2.67E+05 2.35E+05 1.94E+05 1.48E+05 1.13E+05 8.17E+04 5.85E+04 3.90E+04 2.52E+04 1.57E+04 9.69E+03 5.71E+03 3.11E+03 1.70E+03 8.59E+02 4.45E+02 2.17E+02 1.07E+02 4.84E+01 1.90E+01 5.66E+00 2.06E+00 0.00E+00 0.00E+00 0.00E+00 0.00E+00 0.00E+00 0.00E+00 0.00E+00 0.00E+00 0.00E+00 0.00E+00 0.00E+00 0.00E+00 0.00E+00 0.00E+00 0.00E+00 0.00E+00 0.00E+00 0.00E+00 0.00E+00 0.00E+00
   6.00  0.532  4.72E+06 9.24E+06 1.43E+08 2.19E+05 4.32E+05 6.33E+05 8.16E+05 8.62E+05 9.33E+05 8.94E+05 8.63E+05 7.71E+05 6.84E+05 5.72E+05 4.43E+05 3.44E+05 2.53E+05 1.85E+05 1.25E+05 8.21E+04 5.19E+04 3.20E+04 1.90E+04 1.07E+04 6.02E+03 3.11E+03 1.62E+03 7.82E+02 3.66E+02 1.68E+02 7.51E+01 3.09E+01 1.03E+01 0.00E+00 0.00E+00 0.00E+00 0.00E+00 0.00E+00 0.00E+00 0.00E+00 0.00E+00 0.00E+00 0.00E+00 0.00E+00 0.00E+00 0.00E+00 0.00E+00 0.00E+00 0.00E+00 0.00E+00 0.00E+00 0.00E+00 0.00E+00
   6.50  0.554  1.36E+07 2.62E+07 4.12E+08 6.02E+05 1.19E+06 1.74E+06 2.25E+06 2.39E+06 2.60E+06 2.51E+06 2.43E+06 2.19E+06 1.96E+06 1.65E+06 1.30E+06 1.02E+06 7.62E+05 5.64E+05 3.89E+05 2.61E+05 1.68E+05 1.05E+05 6.32E+04 3.58E+04 2.02E+04 1.07E+04 5.74E+03 2.83E+03 1.33E+03 6.13E+02 2.72E+02 1.26E+02 4.84E+01 0.00E+00 0.00E+00 0.00E+00 0.00E+00 0.00E+00 0.00E+00 0.00E+00 0.00E+00 0.00E+00 0.00E+00 0.00E+00 0.00E+00 0.00E+00 0.00E+00 0.00E+00 0.00E+00 0.00E+00 0.00E+00 0.00E+00 0.00E+00
   7.00  0.575  3.85E+07 7.36E+07 1.17E+09 1.64E+06 3.24E+06 4.75E+06 6.16E+06 6.57E+06 7.16E+06 6.94E+06 6.78E+06 6.15E+06 5.53E+06 4.72E+06 3.73E+06 2.96E+06 2.25E+06 1.68E+06 1.18E+06 8.05E+05 5.30E+05 3.36E+05 2.06E+05 1.19E+05 6.79E+04 3.64E+04 1.94E+04 9.85E+03 4.69E+03 2.22E+03 9.77E+02 4.43E+02 1.72E+02 0.00E+00 0.00E+00 0.00E+00 0.00E+00 0.00E+00 0.00E+00 0.00E+00 0.00E+00 0.00E+00 0.00E+00 0.00E+00 0.00E+00 0.00E+00 0.00E+00 0.00E+00 0.00E+00 0.00E+00 0.00E+00 0.00E+00 0.00E+00
   7.50  0.595  1.08E+08 2.03E+08 3.28E+09 4.39E+06 8.69E+06 1.28E+07 1.66E+07 1.75E+07 1.92E+07 1.88E+07 1.85E+07 1.69E+07 1.53E+07 1.32E+07 1.06E+07 8.47E+06 6.51E+06 4.94E+06 3.50E+06 2.43E+06 1.63E+06 1.04E+06 6.54E+05 3.87E+05 2.24E+05 1.22E+05 6.60E+04 3.34E+04 1.60E+04 7.76E+03 3.50E+03 1.62E+03 6.25E+02 0.00E+00 0.00E+00 0.00E+00 0.00E+00 0.00E+00 0.00E+00 0.00E+00 0.00E+00 0.00E+00 0.00E+00 0.00E+00 0.00E+00 0.00E+00 0.00E+00 0.00E+00 0.00E+00 0.00E+00 0.00E+00 0.00E+00 0.00E+00
   8.00  0.615  2.96E+08 5.53E+08 9.09E+09 1.17E+07 2.31E+07 3.40E+07 4.42E+07 4.69E+07 5.15E+07 5.06E+07 5.04E+07 4.62E+07 4.22E+07 3.62E+07 2.94E+07 2.38E+07 1.85E+07 1.42E+07 1.02E+07 7.17E+06 4.88E+06 3.18E+06 2.02E+06 1.22E+06 7.22E+05 4.04E+05 2.22E+05 1.14E+05 5.48E+04 2.64E+04 1.20E+04 5.71E+03 2.29E+03 0.00E+00 0.00E+00 0.00E+00 0.00E+00 0.00E+00 0.00E+00 0.00E+00 0.00E+00 0.00E+00 0.00E+00 0.00E+00 0.00E+00 0.00E+00 0.00E+00 0.00E+00 0.00E+00 0.00E+00 0.00E+00 0.00E+00 0.00E+00
   8.50  0.633  8.08E+08 1.49E+09 2.49E+10 3.07E+07 6.08E+07 8.96E+07 1.17E+08 1.24E+08 1.37E+08 1.35E+08 1.35E+08 1.24E+08 1.14E+08 9.85E+07 8.10E+07 6.61E+07 5.17E+07 4.01E+07 2.92E+07 2.08E+07 1.44E+07 9.49E+06 6.15E+06 3.79E+06 2.28E+06 1.30E+06 7.28E+05 3.81E+05 1.88E+05 9.16E+04 4.17E+04 1.96E+04 8.11E+03 0.00E+00 0.00E+00 0.00E+00 0.00E+00 0.00E+00 0.00E+00 0.00E+00 0.00E+00 0.00E+00 0.00E+00 0.00E+00 0.00E+00 0.00E+00 0.00E+00 0.00E+00 0.00E+00 0.00E+00 0.00E+00 0.00E+00 0.00E+00
   9.00  0.652  2.18E+09 3.98E+09 6.72E+10 8.00E+07 1.58E+08 2.34E+08 3.04E+08 3.25E+08 3.59E+08 3.56E+08 3.57E+08 3.31E+08 3.05E+08 2.65E+08 2.20E+08 1.81E+08 1.42E+08 1.12E+08 8.23E+07 5.92E+07 4.17E+07 2.78E+07 1.83E+07 1.15E+07 7.04E+06 4.11E+06 2.34E+06 1.25E+06 6.30E+05 3.14E+05 1.46E+05 6.91E+04 2.83E+04 0.00E+00 0.00E+00 0.00E+00 0.00E+00 0.00E+00 0.00E+00 0.00E+00 0.00E+00 0.00E+00 0.00E+00 0.00E+00 0.00E+00 0.00E+00 0.00E+00 0.00E+00 0.00E+00 0.00E+00 0.00E+00 0.00E+00 0.00E+00
   9.50  0.670  5.80E+09 1.05E+10 1.80E+11 2.06E+08 4.09E+08 6.04E+08 7.87E+08 8.43E+08 9.33E+08 9.28E+08 9.34E+08 8.69E+08 8.05E+08 7.05E+08 5.88E+08 4.87E+08 3.87E+08 3.06E+08 2.28E+08 1.66E+08 1.19E+08 8.01E+07 5.35E+07 3.42E+07 2.13E+07 1.27E+07 7.40E+06 4.03E+06 2.07E+06 1.06E+06 5.07E+05 2.44E+05 1.01E+05 0.00E+00 0.00E+00 0.00E+00 0.00E+00 0.00E+00 0.00E+00 0.00E+00 0.00E+00 0.00E+00 0.00E+00 0.00E+00 0.00E+00 0.00E+00 0.00E+00 0.00E+00 0.00E+00 0.00E+00 0.00E+00 0.00E+00 0.00E+00
  10.00  0.687  1.53E+10 2.75E+10 4.76E+11 5.28E+08 1.05E+09 1.55E+09 2.02E+09 2.17E+09 2.40E+09 2.40E+09 2.42E+09 2.26E+09 2.11E+09 1.85E+09 1.55E+09 1.29E+09 1.04E+09 8.30E+08 6.23E+08 4.59E+08 3.32E+08 2.27E+08 1.53E+08 1.00E+08 6.33E+07 3.85E+07 2.29E+07 1.28E+07 6.73E+06 3.51E+06 1.73E+06 8.55E+05 3.62E+05 0.00E+00 0.00E+00 0.00E+00 0.00E+00 0.00E+00 0.00E+00 0.00E+00 0.00E+00 0.00E+00 0.00E+00 0.00E+00 0.00E+00 0.00E+00 0.00E+00 0.00E+00 0.00E+00 0.00E+00 0.00E+00 0.00E+00 0.00E+00
  11.00  0.721  1.21E+11 1.83E+11 3.23E+12 3.37E+09 6.69E+09 9.90E+09 1.29E+10 1.40E+10 1.56E+10 1.56E+10 1.58E+10 1.49E+10 1.40E+10 1.24E+10 1.05E+10 8.88E+09 7.23E+09 5.86E+09 4.48E+09 3.37E+09 2.49E+09 1.73E+09 1.21E+09 8.10E+08 5.30E+08 3.35E+08 2.07E+08 1.20E+08 6.65E+07 3.66E+07 1.92E+07 1.01E+07 4.45E+06 0.00E+00 0.00E+00 0.00E+00 0.00E+00 0.00E+00 0.00E+00 0.00E+00 0.00E+00 0.00E+00 0.00E+00 0.00E+00 0.00E+00 0.00E+00 0.00E+00 0.00E+00 0.00E+00 0.00E+00 0.00E+00 0.00E+00 0.00E+00
  12.00  0.753  8.01E+11 1.18E+12 2.12E+13 2.09E+10 4.15E+10 6.15E+10 8.05E+10 8.72E+10 9.74E+10 9.81E+10 1.00E+11 9.48E+10 8.95E+10 8.02E+10 6.88E+10 5.85E+10 4.83E+10 3.96E+10 3.07E+10 2.35E+10 1.77E+10 1.26E+10 8.94E+09 6.17E+09 4.15E+09 2.71E+09 1.73E+09 1.05E+09 6.07E+08 3.50E+08 1.96E+08 1.09E+08 5.05E+07 0.00E+00 0.00E+00 0.00E+00 0.00E+00 0.00E+00 0.00E+00 0.00E+00 0.00E+00 0.00E+00 0.00E+00 0.00E+00 0.00E+00 0.00E+00 0.00E+00 0.00E+00 0.00E+00 0.00E+00 0.00E+00 0.00E+00 0.00E+00
  13.00  0.783  4.10E+12 5.42E+12 1.15E+14 4.87E+10 9.64E+10 1.47E+11 1.97E+11 2.42E+11 2.99E+11 3.58E+11 4.07E+11 4.66E+11 5.22E+11 5.02E+11 4.34E+11 3.72E+11 3.10E+11 2.58E+11 2.02E+11 1.57E+11 1.21E+11 8.67E+10 6.30E+10 4.46E+10 3.07E+10 2.06E+10 1.36E+10 8.51E+09 5.13E+09 3.09E+09 1.82E+09 1.07E+09 5.19E+08 0.00E+00 0.00E+00 0.00E+00 0.00E+00 0.00E+00 0.00E+00 0.00E+00 0.00E+00 0.00E+00 0.00E+00 0.00E+00 0.00E+00 0.00E+00 0.00E+00 0.00E+00 0.00E+00 0.00E+00 0.00E+00 0.00E+00 0.00E+00
  14.00  0.813  1.09E+13 8.20E+12 2.47E+14 1.72E+10 3.16E+10 5.22E+10 7.22E+10 6.73E+10 1.17E+11 1.92E+11 2.20E+11 2.94E+11 3.69E+11 4.16E+11 4.81E+11 5.82E+11 5.75E+11 6.45E+11 7.24E+11 7.41E+11 6.71E+11 5.71E+11 4.25E+11 3.07E+11 2.16E+11 1.49E+11 1.01E+11 6.49E+10 4.06E+10 2.54E+10 1.56E+10 9.67E+09 4.84E+09 0.00E+00 0.00E+00 0.00E+00 0.00E+00 0.00E+00 0.00E+00 0.00E+00 0.00E+00 0.00E+00 0.00E+00 0.00E+00 0.00E+00 0.00E+00 0.00E+00 0.00E+00 0.00E+00 0.00E+00 0.00E+00 0.00E+00 0.00E+00
  15.00  0.842  1.85E+13 7.05E+12 2.62E+14 9.91E+09 1.67E+10 2.02E+10 2.39E+10 2.10E+10 4.37E+10 5.76E+10 4.22E+10 3.92E+10 1.02E+11 1.63E+11 1.13E+11 1.10E+11 9.64E+10 2.33E+11 4.34E+11 6.66E+11 8.85E+11 9.29E+11 8.57E+11 6.97E+11 5.03E+11 3.52E+11 2.41E+11 1.57E+11 9.96E+10 6.29E+10 3.92E+10 2.48E+10 1.26E+10 0.00E+00 0.00E+00 0.00E+00 0.00E+00 0.00E+00 0.00E+00 0.00E+00 0.00E+00 0.00E+00 0.00E+00 0.00E+00 0.00E+00 0.00E+00 0.00E+00 0.00E+00 0.00E+00 0.00E+00 0.00E+00 0.00E+00 0.00E+00
  16.00  0.869  2.74E+13 1.07E+13 4.40E+14 5.72E+09 8.85E+09 7.78E+09 7.90E+09 6.56E+09 1.63E+10 1.73E+10 8.09E+09 5.23E+09 2.80E+10 6.36E+10 2.64E+10 2.09E+10 1.62E+10 8.40E+10 2.60E+11 5.99E+11 1.17E+12 1.51E+12 1.73E+12 1.58E+12 1.17E+12 8.32E+11 5.75E+11 3.81E+11 2.44E+11 1.56E+11 9.84E+10 6.35E+10 3.28E+10 0.00E+00 0.00E+00 0.00E+00 0.00E+00 0.00E+00 0.00E+00 0.00E+00 0.00E+00 0.00E+00 0.00E+00 0.00E+00 0.00E+00 0.00E+00 0.00E+00 0.00E+00 0.00E+00 0.00E+00 0.00E+00 0.00E+00 0.00E+00
  17.00  0.896  4.30E+13 2.04E+13 8.68E+14 3.30E+09 4.68E+09 3.00E+09 2.61E+09 2.05E+09 6.07E+09 5.19E+09 1.55E+09 6.98E+08 7.72E+09 2.49E+10 6.18E+09 3.95E+09 2.71E+09 3.03E+10 1.56E+11 5.39E+11 1.54E+12 2.47E+12 3.49E+12 3.60E+12 2.72E+12 1.97E+12 1.37E+12 9.21E+11 6.00E+11 3.86E+11 2.47E+11 1.63E+11 8.55E+10 0.00E+00 0.00E+00 0.00E+00 0.00E+00 0.00E+00 0.00E+00 0.00E+00 0.00E+00 0.00E+00 0.00E+00 0.00E+00 0.00E+00 0.00E+00 0.00E+00 0.00E+00 0.00E+00 0.00E+00 0.00E+00 0.00E+00 0.00E+00
  18.00  0.922  7.42E+13 4.21E+13 1.83E+15 1.90E+09 2.48E+09 1.16E+09 8.64E+08 6.40E+08 2.26E+09 1.56E+09 2.98E+08 9.31E+07 2.13E+09 9.74E+09 1.45E+09 7.47E+08 4.54E+08 1.09E+10 9.32E+10 4.84E+11 2.03E+12 4.02E+12 7.03E+12 8.19E+12 6.32E+12 4.65E+12 3.28E+12 2.23E+12 1.47E+12 9.56E+11 6.18E+11 4.16E+11 2.23E+11 0.00E+00 0.00E+00 0.00E+00 0.00E+00 0.00E+00 0.00E+00 0.00E+00 0.00E+00 0.00E+00 0.00E+00 0.00E+00 0.00E+00 0.00E+00 0.00E+00 0.00E+00 0.00E+00 0.00E+00 0.00E+00 0.00E+00 0.00E+00
  19.00  0.947  1.41E+14 9.06E+13 4.01E+15 1.10E+09 1.31E+09 4.47E+08 2.86E+08 2.00E+08 8.43E+08 4.68E+08 5.72E+07 1.24E+07 5.85E+08 3.81E+09 3.39E+08 1.41E+08 7.61E+07 3.95E+09 5.58E+10 4.35E+11 2.68E+12 6.54E+12 1.42E+13 1.86E+13 1.47E+13 1.10E+13 7.84E+12 5.40E+12 3.61E+12 2.37E+12 1.55E+12 1.07E+12 5.80E+11 0.00E+00 0.00E+00 0.00E+00 0.00E+00 0.00E+00 0.00E+00 0.00E+00 0.00E+00 0.00E+00 0.00E+00 0.00E+00 0.00E+00 0.00E+00 0.00E+00 0.00E+00 0.00E+00 0.00E+00 0.00E+00 0.00E+00 0.00E+00
  20.00  0.972  2.86E+14 2.00E+14 8.97E+15 6.32E+08 6.93E+08 1.73E+08 9.45E+07 6.24E+07 3.14E+08 1.40E+08 1.10E+07 1.66E+06 1.61E+08 1.49E+09 7.95E+07 2.67E+07 1.28E+07 1.42E+09 3.34E+10 3.92E+11 3.53E+12 1.07E+13 2.86E+13 4.23E+13 3.42E+13 2.60E+13 1.87E+13 1.31E+13 8.87E+12 5.86E+12 3.89E+12 2.73E+12 1.51E+12 0.00E+00 0.00E+00 0.00E+00 0.00E+00 0.00E+00 0.00E+00 0.00E+00 0.00E+00 0.00E+00 0.00E+00 0.00E+00 0.00E+00 0.00E+00 0.00E+00 0.00E+00 0.00E+00 0.00E+00 0.00E+00 0.00E+00 0.00E+00
  22.50  1.031  2.48E+15 1.55E+15 7.09E+16 1.60E+08 1.41E+08 1.60E+07 5.95E+06 3.40E+06 2.66E+07 6.94E+06 1.77E+05 1.08E+04 6.42E+06 1.43E+08 2.11E+06 4.17E+05 1.47E+05 1.12E+08 9.28E+09 3.00E+11 7.06E+12 3.61E+13 1.65E+14 3.29E+14 2.82E+14 2.24E+14 1.65E+14 1.19E+14 8.37E+13 5.66E+13 3.87E+13 2.87E+13 1.65E+13 0.00E+00 0.00E+00 0.00E+00 0.00E+00 0.00E+00 0.00E+00 0.00E+00 0.00E+00 0.00E+00 0.00E+00 0.00E+00 0.00E+00 0.00E+00 0.00E+00 0.00E+00 0.00E+00 0.00E+00 0.00E+00 0.00E+00 0.00E+00
  25.00  1.086  2.02E+16 1.27E+16 5.87E+17 4.03E+07 2.87E+07 1.48E+06 3.74E+05 1.85E+05 2.25E+06 3.43E+05 2.86E+03 7.00E+01 2.55E+05 1.36E+07 5.61E+04 6.49E+03 1.69E+03 8.73E+06 2.57E+09 2.30E+11 1.41E+13 1.22E+14 9.55E+14 2.56E+15 2.32E+15 1.92E+15 1.46E+15 1.09E+15 7.90E+14 5.46E+14 3.85E+14 3.01E+14 1.81E+14 0.00E+00 0.00E+00 0.00E+00 0.00E+00 0.00E+00 0.00E+00 0.00E+00 0.00E+00 0.00E+00 0.00E+00 0.00E+00 0.00E+00 0.00E+00 0.00E+00 0.00E+00 0.00E+00 0.00E+00 0.00E+00 0.00E+00 0.00E+00
  30.00  1.190  2.32E+18 9.07E+17 4.31E+19 2.57E+06 1.19E+06 1.27E+04 1.48E+03 5.51E+02 1.62E+04 8.36E+02 7.47E-01 0.00E+00 4.05E+02 1.25E+05 3.96E+01 1.58E+00 2.23E-01 5.35E+04 1.98E+08 1.35E+11 5.64E+13 1.40E+15 3.19E+16 1.55E+17 1.58E+17 1.42E+17 1.13E+17 9.06E+16 7.04E+16 5.08E+16 3.82E+16 3.32E+16 2.16E+16 0.00E+00 0.00E+00 0.00E+00 0.00E+00 0.00E+00 0.00E+00 0.00E+00 0.00E+00 0.00E+00 0.00E+00 0.00E+00 0.00E+00 0.00E+00 0.00E+00 0.00E+00 0.00E+00 0.00E+00 0.00E+00 0.00E+00 0.00E+00
  40.00  1.374  2.40E+22 4.80E+21 2.32E+23 1.05E+04 2.05E+03 9.30E-01 2.33E-02 0.00E+00 8.33E-01 0.00E+00 0.00E+00 0.00E+00 0.00E+00 1.05E+01 0.00E+00 0.00E+00 0.00E+00 2.01E+00 1.18E+06 4.67E+10 8.99E+14 1.85E+17 3.55E+19 5.72E+20 7.31E+20 7.77E+20 6.86E+20 6.27E+20 5.59E+20 4.41E+20 3.75E+20 9.90E+16 6.45E+16 0.00E+00 0.00E+00 0.00E+00 0.00E+00 0.00E+00 0.00E+00 0.00E+00 0.00E+00 0.00E+00 0.00E+00 0.00E+00 0.00E+00 0.00E+00 0.00E+00 0.00E+00 0.00E+00 0.00E+00 0.00E+00 0.00E+00 0.00E+00
  50.00  1.536  9.61E+22 9.61E+21 4.63E+23 4.26E+01 3.52E+00 0.00E+00 0.00E+00 0.00E+00 0.00E+00 0.00E+00 0.00E+00 0.00E+00 0.00E+00 0.00E+00 0.00E+00 0.00E+00 0.00E+00 0.00E+00 7.00E+03 1.61E+10 1.43E+16 3.68E+17 7.10E+19 1.14E+21 1.46E+21 1.55E+21 1.37E+21 1.25E+21 1.12E+21 8.82E+20 7.51E+20 2.95E+17 1.92E+17 0.00E+00 0.00E+00 0.00E+00 0.00E+00 0.00E+00 0.00E+00 0.00E+00 0.00E+00 0.00E+00 0.00E+00 0.00E+00 0.00E+00 0.00E+00 0.00E+00 0.00E+00 0.00E+00 0.00E+00 0.00E+00 0.00E+00 0.00E+00
  60.00  1.683  2.40E+23 1.92E+22 9.26E+23 0.00E+00 0.00E+00 0.00E+00 0.00E+00 0.00E+00 0.00E+00 0.00E+00 0.00E+00 0.00E+00 0.00E+00 0.00E+00 0.00E+00 0.00E+00 0.00E+00 0.00E+00 4.15E+01 5.57E+09 2.29E+17 7.33E+17 1.42E+20 2.29E+21 2.92E+21 3.11E+21 2.74E+21 2.51E+21 2.23E+21 1.76E+21 1.50E+21 8.80E+17 5.74E+17 0.00E+00 0.00E+00 0.00E+00 0.00E+00 0.00E+00 0.00E+00 0.00E+00 0.00E+00 0.00E+00 0.00E+00 0.00E+00 0.00E+00 0.00E+00 0.00E+00 0.00E+00 0.00E+00 0.00E+00 0.00E+00 0.00E+00 0.00E+00
  70.00  1.818  5.28E+23 3.84E+22 1.85E+24 0.00E+00 0.00E+00 0.00E+00 0.00E+00 0.00E+00 0.00E+00 0.00E+00 0.00E+00 0.00E+00 0.00E+00 0.00E+00 0.00E+00 0.00E+00 0.00E+00 0.00E+00 0.00E+00 1.92E+09 3.65E+18 1.46E+18 2.84E+20 4.57E+21 5.84E+21 6.22E+21 5.49E+21 5.02E+21 4.47E+21 3.53E+21 3.00E+21 2.62E+18 1.71E+18 0.00E+00 0.00E+00 0.00E+00 0.00E+00 0.00E+00 0.00E+00 0.00E+00 0.00E+00 0.00E+00 0.00E+00 0.00E+00 0.00E+00 0.00E+00 0.00E+00 0.00E+00 0.00E+00 0.00E+00 0.00E+00 0.00E+00 0.00E+00
  80.00  1.943  1.11E+24 7.69E+22 3.71E+24 0.00E+00 0.00E+00 0.00E+00 0.00E+00 0.00E+00 0.00E+00 0.00E+00 0.00E+00 0.00E+00 0.00E+00 0.00E+00 0.00E+00 0.00E+00 0.00E+00 0.00E+00 0.00E+00 6.64E+08 5.83E+19 2.91E+18 5.67E+20 9.14E+21 1.17E+22 1.24E+22 1.10E+22 1.00E+22 8.94E+21 7.06E+21 6.01E+21 7.82E+18 5.11E+18 0.00E+00 0.00E+00 0.00E+00 0.00E+00 0.00E+00 0.00E+00 0.00E+00 0.00E+00 0.00E+00 0.00E+00 0.00E+00 0.00E+00 0.00E+00 0.00E+00 0.00E+00 0.00E+00 0.00E+00 0.00E+00 0.00E+00 0.00E+00
  90.00  2.061  2.26E+24 1.55E+23 7.44E+24 0.00E+00 0.00E+00 0.00E+00 0.00E+00 0.00E+00 0.00E+00 0.00E+00 0.00E+00 0.00E+00 0.00E+00 0.00E+00 0.00E+00 0.00E+00 0.00E+00 0.00E+00 0.00E+00 2.29E+08 9.30E+20 5.80E+18 1.13E+21 1.83E+22 2.34E+22 2.49E+22 2.19E+22 2.01E+22 1.79E+22 1.41E+22 1.20E+22 2.33E+19 1.52E+19 0.00E+00 0.00E+00 0.00E+00 0.00E+00 0.00E+00 0.00E+00 0.00E+00 0.00E+00 0.00E+00 0.00E+00 0.00E+00 0.00E+00 0.00E+00 0.00E+00 0.00E+00 0.00E+00 0.00E+00 0.00E+00 0.00E+00 0.00E+00
 100.00  2.173  4.65E+24 3.22E+23 1.54E+25 0.00E+00 0.00E+00 0.00E+00 0.00E+00 0.00E+00 0.00E+00 0.00E+00 0.00E+00 0.00E+00 0.00E+00 0.00E+00 0.00E+00 0.00E+00 0.00E+00 0.00E+00 0.00E+00 7.92E+07 1.48E+22 1.16E+19 2.27E+21 3.66E+22 4.67E+22 4.97E+22 4.39E+22 4.01E+22 3.58E+22 2.82E+22 2.40E+22 6.96E+19 4.54E+19 0.00E+00 0.00E+00 0.00E+00 0.00E+00 0.00E+00 0.00E+00 0.00E+00 0.00E+00 0.00E+00 0.00E+00 0.00E+00 0.00E+00 0.00E+00 0.00E+00 0.00E+00 0.00E+00 0.00E+00 0.00E+00 0.00E+00 0.00E+00
 110.00  2.279  1.05E+25 8.51E+23 3.82E+25 0.00E+00 0.00E+00 0.00E+00 0.00E+00 0.00E+00 0.00E+00 0.00E+00 0.00E+00 0.00E+00 0.00E+00 0.00E+00 0.00E+00 0.00E+00 0.00E+00 0.00E+00 0.00E+00 2.74E+07 2.37E+23 2.30E+19 4.53E+21 7.31E+22 9.35E+22 9.94E+22 8.78E+22 8.03E+22 7.15E+22 5.64E+22 4.80E+22 2.07E+20 1.36E+20 0.00E+00 0.00E+00 0.00E+00 0.00E+00 0.00E+00 0.00E+00 0.00E+00 0.00E+00 0.00E+00 0.00E+00 0.00E+00 0.00E+00 0.00E+00 0.00E+00 0.00E+00 0.00E+00 0.00E+00 0.00E+00 0.00E+00 0.00E+00
 120.00  2.380  3.98E+25 5.00E+24 1.95E+26 0.00E+00 0.00E+00 0.00E+00 0.00E+00 0.00E+00 0.00E+00 0.00E+00 0.00E+00 0.00E+00 0.00E+00 0.00E+00 0.00E+00 0.00E+00 0.00E+00 0.00E+00 0.00E+00 9.45E+06 3.77E+24 4.59E+19 9.05E+21 1.46E+23 1.87E+23 1.99E+23 1.76E+23 1.61E+23 1.43E+23 1.13E+23 9.61E+22 6.19E+20 4.04E+20 0.00E+00 0.00E+00 0.00E+00 0.00E+00 0.00E+00 0.00E+00 0.00E+00 0.00E+00 0.00E+00 0.00E+00 0.00E+00 0.00E+00 0.00E+00 0.00E+00 0.00E+00 0.00E+00 0.00E+00 0.00E+00 0.00E+00 0.00E+00
 130.00  2.477  3.78E+26 6.27E+25 2.29E+27 0.00E+00 0.00E+00 0.00E+00 0.00E+00 0.00E+00 0.00E+00 0.00E+00 0.00E+00 0.00E+00 0.00E+00 0.00E+00 0.00E+00 0.00E+00 0.00E+00 0.00E+00 0.00E+00 3.26E+06 6.02E+25 9.14E+19 1.81E+22 2.92E+23 3.74E+23 3.98E+23 3.51E+23 3.21E+23 2.86E+23 2.26E+23 1.92E+23 1.84E+21 1.21E+21 0.00E+00 0.00E+00 0.00E+00 0.00E+00 0.00E+00 0.00E+00 0.00E+00 0.00E+00 0.00E+00 0.00E+00 0.00E+00 0.00E+00 0.00E+00 0.00E+00 0.00E+00 0.00E+00 0.00E+00 0.00E+00 0.00E+00 0.00E+00
 140.00  2.571  5.52E+27 9.66E+26 3.48E+28 0.00E+00 0.00E+00 0.00E+00 0.00E+00 0.00E+00 0.00E+00 0.00E+00 0.00E+00 0.00E+00 0.00E+00 0.00E+00 0.00E+00 0.00E+00 0.00E+00 0.00E+00 0.00E+00 1.13E+06 9.61E+26 1.82E+20 3.62E+22 5.85E+23 7.47E+23 7.95E+23 7.02E+23 6.42E+23 5.72E+23 4.51E+23 3.84E+23 5.50E+21 3.60E+21 0.00E+00 0.00E+00 0.00E+00 0.00E+00 0.00E+00 0.00E+00 0.00E+00 0.00E+00 0.00E+00 0.00E+00 0.00E+00 0.00E+00 0.00E+00 0.00E+00 0.00E+00 0.00E+00 0.00E+00 0.00E+00 0.00E+00 0.00E+00
 150.00  2.661  8.70E+28 1.53E+28 5.52E+29 0.00E+00 0.00E+00 0.00E+00 0.00E+00 0.00E+00 0.00E+00 0.00E+00 0.00E+00 0.00E+00 0.00E+00 0.00E+00 0.00E+00 0.00E+00 0.00E+00 0.00E+00 0.00E+00 3.89E+05 1.53E+28 3.63E+20 7.23E+22 1.17E+24 1.49E+24 1.59E+24 1.40E+24 1.28E+24 1.14E+24 9.03E+23 7.68E+23 1.64E+22 1.07E+22 0.00E+00 0.00E+00 0.00E+00 0.00E+00 0.00E+00 0.00E+00 0.00E+00 0.00E+00 0.00E+00 0.00E+00 0.00E+00 0.00E+00 0.00E+00 0.00E+00 0.00E+00 0.00E+00 0.00E+00 0.00E+00 0.00E+00 0.00E+00
 160.00  2.748  1.39E+30 2.45E+29 8.80E+30 0.00E+00 0.00E+00 0.00E+00 0.00E+00 0.00E+00 0.00E+00 0.00E+00 0.00E+00 0.00E+00 0.00E+00 0.00E+00 0.00E+00 0.00E+00 0.00E+00 0.00E+00 0.00E+00 1.34E+05 2.45E+29 7.23E+20 1.45E+23 2.34E+24 2.99E+24 3.18E+24 2.81E+24 2.57E+24 2.29E+24 1.81E+24 1.54E+24 4.89E+22 3.20E+22 0.00E+00 0.00E+00 0.00E+00 0.00E+00 0.00E+00 0.00E+00 0.00E+00 0.00E+00 0.00E+00 0.00E+00 0.00E+00 0.00E+00 0.00E+00 0.00E+00 0.00E+00 0.00E+00 0.00E+00 0.00E+00 0.00E+00 0.00E+00
 170.00  2.833  2.21E+31 3.90E+30 1.40E+32 0.00E+00 0.00E+00 0.00E+00 0.00E+00 0.00E+00 0.00E+00 0.00E+00 0.00E+00 0.00E+00 0.00E+00 0.00E+00 0.00E+00 0.00E+00 0.00E+00 0.00E+00 0.00E+00 4.64E+04 3.90E+30 1.44E+21 2.89E+23 4.68E+24 5.98E+24 6.36E+24 5.62E+24 5.14E+24 4.57E+24 3.61E+24 3.07E+24 1.46E+23 9.56E+22 0.00E+00 0.00E+00 0.00E+00 0.00E+00 0.00E+00 0.00E+00 0.00E+00 0.00E+00 0.00E+00 0.00E+00 0.00E+00 0.00E+00 0.00E+00 0.00E+00 0.00E+00 0.00E+00 0.00E+00 0.00E+00 0.00E+00 0.00E+00
 180.00  2.915  3.53E+32 6.22E+31 2.24E+33 0.00E+00 0.00E+00 0.00E+00 0.00E+00 0.00E+00 0.00E+00 0.00E+00 0.00E+00 0.00E+00 0.00E+00 0.00E+00 0.00E+00 0.00E+00 0.00E+00 0.00E+00 0.00E+00 1.60E+04 6.22E+31 2.87E+21 5.78E+23 9.35E+24 1.20E+25 1.27E+25 1.12E+25 1.03E+25 9.15E+24 7.22E+24 6.15E+24 4.35E+23 2.85E+23 0.00E+00 0.00E+00 0.00E+00 0.00E+00 0.00E+00 0.00E+00 0.00E+00 0.00E+00 0.00E+00 0.00E+00 0.00E+00 0.00E+00 0.00E+00 0.00E+00 0.00E+00 0.00E+00 0.00E+00 0.00E+00 0.00E+00 0.00E+00
 190.00  2.995  5.63E+33 9.93E+32 3.57E+34 0.00E+00 0.00E+00 0.00E+00 0.00E+00 0.00E+00 0.00E+00 0.00E+00 0.00E+00 0.00E+00 0.00E+00 0.00E+00 0.00E+00 0.00E+00 0.00E+00 0.00E+00 0.00E+00 5.53E+03 9.93E+32 5.71E+21 1.16E+24 1.87E+25 2.39E+25 2.54E+25 2.25E+25 2.05E+25 1.83E+25 1.44E+25 1.23E+25 1.30E+24 8.51E+23 0.00E+00 0.00E+00 0.00E+00 0.00E+00 0.00E+00 0.00E+00 0.00E+00 0.00E+00 0.00E+00 0.00E+00 0.00E+00 0.00E+00 0.00E+00 0.00E+00 0.00E+00 0.00E+00 0.00E+00 0.00E+00 0.00E+00 0.00E+00
 200.00  3.073  8.98E+34 1.58E+34 5.70E+35 0.00E+00 0.00E+00 0.00E+00 0.00E+00 0.00E+00 0.00E+00 0.00E+00 0.00E+00 0.00E+00 0.00E+00 0.00E+00 0.00E+00 0.00E+00 0.00E+00 0.00E+00 0.00E+00 1.91E+03 1.58E+34 1.14E+22 2.31E+24 3.74E+25 4.78E+25 5.09E+25 4.49E+25 4.11E+25 3.66E+25 2.89E+25 2.46E+25 3.87E+24 2.54E+24 0.00E+00 0.00E+00 0.00E+00 0.00E+00 0.00E+00 0.00E+00 0.00E+00 0.00E+00 0.00E+00 0.00E+00 0.00E+00 0.00E+00 0.00E+00 0.00E+00 0.00E+00 0.00E+00 0.00E+00 0.00E+00 0.00E+00 0.00E+00
 
                    *********************************************************************************
                    *  Z= 91 A=233: Negative-parity Spin-dependent Level Density [MeV-1] for PA233  *
                    *********************************************************************************
 U[MeV]  T[MeV]  NCUMUL   RHOOBS   RHOTOT    J=01/2   J=03/2   J=05/2   J=07/2   J=09/2   J=11/2   J=13/2   J=15/2   J=17/2   J=19/2   J=21/2   J=23/2   J=25/2   J=27/2   J=29/2   J=31/2   J=33/2   J=35/2   J=37/2   J=39/2   J=41/2   J=43/2   J=45/2   J=47/2   J=49/2   J=51/2   J=53/2   J=55/2   J=57/2   J=59/2   J=61/2   J=63/2   J=65/2   J=67/2   J=69/2   J=71/2   J=73/2   J=75/2   J=77/2   J=79/2   J=81/2   J=83/2   J=85/2   J=87/2   J=89/2   J=91/2   J=93/2   J=95/2   J=97/2   J=99/2
   0.25  0.109  2.00E+00 1.52E+01 1.59E+02 1.00E+00 1.72E+00 2.44E+00 2.16E+00 1.44E+00 1.44E+00 1.44E+00 1.44E+00 7.20E-01 7.20E-01 7.20E-01 0.00E+00 0.00E+00 0.00E+00 0.00E+00 0.00E+00 0.00E+00 0.00E+00 0.00E+00 0.00E+00 0.00E+00 0.00E+00 0.00E+00 0.00E+00 0.00E+00 0.00E+00 0.00E+00 0.00E+00 0.00E+00 0.00E+00 0.00E+00 0.00E+00 0.00E+00 0.00E+00 0.00E+00 0.00E+00 0.00E+00 0.00E+00 0.00E+00 0.00E+00 0.00E+00 0.00E+00 0.00E+00 0.00E+00 0.00E+00 0.00E+00 0.00E+00 0.00E+00 0.00E+00 0.00E+00
   0.50  0.154  7.00E+00 2.19E+01 2.24E+02 1.43E+00 2.63E+00 4.07E+00 3.60E+00 1.80E+00 1.80E+00 1.80E+00 1.20E+00 1.20E+00 1.20E+00 6.00E-01 6.00E-01 0.00E+00 0.00E+00 0.00E+00 0.00E+00 0.00E+00 0.00E+00 0.00E+00 0.00E+00 0.00E+00 0.00E+00 0.00E+00 0.00E+00 0.00E+00 0.00E+00 0.00E+00 0.00E+00 0.00E+00 0.00E+00 0.00E+00 0.00E+00 0.00E+00 0.00E+00 0.00E+00 0.00E+00 0.00E+00 0.00E+00 0.00E+00 0.00E+00 0.00E+00 0.00E+00 0.00E+00 0.00E+00 0.00E+00 0.00E+00 0.00E+00 0.00E+00 0.00E+00 0.00E+00
   0.75  0.188  1.50E+01 3.97E+01 4.50E+02 1.23E+00 3.52E+00 5.94E+00 5.18E+00 5.35E+00 5.15E+00 4.12E+00 3.09E+00 1.54E+00 1.54E+00 1.03E+00 1.03E+00 5.15E-01 5.15E-01 0.00E+00 0.00E+00 0.00E+00 0.00E+00 0.00E+00 0.00E+00 0.00E+00 0.00E+00 0.00E+00 0.00E+00 0.00E+00 0.00E+00 0.00E+00 0.00E+00 0.00E+00 0.00E+00 0.00E+00 0.00E+00 0.00E+00 0.00E+00 0.00E+00 0.00E+00 0.00E+00 0.00E+00 0.00E+00 0.00E+00 0.00E+00 0.00E+00 0.00E+00 0.00E+00 0.00E+00 0.00E+00 0.00E+00 0.00E+00 0.00E+00 0.00E+00
   1.00  0.217  2.90E+01 7.54E+01 8.38E+02 4.80E+00 6.17E+00 9.78E+00 1.02E+01 1.00E+01 8.43E+00 7.40E+00 6.69E+00 4.12E+00 3.09E+00 1.54E+00 1.03E+00 1.03E+00 5.15E-01 5.15E-01 0.00E+00 0.00E+00 0.00E+00 0.00E+00 0.00E+00 0.00E+00 0.00E+00 0.00E+00 0.00E+00 0.00E+00 0.00E+00 0.00E+00 0.00E+00 0.00E+00 0.00E+00 0.00E+00 0.00E+00 0.00E+00 0.00E+00 0.00E+00 0.00E+00 0.00E+00 0.00E+00 0.00E+00 0.00E+00 0.00E+00 0.00E+00 0.00E+00 0.00E+00 0.00E+00 0.00E+00 0.00E+00 0.00E+00 0.00E+00 0.00E+00
   1.25  0.243  6.40E+01 2.05E+02 2.32E+03 8.40E+00 2.07E+01 2.50E+01 2.83E+01 2.39E+01 2.51E+01 2.23E+01 1.72E+01 1.23E+01 7.72E+00 5.66E+00 3.60E+00 1.54E+00 1.03E+00 1.03E+00 5.15E-01 5.15E-01 0.00E+00 0.00E+00 0.00E+00 0.00E+00 0.00E+00 0.00E+00 0.00E+00 0.00E+00 0.00E+00 0.00E+00 0.00E+00 0.00E+00 0.00E+00 0.00E+00 0.00E+00 0.00E+00 0.00E+00 0.00E+00 0.00E+00 0.00E+00 0.00E+00 0.00E+00 0.00E+00 0.00E+00 0.00E+00 0.00E+00 0.00E+00 0.00E+00 0.00E+00 0.00E+00 0.00E+00 0.00E+00 0.00E+00
   1.50  0.266  1.34E+02 3.52E+02 4.16E+03 1.39E+01 3.01E+01 3.97E+01 4.49E+01 4.30E+01 4.51E+01 3.67E+01 2.92E+01 2.42E+01 1.70E+01 1.13E+01 6.69E+00 4.12E+00 2.06E+00 1.54E+00 1.03E+00 5.15E-01 5.15E-01 0.00E+00 0.00E+00 0.00E+00 0.00E+00 0.00E+00 0.00E+00 0.00E+00 0.00E+00 0.00E+00 0.00E+00 0.00E+00 0.00E+00 0.00E+00 0.00E+00 0.00E+00 0.00E+00 0.00E+00 0.00E+00 0.00E+00 0.00E+00 0.00E+00 0.00E+00 0.00E+00 0.00E+00 0.00E+00 0.00E+00 0.00E+00 0.00E+00 0.00E+00 0.00E+00 0.00E+00 0.00E+00
   1.75  0.287  2.63E+02 6.85E+02 8.72E+03 2.26E+01 4.87E+01 6.75E+01 8.05E+01 7.84E+01 8.12E+01 7.14E+01 6.57E+01 5.34E+01 4.17E+01 2.83E+01 1.80E+01 1.23E+01 6.69E+00 4.12E+00 1.54E+00 1.03E+00 1.03E+00 5.15E-01 0.00E+00 0.00E+00 0.00E+00 0.00E+00 0.00E+00 0.00E+00 0.00E+00 0.00E+00 0.00E+00 0.00E+00 0.00E+00 0.00E+00 0.00E+00 0.00E+00 0.00E+00 0.00E+00 0.00E+00 0.00E+00 0.00E+00 0.00E+00 0.00E+00 0.00E+00 0.00E+00 0.00E+00 0.00E+00 0.00E+00 0.00E+00 0.00E+00 0.00E+00 0.00E+00 0.00E+00
   2.00  0.307  4.91E+02 1.13E+03 1.44E+04 4.59E+01 8.18E+01 1.14E+02 1.33E+02 1.32E+02 1.32E+02 1.14E+02 9.94E+01 8.04E+01 6.59E+01 5.15E+01 3.19E+01 2.42E+01 1.34E+01 7.20E+00 4.12E+00 1.54E+00 1.03E+00 1.03E+00 5.15E-01 0.00E+00 0.00E+00 0.00E+00 0.00E+00 0.00E+00 0.00E+00 0.00E+00 0.00E+00 0.00E+00 0.00E+00 0.00E+00 0.00E+00 0.00E+00 0.00E+00 0.00E+00 0.00E+00 0.00E+00 0.00E+00 0.00E+00 0.00E+00 0.00E+00 0.00E+00 0.00E+00 0.00E+00 0.00E+00 0.00E+00 0.00E+00 0.00E+00 0.00E+00 0.00E+00
   2.25  0.326  9.10E+02 2.22E+03 2.93E+04 7.41E+01 1.51E+02 2.05E+02 2.51E+02 2.45E+02 2.59E+02 2.36E+02 2.07E+02 1.67E+02 1.27E+02 9.54E+01 7.05E+01 5.30E+01 3.19E+01 2.26E+01 1.23E+01 6.69E+00 3.09E+00 1.54E+00 1.03E+00 5.15E-01 0.00E+00 0.00E+00 0.00E+00 0.00E+00 0.00E+00 0.00E+00 0.00E+00 0.00E+00 0.00E+00 0.00E+00 0.00E+00 0.00E+00 0.00E+00 0.00E+00 0.00E+00 0.00E+00 0.00E+00 0.00E+00 0.00E+00 0.00E+00 0.00E+00 0.00E+00 0.00E+00 0.00E+00 0.00E+00 0.00E+00 0.00E+00 0.00E+00 0.00E+00
   2.50  0.344  1.62E+03 3.50E+03 4.68E+04 1.15E+02 2.23E+02 3.20E+02 3.92E+02 3.91E+02 4.07E+02 3.58E+02 3.17E+02 2.72E+02 2.15E+02 1.62E+02 1.07E+02 8.03E+01 5.56E+01 3.86E+01 2.42E+01 1.23E+01 6.69E+00 3.09E+00 1.54E+00 1.03E+00 5.15E-01 0.00E+00 0.00E+00 0.00E+00 0.00E+00 0.00E+00 0.00E+00 0.00E+00 0.00E+00 0.00E+00 0.00E+00 0.00E+00 0.00E+00 0.00E+00 0.00E+00 0.00E+00 0.00E+00 0.00E+00 0.00E+00 0.00E+00 0.00E+00 0.00E+00 0.00E+00 0.00E+00 0.00E+00 0.00E+00 0.00E+00 0.00E+00 0.00E+00
   2.75  0.360  2.96E+03 7.17E+03 9.63E+04 2.25E+02 4.61E+02 6.39E+02 7.96E+02 8.09E+02 8.45E+02 7.55E+02 6.51E+02 5.37E+02 4.31E+02 3.25E+02 2.36E+02 1.69E+02 1.07E+02 7.56E+01 5.30E+01 2.93E+01 1.70E+01 7.72E+00 4.12E+00 1.54E+00 1.03E+00 5.15E-01 0.00E+00 0.00E+00 0.00E+00 0.00E+00 0.00E+00 0.00E+00 0.00E+00 0.00E+00 0.00E+00 0.00E+00 0.00E+00 0.00E+00 0.00E+00 0.00E+00 0.00E+00 0.00E+00 0.00E+00 0.00E+00 0.00E+00 0.00E+00 0.00E+00 0.00E+00 0.00E+00 0.00E+00 0.00E+00 0.00E+00 0.00E+00
   3.00  0.376  5.32E+03 1.17E+04 1.58E+05 3.56E+02 7.36E+02 1.02E+03 1.27E+03 1.31E+03 1.37E+03 1.23E+03 1.09E+03 8.99E+02 7.06E+02 5.40E+02 3.69E+02 2.82E+02 1.80E+02 1.21E+02 8.03E+01 5.30E+01 2.93E+01 1.70E+01 7.20E+00 3.60E+00 1.54E+00 1.03E+00 5.15E-01 0.00E+00 0.00E+00 0.00E+00 0.00E+00 0.00E+00 0.00E+00 0.00E+00 0.00E+00 0.00E+00 0.00E+00 0.00E+00 0.00E+00 0.00E+00 0.00E+00 0.00E+00 0.00E+00 0.00E+00 0.00E+00 0.00E+00 0.00E+00 0.00E+00 0.00E+00 0.00E+00 0.00E+00 0.00E+00 0.00E+00
   3.25  0.392  9.78E+03 2.40E+04 3.30E+05 7.02E+02 1.42E+03 2.04E+03 2.57E+03 2.61E+03 2.75E+03 2.55E+03 2.29E+03 1.94E+03 1.54E+03 1.17E+03 8.03E+02 5.80E+02 3.76E+02 2.68E+02 1.68E+02 1.01E+02 6.59E+01 4.17E+01 2.26E+01 9.26E+00 4.12E+00 1.54E+00 1.03E+00 5.15E-01 0.00E+00 0.00E+00 0.00E+00 0.00E+00 0.00E+00 0.00E+00 0.00E+00 0.00E+00 0.00E+00 0.00E+00 0.00E+00 0.00E+00 0.00E+00 0.00E+00 0.00E+00 0.00E+00 0.00E+00 0.00E+00 0.00E+00 0.00E+00 0.00E+00 0.00E+00 0.00E+00 0.00E+00 0.00E+00
   3.50  0.406  1.76E+04 3.88E+04 5.38E+05 1.13E+03 2.26E+03 3.27E+03 4.12E+03 4.18E+03 4.40E+03 4.01E+03 3.70E+03 3.13E+03 2.55E+03 1.97E+03 1.38E+03 9.82E+02 6.35E+02 4.30E+02 2.81E+02 1.69E+02 1.01E+02 6.59E+01 3.86E+01 1.80E+01 7.72E+00 3.60E+00 1.54E+00 1.03E+00 5.15E-01 0.00E+00 0.00E+00 0.00E+00 0.00E+00 0.00E+00 0.00E+00 0.00E+00 0.00E+00 0.00E+00 0.00E+00 0.00E+00 0.00E+00 0.00E+00 0.00E+00 0.00E+00 0.00E+00 0.00E+00 0.00E+00 0.00E+00 0.00E+00 0.00E+00 0.00E+00 0.00E+00 0.00E+00
   3.75  0.421  3.20E+04 7.59E+04 1.08E+06 2.13E+03 4.17E+03 6.06E+03 7.65E+03 7.89E+03 8.42E+03 7.85E+03 7.31E+03 6.27E+03 5.20E+03 4.03E+03 2.95E+03 2.14E+03 1.41E+03 9.41E+02 5.86E+02 3.50E+02 2.19E+02 1.27E+02 7.56E+01 4.58E+01 2.42E+01 9.26E+00 4.12E+00 1.54E+00 1.03E+00 5.15E-01 0.00E+00 0.00E+00 0.00E+00 0.00E+00 0.00E+00 0.00E+00 0.00E+00 0.00E+00 0.00E+00 0.00E+00 0.00E+00 0.00E+00 0.00E+00 0.00E+00 0.00E+00 0.00E+00 0.00E+00 0.00E+00 0.00E+00 0.00E+00 0.00E+00 0.00E+00 0.00E+00
   4.00  0.435  5.65E+04 1.20E+05 1.71E+06 3.30E+03 6.56E+03 9.52E+03 1.21E+04 1.24E+04 1.32E+04 1.23E+04 1.14E+04 9.79E+03 8.27E+03 6.53E+03 4.73E+03 3.52E+03 2.33E+03 1.58E+03 9.94E+02 5.89E+02 3.50E+02 2.17E+02 1.21E+02 7.05E+01 4.17E+01 1.80E+01 7.20E+00 3.09E+00 1.03E+00 5.15E-01 0.00E+00 0.00E+00 0.00E+00 0.00E+00 0.00E+00 0.00E+00 0.00E+00 0.00E+00 0.00E+00 0.00E+00 0.00E+00 0.00E+00 0.00E+00 0.00E+00 0.00E+00 0.00E+00 0.00E+00 0.00E+00 0.00E+00 0.00E+00 0.00E+00 0.00E+00 0.00E+00
   4.25  0.448  1.00E+05 2.31E+05 3.36E+06 6.12E+03 1.21E+04 1.77E+04 2.25E+04 2.33E+04 2.48E+04 2.34E+04 2.21E+04 1.93E+04 1.62E+04 1.29E+04 9.63E+03 7.22E+03 4.91E+03 3.43E+03 2.18E+03 1.30E+03 7.60E+02 4.53E+02 2.68E+02 1.40E+02 8.03E+01 4.58E+01 2.26E+01 7.72E+00 3.09E+00 1.03E+00 5.15E-01 0.00E+00 0.00E+00 0.00E+00 0.00E+00 0.00E+00 0.00E+00 0.00E+00 0.00E+00 0.00E+00 0.00E+00 0.00E+00 0.00E+00 0.00E+00 0.00E+00 0.00E+00 0.00E+00 0.00E+00 0.00E+00 0.00E+00 0.00E+00 0.00E+00 0.00E+00
   4.50  0.461  1.75E+05 3.63E+05 5.30E+06 9.57E+03 1.91E+04 2.77E+04 3.53E+04 3.67E+04 3.91E+04 3.66E+04 3.44E+04 2.98E+04 2.56E+04 2.05E+04 1.52E+04 1.14E+04 8.00E+03 5.56E+03 3.61E+03 2.21E+03 1.30E+03 7.54E+02 4.29E+02 2.37E+02 1.27E+02 7.05E+01 3.86E+01 1.70E+01 6.69E+00 1.54E+00 1.03E+00 5.15E-01 0.00E+00 0.00E+00 0.00E+00 0.00E+00 0.00E+00 0.00E+00 0.00E+00 0.00E+00 0.00E+00 0.00E+00 0.00E+00 0.00E+00 0.00E+00 0.00E+00 0.00E+00 0.00E+00 0.00E+00 0.00E+00 0.00E+00 0.00E+00 0.00E+00
   4.75  0.474  3.07E+05 6.98E+05 1.03E+07 1.78E+04 3.54E+04 5.16E+04 6.59E+04 6.87E+04 7.36E+04 6.99E+04 6.66E+04 5.85E+04 5.00E+04 4.01E+04 3.04E+04 2.30E+04 1.60E+04 1.14E+04 7.54E+03 4.68E+03 2.85E+03 1.68E+03 9.42E+02 5.03E+02 2.81E+02 1.40E+02 7.56E+01 4.17E+01 1.70E+01 6.69E+00 1.54E+00 1.03E+00 5.15E-01 0.00E+00 0.00E+00 0.00E+00 0.00E+00 0.00E+00 0.00E+00 0.00E+00 0.00E+00 0.00E+00 0.00E+00 0.00E+00 0.00E+00 0.00E+00 0.00E+00 0.00E+00 0.00E+00 0.00E+00 0.00E+00 0.00E+00 0.00E+00
   5.00  0.486  5.31E+05 1.09E+06 1.62E+07 2.79E+04 5.50E+04 8.05E+04 1.03E+05 1.08E+05 1.15E+05 1.09E+05 1.03E+05 9.02E+04 7.82E+04 6.38E+04 4.78E+04 3.62E+04 2.57E+04 1.82E+04 1.20E+04 7.69E+03 4.71E+03 2.82E+03 1.59E+03 8.25E+02 4.53E+02 2.37E+02 1.21E+02 6.59E+01 2.93E+01 1.23E+01 4.12E+00 1.54E+00 5.15E-01 0.00E+00 0.00E+00 0.00E+00 0.00E+00 0.00E+00 0.00E+00 0.00E+00 0.00E+00 0.00E+00 0.00E+00 0.00E+00 0.00E+00 0.00E+00 0.00E+00 0.00E+00 0.00E+00 0.00E+00 0.00E+00 0.00E+00 0.00E+00
   5.50  0.510  1.61E+06 3.21E+06 4.87E+07 7.86E+04 1.55E+05 2.27E+05 2.92E+05 3.08E+05 3.32E+05 3.16E+05 3.02E+05 2.67E+05 2.35E+05 1.94E+05 1.48E+05 1.13E+05 8.18E+04 5.87E+04 3.90E+04 2.53E+04 1.58E+04 9.73E+03 5.69E+03 3.11E+03 1.68E+03 8.25E+02 4.29E+02 2.17E+02 1.01E+02 5.30E+01 2.26E+01 7.20E+00 1.54E+00 0.00E+00 0.00E+00 0.00E+00 0.00E+00 0.00E+00 0.00E+00 0.00E+00 0.00E+00 0.00E+00 0.00E+00 0.00E+00 0.00E+00 0.00E+00 0.00E+00 0.00E+00 0.00E+00 0.00E+00 0.00E+00 0.00E+00 0.00E+00
   6.00  0.532  4.72E+06 9.24E+06 1.43E+08 2.19E+05 4.32E+05 6.33E+05 8.15E+05 8.62E+05 9.33E+05 8.95E+05 8.64E+05 7.72E+05 6.84E+05 5.72E+05 4.43E+05 3.44E+05 2.53E+05 1.85E+05 1.25E+05 8.22E+04 5.20E+04 3.21E+04 1.91E+04 1.07E+04 6.00E+03 3.12E+03 1.59E+03 7.54E+02 3.48E+02 1.68E+02 7.56E+01 3.86E+01 1.29E+01 0.00E+00 0.00E+00 0.00E+00 0.00E+00 0.00E+00 0.00E+00 0.00E+00 0.00E+00 0.00E+00 0.00E+00 0.00E+00 0.00E+00 0.00E+00 0.00E+00 0.00E+00 0.00E+00 0.00E+00 0.00E+00 0.00E+00 0.00E+00
   6.50  0.554  1.36E+07 2.62E+07 4.12E+08 6.02E+05 1.19E+06 1.74E+06 2.25E+06 2.39E+06 2.60E+06 2.51E+06 2.43E+06 2.19E+06 1.96E+06 1.65E+06 1.30E+06 1.02E+06 7.62E+05 5.64E+05 3.88E+05 2.61E+05 1.68E+05 1.05E+05 6.33E+04 3.59E+04 2.02E+04 1.08E+04 5.72E+03 2.82E+03 1.29E+03 5.87E+02 2.68E+02 1.21E+02 5.35E+01 0.00E+00 0.00E+00 0.00E+00 0.00E+00 0.00E+00 0.00E+00 0.00E+00 0.00E+00 0.00E+00 0.00E+00 0.00E+00 0.00E+00 0.00E+00 0.00E+00 0.00E+00 0.00E+00 0.00E+00 0.00E+00 0.00E+00 0.00E+00
   7.00  0.575  3.85E+07 7.36E+07 1.17E+09 1.64E+06 3.24E+06 4.75E+06 6.16E+06 6.56E+06 7.16E+06 6.94E+06 6.78E+06 6.15E+06 5.53E+06 4.72E+06 3.73E+06 2.96E+06 2.25E+06 1.68E+06 1.18E+06 8.05E+05 5.30E+05 3.36E+05 2.06E+05 1.19E+05 6.80E+04 3.64E+04 1.94E+04 9.88E+03 4.70E+03 2.20E+03 9.42E+02 4.27E+02 1.71E+02 0.00E+00 0.00E+00 0.00E+00 0.00E+00 0.00E+00 0.00E+00 0.00E+00 0.00E+00 0.00E+00 0.00E+00 0.00E+00 0.00E+00 0.00E+00 0.00E+00 0.00E+00 0.00E+00 0.00E+00 0.00E+00 0.00E+00 0.00E+00
   7.50  0.595  1.08E+08 2.03E+08 3.28E+09 4.39E+06 8.69E+06 1.28E+07 1.66E+07 1.75E+07 1.92E+07 1.88E+07 1.85E+07 1.69E+07 1.53E+07 1.32E+07 1.06E+07 8.47E+06 6.51E+06 4.94E+06 3.49E+06 2.43E+06 1.62E+06 1.04E+06 6.54E+05 3.87E+05 2.24E+05 1.22E+05 6.61E+04 3.35E+04 1.60E+04 7.77E+03 3.50E+03 1.58E+03 6.02E+02 0.00E+00 0.00E+00 0.00E+00 0.00E+00 0.00E+00 0.00E+00 0.00E+00 0.00E+00 0.00E+00 0.00E+00 0.00E+00 0.00E+00 0.00E+00 0.00E+00 0.00E+00 0.00E+00 0.00E+00 0.00E+00 0.00E+00 0.00E+00
   8.00  0.615  2.96E+08 5.53E+08 9.09E+09 1.17E+07 2.31E+07 3.40E+07 4.42E+07 4.69E+07 5.15E+07 5.06E+07 5.04E+07 4.62E+07 4.22E+07 3.62E+07 2.94E+07 2.38E+07 1.85E+07 1.42E+07 1.02E+07 7.17E+06 4.88E+06 3.18E+06 2.02E+06 1.22E+06 7.22E+05 4.04E+05 2.22E+05 1.14E+05 5.50E+04 2.65E+04 1.21E+04 5.69E+03 2.27E+03 0.00E+00 0.00E+00 0.00E+00 0.00E+00 0.00E+00 0.00E+00 0.00E+00 0.00E+00 0.00E+00 0.00E+00 0.00E+00 0.00E+00 0.00E+00 0.00E+00 0.00E+00 0.00E+00 0.00E+00 0.00E+00 0.00E+00 0.00E+00
   8.50  0.633  8.08E+08 1.49E+09 2.49E+10 3.07E+07 6.08E+07 8.96E+07 1.17E+08 1.24E+08 1.37E+08 1.35E+08 1.35E+08 1.24E+08 1.14E+08 9.85E+07 8.10E+07 6.61E+07 5.17E+07 4.01E+07 2.92E+07 2.08E+07 1.44E+07 9.49E+06 6.15E+06 3.79E+06 2.28E+06 1.30E+06 7.28E+05 3.81E+05 1.88E+05 9.16E+04 4.18E+04 1.97E+04 8.13E+03 0.00E+00 0.00E+00 0.00E+00 0.00E+00 0.00E+00 0.00E+00 0.00E+00 0.00E+00 0.00E+00 0.00E+00 0.00E+00 0.00E+00 0.00E+00 0.00E+00 0.00E+00 0.00E+00 0.00E+00 0.00E+00 0.00E+00 0.00E+00
   9.00  0.652  2.18E+09 3.98E+09 6.72E+10 8.00E+07 1.58E+08 2.34E+08 3.04E+08 3.25E+08 3.59E+08 3.56E+08 3.57E+08 3.31E+08 3.05E+08 2.65E+08 2.20E+08 1.81E+08 1.42E+08 1.12E+08 8.23E+07 5.92E+07 4.17E+07 2.78E+07 1.83E+07 1.15E+07 7.04E+06 4.11E+06 2.34E+06 1.25E+06 6.30E+05 3.14E+05 1.46E+05 6.92E+04 2.83E+04 0.00E+00 0.00E+00 0.00E+00 0.00E+00 0.00E+00 0.00E+00 0.00E+00 0.00E+00 0.00E+00 0.00E+00 0.00E+00 0.00E+00 0.00E+00 0.00E+00 0.00E+00 0.00E+00 0.00E+00 0.00E+00 0.00E+00 0.00E+00
   9.50  0.670  5.80E+09 1.05E+10 1.80E+11 2.06E+08 4.09E+08 6.04E+08 7.87E+08 8.43E+08 9.33E+08 9.28E+08 9.34E+08 8.69E+08 8.05E+08 7.05E+08 5.88E+08 4.87E+08 3.87E+08 3.06E+08 2.28E+08 1.66E+08 1.19E+08 8.01E+07 5.35E+07 3.42E+07 2.13E+07 1.27E+07 7.40E+06 4.03E+06 2.07E+06 1.06E+06 5.07E+05 2.44E+05 1.01E+05 0.00E+00 0.00E+00 0.00E+00 0.00E+00 0.00E+00 0.00E+00 0.00E+00 0.00E+00 0.00E+00 0.00E+00 0.00E+00 0.00E+00 0.00E+00 0.00E+00 0.00E+00 0.00E+00 0.00E+00 0.00E+00 0.00E+00 0.00E+00
  10.00  0.687  1.53E+10 2.75E+10 4.75E+11 5.28E+08 1.05E+09 1.55E+09 2.02E+09 2.17E+09 2.40E+09 2.40E+09 2.42E+09 2.26E+09 2.11E+09 1.85E+09 1.55E+09 1.29E+09 1.04E+09 8.30E+08 6.23E+08 4.59E+08 3.32E+08 2.27E+08 1.53E+08 1.00E+08 6.33E+07 3.85E+07 2.29E+07 1.28E+07 6.73E+06 3.51E+06 1.73E+06 8.55E+05 3.62E+05 0.00E+00 0.00E+00 0.00E+00 0.00E+00 0.00E+00 0.00E+00 0.00E+00 0.00E+00 0.00E+00 0.00E+00 0.00E+00 0.00E+00 0.00E+00 0.00E+00 0.00E+00 0.00E+00 0.00E+00 0.00E+00 0.00E+00 0.00E+00
  11.00  0.721  1.21E+11 1.83E+11 3.23E+12 3.37E+09 6.69E+09 9.90E+09 1.29E+10 1.40E+10 1.56E+10 1.56E+10 1.58E+10 1.49E+10 1.40E+10 1.24E+10 1.05E+10 8.88E+09 7.23E+09 5.86E+09 4.48E+09 3.37E+09 2.49E+09 1.73E+09 1.21E+09 8.10E+08 5.30E+08 3.35E+08 2.07E+08 1.20E+08 6.65E+07 3.66E+07 1.92E+07 1.01E+07 4.45E+06 0.00E+00 0.00E+00 0.00E+00 0.00E+00 0.00E+00 0.00E+00 0.00E+00 0.00E+00 0.00E+00 0.00E+00 0.00E+00 0.00E+00 0.00E+00 0.00E+00 0.00E+00 0.00E+00 0.00E+00 0.00E+00 0.00E+00 0.00E+00
  12.00  0.753  8.01E+11 1.18E+12 2.12E+13 2.09E+10 4.15E+10 6.15E+10 8.05E+10 8.72E+10 9.74E+10 9.81E+10 1.00E+11 9.48E+10 8.95E+10 8.02E+10 6.88E+10 5.85E+10 4.83E+10 3.96E+10 3.07E+10 2.35E+10 1.77E+10 1.26E+10 8.94E+09 6.17E+09 4.15E+09 2.71E+09 1.73E+09 1.05E+09 6.07E+08 3.50E+08 1.96E+08 1.09E+08 5.05E+07 0.00E+00 0.00E+00 0.00E+00 0.00E+00 0.00E+00 0.00E+00 0.00E+00 0.00E+00 0.00E+00 0.00E+00 0.00E+00 0.00E+00 0.00E+00 0.00E+00 0.00E+00 0.00E+00 0.00E+00 0.00E+00 0.00E+00 0.00E+00
  13.00  0.783  4.10E+12 5.42E+12 1.15E+14 4.87E+10 9.64E+10 1.47E+11 1.97E+11 2.40E+11 2.99E+11 3.58E+11 4.07E+11 4.66E+11 5.22E+11 5.02E+11 4.34E+11 3.72E+11 3.10E+11 2.58E+11 2.02E+11 1.57E+11 1.21E+11 8.67E+10 6.30E+10 4.46E+10 3.07E+10 2.06E+10 1.36E+10 8.51E+09 5.13E+09 3.09E+09 1.82E+09 1.07E+09 5.19E+08 0.00E+00 0.00E+00 0.00E+00 0.00E+00 0.00E+00 0.00E+00 0.00E+00 0.00E+00 0.00E+00 0.00E+00 0.00E+00 0.00E+00 0.00E+00 0.00E+00 0.00E+00 0.00E+00 0.00E+00 0.00E+00 0.00E+00 0.00E+00
  14.00  0.813  1.09E+13 8.19E+12 2.47E+14 1.72E+10 3.16E+10 5.22E+10 7.22E+10 6.51E+10 1.17E+11 1.92E+11 2.20E+11 2.94E+11 3.69E+11 4.16E+11 4.81E+11 5.82E+11 5.75E+11 6.45E+11 7.24E+11 7.41E+11 6.71E+11 5.71E+11 4.25E+11 3.07E+11 2.16E+11 1.49E+11 1.01E+11 6.49E+10 4.06E+10 2.54E+10 1.56E+10 9.67E+09 4.84E+09 0.00E+00 0.00E+00 0.00E+00 0.00E+00 0.00E+00 0.00E+00 0.00E+00 0.00E+00 0.00E+00 0.00E+00 0.00E+00 0.00E+00 0.00E+00 0.00E+00 0.00E+00 0.00E+00 0.00E+00 0.00E+00 0.00E+00 0.00E+00
  15.00  0.842  1.85E+13 7.05E+12 2.62E+14 9.91E+09 1.67E+10 2.02E+10 2.39E+10 2.10E+10 4.37E+10 5.76E+10 4.22E+10 3.92E+10 1.02E+11 1.63E+11 1.13E+11 1.10E+11 9.64E+10 2.33E+11 4.34E+11 6.66E+11 8.85E+11 9.29E+11 8.57E+11 6.97E+11 5.03E+11 3.52E+11 2.41E+11 1.57E+11 9.96E+10 6.29E+10 3.92E+10 2.48E+10 1.26E+10 0.00E+00 0.00E+00 0.00E+00 0.00E+00 0.00E+00 0.00E+00 0.00E+00 0.00E+00 0.00E+00 0.00E+00 0.00E+00 0.00E+00 0.00E+00 0.00E+00 0.00E+00 0.00E+00 0.00E+00 0.00E+00 0.00E+00 0.00E+00
  16.00  0.869  2.74E+13 1.07E+13 4.40E+14 5.72E+09 8.85E+09 7.78E+09 7.90E+09 6.78E+09 1.63E+10 1.73E+10 8.09E+09 5.23E+09 2.80E+10 6.36E+10 2.64E+10 2.09E+10 1.62E+10 8.40E+10 2.60E+11 5.99E+11 1.17E+12 1.51E+12 1.73E+12 1.58E+12 1.17E+12 8.32E+11 5.75E+11 3.81E+11 2.44E+11 1.56E+11 9.84E+10 6.35E+10 3.28E+10 0.00E+00 0.00E+00 0.00E+00 0.00E+00 0.00E+00 0.00E+00 0.00E+00 0.00E+00 0.00E+00 0.00E+00 0.00E+00 0.00E+00 0.00E+00 0.00E+00 0.00E+00 0.00E+00 0.00E+00 0.00E+00 0.00E+00 0.00E+00
  17.00  0.896  4.30E+13 2.04E+13 8.68E+14 3.30E+09 4.68E+09 3.00E+09 2.61E+09 2.19E+09 6.07E+09 5.19E+09 1.55E+09 6.98E+08 7.72E+09 2.49E+10 6.18E+09 3.95E+09 2.71E+09 3.03E+10 1.56E+11 5.39E+11 1.54E+12 2.47E+12 3.49E+12 3.60E+12 2.72E+12 1.97E+12 1.37E+12 9.21E+11 6.00E+11 3.86E+11 2.47E+11 1.63E+11 8.55E+10 0.00E+00 0.00E+00 0.00E+00 0.00E+00 0.00E+00 0.00E+00 0.00E+00 0.00E+00 0.00E+00 0.00E+00 0.00E+00 0.00E+00 0.00E+00 0.00E+00 0.00E+00 0.00E+00 0.00E+00 0.00E+00 0.00E+00 0.00E+00
  18.00  0.922  7.42E+13 4.21E+13 1.83E+15 1.90E+09 2.48E+09 1.16E+09 8.64E+08 7.07E+08 2.26E+09 1.56E+09 2.98E+08 9.31E+07 2.13E+09 9.74E+09 1.45E+09 7.47E+08 4.54E+08 1.09E+10 9.32E+10 4.84E+11 2.03E+12 4.02E+12 7.03E+12 8.19E+12 6.32E+12 4.65E+12 3.28E+12 2.23E+12 1.47E+12 9.56E+11 6.19E+11 4.16E+11 2.23E+11 0.00E+00 0.00E+00 0.00E+00 0.00E+00 0.00E+00 0.00E+00 0.00E+00 0.00E+00 0.00E+00 0.00E+00 0.00E+00 0.00E+00 0.00E+00 0.00E+00 0.00E+00 0.00E+00 0.00E+00 0.00E+00 0.00E+00 0.00E+00
  19.00  0.947  1.41E+14 9.06E+13 4.01E+15 1.10E+09 1.31E+09 4.48E+08 2.86E+08 2.28E+08 8.43E+08 4.68E+08 5.72E+07 1.24E+07 5.85E+08 3.81E+09 3.39E+08 1.41E+08 7.61E+07 3.95E+09 5.58E+10 4.35E+11 2.68E+12 6.54E+12 1.42E+13 1.86E+13 1.47E+13 1.10E+13 7.84E+12 5.40E+12 3.61E+12 2.37E+12 1.55E+12 1.07E+12 5.80E+11 0.00E+00 0.00E+00 0.00E+00 0.00E+00 0.00E+00 0.00E+00 0.00E+00 0.00E+00 0.00E+00 0.00E+00 0.00E+00 0.00E+00 0.00E+00 0.00E+00 0.00E+00 0.00E+00 0.00E+00 0.00E+00 0.00E+00 0.00E+00
  20.00  0.972  2.86E+14 2.00E+14 8.97E+15 6.32E+08 6.93E+08 1.73E+08 9.46E+07 7.38E+07 3.14E+08 1.40E+08 1.10E+07 1.66E+06 1.61E+08 1.49E+09 7.95E+07 2.67E+07 1.28E+07 1.42E+09 3.34E+10 3.92E+11 3.53E+12 1.07E+13 2.86E+13 4.23E+13 3.42E+13 2.60E+13 1.87E+13 1.31E+13 8.87E+12 5.86E+12 3.89E+12 2.73E+12 1.51E+12 0.00E+00 0.00E+00 0.00E+00 0.00E+00 0.00E+00 0.00E+00 0.00E+00 0.00E+00 0.00E+00 0.00E+00 0.00E+00 0.00E+00 0.00E+00 0.00E+00 0.00E+00 0.00E+00 0.00E+00 0.00E+00 0.00E+00 0.00E+00
  22.50  1.031  2.48E+15 1.55E+15 7.09E+16 1.60E+08 1.41E+08 1.60E+07 5.95E+06 4.37E+06 2.66E+07 6.94E+06 1.77E+05 1.08E+04 6.42E+06 1.43E+08 2.11E+06 4.17E+05 1.47E+05 1.12E+08 9.28E+09 3.00E+11 7.06E+12 3.61E+13 1.65E+14 3.29E+14 2.82E+14 2.24E+14 1.65E+14 1.19E+14 8.37E+13 5.66E+13 3.87E+13 2.87E+13 1.65E+13 0.00E+00 0.00E+00 0.00E+00 0.00E+00 0.00E+00 0.00E+00 0.00E+00 0.00E+00 0.00E+00 0.00E+00 0.00E+00 0.00E+00 0.00E+00 0.00E+00 0.00E+00 0.00E+00 0.00E+00 0.00E+00 0.00E+00 0.00E+00
  25.00  1.086  2.02E+16 1.27E+16 5.87E+17 4.03E+07 2.87E+07 1.48E+06 3.75E+05 2.59E+05 2.25E+06 3.43E+05 2.86E+03 7.00E+01 2.55E+05 1.36E+07 5.61E+04 6.49E+03 1.69E+03 8.73E+06 2.57E+09 2.30E+11 1.41E+13 1.22E+14 9.55E+14 2.56E+15 2.32E+15 1.92E+15 1.46E+15 1.09E+15 7.90E+14 5.46E+14 3.85E+14 3.01E+14 1.81E+14 0.00E+00 0.00E+00 0.00E+00 0.00E+00 0.00E+00 0.00E+00 0.00E+00 0.00E+00 0.00E+00 0.00E+00 0.00E+00 0.00E+00 0.00E+00 0.00E+00 0.00E+00 0.00E+00 0.00E+00 0.00E+00 0.00E+00 0.00E+00
  30.00  1.190  2.32E+18 9.07E+17 4.31E+19 2.57E+06 1.19E+06 1.27E+04 1.48E+03 9.10E+02 1.62E+04 8.36E+02 7.47E-01 0.00E+00 4.05E+02 1.25E+05 3.96E+01 1.58E+00 2.23E-01 5.35E+04 1.98E+08 1.35E+11 5.64E+13 1.40E+15 3.19E+16 1.55E+17 1.58E+17 1.42E+17 1.13E+17 9.06E+16 7.04E+16 5.08E+16 3.82E+16 3.32E+16 2.16E+16 0.00E+00 0.00E+00 0.00E+00 0.00E+00 0.00E+00 0.00E+00 0.00E+00 0.00E+00 0.00E+00 0.00E+00 0.00E+00 0.00E+00 0.00E+00 0.00E+00 0.00E+00 0.00E+00 0.00E+00 0.00E+00 0.00E+00 0.00E+00
  40.00  1.374  2.40E+22 4.80E+21 2.32E+23 1.05E+04 2.05E+03 9.30E-01 2.33E-02 0.00E+00 8.33E-01 0.00E+00 0.00E+00 0.00E+00 0.00E+00 1.05E+01 0.00E+00 0.00E+00 0.00E+00 2.01E+00 1.18E+06 4.67E+10 8.99E+14 1.85E+17 3.55E+19 5.72E+20 7.31E+20 7.77E+20 6.86E+20 6.27E+20 5.59E+20 4.41E+20 3.75E+20 9.90E+16 6.45E+16 0.00E+00 0.00E+00 0.00E+00 0.00E+00 0.00E+00 0.00E+00 0.00E+00 0.00E+00 0.00E+00 0.00E+00 0.00E+00 0.00E+00 0.00E+00 0.00E+00 0.00E+00 0.00E+00 0.00E+00 0.00E+00 0.00E+00 0.00E+00
  50.00  1.536  9.61E+22 9.61E+21 4.63E+23 4.26E+01 3.52E+00 0.00E+00 0.00E+00 0.00E+00 0.00E+00 0.00E+00 0.00E+00 0.00E+00 0.00E+00 0.00E+00 0.00E+00 0.00E+00 0.00E+00 0.00E+00 7.00E+03 1.61E+10 1.43E+16 3.68E+17 7.10E+19 1.14E+21 1.46E+21 1.55E+21 1.37E+21 1.25E+21 1.12E+21 8.82E+20 7.51E+20 2.95E+17 1.92E+17 0.00E+00 0.00E+00 0.00E+00 0.00E+00 0.00E+00 0.00E+00 0.00E+00 0.00E+00 0.00E+00 0.00E+00 0.00E+00 0.00E+00 0.00E+00 0.00E+00 0.00E+00 0.00E+00 0.00E+00 0.00E+00 0.00E+00 0.00E+00
  60.00  1.683  2.40E+23 1.92E+22 9.26E+23 0.00E+00 0.00E+00 0.00E+00 0.00E+00 0.00E+00 0.00E+00 0.00E+00 0.00E+00 0.00E+00 0.00E+00 0.00E+00 0.00E+00 0.00E+00 0.00E+00 0.00E+00 4.15E+01 5.57E+09 2.29E+17 7.33E+17 1.42E+20 2.29E+21 2.92E+21 3.11E+21 2.74E+21 2.51E+21 2.24E+21 1.76E+21 1.50E+21 8.80E+17 5.74E+17 0.00E+00 0.00E+00 0.00E+00 0.00E+00 0.00E+00 0.00E+00 0.00E+00 0.00E+00 0.00E+00 0.00E+00 0.00E+00 0.00E+00 0.00E+00 0.00E+00 0.00E+00 0.00E+00 0.00E+00 0.00E+00 0.00E+00 0.00E+00
  70.00  1.818  5.28E+23 3.84E+22 1.85E+24 0.00E+00 0.00E+00 0.00E+00 0.00E+00 0.00E+00 0.00E+00 0.00E+00 0.00E+00 0.00E+00 0.00E+00 0.00E+00 0.00E+00 0.00E+00 0.00E+00 0.00E+00 0.00E+00 1.92E+09 3.65E+18 1.46E+18 2.84E+20 4.57E+21 5.84E+21 6.22E+21 5.49E+21 5.02E+21 4.47E+21 3.53E+21 3.00E+21 2.62E+18 1.71E+18 0.00E+00 0.00E+00 0.00E+00 0.00E+00 0.00E+00 0.00E+00 0.00E+00 0.00E+00 0.00E+00 0.00E+00 0.00E+00 0.00E+00 0.00E+00 0.00E+00 0.00E+00 0.00E+00 0.00E+00 0.00E+00 0.00E+00 0.00E+00
  80.00  1.943  1.11E+24 7.69E+22 3.71E+24 0.00E+00 0.00E+00 0.00E+00 0.00E+00 0.00E+00 0.00E+00 0.00E+00 0.00E+00 0.00E+00 0.00E+00 0.00E+00 0.00E+00 0.00E+00 0.00E+00 0.00E+00 0.00E+00 6.64E+08 5.83E+19 2.91E+18 5.67E+20 9.14E+21 1.17E+22 1.24E+22 1.10E+22 1.00E+22 8.94E+21 7.06E+21 6.01E+21 7.82E+18 5.11E+18 0.00E+00 0.00E+00 0.00E+00 0.00E+00 0.00E+00 0.00E+00 0.00E+00 0.00E+00 0.00E+00 0.00E+00 0.00E+00 0.00E+00 0.00E+00 0.00E+00 0.00E+00 0.00E+00 0.00E+00 0.00E+00 0.00E+00 0.00E+00
  90.00  2.061  2.26E+24 1.55E+23 7.44E+24 0.00E+00 0.00E+00 0.00E+00 0.00E+00 0.00E+00 0.00E+00 0.00E+00 0.00E+00 0.00E+00 0.00E+00 0.00E+00 0.00E+00 0.00E+00 0.00E+00 0.00E+00 0.00E+00 2.29E+08 9.30E+20 5.80E+18 1.13E+21 1.83E+22 2.34E+22 2.49E+22 2.19E+22 2.01E+22 1.79E+22 1.41E+22 1.20E+22 2.33E+19 1.52E+19 0.00E+00 0.00E+00 0.00E+00 0.00E+00 0.00E+00 0.00E+00 0.00E+00 0.00E+00 0.00E+00 0.00E+00 0.00E+00 0.00E+00 0.00E+00 0.00E+00 0.00E+00 0.00E+00 0.00E+00 0.00E+00 0.00E+00 0.00E+00
 100.00  2.173  4.65E+24 3.22E+23 1.54E+25 0.00E+00 0.00E+00 0.00E+00 0.00E+00 0.00E+00 0.00E+00 0.00E+00 0.00E+00 0.00E+00 0.00E+00 0.00E+00 0.00E+00 0.00E+00 0.00E+00 0.00E+00 0.00E+00 7.92E+07 1.48E+22 1.16E+19 2.27E+21 3.66E+22 4.67E+22 4.97E+22 4.39E+22 4.01E+22 3.58E+22 2.82E+22 2.40E+22 6.96E+19 4.54E+19 0.00E+00 0.00E+00 0.00E+00 0.00E+00 0.00E+00 0.00E+00 0.00E+00 0.00E+00 0.00E+00 0.00E+00 0.00E+00 0.00E+00 0.00E+00 0.00E+00 0.00E+00 0.00E+00 0.00E+00 0.00E+00 0.00E+00 0.00E+00
 110.00  2.279  1.05E+25 8.51E+23 3.82E+25 0.00E+00 0.00E+00 0.00E+00 0.00E+00 0.00E+00 0.00E+00 0.00E+00 0.00E+00 0.00E+00 0.00E+00 0.00E+00 0.00E+00 0.00E+00 0.00E+00 0.00E+00 0.00E+00 2.74E+07 2.37E+23 2.30E+19 4.53E+21 7.31E+22 9.35E+22 9.94E+22 8.78E+22 8.03E+22 7.15E+22 5.64E+22 4.80E+22 2.07E+20 1.36E+20 0.00E+00 0.00E+00 0.00E+00 0.00E+00 0.00E+00 0.00E+00 0.00E+00 0.00E+00 0.00E+00 0.00E+00 0.00E+00 0.00E+00 0.00E+00 0.00E+00 0.00E+00 0.00E+00 0.00E+00 0.00E+00 0.00E+00 0.00E+00
 120.00  2.380  3.98E+25 5.00E+24 1.95E+26 0.00E+00 0.00E+00 0.00E+00 0.00E+00 0.00E+00 0.00E+00 0.00E+00 0.00E+00 0.00E+00 0.00E+00 0.00E+00 0.00E+00 0.00E+00 0.00E+00 0.00E+00 0.00E+00 9.45E+06 3.77E+24 4.59E+19 9.05E+21 1.46E+23 1.87E+23 1.99E+23 1.76E+23 1.61E+23 1.43E+23 1.13E+23 9.61E+22 6.19E+20 4.04E+20 0.00E+00 0.00E+00 0.00E+00 0.00E+00 0.00E+00 0.00E+00 0.00E+00 0.00E+00 0.00E+00 0.00E+00 0.00E+00 0.00E+00 0.00E+00 0.00E+00 0.00E+00 0.00E+00 0.00E+00 0.00E+00 0.00E+00 0.00E+00
 130.00  2.477  3.78E+26 6.27E+25 2.29E+27 0.00E+00 0.00E+00 0.00E+00 0.00E+00 0.00E+00 0.00E+00 0.00E+00 0.00E+00 0.00E+00 0.00E+00 0.00E+00 0.00E+00 0.00E+00 0.00E+00 0.00E+00 0.00E+00 3.26E+06 6.02E+25 9.14E+19 1.81E+22 2.92E+23 3.74E+23 3.98E+23 3.51E+23 3.21E+23 2.86E+23 2.26E+23 1.92E+23 1.84E+21 1.21E+21 0.00E+00 0.00E+00 0.00E+00 0.00E+00 0.00E+00 0.00E+00 0.00E+00 0.00E+00 0.00E+00 0.00E+00 0.00E+00 0.00E+00 0.00E+00 0.00E+00 0.00E+00 0.00E+00 0.00E+00 0.00E+00 0.00E+00 0.00E+00
 140.00  2.571  5.52E+27 9.66E+26 3.48E+28 0.00E+00 0.00E+00 0.00E+00 0.00E+00 0.00E+00 0.00E+00 0.00E+00 0.00E+00 0.00E+00 0.00E+00 0.00E+00 0.00E+00 0.00E+00 0.00E+00 0.00E+00 0.00E+00 1.13E+06 9.61E+26 1.82E+20 3.62E+22 5.85E+23 7.47E+23 7.95E+23 7.02E+23 6.42E+23 5.72E+23 4.51E+23 3.84E+23 5.50E+21 3.60E+21 0.00E+00 0.00E+00 0.00E+00 0.00E+00 0.00E+00 0.00E+00 0.00E+00 0.00E+00 0.00E+00 0.00E+00 0.00E+00 0.00E+00 0.00E+00 0.00E+00 0.00E+00 0.00E+00 0.00E+00 0.00E+00 0.00E+00 0.00E+00
 150.00  2.661  8.70E+28 1.53E+28 5.52E+29 0.00E+00 0.00E+00 0.00E+00 0.00E+00 0.00E+00 0.00E+00 0.00E+00 0.00E+00 0.00E+00 0.00E+00 0.00E+00 0.00E+00 0.00E+00 0.00E+00 0.00E+00 0.00E+00 3.89E+05 1.53E+28 3.63E+20 7.23E+22 1.17E+24 1.49E+24 1.59E+24 1.40E+24 1.28E+24 1.14E+24 9.03E+23 7.68E+23 1.64E+22 1.07E+22 0.00E+00 0.00E+00 0.00E+00 0.00E+00 0.00E+00 0.00E+00 0.00E+00 0.00E+00 0.00E+00 0.00E+00 0.00E+00 0.00E+00 0.00E+00 0.00E+00 0.00E+00 0.00E+00 0.00E+00 0.00E+00 0.00E+00 0.00E+00
 160.00  2.748  1.39E+30 2.45E+29 8.80E+30 0.00E+00 0.00E+00 0.00E+00 0.00E+00 0.00E+00 0.00E+00 0.00E+00 0.00E+00 0.00E+00 0.00E+00 0.00E+00 0.00E+00 0.00E+00 0.00E+00 0.00E+00 0.00E+00 1.34E+05 2.44E+29 7.23E+20 1.45E+23 2.34E+24 2.99E+24 3.18E+24 2.81E+24 2.57E+24 2.29E+24 1.81E+24 1.54E+24 4.89E+22 3.20E+22 0.00E+00 0.00E+00 0.00E+00 0.00E+00 0.00E+00 0.00E+00 0.00E+00 0.00E+00 0.00E+00 0.00E+00 0.00E+00 0.00E+00 0.00E+00 0.00E+00 0.00E+00 0.00E+00 0.00E+00 0.00E+00 0.00E+00 0.00E+00
 170.00  2.833  2.21E+31 3.90E+30 1.40E+32 0.00E+00 0.00E+00 0.00E+00 0.00E+00 0.00E+00 0.00E+00 0.00E+00 0.00E+00 0.00E+00 0.00E+00 0.00E+00 0.00E+00 0.00E+00 0.00E+00 0.00E+00 0.00E+00 4.64E+04 3.90E+30 1.44E+21 2.89E+23 4.68E+24 5.98E+24 6.36E+24 5.62E+24 5.14E+24 4.57E+24 3.61E+24 3.07E+24 1.46E+23 9.56E+22 0.00E+00 0.00E+00 0.00E+00 0.00E+00 0.00E+00 0.00E+00 0.00E+00 0.00E+00 0.00E+00 0.00E+00 0.00E+00 0.00E+00 0.00E+00 0.00E+00 0.00E+00 0.00E+00 0.00E+00 0.00E+00 0.00E+00 0.00E+00
 180.00  2.915  3.53E+32 6.22E+31 2.24E+33 0.00E+00 0.00E+00 0.00E+00 0.00E+00 0.00E+00 0.00E+00 0.00E+00 0.00E+00 0.00E+00 0.00E+00 0.00E+00 0.00E+00 0.00E+00 0.00E+00 0.00E+00 0.00E+00 1.60E+04 6.22E+31 2.87E+21 5.78E+23 9.35E+24 1.20E+25 1.27E+25 1.12E+25 1.03E+25 9.15E+24 7.22E+24 6.15E+24 4.35E+23 2.85E+23 0.00E+00 0.00E+00 0.00E+00 0.00E+00 0.00E+00 0.00E+00 0.00E+00 0.00E+00 0.00E+00 0.00E+00 0.00E+00 0.00E+00 0.00E+00 0.00E+00 0.00E+00 0.00E+00 0.00E+00 0.00E+00 0.00E+00 0.00E+00
 190.00  2.995  5.63E+33 9.93E+32 3.57E+34 0.00E+00 0.00E+00 0.00E+00 0.00E+00 0.00E+00 0.00E+00 0.00E+00 0.00E+00 0.00E+00 0.00E+00 0.00E+00 0.00E+00 0.00E+00 0.00E+00 0.00E+00 0.00E+00 5.53E+03 9.93E+32 5.71E+21 1.16E+24 1.87E+25 2.39E+25 2.54E+25 2.25E+25 2.05E+25 1.83E+25 1.44E+25 1.23E+25 1.30E+24 8.51E+23 0.00E+00 0.00E+00 0.00E+00 0.00E+00 0.00E+00 0.00E+00 0.00E+00 0.00E+00 0.00E+00 0.00E+00 0.00E+00 0.00E+00 0.00E+00 0.00E+00 0.00E+00 0.00E+00 0.00E+00 0.00E+00 0.00E+00 0.00E+00
 200.00  3.073  8.98E+34 1.58E+34 5.70E+35 0.00E+00 0.00E+00 0.00E+00 0.00E+00 0.00E+00 0.00E+00 0.00E+00 0.00E+00 0.00E+00 0.00E+00 0.00E+00 0.00E+00 0.00E+00 0.00E+00 0.00E+00 0.00E+00 1.91E+03 1.58E+34 1.14E+22 2.31E+24 3.74E+25 4.78E+25 5.09E+25 4.49E+25 4.11E+25 3.66E+25 2.89E+25 2.46E+25 3.87E+24 2.54E+24 0.00E+00 0.00E+00 0.00E+00 0.00E+00 0.00E+00 0.00E+00 0.00E+00 0.00E+00 0.00E+00 0.00E+00 0.00E+00 0.00E+00 0.00E+00 0.00E+00 0.00E+00 0.00E+00 0.00E+00 0.00E+00 0.00E+00 0.00E+00
 
