   1   1    1    0                                                           1H 
   0   0.000000   0.5    1  0                                             1/2+  
   1   2    1    0                                                           2H 
   0   0.000000   1.0    1  0                                               1+  
   1   3    1    0                                                           3H 
   0   0.000000   0.5    1  0                   3.890E+08                 1/2+  
   1   4    5    2                                                           4H 
   0   0.000000   2.0   -1  0                                               2-  
   1   1.700000   1.0   -1  1                                             (1-)  
                               0  1.000000 0.000E+00     B
   2   4.100000   1.0   -1  1                                             (1-)  
                               1  1.000000 0.000E+00     B
   1   5    1    0                                                           5H 
   0   0.000000   0.5    1  0                                           (1/2+)  
   1   6    1    0                                                           6H 
   0   0.000000   2.0   -1  0                                             (2-)  
