   4   5    1    0                                                           5Be
   0   0.000000   0.5    1  0                             JP                    
   4   6    9    4                                                           6Be
   0   0.000000   0.0    1  0                   4.960E-21                   0+  
   1   1.670000   2.0    1  1                   3.930E-22                 (2)+  
                               0  1.000000 0.000E+00     B
   2  23.000002   4.0   -1  1                                               4-  
                               0  1.000000 0.000E+00     B
   3  26.000002   2.0   -1  1                                               2-  
                               2  1.000000 0.000E+00     B
   4  27.000002   3.0   -1  1                                               3-  
                               1  1.000000 0.000E+00     B
   4   7   22    8                                                           7Be
   0   0.000000   1.5   -1  0                   4.600E+06                 3/2-  
   1   0.429080   0.5   -1  1                   1.330E-13                 1/2-  
                               0  1.000000 0.000E+00      
   2   4.570000   3.5   -1  1                   2.610E-21                 7/2-  
                               0  1.000000 0.000E+00     B
   3   6.730000   2.5   -1  1                   3.800E-22                 5/2-  
                               1  1.000000 0.000E+00     B
   4   7.210001   2.5   -1  2                   1.140E-21                 5/2-  
                               1  0.500000 0.000E+00     B
                               3  0.500000 0.000E+00     B
   5   9.270000   3.5   -1  2                                             7/2-  
                               0  0.500000 0.000E+00     B
                               2  0.500000 0.000E+00     B
   6   9.900001   1.5   -1  2                   2.540E-22                 3/2-  
                               0  0.500000 0.000E+00     B
                               2  0.500000 0.000E+00     B
   7  11.010000   1.5   -1  2                   1.430E-21                 3/2-  
                               0  0.500000 0.000E+00     B
                               2  0.500000 0.000E+00     B
   8  17.000000   0.5   -1  2                   7.020E-23                 1/2-  
                               1  0.500000 0.000E+00     B
                               3  0.500000 0.000E+00     B
   4   8   75   25                                                           8Be
   0   0.000000   0.0    1  0                   6.710E-17                   0+  
   1   3.040000   2.0    1  1                   3.040E-22                   2+  
                               0  1.000000 0.000E+00     B
   2  11.400001   4.0    1  1                   1.300E-22                   4+  
                               1  1.000000 0.000E+00     B
   3  16.626001   2.0    1  1                   4.220E-21                   2+  
                               1  1.000000 0.000E+00      
   4  16.922001   2.0    1  2                   6.170E-21                   2+  
                               0  0.500000 0.000E+00     B
                               1  0.500000 0.000E+00     B
   5  17.640001   1.0    1  4                   4.260E-20                   1+  
                               4  0.250000 0.000E+00      
                               3  0.250000 0.000E+00      
                               1  0.250000 0.000E+00      
                               0  0.250000 0.000E+00      
   6  18.150002   1.0    1  4                   3.310E-21                   1+  
                               4  0.250000 0.000E+00      
                               3  0.250000 0.000E+00      
                               1  0.250000 0.000E+00      
                               0  0.250000 0.000E+00      
   7  18.910002   2.0   -1  2                   3.740E-21                   2-  
                               4  0.500000 0.000E+00      
                               3  0.500000 0.000E+00      
   8  19.070002   3.0    1  1                   1.690E-21                   3+  
                               1  1.000000 0.000E+00      
   9  19.240002   3.0    1  2                   1.980E-21                   3+  
                               5  0.500000 0.000E+00     B
                               6  0.500000 0.000E+00     B
  10  19.400002   1.0   -1  2                   7.020E-22                   1-  
                               0  0.500000 0.000E+00     B
                               1  0.500000 0.000E+00     B
  11  19.860001   4.0    1  2                   6.520E-22                   4+  
                               1  0.500000 0.000E+00     B
                               2  0.500000 0.000E+00     B
  12  20.100000   2.0    1  2                   4.150E-22                   2+  
                               0  0.500000 0.000E+00     B
                               1  0.500000 0.000E+00     B
  13  20.200001   0.0    1  2                   4.560E-22                   0+  
                               0  0.500000 0.000E+00     B
                               1  0.500000 0.000E+00     B
  14  20.900002   4.0   -1  2                   2.850E-22                   4-  
                               7  0.500000 0.000E+00     B
                               8  0.500000 0.000E+00     B
  15  21.500002   3.0    1  2                   4.560E-22                 3(+)  
                               5  0.500000 0.000E+00     B
                               6  0.500000 0.000E+00     B
  16  22.000002   1.0   -1  2                   1.140E-22                   1-  
                               0  0.500000 0.000E+00     B
                               1  0.500000 0.000E+00     B
  17  22.050001   1.0   -1  2                   1.690E-21 JP                    
                               0  0.500000 0.000E+00     B
                               1  0.500000 0.000E+00     B
  18  22.200001   2.0    1  2                   5.700E-22                   2+  
                               0  0.500000 0.000E+00     B
                               1  0.500000 0.000E+00     B
  19  22.630001   1.0   -1  2                   4.560E-21 JP                    
                               0  0.500000 0.000E+00     B
                               1  0.500000 0.000E+00     B
  20  22.980001   0.0   -1  2                   1.980E-21 JP                    
                               5  0.500000 0.000E+00     B
                               6  0.500000 0.000E+00     B
  21  24.000002   1.0   -1  2                   6.520E-23 JP            (1,2)-  
                               0  0.500000 0.000E+00     B
                               1  0.500000 0.000E+00     B
  22  25.200001   2.0    1  2                                               2+  
                               0  0.500000 0.000E+00     B
                               1  0.500000 0.000E+00     B
  23  25.500002   4.0    1  2                                               4+  
                               1  0.500000 0.000E+00     B
                               2  0.500000 0.000E+00     B
  24  27.494101   0.0    1  1                   8.300E-20                   0+  
                               5  1.000000 0.000E+00      
  25  28.600002   1.0   -1  2                             JP                    
                               0  0.500000 0.000E+00     B
                               1  0.500000 0.000E+00     B
   4   9   90   30                                                           9Be
   0   0.000000   1.5   -1  0                                             3/2-  
   1   1.684000   0.5    1  1                   2.100E-21                 1/2+  
                               0  1.000000 0.000E+00      
   2   2.429400   2.5   -1  1                   5.930E-19                 5/2-  
                               0  1.000000 0.000E+00      
   3   2.780000   0.5   -1  1                   4.220E-22                 1/2-  
                               2  1.000000 0.000E+00     B
   4   3.049000   2.5    1  1                   1.620E-21                 5/2+  
                               0  1.000000 0.000E+00      
   5   4.704000   1.5    1  2                   6.140E-22               (3/2)+  
                               2  0.500000 0.000E+00     B
                               3  0.500000 0.000E+00     B
   6   6.760000   3.5   -1  1                   2.960E-22                 7/2-  
                               0  1.000000 0.000E+00      
   7   7.940001   0.5   -1  2                   4.560E-22               (1/2-)  
                               2  0.500000 0.000E+00     B
                               3  0.500000 0.000E+00     B
   8  11.283001   1.5   -1  2                   7.940E-22 JP                    
                               0  0.500000 0.000E+00     B
                               1  0.500000 0.000E+00     B
   9  11.810000   4.5    1  2                   1.140E-21 JP                    
                               4  0.500000 0.000E+00     B
                               6  0.500000 0.000E+00     B
  10  13.790001   2.5    1  2                   7.730E-22 JP                    
                               0  0.500000 0.000E+00     B
                               1  0.500000 0.000E+00     B
  11  14.392200   1.5   -1  4                   1.200E-18                 3/2-  
                               5  0.250000 0.000E+00      
                               4  0.250000 0.000E+00      
                               2  0.250000 0.000E+00      
                               0  0.250000 0.000E+00      
  12  14.400001   3.5    1  2                   5.700E-22 JP                    
                               2  0.500000 0.000E+00     B
                               5  0.500000 0.000E+00     B
  13  15.100000   5.5    1  1                             JP                    
                              12  1.000000 0.000E+00     B
  14  15.970001   0.5    1  2                   1.520E-21 JP                    
                               0  0.500000 0.000E+00     B
                               1  0.500000 0.000E+00     B
  15  16.671001   2.5    1  2                   1.110E-20               (5/2+)  
                               0  0.500000 0.000E+00     B
                               1  0.500000 0.000E+00     B
  16  16.975201   0.5   -1  5                   9.310E-19                 1/2-  
                               5  0.200000 0.000E+00      
                               3  0.200000 0.000E+00      
                               2  0.200000 0.000E+00      
                               1  0.200000 0.000E+00      
                               0  0.200000 0.000E+00      
  17  17.298000   2.5   -1  2                   2.280E-21               (5/2)-  
                               2  0.500000 0.000E+00     B
                               3  0.500000 0.000E+00     B
  18  17.493000   3.5    1  2                   9.710E-21               (7/2)+  
                               2  0.500000 0.000E+00     B
                               5  0.500000 0.000E+00     B
  19  18.020000   1.5   -1  2                             JP                    
                               0  0.500000 0.000E+00     B
                               1  0.500000 0.000E+00     B
  20  18.580002   1.5    1  2                             JP                    
                               2  0.500000 0.000E+00     B
                               3  0.500000 0.000E+00     B
  21  18.600000   1.5   -1  2                   1.520E-21 JP                    
                               0  0.500000 0.000E+00     B
                               1  0.500000 0.000E+00     B
  22  19.200001   0.5    1  2                   1.470E-21 JP                    
                               0  0.500000 0.000E+00     B
                               1  0.500000 0.000E+00     B
  23  19.510000   2.5   -1  2                             JP                    
                               2  0.500000 0.000E+00     B
                               3  0.500000 0.000E+00     B
  24  19.900002   1.5    1  2                             JP                    
                               2  0.500000 0.000E+00     B
                               3  0.500000 0.000E+00     B
  25  20.470001   0.5   -1  2                             JP                    
                               2  0.500000 0.000E+00     B
                               3  0.500000 0.000E+00     B
  26  20.740002   1.5    1  2                   4.560E-22 JP                    
                               2  0.500000 0.000E+00     B
                               3  0.500000 0.000E+00     B
  27  21.400002   2.5   -1  2                             JP                    
                               2  0.500000 0.000E+00     B
                               3  0.500000 0.000E+00     B
  28  22.400002   3.5    1  2                             JP                    
                               2  0.500000 0.000E+00     B
                               5  0.500000 0.000E+00     B
  29  23.800001   1.5   -1  2                             JP                    
                               0  0.500000 0.000E+00     B
                               1  0.500000 0.000E+00     B
  30  27.000002   0.5    1  2                             JP                    
                               0  0.500000 0.000E+00     B
                               1  0.500000 0.000E+00     B
   4  10   45   15                                                          10Be
   0   0.000000   0.0    1  0                   4.760E+13                   0+  
   1   3.368030   2.0    1  1                   1.250E-13                   2+  
                               0  1.000000 0.000E+00      
   2   5.958390   2.0    1  2                   5.500E-14                   2+  
                               1  0.500000 0.000E+00      
                               0  0.500000 0.000E+00      
   3   5.959900   1.0   -1  2                                               1-  
                               1  0.500000 0.000E+00      
                               0  0.500000 0.000E+00      
   4   6.179300   0.0    1  2                   8.000E-13                   0+  
                               3  0.500000 0.000E+00      
                               1  0.500000 0.000E+00      
   5   6.263300   2.0   -1  3                                               2-  
                               3  0.333333 0.000E+00      
                               1  0.333333 0.000E+00      
                               0  0.333333 0.000E+00      
   6   7.371000   3.0   -1  2                   2.910E-20                   3-  
                               1  0.500000 0.000E+00     B
                               2  0.500000 0.000E+00     B
   7   7.542000   2.0    1  2                   7.240E-20                   2+  
                               0  0.500000 0.000E+00     B
                               1  0.500000 0.000E+00     B
   8   9.270000   4.0   -1  1                   3.040E-21                 (4-)  
                               5  1.000000 0.000E+00     B
   9   9.400001   2.0    1  2                   1.570E-21                 (2)+  
                               0  0.500000 0.000E+00     B
                               1  0.500000 0.000E+00     B
  10  10.570001   1.0   -1  2                             JP              GE 1  
                               0  0.500000 0.000E+00     B
                               1  0.500000 0.000E+00     B
  11  11.760000   1.0   -1  2                   3.770E-21 JP                    
                               0  0.500000 0.000E+00     B
                               1  0.500000 0.000E+00     B
  12  17.790001   3.0    1  2                   4.150E-21 JP                    
                               5  0.500000 0.000E+00     B
                               8  0.500000 0.000E+00     B
  13  18.550001   1.0   -1  2                   1.300E-21 JP                    
                               0  0.500000 0.000E+00     B
                               1  0.500000 0.000E+00     B
  14  21.220001   2.0   -1  2                                             (2-)  
                               5  0.500000 0.000E+00     B
                               8  0.500000 0.000E+00     B
  15  24.000002   3.0    1  2                             JP                    
                               5  0.500000 0.000E+00     B
                               8  0.500000 0.000E+00     B
   4  11   38   14                                                          11Be
   0   0.000000   0.5    1  0                   1.380E+01                 1/2+  
   1   0.320040   0.5   -1  1                   1.150E-13                 1/2-  
                               0  1.000000 0.000E+00      
   2   1.778000   1.5   -1  1                   4.560E-21 JP        (5/2,3/2)+  
                               0  1.000000 0.000E+00     B
   3   2.690000   2.5   -1  1                   2.280E-21 JP    (1/2,3/2,5/2+)  
                               1  1.000000 0.000E+00     B
   4   3.410000   3.5   -1  1                   3.650E-21 JP    (1/2,3/2,5/2+)  
                               2  1.000000 0.000E+00     B
   5   3.887000   1.5   -1  2                   4.560E-20 JP                    
                               0  0.500000 0.000E+00     B
                               2  0.500000 0.000E+00     B
   6   3.956000   1.5   -1  2                   3.040E-20                 3/2-  
                               0  0.500000 0.000E+00     B
                               2  0.500000 0.000E+00     B
   7   5.240000   2.5   -1  2                   1.010E-20 JP                    
                               1  0.500000 0.000E+00     B
                               3  0.500000 0.000E+00     B
   8   5.860000   4.5   -1  2                   1.520E-21 JP                    
                               3  0.500000 0.000E+00     B
                               7  0.500000 0.000E+00     B
   9   6.510000   5.5    1  1                   3.800E-21 JP                    
                               8  1.000000 0.000E+00     B
  10   6.705000   2.5    1  2                   1.140E-20 JP                    
                               0  0.500000 0.000E+00     B
                               2  0.500000 0.000E+00     B
  11   7.030000   3.5    1  2                   1.520E-21 JP                    
                               3  0.500000 0.000E+00     B
                               7  0.500000 0.000E+00     B
  12   8.816000   0.5    1  2                   2.280E-21 JP                    
                               0  0.500000 0.000E+00     B
                               2  0.500000 0.000E+00     B
  13  10.590000   1.5    1  2                   2.170E-21 JP                    
                               1  0.500000 0.000E+00     B
                               3  0.500000 0.000E+00     B
  14  18.500000   2.5    1  2                   9.120E-22 JP                    
                               0  0.500000 0.000E+00     B
                               2  0.500000 0.000E+00     B
   4  12    9    4                                                          12Be
   0   0.000000   0.0    1  0                   2.130E-02                   0+  
   1   2.102000   2.0    1  1                                               2+  
                               0  1.000000 0.000E+00     B
   2   2.702000   1.0    1  1                             JP                    
                               0  1.000000 0.000E+00     B
   3   4.560000   3.0    1  1                             JP                    
                               2  1.000000 0.000E+00     B
   4   5.700000   4.0    1  1                             JP                    
                               1  1.000000 0.000E+00     B
   4  13    1    0                                                          13Be
   0   0.000000   0.5   -1  0                   2.700E-21               (1/2-)  
   4  14    1    0                                                          14Be
   0   0.000000   0.0    1  0                   4.350E-03 JP                    
