   7  11    1    0                                                          11N 
   0   0.000000   0.5    1  0                             JP             HFB    
   7  12   51   18                                                          12N 
   0   0.000000   1.0    1  0                   1.100E-02                   1+  
   1   0.960000   2.0    1  1                   2.280E-20                   2+  
                               0  1.000000 0.000E+00     B
   2   1.191000   2.0   -1  1                   3.870E-21                   2-  
                               0  1.000000 0.000E+00     B
   3   1.800000   1.0   -1  1                   6.080E-22                   1-  
                               1  1.000000 0.000E+00     B
   4   2.439000   0.0    1  2                   6.710E-21                   0+  
                               3  0.500000 0.000E+00     B
                               1  0.500000 0.000E+00     B
   5   3.132000   3.0    1  2                   2.070E-21 JP             2+,3-  
                               2  0.500000 0.000E+00     B
                               0  0.500000 0.000E+00     B
   6   3.558000   1.0    1  2                   2.070E-21                 (1)+  
                               2  0.500000 0.000E+00     B
                               0  0.500000 0.000E+00     B
   7   4.140000   4.0    1  1                   5.530E-22 JP           2- & 4-  
                               1  1.000000 0.000E+00     B
   8   5.348000   3.0   -1  2                   2.540E-21                   3-  
                               3  0.500000 0.000E+00     B
                               1  0.500000 0.000E+00     B
   9   5.600000   0.0   -1  2                   3.800E-21 JP                    
                               2  0.500000 0.000E+00     B
                               0  0.500000 0.000E+00     B
  10   6.400000   1.0   -1  2                   3.800E-22                 (1-)  
                               3  0.500000 0.000E+00     B
                               1  0.500000 0.000E+00     B
  11   7.400001   1.0   -1  2                   3.800E-22                 (1-)  
                               3  0.500000 0.000E+00     B
                               1  0.500000 0.000E+00     B
  12   7.684000   2.0    1  2                   2.280E-21 JP                    
                               3  0.500000 0.000E+00     B
                               1  0.500000 0.000E+00     B
  13   8.446000   2.0   -1  2                   5.070E-21 JP                    
                               2  0.500000 0.000E+00     B
                               0  0.500000 0.000E+00     B
  14   9.035001   0.0    1  2                   1.300E-20 JP                    
                               3  0.500000 0.000E+00     B
                               1  0.500000 0.000E+00     B
  15   9.420000   1.0   -1  2                   2.280E-21 JP                    
                               3  0.500000 0.000E+00     B
                               1  0.500000 0.000E+00     B
  16   9.800000   2.0    1  2                   1.010E-21 JP                    
                               3  0.500000 0.000E+00     B
                               1  0.500000 0.000E+00     B
  17  10.300000   1.0   -1  2                   1.010E-21 JP                    
                               3  0.500000 0.000E+00     B
                               1  0.500000 0.000E+00     B
  18  11.000001   0.0    1  2                   1.300E-21 JP                    
                               3  0.500000 0.000E+00     B
                               1  0.500000 0.000E+00     B
   7  13  153   53                                                          13N 
   0   0.000000   0.5   -1  0                   5.980E+02                 1/2-  
   1   2.364900   0.5    1  1                   1.440E-20                 1/2+  
                               0  1.000000 0.000E+00      
   2   3.502000   1.5   -1  2                   7.360E-21                 3/2-  
                               1  0.080033 0.000E+00      
                               0  0.919967 0.000E+00      
   3   3.547000   2.5    1  1                   9.710E-21                 5/2+  
                               0  1.000000 0.000E+00      
   4   6.364000   2.5    1  2                   4.150E-20                 5/2+  
                               2  0.500000 0.000E+00     B
                               1  0.500000 0.000E+00     B
   5   6.886000   1.5    1  1                   3.970E-21                 3/2+  
                               0  1.000000 0.000E+00     B
   6   7.155000   3.5    1  1                   5.070E-20                 7/2+  
                               5  1.000000 0.000E+00     B
   7   7.376000   2.5   -1  2                   6.080E-21                 5/2-  
                               5  0.500000 0.000E+00     B
                               0  0.500000 0.000E+00     B
   8   7.900001   1.5    1  2                   3.040E-22                 3/2+  
                               5  0.500000 0.000E+00     B
                               0  0.500000 0.000E+00     B
   9   8.918000   0.5   -1  2                   1.980E-21                 1/2-  
                               5  0.500000 0.000E+00     B
                               0  0.500000 0.000E+00     B
  10   9.000000   4.5    1  2                   1.630E-21                 9/2+  
                               4  0.500000 0.000E+00     B
                               3  0.500000 0.000E+00     B
  11   9.476001   1.5   -1  2                   1.520E-20                 3/2-  
                               2  0.500000 0.000E+00     B
                               1  0.500000 0.000E+00     B
  12  10.250001   0.5    1  2                   1.630E-21               (1/2+)  
                               2  0.500000 0.000E+00     B
                               1  0.500000 0.000E+00     B
  13  10.360001   2.5   -1  2                   1.520E-20                 5/2-  
                               5  0.500000 0.000E+00     B
                               0  0.500000 0.000E+00     B
  14  10.460001   3.5   -1  2                   6.000E-21                 7/2-  
                               3  0.500000 0.000E+00     B
                               2  0.500000 0.000E+00     B
  15  10.833000   0.5   -1  2                                             1/2-  
                               5  0.500000 0.000E+00     B
                               0  0.500000 0.000E+00     B
  16  11.530001   2.5    1  2                   1.060E-21                 5/2+  
                               2  0.500000 0.000E+00     B
                               1  0.500000 0.000E+00     B
  17  11.700001   2.5   -1  2                   3.970E-21                 5/2-  
                               5  0.500000 0.000E+00     B
                               0  0.500000 0.000E+00     B
  18  11.740001   1.5    1  1                   1.900E-21                 3/2+  
                               0  1.000000 0.000E+00      
  19  11.840001   1.5   -1  2                   8.610E-22                 3/2-  
                               2  0.500000 0.000E+00     B
                               1  0.500000 0.000E+00     B
  20  11.860001   0.5    1  2                   1.200E-21                 1/2+  
                               2  0.500000 0.000E+00     B
                               1  0.500000 0.000E+00     B
  21  12.130000   3.5   -1  2                   1.820E-21                 7/2-  
                               3  0.500000 0.000E+00     B
                               2  0.500000 0.000E+00     B
  22  12.558001   1.5    1  2                   1.140E-21 JP                    
                               5  0.500000 0.000E+00     B
                               0  0.500000 0.000E+00     B
  23  12.937000   0.5   -1  2                   1.140E-21 JP                    
                               5  0.500000 0.000E+00     B
                               0  0.500000 0.000E+00     B
  24  13.500001   1.5    1  1                   7.020E-23                 3/2+  
                               0  1.000000 0.000E+00      
  25  14.050000   1.5    1  1                   2.770E-21                 3/2+  
                               0  1.000000 0.000E+00      
  26  15.064600   1.5   -1  3                   4.910E-19                 3/2-  
                               2  0.416718 0.000E+00      
                               1  0.062487 0.000E+00      
                               0  0.520795 0.000E+00      
  27  15.300001   1.5    1  1                   1.300E-21               (3/2+)  
                               0  1.000000 0.000E+00      
  28  15.990001   3.5    1  2                   3.380E-21                 7/2+  
                               6  0.500000 0.000E+00     B
                               5  0.500000 0.000E+00     B
  29  16.000000   0.5   -1  2                   9.120E-22 JP                    
                               5  0.500000 0.000E+00     B
                               0  0.500000 0.000E+00     B
  30  17.500000   0.5   -1  2                             JP                    
                               5  0.500000 0.000E+00     B
                               0  0.500000 0.000E+00     B
  31  18.150002   1.5    1  2                   1.430E-21                 3/2+  
                               5  0.500000 0.000E+00     B
                               0  0.500000 0.000E+00     B
  32  18.170000   0.5   -1  2                   2.030E-21                 1/2-  
                               5  0.500000 0.000E+00     B
                               0  0.500000 0.000E+00     B
  33  18.406000   1.5    1  2                   6.910E-21                 3/2+  
                               5  0.500000 0.000E+00     B
                               0  0.500000 0.000E+00     B
  34  18.961000   2.5   -1  2                   1.980E-20 JP      3/2- OR 7/2+  
                               5  0.500000 0.000E+00     B
                               0  0.500000 0.000E+00     B
  35  19.830002   2.5   -1  2                   4.560E-22                 5/2-  
                               5  0.500000 0.000E+00     B
                               0  0.500000 0.000E+00     B
  36  19.880001   3.5    1  2                   6.080E-22                 7/2+  
                               6  0.500000 0.000E+00     B
                               5  0.500000 0.000E+00     B
  37  20.200001   2.5   -1  2                   4.560E-22                 5/2-  
                               5  0.500000 0.000E+00     B
                               0  0.500000 0.000E+00     B
  38  20.900002   0.5    1  2                   3.800E-22                 1/2+  
                               2  0.500000 0.000E+00     B
                               1  0.500000 0.000E+00     B
  39  21.400002   2.5   -1  2                   6.080E-22                 5/2-  
                               5  0.500000 0.000E+00     B
                               0  0.500000 0.000E+00     B
  40  21.700001   1.5    1  2                                             3/2+  
                               5  0.500000 0.000E+00     B
                               0  0.500000 0.000E+00     B
  41  22.400002   0.5    1  2                                             1/2+  
                               2  0.500000 0.000E+00     B
                               1  0.500000 0.000E+00     B
  42  23.000002   0.5   -1  2                             JP                    
                               5  0.500000 0.000E+00     B
                               0  0.500000 0.000E+00     B
  43  23.300001   1.5   -1  2                   1.140E-21               (3/2-)  
                               2  0.500000 0.000E+00     B
                               1  0.500000 0.000E+00     B
  44  23.830002   1.5   -1  2                   1.300E-21               (3/2-)  
                               2  0.500000 0.000E+00     B
                               1  0.500000 0.000E+00     B
  45  23.900002   5.5   -1  2                   2.280E-20              (11/2-)  
                              14  0.500000 0.000E+00     B
                              10  0.500000 0.000E+00     B
  46  24.400002   0.5    1  2                   6.520E-22 JP                    
                               2  0.500000 0.000E+00     B
                               1  0.500000 0.000E+00     B
  47  24.600000   0.5    1  2                   3.800E-21 JP                    
                               2  0.500000 0.000E+00     B
                               1  0.500000 0.000E+00     B
  48  25.600000   1.5   -1  2                   1.900E-21               (3/2)-  
                               2  0.500000 0.000E+00     B
                               1  0.500000 0.000E+00     B
  49  25.900002   0.5    1  2                   4.560E-22 JP                    
                               2  0.500000 0.000E+00     B
                               1  0.500000 0.000E+00     B
  50  26.840002   1.5    1  2                             JP                    
                               5  0.500000 0.000E+00     B
                               0  0.500000 0.000E+00     B
  51  28.000002   2.5   -1  2                             JP                    
                               5  0.500000 0.000E+00     B
                               0  0.500000 0.000E+00     B
  52  31.000002   1.5    1  2                             JP                    
                               5  0.500000 0.000E+00     B
                               0  0.500000 0.000E+00     B
  53  32.000000   0.5   -1  2                   2.280E-22 JP                    
                               5  0.500000 0.000E+00     B
                               0  0.500000 0.000E+00     B
   7  14  377  119                                                          14N 
   0   0.000000   1.0    1  0                                               1+  
   1   2.312800   0.0    1  1                   6.800E-14                   0+  
                               0  1.000000 0.000E+00      
   2   3.948100   1.0    1  2                   4.800E-15                   1+  
                               1  0.960610 0.000E+00      
                               0  0.039390 0.000E+00      
   3   4.915100   0.0   -1  3                   5.300E-15                   0-  
                               2  0.000000 0.000E+00      
                               1  0.000000 0.000E+00      
                               0  1.000000 0.000E+00      
   4   5.105890   2.0   -1  3                   4.350E-12                   2-  
                               2  0.007188 0.000E+00      
                               1  0.194102 0.000E+00      
                               0  0.798710 0.000E+00      
   5   5.691440   1.0   -1  2                   1.100E-14                   1-  
                               1  0.639000 0.000E+00      
                               0  0.361000 0.000E+00      
   6   5.834250   3.0   -1  2                   8.300E-12                   3-  
                               4  0.786800 0.000E+00      
                               0  0.213200 0.000E+00      
   7   6.203500   1.0    1  2                   1.110E-13                   1+  
                               1  0.769200 0.000E+00      
                               0  0.230800 0.000E+00      
   8   6.446170   3.0    1  4                   4.300E-13                   3+  
                               6  0.037140 0.000E+00      
                               4  0.065169 0.000E+00      
                               2  0.196898 0.000E+00      
                               0  0.700793 0.000E+00      
   9   7.029120   2.0    1  3                   3.700E-15                   2+  
                               2  0.008973 0.000E+00      
                               1  0.004930 0.000E+00      
                               0  0.986097 0.000E+00      
  10   7.966900   2.0   -1  2                   1.820E-16                   2-  
                               2  0.450571 0.000E+00      
                               0  0.549429 0.000E+00      
  11   8.062000   1.0   -1  6                   1.980E-20                   1-  
                               5  0.035319 0.000E+00      
                               4  0.002489 0.000E+00      
                               3  0.018623 0.000E+00      
                               2  0.126822 0.000E+00      
                               1  0.013967 0.000E+00      
                               0  0.802780 0.000E+00      
  12   8.490001   4.0   -1  2                   1.320E-14                   4-  
                               6  0.166667 0.000E+00      
                               4  0.833333 0.000E+00      
  13   8.618000   0.0    1  4                   1.200E-19                   0+  
                               7  0.400000 0.000E+00      
                               5  0.128000 0.000E+00      
                               2  0.240000 0.000E+00      
                               0  0.232000 0.000E+00      
  14   8.776000   0.0   -1  1                   1.110E-21                   0-  
                               0  1.000000 0.000E+00      
  15   8.907001   3.0   -1  5                   2.850E-20                   3-  
                               9  0.032878 0.000E+00      
                               8  0.053116 0.000E+00      
                               6  0.843186 0.000E+00      
                               4  0.042159 0.000E+00      
                               0  0.028662 0.000E+00      
  16   8.964001   5.0    1  2                   7.300E-14                   5+  
                               8  1.000000 0.000E+00      
                               0  0.000000 0.000E+00      
  17   8.980000   2.0    1  2                   5.700E-20                   2+  
                               5  0.500000 0.000E+00     B
                               1  0.500000 0.000E+00     B
  18   9.129001   3.0    1  3                   9.000E-15                   3+  
                               8  0.090168 0.000E+00      
                               6  0.090168 0.000E+00      
                               0  0.819664 0.000E+00      
  19   9.172251   2.0    1  6                   3.740E-18                   2+  
                               9  0.031791 0.000E+00      
                               8  0.089352 0.000E+00      
                               6  0.006185 0.000E+00      
                               5  0.004983 0.000E+00      
                               1  0.008591 0.000E+00      
                               0  0.859098 0.000E+00      
  20   9.388000   2.0   -1  2                   3.510E-20                   2-  
                               2  0.500000 0.000E+00     B
                               0  0.500000 0.000E+00     B
  21   9.509001   2.0   -1  4                   1.110E-20                   2-  
                               6  0.167964 0.000E+00      
                               4  0.759919 0.000E+00      
                               2  0.066114 0.000E+00      
                               0  0.006003 0.000E+00      
  22   9.703000   1.0    1  2                   3.040E-20                   1+  
                               1  0.699268 0.000E+00      
                               0  0.300732 0.000E+00      
  23  10.079000   3.0    1  2                   4.560E-20                 (3+)  
                               2  0.500000 0.000E+00     B
                               0  0.500000 0.000E+00     B
  24  10.101001   1.0    1  1                   3.800E-20 J              2+,1+  
                               0  1.000000 0.000E+00      
  25  10.226001   1.0   -1  1                   5.700E-21                 1(-)  
                               1  1.000000 0.000E+00      
  26  10.432000   2.0    1  5                   1.380E-20                   2+  
                               9  0.064797 0.000E+00      
                               8  0.064797 0.000E+00      
                               5  0.015780 0.000E+00      
                               4  0.024088 0.000E+00      
                               0  0.830538 0.000E+00      
  27  10.534000   1.0   -1  2                   3.260E-21                 (1-)  
                               5  0.500000 0.000E+00     B
                               1  0.500000 0.000E+00     B
  28  10.812000   5.0    1  1                   1.170E-15                   5+  
                               8  1.000000 0.000E+00      
  29  11.000001   1.0   -1  2                   2.770E-21 JP                    
                               5  0.500000 0.000E+00     B
                               1  0.500000 0.000E+00     B
  30  11.050000   3.0    1  2                   3.800E-19                   3+  
                               2  0.428460 0.000E+00      
                               0  0.571540 0.000E+00      
  31  11.070001   1.0    1  2                   4.560E-21                   1+  
                               2  0.500000 0.000E+00     B
                               0  0.500000 0.000E+00     B
  32  11.210001   0.0   -1  2                   2.070E-21 JP                    
                               2  0.500000 0.000E+00     B
                               0  0.500000 0.000E+00     B
  33  11.240001   3.0   -1  2                   4.150E-20                   3-  
                               6  0.500000 0.000E+00     B
                               5  0.500000 0.000E+00     B
  34  11.270000   2.0   -1  2                   2.540E-21                   2-  
                               2  0.500000 0.000E+00     B
                               0  0.500000 0.000E+00     B
  35  11.357000   1.0    1  2                   1.520E-20                   1+  
                               2  0.500000 0.000E+00     B
                               0  0.500000 0.000E+00     B
  36  11.513500   2.0    1  2                   6.520E-20 J              2+,3+  
                               5  0.500000 0.000E+00     B
                               1  0.500000 0.000E+00     B
  37  11.676001   1.0   -1  2                   3.040E-21 J              1-,2-  
                               5  0.500000 0.000E+00     B
                               1  0.500000 0.000E+00     B
  38  11.741000   1.0   -1  2                   1.140E-20 J              1-,2-  
                               5  0.500000 0.000E+00     B
                               1  0.500000 0.000E+00     B
  39  11.761001   3.0   -1  2                   5.850E-21 J              3-,4-  
                               6  0.500000 0.000E+00     B
                               5  0.500000 0.000E+00     B
  40  11.807000   1.0    1  2                   3.830E-21 J            2-,(1+)  
                               2  0.500000 0.000E+00     B
                               0  0.500000 0.000E+00     B
  41  11.874001   2.0   -1  2                   4.520E-21 J            2-,(1-)  
                               2  0.500000 0.000E+00     B
                               0  0.500000 0.000E+00     B
  42  12.200001   1.0   -1  2                   1.520E-21 J              1-,2-  
                               5  0.500000 0.000E+00     B
                               1  0.500000 0.000E+00     B
  43  12.408001   4.0   -1  2                   1.340E-20                 (4-)  
                               8  0.500000 0.000E+00     B
                               4  0.500000 0.000E+00     B
  44  12.418000   3.0   -1  2                   1.110E-20 J              3-,4-  
                               6  0.500000 0.000E+00     B
                               5  0.500000 0.000E+00     B
  45  12.495001   1.0    1  2                   1.170E-20                 (1+)  
                               2  0.500000 0.000E+00     B
                               0  0.500000 0.000E+00     B
  46  12.594001   3.0    1  2                   9.500E-21                   3+  
                               2  0.500000 0.000E+00     B
                               0  0.500000 0.000E+00     B
  47  12.690001   3.0   -1  2                   2.540E-20                   3-  
                               6  0.500000 0.000E+00     B
                               5  0.500000 0.000E+00     B
  48  12.708000   0.0    1  2                   1.060E-20 JP                    
                               5  0.500000 0.000E+00     B
                               1  0.500000 0.000E+00     B
  49  12.789001   4.0    1  2                   2.850E-20                   4+  
                               9  0.500000 0.000E+00     B
                               6  0.500000 0.000E+00     B
  50  12.813001   4.0   -1  2                   9.130E-20                   4-  
                               8  0.500000 0.000E+00     B
                               4  0.500000 0.000E+00     B
  51  12.826000   2.0    1  2                   4.150E-20 JP                    
                               5  0.500000 0.000E+00     B
                               1  0.500000 0.000E+00     B
  52  12.857000   0.0    1  2                   5.850E-21 JP                    
                               5  0.500000 0.000E+00     B
                               1  0.500000 0.000E+00     B
  53  12.883000   2.0   -1  2                   3.410E-21 JP                    
                               2  0.500000 0.000E+00     B
                               0  0.500000 0.000E+00     B
  54  12.922001   4.0    1  2                   2.070E-20                   4+  
                               9  0.500000 0.000E+00     B
                               6  0.500000 0.000E+00     B
  55  13.007001   2.0   -1  2                   3.800E-21 JP                    
                               2  0.500000 0.000E+00     B
                               0  0.500000 0.000E+00     B
  56  13.167001   1.0    1  2                   3.040E-20                   1+  
                               2  0.500000 0.000E+00     B
                               0  0.500000 0.000E+00     B
  57  13.192000   3.0    1  2                   7.020E-21                   3+  
                               2  0.500000 0.000E+00     B
                               0  0.500000 0.000E+00     B
  58  13.243001   2.0   -1  2                   4.960E-21                   2-  
                               2  0.500000 0.000E+00     B
                               0  0.500000 0.000E+00     B
  59  13.300000   2.0   -1  2                   4.560E-22                 (2-)  
                               2  0.500000 0.000E+00     B
                               0  0.500000 0.000E+00     B
  60  13.656001   1.0    1  2                   5.070E-21 JP           (2+,3+)  
                               2  0.500000 0.000E+00     B
                               0  0.500000 0.000E+00     B
  61  13.714001   0.0   -1  2                   4.350E-21 JP             2-,3+  
                               2  0.500000 0.000E+00     B
                               0  0.500000 0.000E+00     B
  62  13.740001   1.0    1  2                   2.540E-21                   1+  
                               2  0.500000 0.000E+00     B
                               0  0.500000 0.000E+00     B
  63  13.770000   1.0    1  2                   3.800E-21                 (1+)  
                               2  0.500000 0.000E+00     B
                               0  0.500000 0.000E+00     B
  64  14.040001   0.0   -1  2                   4.560E-21 JP                    
                               2  0.500000 0.000E+00     B
                               0  0.500000 0.000E+00     B
  65  14.160001   2.0   -1  2                   1.980E-21 JP                    
                               2  0.500000 0.000E+00     B
                               0  0.500000 0.000E+00     B
  66  14.250001   3.0    1  2                   1.090E-21                   3+  
                               2  0.500000 0.000E+00     B
                               0  0.500000 0.000E+00     B
  67  14.300001   1.0   -1  2                   3.040E-21 JP                    
                               5  0.500000 0.000E+00     B
                               1  0.500000 0.000E+00     B
  68  14.560000   0.0    1  2                   4.560E-21 JP                    
                               5  0.500000 0.000E+00     B
                               1  0.500000 0.000E+00     B
  69  14.590001   1.0   -1  2                   9.130E-21 JP                    
                               5  0.500000 0.000E+00     B
                               1  0.500000 0.000E+00     B
  70  14.660001   5.0   -1  2                   4.560E-21                   5-  
                              15  0.500000 0.000E+00     B
                               6  0.500000 0.000E+00     B
  71  14.730000   2.0   -1  2                   3.650E-21                 (2-)  
                               2  0.500000 0.000E+00     B
                               0  0.500000 0.000E+00     B
  72  14.860001   1.0    1  2                   3.260E-21 JP                    
                               2  0.500000 0.000E+00     B
                               0  0.500000 0.000E+00     B
  73  14.920001   2.0    1  2                   1.060E-20 JP                    
                               5  0.500000 0.000E+00     B
                               1  0.500000 0.000E+00     B
  74  15.020000   0.0    1  2                   7.600E-21 JP             3-,4-  
                               5  0.500000 0.000E+00     B
                               1  0.500000 0.000E+00     B
  75  15.240001   1.0   -1  2                   4.560E-21 JP                    
                               5  0.500000 0.000E+00     B
                               1  0.500000 0.000E+00     B
  76  15.430000   2.0    1  2                   4.560E-21 JP                    
                               5  0.500000 0.000E+00     B
                               1  0.500000 0.000E+00     B
  77  15.700001   1.0   -1  2                   1.300E-21 JP                    
                               5  0.500000 0.000E+00     B
                               1  0.500000 0.000E+00     B
  78  16.210001   0.0    1  2                   3.650E-21 JP                    
                               5  0.500000 0.000E+00     B
                               1  0.500000 0.000E+00     B
  79  16.400002   2.0   -1  2                   3.040E-21 JP                    
                               2  0.500000 0.000E+00     B
                               0  0.500000 0.000E+00     B
  80  16.650002   4.0    1  2                   1.900E-21                   4+  
                               9  0.500000 0.000E+00     B
                               6  0.500000 0.000E+00     B
  81  16.910002   5.0   -1  2                   2.680E-21                   5-  
                              15  0.500000 0.000E+00     B
                               6  0.500000 0.000E+00     B
  82  16.910002   4.0    1  2                   1.570E-21                   4+  
                               9  0.500000 0.000E+00     B
                               6  0.500000 0.000E+00     B
  83  16.920000   2.0    1  2                   5.500E-22                   2+  
                               5  0.500000 0.000E+00     B
                               1  0.500000 0.000E+00     B
  84  17.030001   3.0   -1  2                   1.860E-21                   3-  
                               6  0.500000 0.000E+00     B
                               5  0.500000 0.000E+00     B
  85  17.170000   1.0   -1  2                   1.520E-21                   1-  
                               5  0.500000 0.000E+00     B
                               1  0.500000 0.000E+00     B
  86  17.310001   4.0    1  2                   1.660E-21                   4+  
                               9  0.500000 0.000E+00     B
                               6  0.500000 0.000E+00     B
  87  17.400002   4.0    1  2                   1.860E-21                   4+  
                               9  0.500000 0.000E+00     B
                               6  0.500000 0.000E+00     B
  88  17.460001   5.0   -1  2                                               5-  
                              15  0.500000 0.000E+00     B
                               6  0.500000 0.000E+00     B
  89  17.850000   4.0    1  2                   9.600E-22                   4+  
                               9  0.500000 0.000E+00     B
                               6  0.500000 0.000E+00     B
  90  17.850000   3.0   -1  2                   1.040E-21                   3-  
                               6  0.500000 0.000E+00     B
                               5  0.500000 0.000E+00     B
  91  17.930000   2.0    1  2                   1.340E-21                   2+  
                               5  0.500000 0.000E+00     B
                               1  0.500000 0.000E+00     B
  92  18.020000   3.0   -1  2                   8.000E-22                   3-  
                               6  0.500000 0.000E+00     B
                               5  0.500000 0.000E+00     B
  93  18.140001   4.0    1  2                   9.500E-22                   4+  
                               9  0.500000 0.000E+00     B
                               6  0.500000 0.000E+00     B
  94  18.350000   1.0   -1  2                   8.150E-22                   1-  
                               5  0.500000 0.000E+00     B
                               1  0.500000 0.000E+00     B
  95  18.430000   4.0    1  2                   1.450E-21                   4+  
                               9  0.500000 0.000E+00     B
                               6  0.500000 0.000E+00     B
  96  18.500000   5.0   -1  2                   7.360E-21                   5-  
                              15  0.500000 0.000E+00     B
                               6  0.500000 0.000E+00     B
  97  18.530001   2.0    1  2                   1.110E-21                   2+  
                               5  0.500000 0.000E+00     B
                               1  0.500000 0.000E+00     B
  98  18.530001   3.0   -1  2                   1.470E-21                   3-  
                               6  0.500000 0.000E+00     B
                               5  0.500000 0.000E+00     B
  99  18.640001   3.0   -1  2                   6.760E-22                   3-  
                               6  0.500000 0.000E+00     B
                               5  0.500000 0.000E+00     B
 100  18.780001   1.0   -1  2                   1.450E-21                   1-  
                               5  0.500000 0.000E+00     B
                               1  0.500000 0.000E+00     B
 101  18.880001   4.0    1  2                   9.600E-22                   4+  
                               9  0.500000 0.000E+00     B
                               6  0.500000 0.000E+00     B
 102  18.930000   1.0    1  2                   1.010E-21 JP             2+,3-  
                               2  0.500000 0.000E+00     B
                               0  0.500000 0.000E+00     B
 103  19.100000   3.0   -1  2                   5.240E-22                   3-  
                               6  0.500000 0.000E+00     B
                               5  0.500000 0.000E+00     B
 104  19.900002   2.0    1  2                   7.940E-22                   2+  
                               5  0.500000 0.000E+00     B
                               1  0.500000 0.000E+00     B
 105  19.990002   1.0   -1  2                   8.950E-22                   1-  
                               5  0.500000 0.000E+00     B
                               1  0.500000 0.000E+00     B
 106  20.110001   1.0    1  2                   3.800E-21 JP             3-,4-  
                               2  0.500000 0.000E+00     B
                               0  0.500000 0.000E+00     B
 107  20.630001   4.0    1  2                   4.150E-22                   4+  
                               9  0.500000 0.000E+00     B
                               6  0.500000 0.000E+00     B
 108  20.650002   5.0   -1  2                   7.480E-22                   5-  
                              15  0.500000 0.000E+00     B
                               6  0.500000 0.000E+00     B
 109  21.240002   4.0    1  2                   1.100E-21                   4+  
                               9  0.500000 0.000E+00     B
                               6  0.500000 0.000E+00     B
 110  21.510000   3.0   -1  2                   1.940E-21                   3-  
                               6  0.500000 0.000E+00     B
                               5  0.500000 0.000E+00     B
 111  21.530001   5.0   -1  2                   1.270E-21                   5-  
                              15  0.500000 0.000E+00     B
                               6  0.500000 0.000E+00     B
 112  21.680000   4.0    1  2                   1.270E-21                   4+  
                               9  0.500000 0.000E+00     B
                               6  0.500000 0.000E+00     B
 113  21.800001   4.0    1  2                   7.020E-22                   4+  
                               9  0.500000 0.000E+00     B
                               6  0.500000 0.000E+00     B
 114  22.260000   4.0    1  2                   7.020E-21                   4+  
                               9  0.500000 0.000E+00     B
                               6  0.500000 0.000E+00     B
 115  22.310001   5.0   -1  2                   8.000E-22                   5-  
                              15  0.500000 0.000E+00     B
                               6  0.500000 0.000E+00     B
 116  22.500002   2.0   -1  2                                               2-  
                               2  0.500000 0.000E+00     B
                               0  0.500000 0.000E+00     B
 117  23.000002   2.0   -1  2                   1.520E-22                   2-  
                               2  0.500000 0.000E+00     B
                               0  0.500000 0.000E+00     B
 118  23.400002   5.0   -1  2                   7.130E-22                   5-  
                              15  0.500000 0.000E+00     B
                               6  0.500000 0.000E+00     B
 119  24.000002   1.0    1  2                   4.560E-22 JP                    
                               2  0.500000 0.000E+00     B
                               0  0.500000 0.000E+00     B
   7  15  425  112                                                          15N 
   0   0.000000   0.5   -1  0                                             1/2-  
   1   5.270150   2.5    1  1                   1.790E-12                 5/2+  
                               0  1.000000 0.000E+00      
   2   5.298820   0.5    1  1                   1.700E-14                 1/2+  
                               0  1.000000 0.000E+00      
   3   6.323780   1.5   -1  3                   1.460E-16                 3/2-  
                               2  0.000000 0.000E+00      
                               1  0.000000 0.000E+00      
                               0  1.000000 0.000E+00      
   4   7.155050   2.5    1  4                   1.200E-14                 5/2+  
                               3  0.000000 0.000E+00      
                               2  0.000000 0.000E+00      
                               1  0.999770 0.000E+00      
                               0  0.000230 0.000E+00      
   5   7.300830   1.5    1  4                   4.200E-16                 3/2+  
                               3  0.000000 0.000E+00      
                               2  0.001984 0.000E+00      
                               1  0.005952 0.000E+00      
                               0  0.992064 0.000E+00      
   6   7.567101   3.5    1  4                   8.000E-15                 7/2+  
                               3  0.000000 0.000E+00      
                               2  0.000000 0.000E+00      
                               1  0.987170 0.000E+00      
                               0  0.012830 0.000E+00      
   7   8.312620   0.5    1  6                   1.200E-15                 1/2+  
                               5  0.044661 0.000E+00      
                               4  0.011960 0.000E+00      
                               3  0.044661 0.000E+00      
                               2  0.101302 0.000E+00      
                               1  0.000000 0.000E+00      
                               0  0.797416 0.000E+00      
   8   8.571401   1.5    1  7                   5.000E-16                 3/2+  
                               6  0.000000 0.000E+00      
                               5  0.000000 0.000E+00      
                               4  0.034659 0.000E+00      
                               3  0.013860 0.000E+00      
                               2  0.000000 0.000E+00      
                               1  0.630087 0.000E+00      
                               0  0.321394 0.000E+00      
   9   9.049710   0.5    1  7                   3.500E-16                 1/2+  
                               7  0.000000 0.000E+00      
                               6  0.000000 0.000E+00      
                               5  0.011820 0.000E+00      
                               4  0.000000 0.000E+00      
                               3  0.044549 0.000E+00      
                               1  0.034549 0.000E+00      
                               0  0.909082 0.000E+00      
  10   9.151901   1.5   -1  1                   9.700E-16                 3/2-  
                               0  1.000000 0.000E+00      
  11   9.154901   2.5    1  5                   5.000E-15                 5/2+  
                               4  0.568143 0.000E+00      
                               3  0.221578 0.000E+00      
                               2  0.102290 0.000E+00      
                               1  0.107989 0.000E+00      
                               0  0.000000 0.000E+00      
  12   9.222100   0.5   -1  7                   9.000E-14                 1/2-  
                               7  0.000000 0.000E+00      
                               6  0.000000 0.000E+00      
                               5  0.025700 0.000E+00      
                               4  0.000000 0.000E+00      
                               3  0.344100 0.000E+00      
                               2  0.414600 0.000E+00      
                               0  0.215600 0.000E+00      
  13   9.760000   2.5   -1  9                   1.800E-15                 5/2-  
                               8  0.000000 0.000E+00      
                               7  0.000000 0.000E+00      
                               6  0.046282 0.000E+00      
                               5  0.000000 0.000E+00      
                               4  0.021241 0.000E+00      
                               3  0.034141 0.000E+00      
                               2  0.069803 0.000E+00      
                               1  0.069803 0.000E+00      
                               0  0.758730 0.000E+00      
  14   9.829000   3.5   -1  7                   1.200E-14                 7/2-  
                               6  0.072639 0.000E+00      
                               5  0.037160 0.000E+00      
                               4  0.023650 0.000E+00      
                               3  0.021960 0.000E+00      
                               2  0.000000 0.000E+00      
                               1  0.844592 0.000E+00      
                               0  0.000000 0.000E+00      
  15   9.925000   1.5   -1  9                   2.100E-16                 3/2-  
                               8  0.000000 0.000E+00      
                               7  0.000000 0.000E+00      
                               6  0.000000 0.000E+00      
                               5  0.018172 0.000E+00      
                               4  0.000000 0.000E+00      
                               3  0.042406 0.000E+00      
                               2  0.133217 0.000E+00      
                               1  0.133217 0.000E+00      
                               0  0.672987 0.000E+00      
  16  10.066001   1.5    1  9                   6.900E-17                 3/2+  
                               8  0.000000 0.000E+00      
                               7  0.000000 0.000E+00      
                               6  0.000000 0.000E+00      
                               5  0.000000 0.000E+00      
                               4  0.000000 0.000E+00      
                               3  0.000000 0.000E+00      
                               2  0.038750 0.000E+00      
                               1  0.038750 0.000E+00      
                               0  0.922500 0.000E+00      
  17  10.449700   2.5   -1  8                   9.120E-19                 5/2-  
                              14  0.125000 0.000E+00      
                              10  0.125000 0.000E+00      
                               8  0.125000 0.000E+00      
                               4  0.125000 0.000E+00      
                               3  0.125000 0.000E+00      
                               2  0.125000 0.000E+00      
                               1  0.125000 0.000E+00      
                               0  0.125000 0.000E+00      
  18  10.533300   2.5    1  7                                             5/2+  
                              10  0.142857 0.000E+00      
                               8  0.142857 0.000E+00      
                               5  0.142857 0.000E+00      
                               4  0.142857 0.000E+00      
                               3  0.142857 0.000E+00      
                               1  0.142857 0.000E+00      
                               0  0.142857 0.000E+00      
  19  10.693201   4.5    1  3                   1.200E-14                 9/2+  
                               6  0.333333 0.000E+00      
                               4  0.333333 0.000E+00      
                               1  0.333333 0.000E+00      
  20  10.701900   1.5   -1 10                   2.280E-18                 3/2-  
                              12  0.014728 0.000E+00      
                              10  0.002104 0.000E+00      
                               9  0.002104 0.000E+00      
                               7  0.007889 0.000E+00      
                               5  0.023145 0.000E+00      
                               4  0.004208 0.000E+00      
                               3  0.037872 0.000E+00      
                               2  0.007889 0.000E+00      
                               1  0.374002 0.000E+00      
                               0  0.526059 0.000E+00      
  21  10.804001   1.5    1 10                   4.560E-16                 3/2+  
                              11  0.100000 0.000E+00      
                              10  0.100000 0.000E+00      
                               9  0.100000 0.000E+00      
                               7  0.100000 0.000E+00      
                               5  0.100000 0.000E+00      
                               4  0.100000 0.000E+00      
                               3  0.100000 0.000E+00      
                               2  0.100000 0.000E+00      
                               1  0.100000 0.000E+00      
                               0  0.100000 0.000E+00      
  22  11.235001   0.5   -1  2                   1.380E-19 JP            GE 3/2  
                               5  0.500000 0.000E+00     B
                               0  0.500000 0.000E+00     B
  23  11.292800   0.5   -1  2                   5.700E-20                 1/2-  
                               5  0.500000 0.000E+00     B
                               0  0.500000 0.000E+00     B
  24  11.437600   0.5    1  2                   1.100E-20                 1/2+  
                               2  0.500000 0.000E+00     B
                               1  0.500000 0.000E+00     B
  25  11.615001   0.5    1  4                   1.130E-21                 1/2+  
                               3  0.019037 0.000E+00      
                               2  0.074335 0.000E+00      
                               1  0.000000 0.000E+00      
                               0  0.906628 0.000E+00      
  26  11.763000   1.5    1  2                   1.140E-20                 3/2+  
                               5  0.500000 0.000E+00     B
                               0  0.500000 0.000E+00     B
  27  11.876000   1.5   -1  2                   1.830E-20                 3/2-  
                               2  0.500000 0.000E+00     B
                               1  0.500000 0.000E+00     B
  28  11.942000   4.5   -1  2                   1.520E-19                 9/2-  
                              13  0.500000 0.000E+00     B
                               6  0.500000 0.000E+00     B
  29  11.965000   0.5   -1  2                   2.680E-20                 1/2-  
                               5  0.500000 0.000E+00     B
                               0  0.500000 0.000E+00     B
  30  12.095000   2.5    1  2                   3.260E-20                 5/2+  
                               2  0.500000 0.000E+00     B
                               1  0.500000 0.000E+00     B
  31  12.145000   1.5   -1  2                   1.110E-20                 3/2-  
                               2  0.500000 0.000E+00     B
                               1  0.500000 0.000E+00     B
  32  12.327001   2.5    1  2                   2.070E-20               5/2(+)  
                               2  0.500000 0.000E+00     B
                               1  0.500000 0.000E+00     B
  33  12.493001   2.5    1  2                   1.140E-20                 5/2+  
                               2  0.500000 0.000E+00     B
                               1  0.500000 0.000E+00     B
  34  12.522000   2.5    1  4                   7.870E-21                 5/2+  
                               3  0.057731 0.000E+00      
                               2  0.000000 0.000E+00      
                               1  0.931096 0.000E+00      
                               0  0.011173 0.000E+00      
  35  12.551001   4.5    1  2                                             9/2+  
                               4  0.500000 0.000E+00     B
                               1  0.500000 0.000E+00     B
  36  12.920001   1.5   -1  2                   8.150E-21                 3/2-  
                               2  0.500000 0.000E+00     B
                               1  0.500000 0.000E+00     B
  37  12.940001   2.5    1  2                   5.630E-21                 5/2+  
                               2  0.500000 0.000E+00     B
                               1  0.500000 0.000E+00     B
  38  13.004001   5.5   -1  2                                            11/2-  
                              19  0.500000 0.000E+00     B
                              14  0.500000 0.000E+00     B
  39  13.149000   0.5   -1  2                   6.520E-20 JP                    
                               5  0.500000 0.000E+00     B
                               0  0.500000 0.000E+00     B
  40  13.174001   4.5   -1  2                   6.520E-20  P             (9/2)  
                              13  0.500000 0.000E+00     B
                               6  0.500000 0.000E+00     B
  41  13.362000   1.5   -1  2                   2.850E-20                 3/2-  
                               2  0.500000 0.000E+00     B
                               1  0.500000 0.000E+00     B
  42  13.390000   1.5    1  6                   8.150E-21                 3/2+  
                               5  0.000000 0.000E+00      
                               4  0.000000 0.000E+00      
                               3  0.000000 0.000E+00      
                               2  0.000000 0.000E+00      
                               1  0.000000 0.000E+00      
                               0  1.000000 0.000E+00      
  43  13.537001   1.5   -1  2                   5.370E-21                 3/2-  
                               2  0.500000 0.000E+00     B
                               1  0.500000 0.000E+00     B
  44  13.608001   2.5    1  2                   2.540E-20               5/2(+)  
                               2  0.500000 0.000E+00     B
                               1  0.500000 0.000E+00     B
  45  13.612000   0.5    1  2                   5.070E-21               (1/2+)  
                               2  0.500000 0.000E+00     B
                               1  0.500000 0.000E+00     B
  46  13.713000   3.5   -1  2                   1.760E-20 JP                    
                               3  0.500000 0.000E+00     B
                               1  0.500000 0.000E+00     B
  47  13.840001   1.5    1  2                   6.080E-21                 3/2+  
                               5  0.500000 0.000E+00     B
                               0  0.500000 0.000E+00     B
  48  13.900001   0.5    1  2                   4.910E-22                 1/2+  
                               2  0.500000 0.000E+00     B
                               1  0.500000 0.000E+00     B
  49  13.990001   2.5    1  2                   4.660E-21                 5/2+  
                               2  0.500000 0.000E+00     B
                               1  0.500000 0.000E+00     B
  50  14.090001   0.5   -1  2                   2.070E-20 JP       (9/2+,7/2+)  
                               5  0.500000 0.000E+00     B
                               0  0.500000 0.000E+00     B
  51  14.100000   1.5    1  2                   4.560E-21                 3/2+  
                               5  0.500000 0.000E+00     B
                               0  0.500000 0.000E+00     B
  52  14.162001   1.5    1  2                   1.690E-20               3/2(+)  
                               5  0.500000 0.000E+00     B
                               0  0.500000 0.000E+00     B
  53  14.240001   2.5    1  2                   3.040E-21                 5/2+  
                               2  0.500000 0.000E+00     B
                               1  0.500000 0.000E+00     B
  54  14.380001   3.5    1  2                   4.560E-21                 7/2+  
                               6  0.500000 0.000E+00     B
                               5  0.500000 0.000E+00     B
  55  14.400001   0.5   -1  2                   2.400E-22 JP                    
                               5  0.500000 0.000E+00     B
                               0  0.500000 0.000E+00     B
  56  14.550001   0.5   -1  2                   2.280E-21 JP                    
                               5  0.500000 0.000E+00     B
                               0  0.500000 0.000E+00     B
  57  14.647000   1.5   -1  2                   1.380E-20 JP                    
                               2  0.500000 0.000E+00     B
                               1  0.500000 0.000E+00     B
  58  14.710001   0.5   -1  2                   6.080E-22 JP                    
                               5  0.500000 0.000E+00     B
                               0  0.500000 0.000E+00     B
  59  14.720000   2.5   -1  2                   4.150E-21                 5/2-  
                               5  0.500000 0.000E+00     B
                               0  0.500000 0.000E+00     B
  60  14.860001   1.5   -1  2                   9.500E-21 JP                    
                               2  0.500000 0.000E+00     B
                               1  0.500000 0.000E+00     B
  61  14.920001   3.5   -1  2                   3.800E-20 JP                    
                               3  0.500000 0.000E+00     B
                               1  0.500000 0.000E+00     B
  62  15.025001   1.5   -1  2                   3.510E-20 JP                    
                               2  0.500000 0.000E+00     B
                               1  0.500000 0.000E+00     B
  63  15.090001   0.5   -1  2                   5.700E-21 JP                    
                               5  0.500000 0.000E+00     B
                               0  0.500000 0.000E+00     B
  64  15.288001   1.5    1  2                   1.760E-20 JP                    
                               5  0.500000 0.000E+00     B
                               0  0.500000 0.000E+00     B
  65  15.373001   6.5    1  2                                            13/2+  
                              35  0.500000 0.000E+00     B
                              19  0.500000 0.000E+00     B
  66  15.380001   0.5   -1  2                   6.080E-21 JP                    
                               5  0.500000 0.000E+00     B
                               0  0.500000 0.000E+00     B
  67  15.430000   1.5   -1  2                   4.560E-21 JP                    
                               2  0.500000 0.000E+00     B
                               1  0.500000 0.000E+00     B
  68  15.450001   0.5    1  2                   6.080E-22 JP                    
                               2  0.500000 0.000E+00     B
                               1  0.500000 0.000E+00     B
  69  15.530001   1.5   -1  2                   1.300E-20 JP                    
                               2  0.500000 0.000E+00     B
                               1  0.500000 0.000E+00     B
  70  15.600000   3.5    1  2                   4.800E-21 JP                    
                               6  0.500000 0.000E+00     B
                               5  0.500000 0.000E+00     B
  71  15.782001   0.5   -1  2                             JP                    
                               5  0.500000 0.000E+00     B
                               0  0.500000 0.000E+00     B
  72  15.930000   1.5    1  2                   1.300E-20 JP                    
                               5  0.500000 0.000E+00     B
                               0  0.500000 0.000E+00     B
  73  15.944001   2.5   -1  2                   2.170E-20 JP                    
                               5  0.500000 0.000E+00     B
                               0  0.500000 0.000E+00     B
  74  16.026001   0.5    1  2                   7.360E-21 JP                    
                               2  0.500000 0.000E+00     B
                               1  0.500000 0.000E+00     B
  75  16.190001   1.5    1  2                   1.010E-21                 3/2+  
                               5  0.500000 0.000E+00     B
                               0  0.500000 0.000E+00     B
  76  16.260000   1.5    1  2                   3.040E-21                 3/2+  
                               5  0.500000 0.000E+00     B
                               0  0.500000 0.000E+00     B
  77  16.320002   0.5   -1  2                   1.520E-20 JP                    
                               5  0.500000 0.000E+00     B
                               0  0.500000 0.000E+00     B
  78  16.390001   2.5   -1  2                   1.040E-20 JP                    
                               5  0.500000 0.000E+00     B
                               0  0.500000 0.000E+00     B
  79  16.460001   3.5   -1  2                   8.150E-22 JP                    
                               3  0.500000 0.000E+00     B
                               1  0.500000 0.000E+00     B
  80  16.576000   1.5    1  2                   1.690E-20 JP                    
                               5  0.500000 0.000E+00     B
                               0  0.500000 0.000E+00     B
  81  16.590000   1.5   -1  2                   9.310E-22                 3/2-  
                               2  0.500000 0.000E+00     B
                               1  0.500000 0.000E+00     B
  82  16.677000   0.5    1  2                   5.700E-21                 1/2+  
                               2  0.500000 0.000E+00     B
                               1  0.500000 0.000E+00     B
  83  16.850000   2.5   -1  2                   4.150E-21  P               5/2  
                               5  0.500000 0.000E+00     B
                               0  0.500000 0.000E+00     B
  84  16.910002   0.5    1  2                   1.300E-21 JP                    
                               2  0.500000 0.000E+00     B
                               1  0.500000 0.000E+00     B
  85  17.050001   1.5   -1  2                             JP                    
                               2  0.500000 0.000E+00     B
                               1  0.500000 0.000E+00     B
  86  17.110001   2.5    1  2                             JP                    
                               2  0.500000 0.000E+00     B
                               1  0.500000 0.000E+00     B
  87  17.150002   0.5   -1  2                   1.820E-21 JP       (1/2+,3/2+)  
                               5  0.500000 0.000E+00     B
                               0  0.500000 0.000E+00     B
  88  17.230001   1.5    1  2                   2.610E-21 JP                    
                               5  0.500000 0.000E+00     B
                               0  0.500000 0.000E+00     B
  89  17.370001   3.5   -1  2                   1.820E-21 JP                    
                               3  0.500000 0.000E+00     B
                               1  0.500000 0.000E+00     B
  90  17.580000   1.5    1  2                   1.010E-21                 3/2+  
                               5  0.500000 0.000E+00     B
                               0  0.500000 0.000E+00     B
  91  17.670000   1.5    1  2                   7.600E-22                 3/2+  
                               5  0.500000 0.000E+00     B
                               0  0.500000 0.000E+00     B
  92  17.720001   0.5   -1  2                   9.500E-21 JP                    
                               5  0.500000 0.000E+00     B
                               0  0.500000 0.000E+00     B
  93  17.950001   2.5   -1  2                   2.730E-21 JP                    
                               5  0.500000 0.000E+00     B
                               0  0.500000 0.000E+00     B
  94  18.060001   0.5    1  2                   2.400E-20 JP                    
                               2  0.500000 0.000E+00     B
                               1  0.500000 0.000E+00     B
  95  18.090000   2.5   -1  2                   1.140E-20 JP                    
                               5  0.500000 0.000E+00     B
                               0  0.500000 0.000E+00     B
  96  18.220001   0.5    1  2                   2.890E-21 JP                    
                               2  0.500000 0.000E+00     B
                               1  0.500000 0.000E+00     B
  97  18.270000   1.5   -1  2                   1.940E-21 JP                    
                               2  0.500000 0.000E+00     B
                               1  0.500000 0.000E+00     B
  98  18.700001   3.5    1  2                             JP                    
                               6  0.500000 0.000E+00     B
                               5  0.500000 0.000E+00     B
  99  18.910002   1.5   -1  2                   6.080E-22 JP       3/2+ & 1/2+  
                               2  0.500000 0.000E+00     B
                               1  0.500000 0.000E+00     B
 100  19.200001   0.5    1  2                   3.510E-21               (1/2+)  
                               2  0.500000 0.000E+00     B
                               1  0.500000 0.000E+00     B
 101  19.500000   1.5    1  2                   1.140E-21                 3/2+  
                               5  0.500000 0.000E+00     B
                               0  0.500000 0.000E+00     B
 102  19.720001   2.5   -1  2                             JP                    
                               5  0.500000 0.000E+00     B
                               0  0.500000 0.000E+00     B
 103  20.120001   0.5   -1  2                             JP                    
                               5  0.500000 0.000E+00     B
                               0  0.500000 0.000E+00     B
 104  20.500002   1.5    1  2                   1.140E-21                 3/2+  
                               5  0.500000 0.000E+00     B
                               0  0.500000 0.000E+00     B
 105  20.960001   2.5   -1  2                   2.620E-22 JP       3/2+ & 1/2+  
                               5  0.500000 0.000E+00     B
                               0  0.500000 0.000E+00     B
 106  21.820002   0.5    1  2                   7.600E-22 JP                    
                               2  0.500000 0.000E+00     B
                               1  0.500000 0.000E+00     B
 107  23.190001   7.5   -1  2                             JP                    
                              65  0.500000 0.000E+00     B
                              38  0.500000 0.000E+00     B
 108  23.600000   1.5    1  2                             JP                    
                               5  0.500000 0.000E+00     B
                               0  0.500000 0.000E+00     B
 109  24.750002   2.5   -1  2                             JP                    
                               5  0.500000 0.000E+00     B
                               0  0.500000 0.000E+00     B
 110  25.500002   1.5   -1  2                                             3/2-  
                               2  0.500000 0.000E+00     B
                               1  0.500000 0.000E+00     B
 111  26.800001   0.5    1  2                             JP                    
                               2  0.500000 0.000E+00     B
                               1  0.500000 0.000E+00     B
 112  37.000000   3.5    1  2                             JP                    
                               6  0.500000 0.000E+00     B
                               5  0.500000 0.000E+00     B
   7  17  110   34                                                          17N 
   0   0.000000   0.5   -1  0                   4.170E+00                 1/2-  
   1   1.373900   1.5   -1  1                   6.400E-14                 3/2-  
                               0  1.000000 0.000E+00      
   2   1.849600   0.5    1  2                   2.800E-11                 1/2+  
                               1  0.137900 0.000E+00      
                               0  0.862100 0.000E+00      
   3   1.906800   2.5   -1  2                   7.600E-12                 5/2-  
                               1  0.230800 0.000E+00      
                               0  0.769200 0.000E+00      
   4   2.526000   2.5    1  4                   2.290E-11                 5/2+  
                               3  0.418400 0.000E+00      
                               2  0.121300 0.000E+00      
                               1  0.347300 0.000E+00      
                               0  0.113000 0.000E+00      
   5   3.128900   3.5   -1  5                   1.910E-10                 7/2-  
                               4  0.000000 0.000E+00      
                               3  1.000000 0.000E+00      
                               2  0.000000 0.000E+00      
                               1  0.000000 0.000E+00      
                               0  0.000000 0.000E+00      
   6   3.204200   1.5   -1  5                   2.100E-14                 3/2-  
                               4  0.000000 0.000E+00      
                               3  0.122800 0.000E+00      
                               2  0.000000 0.000E+00      
                               1  0.000000 0.000E+00      
                               0  0.877200 0.000E+00      
   7   3.628700   3.5   -1  7                   8.300E-12 J         (7/2,9/2)-  
                               6  0.000000 0.000E+00      
                               5  0.529100 0.000E+00      
                               4  0.000000 0.000E+00      
                               3  0.470900 0.000E+00      
                               2  0.000000 0.000E+00      
                               1  0.000000 0.000E+00      
                               0  0.000000 0.000E+00      
   8   3.663000   0.5   -1  1                   2.430E-13                 1/2-  
                               2  1.000000 0.000E+00      
   9   3.906000   1.5   -1  1                   3.600E-14 J         (3/2,5/2)-  
                               3  1.000000 0.000E+00      
  10   4.006400   1.5    1  2                   1.100E-14               3/2(+)  
                               4  0.806500 0.000E+00      
                               2  0.193500 0.000E+00      
  11   4.209000   2.5    1  1                   4.900E-14                 5/2+  
                               1  1.000000 0.000E+00      
  12   4.415000   2.5   -1  1                   4.200E-14 J         (3/2,5/2)-  
                               3  1.000000 0.000E+00      
  13   5.170000   4.5    1  2                   4.200E-14               (9/2+)  
                               5  0.628900 0.000E+00      
                               4  0.371100 0.000E+00      
  14   5.195000   1.5    1  2                   6.600E-14                 3/2+  
                               3  0.581400 0.000E+00      
                               2  0.418600 0.000E+00      
  15   5.515000   1.5   -1  2                   7.000E-14                 3/2-  
                               1  0.500000 0.000E+00      
                               0  0.500000 0.000E+00      
  16   5.772000   0.5   -1  3                   8.300E-14 J           1/2,3/2+  
                              10  0.500000 0.000E+00      
                               3  0.250000 0.000E+00      
                               1  0.250000 0.000E+00      
  17   6.080000   0.5    1  2                             JP                    
                               2  0.500000 0.000E+00     B
                               1  0.500000 0.000E+00     B
  18   6.233000   5.5    1  1                             JP                    
                               0  1.000000 0.000E+00     B
  19   6.449000   1.5    1  2                             JP                    
                               3  0.500000 0.000E+00     B
                               0  0.500000 0.000E+00     B
  20   6.615000   0.5    1  2                             JP                    
                               2  0.500000 0.000E+00     B
                               1  0.500000 0.000E+00     B
  21   6.938000   2.5    1  2                             JP                    
                               2  0.500000 0.000E+00     B
                               1  0.500000 0.000E+00     B
  22   6.981000   1.5   -1  2                                             3/2-  
                               2  0.500000 0.000E+00     B
                               1  0.500000 0.000E+00     B
  23   7.013000   0.5    1  2                             JP                    
                               2  0.500000 0.000E+00     B
                               1  0.500000 0.000E+00     B
  24   7.170001   3.5   -1  2                             JP                    
                               4  0.500000 0.000E+00     B
                               1  0.500000 0.000E+00     B
  25   7.370000   2.5    1  2                             JP                    
                               2  0.500000 0.000E+00     B
                               1  0.500000 0.000E+00     B
  26   7.630001   1.5   -1  2                             JP                    
                               2  0.500000 0.000E+00     B
                               1  0.500000 0.000E+00     B
  27   7.730000   0.5    1  2                             JP                    
                               2  0.500000 0.000E+00     B
                               1  0.500000 0.000E+00     B
  28   8.000000   1.5   -1  2                             JP                    
                               2  0.500000 0.000E+00     B
                               1  0.500000 0.000E+00     B
  29   8.140000   2.5    1  2                             JP                    
                               2  0.500000 0.000E+00     B
                               1  0.500000 0.000E+00     B
  30   8.550000   0.5   -1  2                             JP                    
                               3  0.500000 0.000E+00     B
                               0  0.500000 0.000E+00     B
  31   8.930000   1.5    1  2                             JP                    
                               3  0.500000 0.000E+00     B
                               0  0.500000 0.000E+00     B
  32   9.260000   6.5   -1  1                             JP                    
                              18  1.000000 0.000E+00     B
  33   9.740001   2.5    1  2                             JP                    
                               2  0.500000 0.000E+00     B
                               1  0.500000 0.000E+00     B
  34  10.140000   0.5   -1  2                             JP        (1/2,3/2)-  
                               3  0.500000 0.000E+00     B
                               0  0.500000 0.000E+00     B
   7  18   22    7                                                          18N 
   0   0.000000   1.0   -1  0                   6.240E-01                   1-  
   1   0.114900   2.0   -1  1                                             (2-)  
                               0  1.000000 0.000E+00      
   2   0.587560   2.0   -1  1                                             (2-)  
                               1  1.000000 0.000E+00      
   3   0.747000   3.0   -1  1                                             (3-)  
                               0  1.000000 0.000E+00     B
   4   1.734850   2.0    1  3                                             (2+)  
                               2  0.290000 0.000E+00      
                               1  0.380000 0.000E+00      
                               0  0.330000 0.000E+00      
   5   2.210000   0.0    1  2                             JP                    
                               4  0.500000 0.000E+00     B
                               0  0.500000 0.000E+00     B
   6   2.420000   1.0    1  2                             JP                    
                               2  0.500000 0.000E+00     B
                               1  0.500000 0.000E+00     B
   7   2.614450   1.0    1  4                                               1+  
                               4  0.260000 0.000E+00      
                               2  0.030000 0.000E+00      
                               1  0.220000 0.000E+00      
                               0  0.490000 0.000E+00      
   7  19   12    5                                                          19N 
   0   0.000000   0.5    1  0                   2.710E-01 JP             HFB    
   1   1.110000   1.5    1  1                             JP                    
                               0  1.000000 0.000E+00     B
   2   1.650000   2.5    1  1                             JP                    
                               0  1.000000 0.000E+00     B
   3   2.540000   3.5    1  1                             JP                    
                               1  1.000000 0.000E+00     B
   4   3.470000   4.5    1  1                             JP                    
                               2  1.000000 0.000E+00     B
   5   4.180000   1.5    1  2                             JP                    
                               3  0.500000 0.000E+00     B
                               1  0.500000 0.000E+00     B
   7  20    1    0                                                          20N 
   0   0.000000   0.0    1  0                   1.300E-01 JP             HFB    
   7  21    1    0                                                          21N 
   0   0.000000   0.5   -1  0                   8.700E-02               (1/2-)  
   7  22    1    0                                                          22N 
   0   0.000000   0.0    1  0                   1.800E-02 JP             HFB    
   7  23    1    0                                                          23N 
   0   0.000000   0.5    1  0                   1.450E-02 JP             HFB    
   7  24    1    0                                                          24N 
   0   0.000000   0.0    1  0                   5.200E-08 JP             HFB    
