  86 196    1    0                                                         196Rn
   0   0.000000   0.0    1  0                   3.000E-03 JP                    
  86 197    1    0                                                         197Rn
   0   0.000000   1.5   -1  0                   6.500E-02               (3/2-)  
  86 198   11    5                                                         198Rn
   0   0.000000   0.0    1  0                   6.500E-02                   0+  
   1   0.339000   2.0    1  1                                             (2+)  
                               0  1.000000 9.813E-02      
   2   0.749500   4.0    1  1                                             (4+)  
                               1  1.000000 5.826E-02      
   3   1.231000   6.0    1  1                                             (6+)  
                               2  1.000000 3.899E-02      
   4   1.779800   8.0    1  1                                             (8+)  
                               3  1.000000 2.637E-02      
   5   2.383800  10.0    1  1                                            (10+)  
                               4  1.000000 2.137E-02      
  86 199    1    0                                                         199Rn
   0   0.000000   1.5   -1  0                   6.200E-01               (3/2-)  
  86 200    1    0                                                         200Rn
   0   0.000000   0.0    1  0                   9.600E-01                   0+  
  86 201    5    2                                                         201Rn
   0   0.000000   1.5   -1  0                   7.000E+00               (3/2-)  
   1   0.100000   2.5   -1  1                                           (5/2-)  
                               0  1.000000 0.000E+00     B
   2   0.280000   6.5    1  1                   3.800E+00              (13/2+)  
                               0  1.000000 0.000E+00     B
  86 202    1    0                                                         202Rn
   0   0.000000   0.0    1  0                   1.000E+01                   0+  
  86 203    5    2                                                         203Rn
   0   0.000000   0.5    1  0                   4.500E+01 JP        (3/2,5/2)-  
   1   0.050000   2.5   -1  1                                           (5/2-)  
                               0  1.000000 0.000E+00     B
   2   0.361000   6.5    1  1                   2.800E+01              (13/2+)  
                               0  1.000000 0.000E+00     B
  86 204   50   20                                                         204Rn
   0   0.000000   0.0    1  0                   7.440E+01                   0+  
   1   0.542900   2.0    1  1                                               2+  
                               0  1.000000 3.000E-02      
   2   1.131400   4.0    1  1                                               4+  
                               1  1.000000 2.000E-02      
   3   1.772600   6.0    1  1                                             (6+)  
                               2  1.000000 2.000E-02      
   4   1.806300   6.0    1  1                                             (6+)  
                               2  1.000000 2.000E-02      
   5   2.032800   8.0    1  1                   5.000E-09                 (8+)  
                               3  1.000000 2.200E-01      
   6   2.105200   8.0    1  1                                             (8+)  
                               4  1.000000 1.400E-01      
   7   2.219000   9.0   -1  2                                             (9-)  
                               6  0.551952 3.400E-01      
                               5  0.448048 1.000E-01      
   8   2.453100   5.0   -1  1                             JP                    
                               7  1.000000 0.000E+00      
   9   2.461300  10.0   -1  2                   3.300E-08                (10-)  
                               7  1.000000 1.140E+00      
                               5  0.000000 7.000E-01      
  10   2.597100  11.0   -1  1                              P              (11)  
                               9  1.000000 2.300E-01      
  11   2.636400   3.0   -1  1                             JP                    
                               5  1.000000 0.000E+00      
  12   2.884400  12.0   -1  2                              P              (12)  
                              10  0.500000 0.000E+00      
                               9  0.500000 0.000E+00      
  13   3.034900  12.0   -1  2                              P              (12)  
                              10  0.000000 0.000E+00      
                               8  1.000000 3.000E-02      
  14   3.165600   7.0    1  1                             JP                    
                              10  1.000000 0.000E+00      
  15   3.305900  13.0   -1  2                              P              (13)  
                              13  0.000000 0.000E+00      
                              10  1.000000 0.000E+00      
  16   3.467800   1.0    1  1                             JP                    
                              12  1.000000 0.000E+00      
  17   3.531800  14.0   -1  3                              P              (14)  
                              15  0.333333 0.000E+00      
                              14  0.333333 0.000E+00      
                              13  0.333333 0.000E+00      
  18   3.983900  14.0    1  2                              P              (14)  
                              17  0.500000 0.000E+00      
                              15  0.500000 0.000E+00      
  19   4.095900  15.0   -1  2                   1.000E-08  P              (15)  
                              18  0.500000 0.000E+00      
                              15  0.500000 0.000E+00      
  20   4.253800   4.0    1  1                             JP                    
                              17  1.000000 0.000E+00      
  86 205    5    2                                                         205Rn
   0   0.000000   2.5   -1  0                   1.700E+02                 5/2-  
   1   0.387000   0.5   -1  1                             JP                    
                               0  1.000000 0.000E+00      
   2   0.633700   4.5   -1  1                             JP                    
                               0  1.000000 0.000E+00      
  86 206   40   18                                                         206Rn
   0   0.000000   0.0    1  0                   3.400E+02                   0+  
   1   0.575300   2.0    1  1                                               2+  
                               0  1.000000 2.560E-02      
   2   1.134300   4.0    1  1                                             (4)+  
                               1  1.000000 2.740E-02      
   3   1.501800   4.0    1  1                                             (4+)  
                               1  1.000000 8.999E-03      
   4   1.762900   6.0    1  1                   1.800E-09                 (6)+  
                               2  1.000000 2.110E-02      
   5   1.818300   6.0    1  1                                             (6+)  
                               2  1.000000 1.645E-02      
   6   1.924300   8.0    1  1                   1.350E-08                 (8)+  
                               4  1.000000 1.180E+00      
   7   2.024900   5.0    1  1                             JP                    
                               2  1.000000 0.000E+00      
   8   2.174300   3.0    1  1                             JP                    
                               5  1.000000 0.000E+00      
   9   2.206900   7.0   -1  1                             JP          (7,8,9)+  
                               6  1.000000 7.390E-01      
  10   2.269900   9.0   -1  1                                             (9-)  
                               6  1.000000 2.433E-02      
  11   2.475600  10.0   -1  2                   6.500E-08                (10-)  
                              10  0.500000 4.819E-01      
                               6  0.500000 3.112E-01      
  12   2.534600  10.0    1  1                                            (10+)  
                               6  1.000000 2.090E-02      
  13   2.585300  11.0    1  1                                            (11+)  
                              11  1.000000 3.766E-01      
  14   2.834200  12.0   -1  1                              P              (12)  
                              13  1.000000 0.000E+00      
  15   3.131500  12.0    1  1                                            (12+)  
                              12  1.000000 2.192E-02      
  16   3.362000  13.0    1  2                                            (13+)  
                              14  0.500000 0.000E+00      
                              13  0.500000 1.272E-02      
  17   3.887500  14.0   -1  1                              P              (14)  
                              16  1.000000 0.000E+00      
  18   4.130000  15.0   -1  2                   1.100E-08  P              (15)  
                              17  0.500000 0.000E+00      
                              16  0.500000 0.000E+00      
  86 207    9    4                                                         207Rn
   0   0.000000   2.5   -1  0                   5.550E+02                 5/2-  
   1   0.130000   1.5   -1  1                                           (3/2-)  
                               0  1.000000 0.000E+00     B
   2   0.160000   0.5   -1  1                                           (1/2-)  
                               0  1.000000 0.000E+00     B
   3   0.665100   4.5   -1  1                                           (9/2-)  
                               0  1.000000 1.870E-02      
   4   0.899000   6.5    1  1                   1.810E-04              (13/2+)  
                               3  1.000000 5.140E+00      
  86 208   96   41                                                         208Rn
   0   0.000000   0.0    1  0                   1.460E+03                   0+  
   1   0.635800   2.0    1  1                                               2+  
                               0  1.000000 2.060E-02      
   2   1.188900   4.0    1  1                                               4+  
                               1  1.000000 2.800E-02      
   3   1.414300   4.0    1  2                                               4+  
                               2  0.112547 1.380E+00      
                               1  0.887453 1.350E-02      
   4   1.578000   4.0    1  2                             J           (4,5,6)+  
                               3  0.897938 2.300E+00      
                               2  0.102062 6.700E-02      
   5   1.658600   4.0    1  1                             J              4+,5+  
                               2  1.000000 1.870E-01      
   6   1.739600   6.0    1  3                                               6+  
                               5  0.723079 2.221E+01      
                               4  0.093121 2.400E+00      
                               3  0.183800 1.100E-01      
   7   1.825200   6.0    1  1                                               6+  
                               2  1.000000 2.050E-02      
   8   1.828300   8.0    1  1                   4.870E-07                   8+  
                               6  1.000000 1.430E+01      
   9   1.905700   6.0    1  1                                               6+  
                               2  1.000000 1.494E-02      
  10   2.128800   6.0    1  1                             J              6+,7+  
                               6  1.000000 3.080E-01      
  11   2.163400   8.0    1  1                             J              7+,8+  
                               8  1.000000 4.640E-01      
  12   2.179000   6.0    1  1                             J            (5-,6+)  
                               2  1.000000 7.922E-03      
  13   2.319400   9.0   -1  1                                               9-  
                               8  1.000000 1.150E-02      
  14   2.320300   7.0    1  1                             J           6+,7+,8+  
                               8  1.000000 3.700E-02      
  15   2.330300   5.0   -1  1                             J          (5-,6,7+)  
                               5  1.000000 5.896E-03      
  16   2.356800   5.0   -1  1                             J            (5-,6+)  
                               3  1.000000 3.140E-03      
  17   2.459100   8.0    1  1                             J           6+,7+,8+  
                               6  1.000000 1.580E-02      
  18   2.465100  10.0    1  1                                              10+  
                               8  1.000000 2.050E-02      
  19   2.546000   7.0    1  1                             J             (6,7+)  
                               5  1.000000 1.492E-01      
  20   2.618100  10.0   -1  3                   1.180E-08                  10-  
                              18  0.029230 1.670E-01      
                              13  0.285390 6.350E-01      
                               8  0.685380 1.160E-01      
  21   2.619000   6.0    1  1                             J           6+,7+,8+  
                              14  1.000000 3.900E-01      
  22   2.621200  11.0   -1  2                   3.500E-09                  11-  
                              20  0.500000 0.000E+00      
                              18  0.500000 1.590E-01      
  23   2.797400  12.0    1  2                                              12+  
                              18  0.528981 1.040E-01      
                              11  0.471019 2.070E-02      
  24   2.935200  13.0   -1  1                              P                13  
                              23  1.000000 0.000E+00      
  25   2.954500  13.0   -1  1                              P                13  
                              23  1.000000 0.000E+00      
  26   3.080800  14.0   -1  1                              P                14  
                              24  1.000000 0.000E+00      
  27   3.110800  12.0    1  1                                              12+  
                              18  1.000000 1.990E-02      
  28   3.198300  12.0   -1  1                                              12-  
                              22  1.000000 7.000E-02      
  29   3.389300  13.0   -1  2                                              13-  
                              28  0.243861 6.287E-01      
                              22  0.756139 1.390E-02      
  30   3.413100  15.0   -1  1                              P              (15)  
                              26  1.000000 4.740E-01      
  31   3.469000  14.0    1  1                   3.500E-09                  14+  
                              27  1.000000 8.400E-02      
  32   3.520700  13.0   -1  2                                              13-  
                              28  0.730520 5.150E-01      
                              22  0.269480 1.010E-02      
  33   3.779100  14.0   -1  2                                              14-  
                              32  0.757361 9.470E-01      
                              29  0.242639 3.080E-01      
  34   3.851700  16.0   -1  1                              P                16  
                              30  1.000000 0.000E+00      
  35   3.925200  15.0   -1  3                                              15-  
                              33  0.840131 4.680E+00      
                              31  0.067747 1.337E-02      
                              29  0.092122 3.020E-02      
  36   4.066400  16.0   -1  1                   1.830E-08                  16-  
                              35  1.000000 5.170E+00      
  37   4.524601  16.0    1  1                                            16(+)  
                              33  1.000000 1.295E-01      
  38   4.832600  18.0   -1  1                                              18-  
                              36  1.000000 1.390E-02      
  39   5.178300  19.0   -1  1                                              19-  
                              38  1.000000 4.260E-01      
  40   5.377000  19.0   -1  1                              P                19  
                              38  1.000000 0.000E+00      
  41   5.930600  21.0   -1  1                                            21(-)  
                              39  1.000000 1.355E-02      
  86 209   78   33                                                         209Rn
   0   0.000000   2.5   -1  0                   1.710E+03                 5/2-  
   1   0.110100   0.5   -1  1                                             1/2-  
                               0  1.000000 5.627E+00      
   2   0.214700   1.5   -1  2                                           (3/2-)  
                               1  0.901635 1.222E+01      
                               0  0.098365 1.583E+00      
   3   0.327000   4.5   -1  1                             JP                    
                               0  1.000000 0.000E+00     B
   4   0.797800   4.5   -1  1                   1.400E-09                 9/2-  
                               0  1.000000 1.280E-02      
   5   1.173980   6.5    1  1                   1.340E-05                13/2+  
                               4  1.000000 1.070E+00      
   6   1.465530   6.5   -1  1                   1.400E-09              (13/2-)  
                               4  1.000000 1.850E-02      
   7   1.561550   7.5   -1  2                   1.400E-09              (15/2-)  
                               6  0.934508 3.250E+00      
                               5  0.065492 1.890E-02      
   8   1.610670   8.5   -1  1                   1.400E-09              (17/2-)  
                               7  1.000000 2.270E+01      
   9   1.687410   9.5   -1  1                   6.900E-10              (19/2-)  
                               8  1.000000 6.050E+00      
  10   2.238160  10.5   -1  2                   1.400E-09              (21/2-)  
                               9  0.842173 1.050E-01      
                               8  0.157827 1.971E-02      
  11   2.418710  10.5    1  1                   8.730E-09              (21/2+)  
                               9  1.000000 5.240E-03      
  12   2.501290  11.5   -1  1                   1.400E-09              (23/2-)  
                               9  1.000000 1.230E-02      
  13   2.744150  11.5    1  1                   1.400E-09              (23/2+)  
                              11  1.000000 3.800E-01      
  14   2.848480  12.5   -1  2                   1.400E-09              (25/2-)  
                              12  0.364887 3.100E-01      
                              10  0.635113 2.250E-02      
  15   2.864600   3.5    1  1                   1.400E-09 JP                    
                              11  1.000000 0.000E+00      
  16   2.957580  13.5   -1  2                   1.400E-09              (27/2-)  
                              14  0.968001 9.000E+00      
                              12  0.031999 4.450E-02      
  17   3.049900   5.5    1  1                   1.400E-09 JP                    
                              15  1.000000 0.000E+00      
  18   3.157480  14.5   -1  1                   1.390E-08              (29/2-)  
                              16  1.000000 9.000E-01      
  19   3.400600   3.5    1  1                   1.400E-09 JP                    
                              13  1.000000 0.000E+00      
  20   3.539900  13.5    1  4                   1.400E-09              (27/2+)  
                              19  0.181376 0.000E+00      
                              18  0.265451 1.952E-02      
                              17  0.255413 0.000E+00      
                              13  0.297760 1.290E-02      
  21   3.636780  17.5    1  1                   3.000E-06              (35/2+)  
                              18  1.000000 1.440E-01      
  22   3.671500  14.5    1  1                   1.400E-09              (29/2+)  
                              20  1.000000 6.320E+00      
  23   3.987000  15.5    1  1                   1.400E-09              (31/2+)  
                              22  1.000000 5.400E-01      
  24   4.182400  16.5    1  1                   1.400E-09              (33/2+)  
                              23  1.000000 1.600E+00      
  25   4.583601  17.5    1  2                   1.400E-09              (35/2+)  
                              24  0.759420 2.840E-01      
                              23  0.240580 2.198E-02      
  26   4.833701  20.5   -1  1                   1.000E-08              (41/2-)  
                              21  1.000000 1.310E-02      
  27   4.988000  18.5    1  2                   1.400E-09              (37/2+)  
                              25  0.741659 2.784E-01      
                              24  0.258341 1.184E-02      
  28   5.216900  20.5    1  1                   1.400E-09              (41/2+)  
                              26  1.000000 1.939E-02      
  29   5.819800  21.5    1  2                   1.400E-09              (43/2+)  
                              28  0.498206 6.000E-02      
                              26  0.501794 3.030E-03      
  30   6.538000  23.5    1  1                   1.400E-09              (47/2+)  
                              29  1.000000 1.590E-02      
  31   6.772100  24.5    1  1                   1.400E-09              (49/2+)  
                              30  1.000000 1.245E+00      
  32   6.826100  24.5    1  1                   1.400E-09              (49/2+)  
                              30  1.000000 7.012E-01      
  33   7.307701  25.5   -1  1                   1.400E-09  P            (51/2)  
                              32  1.000000 0.000E+00      
  86 210   10    4                                                         210Rn
   0   0.000000   0.0    1  0                   8.640E+03                   0+  
   1   0.643800   2.0    1  1                                               2+  
                               0  1.000000 2.000E-02      
   2   1.461400   4.0    1  1                                             (4)+  
                               1  1.000000 1.220E-02      
   3   1.545100   4.0    1  1                                             (4)+  
                               1  1.000000 1.010E-02      
   4   1.664600   6.0    1  2                   7.600E-09                 (6)+  
                               3  0.435687 3.960E+00      
                               2  0.564313 5.040E-01      
  86 211   18    8                                                         211Rn
   0   0.000000   0.5   -1  0                   5.260E+04                 1/2-  
   1   0.539900   2.5   -1  1                   4.000E-09                 5/2-  
                               0  1.000000 2.960E-02      
   2   0.833000   1.5   -1  1                                           (3/2-)  
                               0  1.000000 0.000E+00     B
   3   1.458200   4.5   -1  1                                             9/2-  
                               1  1.000000 9.700E-03      
   4   1.577800   6.5   -1  1                                            13/2-  
                               3  1.000000 3.960E+00      
   5   1.739000   5.5   -1  1                                          (11/2-)  
                               3  1.000000 7.511E-01      
   6   1.960000   3.5   -1  1                             JP                    
                               5  1.000000 0.000E+00      
   7   2.179000   4.5    1  1                                           (9/2+)  
                               5  1.000000 1.443E-02      
   8   2.722000   5.5    1  2                                          (11/2+)  
                               6  0.199036 0.000E+00      
                               5  0.800964 2.911E-03      
  86 212   68   27                                                         212Rn
   0   0.000000   0.0    1  0                   1.430E+03                   0+  
   1   1.273800   2.0    1  1                                               2+  
                               0  1.000000 5.200E-03      
   2   1.501500   4.0    1  1                   8.800E-09                   4+  
                               1  1.000000 3.390E-01      
   3   1.639800   6.0    1  1                   1.180E-07                 (6)+  
                               2  1.000000 2.180E+00      
   4   1.694000   8.0    1  1                   9.100E-07                 (8+)  
                               3  1.000000 1.530E+02      
   5   2.116000   8.0    1  1                                             (8+)  
                               4  1.000000 2.480E-01      
   6   2.171900   5.0    1  1                             JP                    
                               2  1.000000 0.000E+00      
   7   2.306300   3.0    1  1                             JP                    
                               2  1.000000 0.000E+00      
   8   2.655000  10.0    1  1                                            (10+)  
                               4  1.000000 8.880E-03      
   9   2.687100   7.0   -1  2                             JP                    
                               3  0.342100 0.000E+00      
                               2  0.657900 0.000E+00      
  10   2.696100   1.0   -1  1                             JP                    
                               4  1.000000 0.000E+00      
  11   2.760700  11.0   -1  2                   5.500E-09                (11-)  
                               8  0.847802 1.400E+00      
                               4  0.152198 1.690E-02      
  12   2.881400  12.0    1  2                   2.100E-09                (12+)  
                              11  0.007418 3.000E-01      
                               8  0.992582 3.450E-01      
  13   2.967300   9.0   -1  1                             JP                    
                              11  1.000000 0.000E+00      
  14   3.297800  12.0    1  2                                            (12+)  
                              12  0.717824 2.570E-01      
                              11  0.282176 9.149E-03      
  15   3.357600  14.0    1  2                   7.400E-09                (14+)  
                              14  0.000000 9.500E+01      
                              12  1.000000 4.000E-02      
  16   3.510300   4.0   -1  1                             JP                    
                              12  1.000000 0.000E+00      
  17   3.735100   5.0   -1  1                             JP                    
                              11  1.000000 0.000E+00      
  18   3.991100  15.0   -1  1                                            (15-)  
                              15  1.000000 6.910E-03      
  19   3.998100   3.0   -1  1                             JP                    
                              15  1.000000 0.000E+00      
  20   4.066800  17.0   -1  2                   2.890E-08                (17-)  
                              18  0.996482 3.060E+01      
                              15  0.003518 4.550E-02      
  21   4.135100  16.0   -1  2                                            (16-)  
                              20  1.000000 4.976E+01      
                              18  0.000000 1.895E+00      
  22   4.151300   6.0   -1  1                             JP                    
                              15  1.000000 0.000E+00      
  23   4.582700  17.0   -1  2                                            (17-)  
                              21  0.240750 4.672E-02      
                              20  0.759250 1.460E-01      
  24   5.114600  18.0   -1  3                                            (18-)  
                              23  0.532964 1.340E-01      
                              21  0.054749 8.085E-03      
                              20  0.412287 1.270E-02      
  25   5.427200  20.0    1  2                   5.200E-09                (20+)  
                              23  0.255265 2.920E-02      
                              20  0.744735 9.990E-03      
  26   5.772400  19.0   -1  2                                            (19-)  
                              25  0.075330 2.440E-02      
                              24  0.924670 7.670E-02      
  27   6.167400  20.0    1  2                                            (20+)  
                              26  1.000000 1.820E-02      
                              25  0.000000 1.394E-02      
  86 213   54   21                                                         213Rn
   0   0.000000   4.5    1  0                   2.500E-02               (9/2+)  
   1   0.705000   5.5    1  1                                          (11/2+)  
                               0  1.000000 6.390E-02      
   2   0.896100   7.5   -1  2                   2.600E-08              (15/2-)  
                               1  0.352299 1.040E+01      
                               0  0.647701 2.530E-02      
   3   1.259600   6.5    1  1                                          (13/2+)  
                               0  1.000000 5.041E-03      
   4   1.529000   8.5    1  2                                          (17/2+)  
                               3  0.022033 1.950E-01      
                               2  0.977968 6.920E-03      
   5   1.574100   8.5   -1  1                                                   
                               3  1.000000 1.914E+00      
   6   1.612400   7.5   -1  2                                                   
                               3  0.245966 2.325E-02      
                               1  0.754035 7.483E-02      
   7   1.664000  10.5    1  2                   2.900E-08              (21/2+)  
                               4  0.996662 2.400E+00      
                               2  0.003338 3.700E-02      
   8   1.703500   9.5    1  1                                                   
                               7  1.000000 3.834E+01      
   9   1.745900  10.5    1  2                                                   
                               7  0.500000 4.808E+00      
                               4  0.500000 4.004E-01      
  10   1.788700   6.5   -1  1                                                   
                               4  1.000000 3.606E+00      
  11   1.879400   3.5   -1  1                                                   
                               1  1.000000 3.746E-02      
  12   1.936900  12.5    1  2                                                   
                               8  0.999306 1.863E+01      
                               7  0.000694 1.872E-01      
  13   2.007400  10.5   -1  3                                                   
                              10  0.988263 2.779E+01      
                               9  0.001305 4.598E-02      
                               7  0.010432 2.468E-02      
  14   2.072900   9.5    1  2                                                   
                               4  0.122900 1.207E-01      
                               2  0.877100 3.726E-02      
  15   2.184300  11.5   -1  1                                                   
                               7  1.000000 9.756E-03      
  16   2.227500   8.5   -1  1                                                   
                               7  1.000000 2.915E-01      
  17   2.257600   8.5    1  1                                                   
                              14  1.000000 2.411E+00      
  18   2.327100   2.5   -1  1                             JP                    
                              12  1.000000 0.000E+00      
  19   2.610700   1.5   -1  1                             JP                    
                              16  1.000000 0.000E+00      
  20   2.739800  15.5   -1  2                                          (31/2-)  
                              19  0.500000 0.000E+00      
                              15  0.500000 2.415E-01      
  21   2.915800  16.5    1  2                                          (33/2+)  
                              20  0.010928 5.685E-02      
                              15  0.989072 5.270E-03      
  86 214  107   48                                                         214Rn
   0   0.000000   0.0    1  0                   2.700E-07                   0+  
   1   0.694700   2.0    1  1                   1.400E-09                   2+  
                               0  1.000000 1.700E-02      
   2   1.141200   4.0    1  1                   1.400E-09                   4+  
                               1  1.000000 4.690E-02      
   3   1.331700   0.0   -1  1                                                   
                               1  1.000000 2.035E-01      
   4   1.442700   6.0    1  1                   6.900E-10                   6+  
                               2  1.000000 1.380E-01      
   5   1.625100   8.0    1  1                   6.500E-09                   8+  
                               4  1.000000 7.450E-01      
   6   1.800500   4.0   -1  1                                                   
                               3  1.000000 5.682E-01      
   7   1.928000  10.0    1  1                   9.000E-10                  10+  
                               5  1.000000 1.360E-01      
   8   1.944900   9.0    1  1                                                   
                               5  1.000000 1.160E-01      
   9   2.028200   8.0    1  1                                                   
                               5  1.000000 6.110E-02      
  10   2.099700  10.0   -1  1                                                   
                               8  1.000000 1.624E-01      
  11   2.208600   7.0   -1  1                                                   
                               4  1.000000 4.597E-03      
  12   2.320500  10.0    1  1                                                   
                               9  1.000000 1.515E-01      
  13   2.377100   8.0   -1  2                                                   
                               7  0.607554 6.138E-01      
                               5  0.392446 4.757E-03      
  14   2.394700  11.0   -1  1                                              11-  
                               7  1.000000 3.100E-02      
  15   2.504800   8.0   -1  1                                                   
                              11  1.000000 1.459E-01      
  16   2.557100  10.0    1  1                                                   
                               7  1.000000 1.959E-02      
  17   2.648700  11.0   -1  1                             J           (11,12)-  
                              14  1.000000 9.930E-01      
  18   2.668200  10.0   -1  1                                                   
                               8  1.000000 5.119E-03      
  19   2.676200  13.0   -1  2                   3.700E-09                  13-  
                              14  0.960890 1.700E-01      
                               7  0.039110 3.515E-02      
  20   2.682200   5.0    1  2                             JP                    
                              13  0.428600 0.000E+00      
                               7  0.571400 0.000E+00      
  21   2.689100   3.0   -1  1                             JP                    
                               8  1.000000 0.000E+00      
  22   2.878200  12.0    1  4                                              12+  
                              19  0.035764 8.457E-02      
                              17  0.018718 6.237E-02      
                              14  0.007358 1.186E-02      
                               7  0.938160 9.080E-03      
  23   2.917100   5.0   -1  1                             JP                    
                              14  1.000000 0.000E+00      
  24   3.148100  14.0    1  2                                              14+  
                              22  0.286760 1.938E-01      
                              19  0.713240 1.900E-02      
  25   3.268700  14.0    1  1                                            (14+)  
                              24  1.000000 3.821E+00      
  26   3.327900  16.0    1  2                   5.100E-09                  16+  
                              25  0.000000 1.014E+02      
                              24  1.000000 7.850E-01      
  27   3.465400   3.0   -1  1                             JP                    
                              24  1.000000 0.000E+00      
  28   3.490100  18.0    1  1                   4.400E-08                  18+  
                              26  1.000000 1.160E+00      
  29   3.540100   6.0   -1  1                             JP                    
                              26  1.000000 0.000E+00      
  30   3.578700  18.0   -1  1                                            (18-)  
                              28  1.000000 1.451E-01      
  31   3.610400  16.0    1  2                                            (16+)  
                              24  0.794565 4.306E-02      
                              19  0.205435 2.067E-02      
  32   3.745900  19.0   -1  2                   2.400E-09                  19-  
                              30  0.372845 2.100E+00      
                              28  0.627155 4.840E-02      
  33   3.753300   2.0   -1  1                             JP                    
                              26  1.000000 0.000E+00      
  34   3.791200   4.0    1  1                             JP                    
                              32  1.000000 0.000E+00      
  35   3.827600  20.0   -1  1                                            (20-)  
                              32  1.000000 2.132E+01      
  36   3.907200   5.0    1  1                             JP                    
                              28  1.000000 0.000E+00      
  37   3.940900   7.0   -1  1                             JP                    
                              27  1.000000 0.000E+00      
  38   4.064200   3.0    1  1                             JP                    
                              32  1.000000 0.000E+00      
  39   4.220500   1.0   -1  1                             JP                    
                              32  1.000000 0.000E+00      
  40   4.250200   6.0    1  1                             JP                    
                              35  1.000000 0.000E+00      
  41   4.262200   4.0   -1  1                             JP                    
                              36  1.000000 0.000E+00      
  42   4.517500   5.0    1  1                             JP                    
                              34  1.000000 0.000E+00      
  43   4.554800   2.0   -1  1                             JP                    
                              32  1.000000 0.000E+00      
  44   4.595400  22.0    1  1                   2.450E-07                (22+)  
                              35  1.000000 1.260E-01      
  45   4.750800   3.0   -1  1                             JP                    
                              44  1.000000 0.000E+00      
  46   4.858800   7.0    1  1                             JP                    
                              42  1.000000 0.000E+00      
  47   4.977600   6.0   -1  1                   8.000E-09 JP                    
                              45  1.000000 3.430E-01      
  48   5.051000   4.0    1  1                   4.000E-09 JP                    
                              45  1.000000 0.000E+00      
  86 215   11    4                                                         215Rn
   0   0.000000   4.5    1  0                   2.300E-06                 9/2+  
   1   0.214100   0.5    1  1                             JP        (7/2,9/2)+  
                               0  1.000000 0.000E+00      
   2   0.290800   3.5    1  1                             JP   (7/2,9/2,11/2)-  
                               0  1.000000 3.600E-02      
   3   0.315820   3.5    1  1                                           (7/2)+  
                               0  1.000000 5.451E-01      
   4   0.805700   3.5    1  3                                           (7/2)+  
                               3  0.333333 1.675E-01      
                               1  0.333333 0.000E+00      
                               0  0.333333 4.309E-02      
  86 216   11    5                                                         216Rn
   0   0.000000   0.0    1  0                   4.500E-05                   0+  
   1   0.461900   2.0    1  1                                               2+  
                               0  1.000000 4.310E-02      
   2   0.840800   4.0    1  1                                             (4+)  
                               1  1.000000 7.190E-02      
   3   1.226200   6.0    1  1                                             (6+)  
                               2  1.000000 6.870E-02      
   4   1.645600   8.0    1  1                                             (8+)  
                               3  1.000000 5.500E-02      
   5   2.111500  10.0    1  1                                            (10+)  
                               4  1.000000 4.227E-02      
  86 217   34   11                                                         217Rn
   0   0.000000   4.5    1  0                   5.400E-04                 9/2+  
   1   0.088900   0.5    1  1                   1.500E-09 JP                    
                               0  1.000000 0.000E+00      
   2   0.093020   3.5    1  2                   4.000E-09                 7/2+  
                               1  0.500000 0.000E+00      
                               0  0.500000 1.150E+01      
   3   0.149180   2.5    1  2                   1.500E-09                 5/2+  
                               2  0.468784 1.451E+01      
                               0  0.531216 1.610E+00      
   4   0.174300   5.5    1  2                   1.500E-09 JP   (7/2,9/2,11/2)+  
                               1  0.000593 0.000E+00      
                               0  0.999407 2.850E+00      
   5   0.235200   1.5    1  1                                           (3/2+)  
                               3  1.000000 4.173E+00      
   6   0.295000   6.5    1  1                             JP                    
                               0  1.000000 0.000E+00     B
   7   0.375000   1.5    1  2                                           (3/2+)  
                               5  0.581182 5.265E+00      
                               3  0.418818 1.378E+00      
   8   0.382200   3.5    1  4                              P             (7/2)  
                               4  0.333300 0.000E+00      
                               3  0.112400 0.000E+00      
                               2  0.387600 0.000E+00      
                               0  0.166700 0.000E+00      
   9   0.474500   7.5   -1  1                             JP    (7/2,9/2,11/2)  
                               0  1.000000 0.000E+00      
  10   0.569600   8.5   -1  3                             JP         (5/2,7/2)  
                               4  0.215000 0.000E+00      
                               3  0.500000 0.000E+00      
                               2  0.285000 0.000E+00      
  11   0.618900   9.5   -1  3                             JP         (5/2,7/2)  
                               4  0.400000 0.000E+00      
                               3  0.300000 0.000E+00      
                               2  0.300000 0.000E+00      
  86 218   11    4                                                         218Rn
   0   0.000000   0.0    1  0                   3.500E-02                   0+  
   1   0.324220   2.0    1  1                   8.000E-11                   2+  
                               0  1.000000 1.110E-01      
   2   0.653100   4.0    1  1                             JP                    
                               1  1.000000 0.000E+00      
   3   0.796700   5.0    1  2                             JP                    
                               2  0.026290 0.000E+00      
                               1  0.973710 0.000E+00      
   4   0.839900   3.0    1  2                             JP                    
                               1  0.375000 0.000E+00      
                               0  0.625000 0.000E+00      
  86 219  123   30                                                         219Rn
   0   0.000000   2.5    1  0                   3.960E+00                 5/2+  
   1   0.004470   4.5    1  1                   1.540E-08               (9/2)+  
                               0  1.000000 4.340E+06      
   2   0.014370   3.5    1  2                   8.750E-10               (7/2)+  
                               1  0.740407 1.050E+03      
                               0  0.259593 5.660E+02      
   3   0.126770   5.5    1  1                   4.020E-10              (11/2)+  
                               1  1.000000 7.720E+00      
   4   0.158640   3.5    1  4                   4.230E-11               (7/2)+  
                               3  0.630989 2.010E+03      
                               2  0.151142 4.830E+00      
                               1  0.197379 4.030E+00      
                               0  0.020491 3.640E+00      
   5   0.269480   1.5    1  3                   1.420E-11                 3/2+  
                               4  0.049703 5.460E+00      
                               2  0.001635 2.318E-01      
                               0  0.948663 8.290E-01      
   6   0.338270   2.5    1  4                   6.100E-12               (5/2)+  
                               4  0.094208 2.210E+00      
                               2  0.538360 4.960E-01      
                               1  0.007301 1.020E-01      
                               0  0.360131 4.520E-01      
   7   0.342780   2.5   -1  2                             J         (5/2,7/2)-  
                               2  0.485709 2.730E-02      
                               0  0.514291 2.480E-02      
   8   0.376260   4.5    1  4                   6.900E-12               (9/2)+  
                               3  0.091630 6.000E-01      
                               2  0.079568 3.755E-01      
                               1  0.815396 3.500E-01      
                               0  0.013406 7.353E-02      
   9   0.377330   3.5   -1  3                             J         (7/2,9/2)-  
                               7  0.000000 5.723E+01      
                               2  0.231216 2.184E-02      
                               1  0.768784 2.060E-02      
  10   0.397100   3.5   -1  1                                                   
                               3  1.000000 3.154E+00      
  11   0.445030   2.5    1  5                   6.200E-12               (5/2)+  
                               7  0.000279 4.498E-01      
                               6  0.621209 1.150E+01      
                               5  0.047381 2.782E+00      
                               2  0.005055 2.352E-01      
                               0  0.326077 2.150E-01      
  12   0.446820   2.5   -1  6                                           (5/2)-  
                               9  0.158870 7.760E+00      
                               7  0.751259 1.000E+01      
                               6  0.003190 3.879E-01      
                               5  0.019348 1.164E-01      
                               4  0.055605 3.670E-02      
                               2  0.011728 1.499E-02      
  13   0.490920   4.5   -1  1                             J     (5/2,7/2,9/2)-  
                               8  1.000000 3.384E-01      
  14   0.514500   4.5    1  5                                           (9/2+)  
                               8  0.674624 5.484E+00      
                               4  0.051014 3.940E-01      
                               3  0.251043 3.119E-01      
                               2  0.017602 1.579E-01      
                               1  0.005717 1.430E-01      
  15   0.517700   3.5   -1  1                                                   
                              12  1.000000 7.319E+00      
  16   0.541990   3.5    1  5                                           (7/2+)  
                               8  0.464387 3.280E+00      
                               4  0.110913 3.228E-01      
                               2  0.405110 1.307E-01      
                               1  0.011619 1.244E-01      
                               0  0.007971 1.217E-01      
  17   0.594100   3.5   -1  6                                           (7/2)-  
                              13  0.694132 1.000E+01      
                              12  0.179629 4.595E+00      
                               7  0.117245 6.300E-01      
                               6  0.006306 4.844E-02      
                               2  0.001345 7.857E-03      
                               0  0.001344 7.485E-03      
  18   0.598720   2.5    1  4                             J     (5/2,7/2,9/2)+  
                               9  0.227296 6.810E-02      
                               6  0.136201 9.266E-01      
                               2  0.009511 9.980E-02      
                               0  0.626992 9.359E-02      
  19   0.623680   3.5   -1  4                                                   
                               8  0.132995 5.243E-02      
                               2  0.716583 7.120E-03      
                               1  0.042974 6.902E-03      
                               0  0.107449 6.807E-03      
  20   0.646100   3.5   -1  6                                                   
                              14  0.183582 2.416E-01      
                              12  0.517158 1.947E+00      
                               4  0.243768 1.165E-02      
                               2  0.009653 6.636E-03      
                               1  0.036190 6.437E-03      
                               0  0.009650 6.352E-03      
  21   0.672600   3.5   -1  1                                                   
                               3  1.000000 3.204E-01      
  22   0.711300   3.5   -1  4                                                   
                              18  0.000000 3.541E-01      
                               7  0.781509 3.578E-01      
                               2  0.034282 5.493E-03      
                               0  0.184209 5.284E-03      
  23   0.732800   2.5    1  7                                                   
                              12  0.073509 3.736E-02      
                               9  0.267966 2.286E-02      
                               7  0.443033 1.866E-02      
                               4  0.083328 1.045E-01      
                               2  0.095577 5.802E-02      
                               1  0.017574 1.447E-02      
                               0  0.019013 5.508E-02      
  24   0.748000   6.5   -1  2                             JP                    
                               3  0.500000 0.000E+00     B
                              13  0.500000 0.000E+00     B
  25   0.773000   7.5   -1  1                             JP                    
                               0  1.000000 0.000E+00     B
  26   0.800000   5.5    1  2                             JP                    
                               2  0.500000 0.000E+00     B
                               3  0.500000 0.000E+00     B
  27   0.830000   6.5   -1  2                             JP                    
                               3  0.500000 0.000E+00     B
                              13  0.500000 0.000E+00     B
  28   0.851000   8.5    1  1                             JP                    
                              25  1.000000 0.000E+00     B
  29   0.861000   5.5   -1  2                             JP                    
                               1  0.500000 0.000E+00     B
                               8  0.500000 0.000E+00     B
  30   0.873000   7.5    1  2                             JP                    
                               3  0.500000 0.000E+00     B
                              24  0.500000 0.000E+00     B
  86 220   10    4                                                         220Rn
   0   0.000000   0.0    1  0                   5.560E+01                   0+  
   1   0.240986   2.0    1  1                   1.460E-10                   2+  
                               0  1.000000 2.800E-01      
   2   0.533690   4.0    1  1                                               4+  
                               1  1.000000 1.510E-01      
   3   0.645440   1.0   -1  2                                               1-  
                               1  0.295240 1.728E-02      
                               0  0.704760 6.364E-03      
   4   0.663030   3.0   -1  1                                             (3-)  
                               1  1.000000 1.576E-02      
  86 221    1    0                                                         221Rn
   0   0.000000   3.5    1  0                   1.500E+03               7/2(+)  
  86 222   10    4                                                         222Rn
   0   0.000000   0.0    1  0                   3.300E+05                   0+  
   1   0.186211   2.0    1  1                   3.200E-10                   2+  
                               0  1.000000 6.920E-01      
   2   0.448370   4.0    1  1                                               4+  
                               1  1.000000 2.123E-01      
   3   0.600660   1.0   -1  2                                               1-  
                               1  0.379203 1.637E-02      
                               0  0.620797 7.323E-03      
   4   0.635470   3.0   -1  1                                               3-  
                               1  1.000000 1.380E-02      
  86 223    1    0                                                         223Rn
   0   0.000000   3.5    1  0                   1.460E+03  P               7/2  
  86 224    1    0                                                         224Rn
   0   0.000000   0.0    1  0                   6.420E+03                   0+  
  86 225    1    0                                                         225Rn
   0   0.000000   3.5   -1  0                   2.700E+02                 7/2-  
  86 226    1    0                                                         226Rn
   0   0.000000   0.0    1  0                   4.440E+02                   0+  
  86 227    1    0                                                         227Rn
   0   0.000000   0.5    1  0                   2.080E+01 JP                    
  86 228    1    0                                                         228Rn
   0   0.000000   0.0    1  0                   6.500E+01                   0+  
