  89 206    1    0                                                         206Ac
   0   0.000000   0.0    1  0                   1.100E-02 JP             HFB    
  89 207    1    0                                                         207Ac
   0   0.000000   4.5   -1  0                   2.200E-02               (9/2-)  
  89 208    3    1                                                         208Ac
   0   0.000000   3.0    1  0                   9.500E-02                 (3+)  
   1   0.506000  10.0   -1  1                   2.500E-02                (10-)  
                               0  1.000000 0.000E+00     B
  89 209    1    0                                                         209Ac
   0   0.000000   4.5   -1  0                   1.000E-01               (9/2-)  
  89 210    1    0                                                         210Ac
   0   0.000000   0.0    1  0                   3.500E-01 JP             HFB    
  89 211    1    0                                                         211Ac
   0   0.000000   0.5    1  0                   2.100E-01 JP             HFB    
  89 212    1    0                                                         212Ac
   0   0.000000   0.0    1  0                   9.300E-01 JP             HFB    
  89 213    1    0                                                         213Ac
   0   0.000000   0.5    1  0                   8.000E-01 JP             HFB    
  89 214    1    0                                                         214Ac
   0   0.000000   0.0    1  0                   8.200E+00 JP             HFB    
  89 215    7    3                                                         215Ac
   0   0.000000   4.5   -1  0                   1.700E-01                 9/2-  
   1   1.317000   6.5   -1  1                                            13/2-  
                               0  1.000000 5.720E-03      
   2   1.621000   8.5   -1  1                   3.000E-08                17/2-  
                               1  1.000000 1.560E-01      
   3   1.796000  10.5   -1  1                   1.850E-07                21/2-  
                               2  1.000000 1.040E+00      
  89 216    3    1                                                         216Ac
   0   0.000000   1.0   -1  0                   3.300E-04                 (1-)  
   1   0.037000   9.0   -1  1                   3.300E-04                 (9-)  
                               0  1.000000 0.000E+00     B
  89 217   25   10                                                         217Ac
   0   0.000000   4.5   -1  0                   6.900E-08                 9/2-  
   1   0.660300   6.5   -1  1                                            13/2-  
                               0  1.000000 2.210E-02      
   2   0.670100   5.5   -1  1                                            11/2-  
                               0  1.000000 5.800E-02      
   3   1.146700   8.5   -1  1                                            17/2-  
                               1  1.000000 4.400E-02      
   4   1.149200   7.5   -1  2                                            15/2-  
                               2  0.535402 4.570E-02      
                               1  0.464598 2.100E-01      
   5   1.498200   9.5   -1  2                                            19/2-  
                               4  0.374949 1.050E-01      
                               3  0.625050 4.000E-01      
   6   1.528500  10.5   -1  2                   1.000E-08                21/2-  
                               5  0.500000 1.133E+02      
                               3  0.500000 8.160E-02      
   7   1.682300  11.5   -1  1                   1.000E-08              (23/2)-  
                               6  1.000000 4.830E+00      
   8   1.792000  12.5   -1  1                                          (25/2)-  
                               7  1.000000 1.380E+01      
   9   1.916000  13.5   -1  1                                          (27/2)-  
                               7  1.000000 3.630E-01      
  10   2.013000  14.5    1  2                   7.400E-07              (29/2)+  
                               9  0.126541 1.600E+00      
                               8  0.873459 7.970E+00      
  89 218   11    5                                                         218Ac
   0   0.000000   1.0   -1  0                   1.080E-06                 (1-)  
   1   0.103000   0.0   -1  1                             JP                    
                               0  1.000000 0.000E+00     B
   2   0.317000   3.0   -1  1                             JP                    
                               0  1.000000 0.000E+00     B
   3   0.439000   2.0   -1  1                             JP                    
                               1  1.000000 0.000E+00     B
   4   0.470000   4.0   -1  1                             JP                    
                               3  1.000000 0.000E+00     B
   5   0.490000   5.0   -1  1                             JP                    
                               2  1.000000 0.000E+00     B
  89 219  112   41                                                         219Ac
   0   0.000000   4.5   -1  0                   1.180E-05                 9/2-  
   1   0.193000   0.5   -1  1                             JP                    
                               0  1.000000 0.000E+00     B
   2   0.341000   5.5   -1  1                                          (11/2)-  
                               0  1.000000 5.480E-01      
   3   0.355246   6.5   -1  1                                          (13/2)-  
                               0  1.000000 9.950E-02      
   4   0.576844   6.5    1  2                                          (13/2+)  
                               3  0.261000 7.307E-02      
                               2  0.739000 6.320E-02      
   5   0.631410   6.5    1  1                                          (13/2)+  
                               2  1.000000 3.900E-02      
   6   0.657634   7.5   -1  3                                          (15/2)-  
                               4  0.081637 2.030E-01      
                               3  0.413583 4.800E-01      
                               2  0.504780 1.380E-01      
   7   0.714553   8.5   -1  2                                          (17/2)-  
                               6  0.856700 1.850E+01      
                               3  0.143300 9.640E-02      
   8   0.866646   8.5    1  3                                          (17/2+)  
                               7  0.000000 1.771E-01      
                               6  0.930963 8.390E-02      
                               4  0.069037 1.820E-01      
   9   0.926420   8.5    1  3                                          (17/2)+  
                               6  0.508649 4.678E-02      
                               5  0.147985 1.710E-01      
                               4  0.343366 1.040E-01      
  10   0.965274   9.5    1  1                                          (19/2+)  
                               7  1.000000 5.490E-02      
  11   1.017660   9.5   -1  3                                          (19/2-)  
                               8  0.485300 1.830E-01      
                               7  0.110200 7.913E-01      
                               6  0.404500 9.580E-02      
  12   1.116000  10.5   -1  2                                          (21/2)-  
                              10  0.459500 1.830E-01      
                               7  0.540500 7.130E-02      
  13   1.180410   9.5   -1  1                                          (19/2-)  
                               9  1.000000 5.326E-02      
  14   1.182980  10.5    1  4                                          (21/2+)  
                              12  0.000000 3.348E-01      
                              11  0.535400 1.470E-01      
                              10  0.177800 1.930E+00      
                               8  0.286800 1.380E-01      
  15   1.292720  10.5    1  2                                          (21/2)+  
                              13  0.335800 3.796E-01      
                               9  0.664200 9.130E-02      
  16   1.301000  11.5    1  2                                          (23/2+)  
                              12  0.834100 1.120E-01      
                              10  0.165900 1.170E-01      
  17   1.413700  11.5   -1  2                                          (23/2-)  
                              14  0.806000 6.660E-02      
                              11  0.194000 7.400E-02      
  18   1.461430   2.5    1  1                             JP                    
                               9  1.000000 0.000E+00      
  19   1.546990  12.5    1  3                                          (25/2+)  
                              17  0.410759 2.470E-01      
                              16  0.214979 1.360E+00      
                              14  0.374263 9.300E-02      
  20   1.551720  12.5   -1  2                                          (25/2)-  
                              16  0.684400 5.490E-02      
                              12  0.315600 5.760E-02      
  21   1.551740  11.5   -1  1                                          (23/2-)  
                              15  1.000000 5.092E-02      
  22   1.698770  13.5    1  2                                          (27/2+)  
                              20  0.318800 1.960E-01      
                              16  0.681200 7.320E-02      
  23   1.699970  12.5    1  1                                          (25/2+)  
                              15  1.000000 6.890E-02      
  24   1.710500  12.5    1  2                                          (25/2+)  
                              21  0.298600 1.620E-01      
                              15  0.701400 6.446E-02      
  25   1.812950  13.5   -1  2                                          (27/2-)  
                              19  0.854000 4.790E-02      
                              17  0.146000 7.257E-02      
  26   1.959290  14.5    1  3                                          (29/2+)  
                              25  0.409800 1.960E-01      
                              22  0.221000 1.020E+00      
                              19  0.369200 6.660E-02      
  27   2.023840  14.5   -1  2                                          (29/2-)  
                              22  0.791000 3.049E-02      
                              20  0.209000 4.720E-02      
  28   2.113830  14.5    1  1                                          (29/2+)  
                              23  1.000000 6.606E-02      
  29   2.129400  14.5   -1  1                                          (29/2-)  
                              18  1.000000 0.000E+00      
  30   2.149250  15.5    1  2                                          (31/2+)  
                              27  0.453700 2.860E-01      
                              22  0.546300 5.320E-02      
  31   2.245170  15.5   -1  2                                          (31/2-)  
                              26  0.690700 4.090E-02      
                              25  0.309300 5.920E-02      
  32   2.351220  16.5    1  2                                          (33/2+)  
                              31  0.000000 9.899E-02      
                              26  1.000000 7.623E-02      
  33   2.401610  16.5   -1  1                                          (33/2-)  
                              31  1.000000 5.048E+00      
  34   2.427590  16.5    1  1                                          (33/2+)  
                              26  1.000000 4.827E-02      
  35   2.444520  16.5    1  1                                          (33/2+)  
                              26  1.000000 4.425E-02      
  36   2.806160  18.5    1  1                                          (37/2+)  
                              32  1.000000 5.187E-02      
  37   2.835150  18.5   -1  1                                          (37/2-)  
                              33  1.000000 5.859E-02      
  38   2.836730  18.5    1  1                                          (37/2+)  
                              34  1.000000 6.807E-02      
  39   3.249080  20.5    1  1                                          (41/2+)  
                              36  1.000000 5.549E-02      
  40   3.254520  20.5   -1  1                                          (41/2-)  
                              37  1.000000 6.383E-02      
  41   3.720790  22.5   -1  1                                          (45/2-)  
                              40  1.000000 4.879E-02      
  89 220   45   16                                                         220Ac
   0   0.000000   3.0   -1  0                   2.640E-02                 (3-)  
   1   0.013790   0.0   -1  1                             JP                    
                               0  1.000000 0.000E+00      
   2   0.040690   2.0   -1  1                             JP                    
                               0  1.000000 5.030E+01      
   3   0.068710   5.0   -1  1                                             (5-)  
                               2  1.000000 1.520E+02      
   4   0.071560   4.0   -1  1                             JP                    
                               1  1.000000 0.000E+00      
   5   0.108510   1.0   -1  1                             JP                    
                               2  1.000000 1.130E+01      
   6   0.113300   6.0   -1  1                             JP                    
                               0  1.000000 6.200E+00      
   7   0.145600   7.0   -1  1                             JP                    
                               4  1.000000 0.000E+00      
   8   0.150180   3.0   -1  1                             JP                    
                               2  1.000000 1.400E+01      
   9   0.153000   2.0    1  4                             JP                    
                               6  0.000000 0.000E+00      
                               4  0.175500 6.600E+00      
                               1  0.298400 7.040E+00      
                               0  0.526100 5.380E+00      
  10   0.184210   4.0    1  2                             JP                    
                               1  0.262500 3.960E+00      
                               0  0.737500 3.180E+00      
  11   0.233810   8.0    1  1                             JP        (4+,5+,6+)  
                               3  1.000000 1.470E-01      
  12   0.263220   5.0    1  3                             JP        (4+,5+,6+)  
                               8  0.255000 3.690E-01      
                               5  0.104800 0.000E+00      
                               3  0.640200 1.000E-01      
  13   0.312000   1.0    1  1                             JP                    
                               1  1.000000 0.000E+00      
  14   0.335180   3.0    1  4                             JP                    
                              10  0.427357 0.000E+00      
                               9  0.256374 0.000E+00      
                               2  0.213679 0.000E+00      
                               0  0.102590 0.000E+00      
  15   0.356100   2.0    1  3                             JP                    
                               5  0.419508 0.000E+00      
                               3  0.487810 0.000E+00      
                               2  0.092682 0.000E+00      
  16   0.411900   4.0    1  2                             JP                    
                               1  0.500000 0.000E+00      
                               0  0.500000 0.000E+00      
  89 221    3    1                                                         221Ac
   0   0.000000   0.5    1  0                   5.200E-02 JP             HFB    
   1   0.052000   1.5    1  1                             JP                    
                               0  1.000000 0.000E+00     B
  89 222    5    2                                                         222Ac
   0   0.000000   1.0   -1  0                   5.000E+00                   1-  
   1   0.041000   0.0   -1  1                             JP                    
                               0  1.000000 0.000E+00     B
   2   0.137000   3.0   -1  1                             JP                    
                               0  1.000000 0.000E+00     B
  89 223   31   10                                                         223Ac
   0   0.000000   2.5   -1  0                   1.260E+02               (5/2-)  
   1   0.012500   1.5   -1  1                                           (3/2-)  
                               0  1.000000 0.000E+00     B
   2   0.042400   3.5   -1  1                   2.500E-10               (7/2-)  
                               0  1.000000 2.140E+02      
   3   0.050700   2.5   -1  2                   2.500E-10               (5/2-)  
                               2  0.683100 1.540E+03      
                               0  0.316900 4.190E+01      
   4   0.064620   2.5    1  2                   2.500E-10               (5/2+)  
                               2  0.099091 6.170E+00      
                               0  0.900909 3.690E-01      
   5   0.090700   4.5   -1  1                   2.500E-10               (9/2-)  
                               2  1.000000 3.030E+01      
   6   0.107200   3.5   -1  2                   2.500E-10               (7/2-)  
                               3  0.663400 1.913E+01      
                               0  0.336600 7.170E+00      
   7   0.110060   3.5    1  4                   2.500E-10               (7/2+)  
                               4  0.319906 3.600E+01      
                               3  0.042381 4.590E-01      
                               2  0.156003 3.270E-01      
                               0  0.481710 3.930E-01      
   8   0.130700   3.5    1  2                                           (7/2+)  
                               3  0.349700 2.090E-01      
                               0  0.650300 2.590E-01      
   9   0.141000   5.5   -1  2                                          (11/2-)  
                               6  0.500000 0.000E+00     B
                               2  0.500000 0.000E+00     B
  10   0.167500   4.5    1  3                   2.500E-10               (9/2+)  
                               7  0.000000 1.826E+01      
                               5  0.110500 2.310E-01      
                               2  0.889500 2.880E-01      
  89 224  128   37                                                         224Ac
   0   0.000000   0.0   -1  0                   1.000E+04                   0-  
   1   0.017600   1.0   -1  1                             JP                    
                               0  1.000000 0.000E+00     B
   2   0.023300   3.0   -1  1                             JP                    
                               1  1.000000 0.000E+00     B
   3   0.029800   1.0    1  1                                               1+  
                               0  1.000000 2.880E+00      
   4   0.037200   2.0    1  2                             JP                    
                               2  0.500000 0.000E+00     B
                               1  0.500000 0.000E+00     B
   5   0.045700   4.0    1  2                             JP                    
                               4  0.500000 0.000E+00     B
                               2  0.500000 0.000E+00     B
   6   0.047300   5.0    1  1                             JP                    
                               0  1.000000 0.000E+00     B
   7   0.049100   6.0    1  1                             JP                    
                               5  1.000000 0.000E+00     B
   8   0.052200   2.0    1  4                                                   
                               3  0.000000 2.930E+02      
                               2  0.009830 3.160E+00      
                               1  0.016540 1.940E+00      
                               0  0.973629 1.017E+03      
   9   0.064400   2.0    1  1                                                   
                               2  1.000000 4.594E+01      
  10   0.078500   0.0   -1  2                                                   
                               8  0.564400 4.010E+00      
                               3  0.435600 7.402E-01      
  11   0.080500   3.0    1  2                                                   
                               8  0.729600 1.386E+02      
                               4  0.270400 1.070E+00      
  12   0.090400   1.0   -1  1                                                   
                               2  1.000000 3.320E-01      
  13   0.103600   1.0    1  1                                                   
                               7  1.000000 5.890E-01      
  14   0.109300   1.0   -1  1                                                   
                               7  1.000000 1.588E+01      
  15   0.110300   2.0    1  1                                                   
                               7  1.000000 4.206E-01      
  16   0.116500   1.0   -1  2                                                   
                              11  0.656600 1.760E+00      
                               9  0.343400 6.589E-01      
  17   0.130300   2.0    1  3                                                   
                              11  0.664300 2.606E+01      
                              10  0.204500 6.660E-01      
                               7  0.131200 2.007E-01      
  18   0.142500   4.0   -1  2                             JP                    
                              11  0.500000 0.000E+00     B
                               6  0.500000 0.000E+00     B
  19   0.160000   5.0   -1  2                             JP                    
                               5  0.500000 0.000E+00     B
                               2  0.500000 0.000E+00     B
  20   0.169000   3.0   -1  2                             JP                    
                               2  0.500000 0.000E+00     B
                               1  0.500000 0.000E+00     B
  21   0.176700   0.0    1  4                                                   
                              17  0.956562 3.824E+02      
                              16  0.014999 4.433E-01      
                              14  0.011060 3.295E-01      
                              13  0.017379 8.950E+00      
  22   0.183400   1.0   -1  3                                                   
                              17  0.256100 6.230E-01      
                              14  0.581900 8.705E+00      
                              13  0.162000 2.082E-01      
  23   0.212000   4.0   -1  2                             JP                    
                              11  0.500000 0.000E+00     B
                               6  0.500000 0.000E+00     B
  24   0.219700   1.0    1  1                                                   
                              18  1.000000 2.296E-01      
  25   0.236500   1.0   -1  1                                                   
                              21  1.000000 4.532E-01      
  26   0.252700   1.0    1  4                                                   
                              22  0.145600 3.060E-01      
                              21  0.435600 8.086E+00      
                              18  0.133300 3.906E-01      
                              17  0.285500 1.013E+01      
  27   0.283400   2.0    1  5                                                   
                              18  0.050589 2.165E-01      
                              12  0.025189 1.014E-01      
                               5  0.384392 6.111E+00      
                               4  0.079138 5.722E-02      
                               2  0.460691 1.216E+00      
  28   0.300000   3.0   -1  2                             JP                    
                               2  0.500000 0.000E+00     B
                               1  0.500000 0.000E+00     B
  29   0.317200   0.0   -1  1                                                   
                               4  1.000000 9.902E-01      
  30   0.333000   1.0    1  9                                                   
                              17  0.317425 2.420E+00      
                              15  0.048404 1.868E+00      
                              12  0.122910 1.480E+00      
                              11  0.154112 1.320E+00      
                               8  0.064815 9.824E-01      
                               7  0.051624 4.148E-02      
                               6  0.017561 4.069E-02      
                               4  0.033933 3.774E-02      
                               3  0.189215 7.941E-01      
  31   0.354000   1.0   -1  4                                                   
                              16  0.176400 1.560E+00      
                              14  0.087780 1.440E+00      
                               9  0.090520 3.937E-02      
                               4  0.645300 7.040E-01      
  32   0.360200   1.0    1  5                                                   
                              17  0.338883 1.710E+00      
                              11  0.031088 2.029E-01      
                               8  0.489076 7.600E-01      
                               6  0.014359 3.322E-02      
                               3  0.126594 6.270E-01      
  33   0.380800   4.0   -1  4                             JP                    
                              17  0.508500 1.350E+00      
                              11  0.062350 0.000E+00      
                               8  0.366800 0.000E+00      
                               3  0.062350 0.000E+00      
  34   0.395800   5.0   -1  4                             JP                    
                              22  0.051854 0.000E+00      
                              18  0.081486 0.000E+00      
                              10  0.740752 0.000E+00      
                               7  0.125909 0.000E+00      
  35   0.402900   3.0    1  4                             JP                    
                              21  0.072650 0.000E+00      
                              13  0.141000 0.000E+00      
                              12  0.072650 0.000E+00      
                              11  0.713700 6.700E-01      
  36   0.448100   6.0   -1  3                             JP                    
                              26  0.198800 0.000E+00      
                              17  0.602400 0.000E+00      
                              13  0.198800 0.000E+00      
  37   0.452000   7.0    1  1                             JP                    
                              16  1.000000 0.000E+00      
  89 225   51   16                                                         225Ac
   0   0.000000   1.5   -1  0                   8.640E+05               (3/2-)  
   1   0.029940   2.5   -1  1                                           (5/2-)  
                               0  1.000000 1.166E+02      
   2   0.040090   1.5    1  1                   7.200E-10               (3/2+)  
                               0  1.000000 1.320E+00      
   3   0.064700   2.5    1  2                                           (5/2+)  
                               1  0.092809 1.798E+00      
                               0  0.907191 3.674E-01      
   4   0.077120   3.5   -1  2                                           (7/2-)  
                               3  0.500000 0.000E+00     B
                               0  0.500000 0.000E+00     B
   5   0.105060   3.5    1  2                                           (7/2+)  
                               3  0.000000 4.945E+01      
                               1  1.000000 2.469E-01      
   6   0.120800   2.5   -1  2                                           (5/2-)  
                               2  0.005759 2.047E-01      
                               0  0.994241 9.400E+00      
   7   0.144950   4.5    1  1                                           (9/2+)  
                               4  1.000000 3.243E-01      
   8   0.155650   2.5    1  4                                           (5/2+)  
                               6  0.026600 1.798E+00      
                               2  0.950802 1.200E+01      
                               1  0.018320 2.845E-01      
                               0  0.004278 1.699E-01      
   9   0.170790   3.5   -1  2                                           (7/2-)  
                               4  0.246000 4.416E+00      
                               1  0.754000 6.803E+00      
  10   0.199850   3.5    1  5                                           (7/2+)  
                               6  0.045179 2.160E-01      
                               5  0.241895 4.249E+00      
                               4  0.023200 3.010E-01      
                               3  0.642387 7.644E+00      
                               1  0.047339 1.375E-01      
  11   0.221000   5.5   -1  2                             JP                    
                               7  0.500000 0.000E+00     B
                               4  0.500000 0.000E+00     B
  12   0.235500   4.5   -1  1                                           (9/2-)  
                               4  1.000000 4.873E+00      
  13   0.257040   4.5    1  3                                           (9/2+)  
                               7  0.677673 1.311E+01      
                               5  0.286289 5.478E+00      
                               4  0.036039 1.200E-01      
  14   0.318000   0.5   -1  2                             JP                    
                               2  0.500000 0.000E+00     B
                               1  0.500000 0.000E+00     B
  15   0.327000   6.5    1  2                             JP                    
                              11  0.500000 0.000E+00     B
                               7  0.500000 0.000E+00     B
  16   0.421000   7.5   -1  2                             JP                    
                              15  0.500000 0.000E+00     B
                              11  0.500000 0.000E+00     B
  89 226   44   17                                                         226Ac
   0   0.000000   1.0    1  0                   1.060E+05  P               (1)  
   1   0.005100   0.0    1  1                             JP                    
                               0  1.000000 0.000E+00     B
   2   0.018800   3.0    1  1                             JP                    
                               0  1.000000 0.000E+00     B
   3   0.033300   2.0    1  1                             JP                    
                               1  1.000000 0.000E+00     B
   4   0.045000   4.0    1  1                             JP                    
                               3  1.000000 0.000E+00     B
   5   0.058300   5.0    1  1                             JP                    
                               2  1.000000 0.000E+00     B
   6   0.070300   6.0    1  1                             JP                    
                               4  1.000000 0.000E+00     B
   7   0.077700   7.0    1  1                             JP                    
                               5  1.000000 0.000E+00     B
   8   0.130400   3.0    1  2                             JP                    
                               2  0.500000 0.000E+00     B
                               0  0.500000 0.000E+00     B
   9   0.165000   2.0   -1  2                             JP                    
                               2  0.500000 0.000E+00     B
                               0  0.500000 0.000E+00     B
  10   0.195000   4.0   -1  2                             JP                    
                               5  0.500000 0.000E+00     B
                               2  0.500000 0.000E+00     B
  11   0.230000   8.0   -1  1                             JP                    
                               7  1.000000 0.000E+00     B
  12   0.265000   5.0   -1  2                             JP                    
                               6  0.500000 0.000E+00     B
                               4  0.500000 0.000E+00     B
  13   0.290000   1.0   -1  2                             JP                    
                               3  0.500000 0.000E+00     B
                               1  0.500000 0.000E+00     B
  14   0.378000   3.0   -1  2                             JP                    
                               4  0.500000 0.000E+00     B
                               3  0.500000 0.000E+00     B
  15   0.418000   2.0   -1  2                             JP                    
                               2  0.500000 0.000E+00     B
                               0  0.500000 0.000E+00     B
  16   0.556000   4.0   -1  2                             JP                    
                               5  0.500000 0.000E+00     B
                               2  0.500000 0.000E+00     B
  17   0.589000   2.0   -1  2                                             (2-)  
                               2  0.500000 0.000E+00     B
                               0  0.500000 0.000E+00     B
  89 227  172   45                                                         227Ac
   0   0.000000   1.5   -1  0                   6.870E+08                 3/2-  
   1   0.027370   1.5    1  1                   3.830E-08                 3/2+  
                               0  1.000000 4.500E+00      
   2   0.029980   2.5   -1  1                                             5/2-  
                               0  1.000000 2.820E+02      
   3   0.046350   2.5    1  3                                             5/2+  
                               2  0.053801 7.400E+00      
                               1  0.937318 1.190E+02      
                               0  0.008881 8.950E-01      
   4   0.074140   3.5   -1  2                                           (7/2)-  
                               2  0.711900 3.960E+01      
                               0  0.288100 4.340E+01      
   5   0.084550   3.5    1  3                                           (7/2)+  
                               3  0.779562 9.200E+01      
                               2  0.006349 5.780E-01      
                               1  0.214089 1.510E+02      
   6   0.109940   4.5    1  3                                           (9/2)+  
                               5  0.839410 2.010E+02      
                               4  0.001588 1.770E+00      
                               3  0.159002 9.010E+01      
   7   0.126860   4.5   -1  2                                           (9/2)-  
                               4  0.622100 2.360E+01      
                               2  0.377900 1.230E+01      
   8   0.148000   5.5   -1  2                             JP                    
                               6  0.500000 0.000E+00     B
                               4  0.500000 0.000E+00     B
   9   0.160000   0.5    1  2                             JP                    
                               3  0.500000 0.000E+00     B
                               0  0.500000 0.000E+00     B
  10   0.187320   5.5    1  3                                          (11/2+)  
                               7  0.014380 4.390E-01      
                               6  0.985620 7.680E+00      
                               5  0.000000 9.380E+00      
  11   0.198710   5.5   -1  2                                          (11/2-)  
                               7  0.444600 9.510E+00      
                               4  0.555400 4.120E+00      
  12   0.210780   6.5    1  2                                          (13/2+)  
                              10  0.783300 2.520E+02      
                               6  0.216700 1.020E+01      
  13   0.227000   7.5   -1  2                             JP                    
                              11  0.500000 0.000E+00     B
                               8  0.500000 0.000E+00     B
  14   0.249000   8.5    1  2                             JP                    
                              13  0.500000 0.000E+00     B
                              12  0.500000 0.000E+00     B
  15   0.271290   6.5   -1  2                                          (13/2-)  
                              11  0.494700 9.200E+00      
                               7  0.505300 2.230E+00      
  16   0.273140   2.5   -1  5                                           (5/2)-  
                               4  0.074944 2.557E+00      
                               3  0.013801 6.937E-02      
                               2  0.392420 8.400E-01      
                               1  0.050113 5.730E-02      
                               0  0.468723 7.800E-01      
  17   0.304730   2.5    1  4                                           (5/2+)  
                               5  0.055992 1.934E+00      
                               4  0.000283 6.700E-02      
                               3  0.409311 1.238E+00      
                               1  0.534415 1.016E+00      
  18   0.316000   3.5   -1  2                                           (7/2-)  
                               3  0.500000 0.000E+00     B
                               0  0.500000 0.000E+00     B
  19   0.330040   1.5   -1  7                   7.000E-11                 3/2-  
                              16  0.020799 1.864E+01      
                               5  0.004570 5.470E+00      
                               4  0.012660 2.690E-01      
                               3  0.158595 4.140E-02      
                               2  0.399088 8.080E-01      
                               1  0.207994 3.580E-02      
                               0  0.196294 5.710E-01      
  20   0.342000   3.5    1  2                                           (7/2+)  
                               2  0.500000 0.000E+00     B
                               1  0.500000 0.000E+00     B
  21   0.354500   0.5   -1  3                                             1/2-  
                              19  0.999271 2.260E+02      
                               1  0.000150 3.010E-02      
                               0  0.000579 5.176E-01      
  22   0.372000   4.5   -1  2                                           (9/2-)  
                               5  0.500000 0.000E+00     B
                               2  0.500000 0.000E+00     B
  23   0.387230   3.5   -1  8                                             7/2-  
                              19  0.203700 1.510E+02      
                               7  0.139100 5.800E-01      
                               6  0.050080 5.386E-01      
                               5  0.330500 3.580E-02      
                               4  0.062760 3.200E-01      
                               3  0.094210 1.100E-01      
                               2  0.119400 4.500E-01      
                               0  0.000251 7.870E-02      
  24   0.403000   4.5    1  2                                           (9/2+)  
                               4  0.500000 0.000E+00     B
                               3  0.500000 0.000E+00     B
  25   0.425590   2.5    1  5                                             5/2+  
                               5  0.279294 5.747E-01      
                               4  0.062019 2.560E-02      
                               3  0.540189 3.400E-01      
                               2  0.018500 1.990E-02      
                               1  0.099998 3.781E-01      
  26   0.428400   3.5    1  2                                                   
                               2  0.343000 1.959E-02      
                               0  0.657000 8.942E-01      
  27   0.435190   0.5    1  3                                           (1/2)+  
                               3  0.021911 7.706E-02      
                               1  0.918137 3.540E-01      
                               0  0.059952 1.629E-02      
  28   0.437960   2.5   -1  5                                           (5/2-)  
                              23  0.593871 2.610E+01      
                               4  0.164020 4.823E-01      
                               3  0.112914 2.030E-02      
                               1  0.046216 1.840E-02      
                               0  0.082980 2.926E-01      
  29   0.469240   4.5    1  2                                           (9/2+)  
                               6  0.716100 4.990E-01      
                               5  0.283900 4.148E-01      
  30   0.501280   2.5   -1  5                             J        (3/2-,5/2-)  
                              21  0.254395 2.079E+00      
                              16  0.313494 1.751E+00      
                               4  0.000150 3.133E-01      
                               2  0.091868 2.404E-01      
                               0  0.340093 1.939E-01      
  31   0.514360   1.5    1  3                                           (3/2+)  
                              17  0.094369 2.208E+00      
                               3  0.089839 2.443E-01      
                               1  0.815792 2.202E-01      
  32   0.528000   6.5    1  2                                          (13/2+)  
                               8  0.500000 0.000E+00     B
                               6  0.500000 0.000E+00     B
  33   0.537000   1.5    1  3                                           (3/2+)  
                              17  0.814057 1.665E+00      
                               3  0.185690 2.157E-01      
                               1  0.000253 1.853E-01      
  34   0.549000   5.5   -1  2                             JP                    
                               6  0.500000 0.000E+00     B
                               4  0.500000 0.000E+00     B
  35   0.562800   1.5    1  4                             J        (3/2+,5/2+)  
                               5  0.012820 4.581E-02      
                               4  0.641787 6.029E-01      
                               3  0.240895 1.794E-01      
                               1  0.104498 1.625E-01      
  36   0.577000   4.5   -1  2                                           (9/2-)  
                               5  0.500000 0.000E+00     B
                               2  0.500000 0.000E+00     B
  37   0.593000   6.5    1  2                                          (13/2+)  
                               8  0.500000 0.000E+00     B
                               6  0.500000 0.000E+00     B
  38   0.639100   7.5   -1  2                             JP                    
                               1  0.847500 0.000E+00      
                               0  0.152500 0.000E+00      
  39   0.656400   3.5    1  4                                           (7/2+)  
                               6  0.071159 1.538E-01      
                               5  0.042050 1.364E-01      
                               4  0.313597 8.640E-03      
                               3  0.573194 1.153E-01      
  40   0.698600   9.5   -1  2                             JP                    
                               3  0.598800 0.000E+00      
                               1  0.401200 0.000E+00      
  41   0.790200   5.5   -1  2                             JP                    
                               2  0.447500 0.000E+00      
                               0  0.552500 0.000E+00      
  42   0.863600   0.5    1  2                             JP                    
                               1  0.386500 0.000E+00      
                               0  0.613500 0.000E+00      
  43   0.874700   2.5   -1  3                             JP                    
                               3  0.165000 0.000E+00      
                               1  0.335000 0.000E+00      
                               0  0.500000 0.000E+00      
  44   1.068000   3.5    1  2                             JP                    
                               2  0.500000 0.000E+00     B
                               1  0.500000 0.000E+00     B
  45   1.091000   4.5   -1  2                             JP                    
                               5  0.500000 0.000E+00     B
                               2  0.500000 0.000E+00     B
  89 228   10    4                                                         228Ac
   0   0.000000   3.0    1  0                   2.210E+04                   3+  
   1   0.006280   1.0   -1  1                                               1-  
                               0  1.000000 7.080E+06      
   2   0.006670   1.0    1  1                                               1+  
                               0  1.000000 1.610E+06      
   3   0.020190   1.0   -1  1                                               1-  
                               2  1.000000 6.090E+00      
   4   0.033070   1.0    1  2                                               1+  
                               3  0.500000 5.346E+00      
                               2  0.500000 1.704E+02      
  89 229   72   26                                                         229Ac
   0   0.000000   1.5    1  0                   3.760E+03               (3/2+)  
   1   0.005000   2.5    1  1                                           (5/2+)  
                               0  1.000000 0.000E+00     B
   2   0.026000   4.5    1  1                                           (9/2+)  
                               1  1.000000 0.000E+00     B
   3   0.070000   3.5    1  1                             JP                    
                               0  1.000000 0.000E+00     B
   4   0.091000   6.5    1  1                                          (13/2+)  
                               2  1.000000 0.000E+00     B
   5   0.102000   1.5   -1  1                                           (3/2-)  
                               1  1.000000 0.000E+00     B
   6   0.120000   5.5   -1  2                             JP                    
                               4  0.500000 0.000E+00     B
                               2  0.500000 0.000E+00     B
   7   0.151000   0.5    1  2                                           (1/2+)  
                               5  0.500000 0.000E+00     B
                               1  0.500000 0.000E+00     B
   8   0.165000   3.5   -1  2                                           (7/2-)  
                               2  0.500000 0.000E+00     B
                               1  0.500000 0.000E+00     B
   9   0.191000   1.5    1  2                                           (3/2+)  
                               3  0.500000 0.000E+00     B
                               0  0.500000 0.000E+00     B
  10   0.283000   2.5   -1  2                             JP                    
                               3  0.500000 0.000E+00     B
                               0  0.500000 0.000E+00     B
  11   0.336000   1.5    1  2                                           (3/2+)  
                               3  0.500000 0.000E+00     B
                               0  0.500000 0.000E+00     B
  12   0.366000   2.5    1  2                                           (5/2+)  
                               2  0.500000 0.000E+00     B
                               1  0.500000 0.000E+00     B
  13   0.422000   4.5   -1  2                             JP                    
                              10  0.500000 0.000E+00     B
                               3  0.500000 0.000E+00     B
  14   0.464000   7.5   -1  2                             JP                    
                               6  0.500000 0.000E+00     B
                               4  0.500000 0.000E+00     B
  15   0.489000   5.5   -1  2                             JP                    
                               4  0.500000 0.000E+00     B
                               2  0.500000 0.000E+00     B
  16   0.598000   3.5   -1  2                             JP                    
                               2  0.500000 0.000E+00     B
                               1  0.500000 0.000E+00     B
  17   0.623000   8.5   -1  1                             JP                    
                               0  1.000000 0.000E+00     B
  18   0.654000   4.5    1  2                             JP                    
                               2  0.500000 0.000E+00     B
                               1  0.500000 0.000E+00     B
  19   0.670000   0.5   -1  2                             JP                    
                               9  0.500000 0.000E+00     B
                               0  0.500000 0.000E+00     B
  20   0.825000   6.5    1  2                             JP                    
                               4  0.500000 0.000E+00     B
                               2  0.500000 0.000E+00     B
  21   0.930000   2.5   -1  2                             JP                    
                               3  0.500000 0.000E+00     B
                               0  0.500000 0.000E+00     B
  22   1.004000   3.5    1  2                             JP                    
                               3  0.500000 0.000E+00     B
                               0  0.500000 0.000E+00     B
  23   1.021000   5.5   -1  2                             JP                    
                               4  0.500000 0.000E+00     B
                               2  0.500000 0.000E+00     B
  24   1.111000   4.5    1  2                             JP                    
                               2  0.500000 0.000E+00     B
                               1  0.500000 0.000E+00     B
  25   1.167000   9.5   -1  1                             JP                    
                              14  1.000000 0.000E+00     B
  26   1.249000   2.5    1  2                             JP                    
                               2  0.500000 0.000E+00     B
                               1  0.500000 0.000E+00     B
  89 230   59   18                                                         230Ac
   0   0.000000   1.0    1  0                   1.220E+02                 (1+)  
   1   0.009000   0.0    1  1                             JP                    
                               0  1.000000 0.000E+00     B
   2   0.072000   3.0    1  2                             JP                    
                               1  0.259300 0.000E+00      
                               0  0.740700 0.000E+00      
   3   0.101000   2.0    1  2                             JP                    
                               1  0.568200 0.000E+00      
                               0  0.431800 0.000E+00      
   4   0.151500   4.0    1  1                             JP                    
                               0  1.000000 0.000E+00      
   5   0.198200   5.0    1  2                             JP                    
                               1  0.833300 0.000E+00      
                               0  0.166700 0.000E+00      
   6   0.211800   6.0    1  3                             JP                    
                               3  0.068165 0.000E+00      
                               1  0.681652 0.000E+00      
                               0  0.250183 0.000E+00      
   7   0.264700   7.0    1  2                             JP                    
                               2  0.465200 0.000E+00      
                               1  0.534800 0.000E+00      
   8   0.285200   3.0    1  2                             JP                    
                               3  0.387300 0.000E+00      
                               0  0.612700 0.000E+00      
   9   0.292900   2.0   -1  2                             JP                    
                               4  0.137900 0.000E+00      
                               0  0.862100 0.000E+00      
  10   0.346100   4.0   -1  2                             JP                    
                               6  0.444400 0.000E+00      
                               5  0.555600 0.000E+00      
  11   0.375700   8.0   -1  3                             JP                    
                               5  0.055052 0.000E+00      
                               3  0.917427 0.000E+00      
                               0  0.027521 0.000E+00      
  12   0.395300   5.0   -1  2                             JP                    
                              10  0.666700 0.000E+00      
                               5  0.333300 0.000E+00      
  13   0.457900   1.0   -1  3                             JP                    
                               5  0.090455 0.000E+00      
                               1  0.407020 0.000E+00      
                               0  0.502525 0.000E+00      
  14   0.478700   3.0   -1  3                             JP                    
                              10  0.000000 0.000E+00      
                               1  0.546400 0.000E+00      
                               0  0.453600 0.000E+00      
  15   0.536800   2.0   -1  2                             JP                    
                               8  0.892100 0.000E+00      
                               0  0.107900 0.000E+00      
  16   0.581200   4.0   -1  4                             JP                    
                               9  0.101390 0.000E+00      
                               8  0.121588 0.000E+00      
                               7  0.101390 0.000E+00      
                               2  0.675632 0.000E+00      
  17   0.591500   6.0   -1  2                             JP                    
                               4  0.065419 0.000E+00      
                               3  0.934581 0.000E+00      
  18   0.635800   9.0    1  2                             JP                    
                               5  0.137900 0.000E+00      
                               4  0.862100 0.000E+00      
  89 231   61   25                                                         231Ac
   0   0.000000   0.5    1  0                   4.500E+02               (1/2+)  
   1   0.038000   1.5    1  1                                           (3/2+)  
                               0  1.000000 0.000E+00     B
   2   0.048000   1.5   -1  1                                           (3/2-)  
                               0  1.000000 0.000E+00     B
   3   0.076000   4.5    1  1                                           (9/2+)  
                               0  1.000000 0.000E+00     B
   4   0.094000   3.5   -1  2                                           (7/2-)  
                               3  0.500000 0.000E+00     B
                               2  0.500000 0.000E+00     B
   5   0.135000   6.5    1  1                                          (13/2+)  
                               3  1.000000 0.000E+00     B
   6   0.162000   2.5    1  1                                           (5/2+)  
                               0  1.000000 1.407E+00      
   7   0.235000   1.5    1  1                                           (3/2+)  
                               1  1.000000 0.000E+00     B
   8   0.257000   2.5    1  2                                           (5/2+)  
                               2  0.500000 0.000E+00     B
                               0  0.500000 0.000E+00     B
   9   0.305000   5.5   -1  2                             JP                    
                               4  0.500000 0.000E+00     B
                               3  0.500000 0.000E+00     B
  10   0.350000   3.5   -1  2                             JP                    
                               3  0.500000 0.000E+00     B
                               2  0.500000 0.000E+00     B
  11   0.377500   4.5    1  1                                           (9/2+)  
                               6  1.000000 4.831E-01      
  12   0.420000   7.5   -1  2                             JP                    
                               9  0.500000 0.000E+00     B
                               5  0.500000 0.000E+00     B
  13   0.469000   5.5   -1  2                             JP                    
                               4  0.500000 0.000E+00     B
                               3  0.500000 0.000E+00     B
  14   0.641100   6.5    1  1                                          (13/2+)  
                              11  1.000000 2.445E-01      
  15   0.671000   5.5   -1  2                                          (11/2-)  
                               4  0.500000 0.000E+00     B
                               3  0.500000 0.000E+00     B
  16   0.797000   2.5   -1  2                                           (5/2-)  
                               7  0.500000 0.000E+00     B
                               1  0.500000 0.000E+00     B
  17   0.947500   8.5    1  1                                          (17/2+)  
                              14  1.000000 1.530E-01      
  18   1.021000   3.5   -1  2                             JP                    
                               3  0.500000 0.000E+00     B
                               2  0.500000 0.000E+00     B
  19   1.100000   4.5   -1  1                             JP                    
                              16  1.000000 0.000E+00     B
  20   1.126000   0.5    1  2                             JP                    
                               2  0.500000 0.000E+00     B
                               0  0.500000 0.000E+00     B
  21   1.289400  10.5    1  1                                          (21/2+)  
                              17  1.000000 1.111E-01      
  22   1.662100  12.5    1  1                                          (25/2+)  
                              21  1.000000 8.735E-02      
  23   2.062000  14.5    1  1                                          (29/2+)  
                              22  1.000000 7.229E-02      
  24   2.484400  16.5    1  1                                          (33/2+)  
                              23  1.000000 6.265E-02      
  25   2.925000  18.5    1  1                                          (37/2+)  
                              24  1.000000 5.623E-02      
  89 232   10    3                                                         232Ac
   0   0.000000   1.0    1  0                   1.190E+02                 (1+)  
   1   0.007500   0.0    1  1                             JP                    
                               0  1.000000 0.000E+00      
   2   0.105200   3.0    1  2                             JP            (0-,1)  
                               1  0.546400 0.000E+00      
                               0  0.453600 0.000E+00      
   3   0.478500   2.0    1  3                             JP            (0-,1)  
                               2  0.268400 0.000E+00      
                               1  0.432900 0.000E+00      
                               0  0.298700 0.000E+00      
  89 233    1    0                                                         233Ac
   0   0.000000   0.5    1  0                   1.450E+02               (1/2+)  
  89 234    1    0                                                         234Ac
   0   0.000000   0.0    1  0                   4.400E+01 JP             HFB    
