  95 232    1    0                                                         232Am
   0   0.000000   0.0    1  0                   7.900E+01 JP                    
  95 234    1    0                                                         234Am
   0   0.000000   0.0    1  0                   1.390E+02 JP                    
  95 235    1    0                                                         235Am
   0   0.000000   0.5    1  0                   5.940E+02 JP                    
  95 236    1    0                                                         236Am
   0   0.000000   0.0    1  0                             JP                    
  95 237    3    1                                                         237Am
   0   0.000000   2.5   -1  0                   4.380E+03               5/2(-)  
   1   2.400000   0.5   -1  1                   5.000E-09 JP                    
                               0  1.000000 0.000E+00     B
  95 238    3    1                                                         238Am
   0   0.000000   1.0    1  0                   5.880E+03                   1+  
   1   2.500000   0.0    1  1                   3.500E-05 JP                    
                               0  1.000000 0.000E+00     B
  95 239   31   11                                                         239Am
   0   0.000000   2.5   -1  0                   4.280E+04               (5/2)-  
   1   0.040700   3.5   -1  1                                           (7/2-)  
                               0  1.000000 0.000E+00     B
   2   0.094000   4.5   -1  1                                           (9/2-)  
                               0  1.000000 0.000E+00     B
   3   0.156000   5.5   -1  1                                          (11/2-)  
                               1  1.000000 0.000E+00     B
   4   0.187100   2.5    1  2                                           (5/2+)  
                               1  0.191809 2.200E-01      
                               0  0.808191 1.200E-01      
   5   0.220000   3.5    1  2                                           (7/2+)  
                               0  0.500000 0.000E+00     B
                               2  0.500000 0.000E+00     B
   6   0.260000   4.5    1  2                                           (9/2+)  
                               1  0.500000 0.000E+00     B
                               3  0.500000 0.000E+00     B
   7   0.317000   5.5    1  2                                          (11/2+)  
                               2  0.500000 0.000E+00     B
                               5  0.500000 0.000E+00     B
   8   0.370000   6.5    1  2                                          (13/2+)  
                               3  0.500000 0.000E+00     B
                               6  0.500000 0.000E+00     B
   9   0.557000   1.5   -1  2                                           (3/2-)  
                               1  0.500000 0.000E+00     B
                               4  0.500000 0.000E+00     B
  10   0.586000   2.5   -1  2                                           (5/2-)  
                               0  0.500000 0.000E+00     B
                               2  0.500000 0.000E+00     B
  11   2.500000   3.5    1  2                   1.630E-07               (7/2+)  
                               0  0.500000 0.000E+00     B
                               2  0.500000 0.000E+00     B
  95 240  172   60                                                         240Am
   0   0.000000   3.0   -1  0                   1.830E+05                 (3-)  
   1   0.041000   4.0   -1  1                                             (4-)  
                               0  1.000000 0.000E+00     B
   2   0.053000   2.0   -1  1                                             (2-)  
                               1  1.000000 0.000E+00     B
   3   0.087000   3.0   -1  1                                             (3-)  
                               0  1.000000 0.000E+00     B
   4   0.096000   5.0   -1  2                                             (5-)  
                               0  0.500000 0.000E+00     B
                               3  0.500000 0.000E+00     B
   5   0.130000   4.0   -1  2                                             (4-)  
                               1  0.500000 0.000E+00     B
                               2  0.500000 0.000E+00     B
   6   0.158000   6.0   -1  2                                             (6-)  
                               1  0.500000 0.000E+00     B
                               5  0.500000 0.000E+00     B
   7   0.186000   5.0   -1  2                                             (5-)  
                               0  0.500000 0.000E+00     B
                               3  0.500000 0.000E+00     B
   8   0.213000   7.0   -1  2                             JP                    
                               4  0.500000 0.000E+00     B
                               7  0.500000 0.000E+00     B
   9   0.233000   7.0   -1  2                                             (7-)  
                               4  0.500000 0.000E+00     B
                               7  0.500000 0.000E+00     B
  10   0.252000   6.0   -1  2                                             (6-)  
                               1  0.500000 0.000E+00     B
                               5  0.500000 0.000E+00     B
  11   0.281000   8.0    1  2                             JP                    
                               8  0.500000 0.000E+00     B
                               9  0.500000 0.000E+00     B
  12   0.316000   8.0   -1  2                                             (8-)  
                               6  0.500000 0.000E+00     B
                              10  0.500000 0.000E+00     B
  13   0.329000   7.0   -1  2                                             (7-)  
                               4  0.500000 0.000E+00     B
                               7  0.500000 0.000E+00     B
  14   0.346000   1.0   -1  2                                             (1-)  
                               0  0.500000 0.000E+00     B
                               3  0.500000 0.000E+00     B
  15   0.398000   3.0   -1  2                                             (3-)  
                               0  0.500000 0.000E+00     B
                               3  0.500000 0.000E+00     B
  16   0.398000   5.0   -1  2                                             (5-)  
                               0  0.500000 0.000E+00     B
                               3  0.500000 0.000E+00     B
  17   0.423000   2.0   -1  2                                             (2-)  
                               1  0.500000 0.000E+00     B
                               2  0.500000 0.000E+00     B
  18   0.458000   6.0   -1  2                                             (6-)  
                               1  0.500000 0.000E+00     B
                               5  0.500000 0.000E+00     B
  19   0.474000   9.0    1  1                             JP                    
                              12  1.000000 0.000E+00     B
  20   0.498000   4.0   -1  2                                             (4-)  
                               1  0.500000 0.000E+00     B
                               2  0.500000 0.000E+00     B
  21   0.498000   5.0   -1  2                                             (5-)  
                               0  0.500000 0.000E+00     B
                               3  0.500000 0.000E+00     B
  22   0.534000   7.0   -1  2                                             (7-)  
                               4  0.500000 0.000E+00     B
                               7  0.500000 0.000E+00     B
  23   0.551000  10.0    1  1                             JP                    
                              11  1.000000 0.000E+00     B
  24   0.616000   6.0   -1  2                                             (6-)  
                               1  0.500000 0.000E+00     B
                               5  0.500000 0.000E+00     B
  25   0.640000   7.0   -1  2                                             (7-)  
                               4  0.500000 0.000E+00     B
                               7  0.500000 0.000E+00     B
  26   0.660000  11.0    1  1                             JP                    
                              19  1.000000 0.000E+00     B
  27   0.757000   1.0    1  2                             JP                    
                               2  0.500000 0.000E+00     B
                              17  0.500000 0.000E+00     B
  28   0.777000   0.0    1  1                             JP                    
                              14  1.000000 0.000E+00     B
  29   0.809000   2.0    1  2                             JP                    
                               0  0.500000 0.000E+00     B
                               3  0.500000 0.000E+00     B
  30   0.819000   9.0    1  2                             JP                    
                              12  0.500000 0.000E+00     B
                              19  0.500000 0.000E+00     B
  31   0.845000   4.0    1  2                             JP                    
                               0  0.500000 0.000E+00     B
                               3  0.500000 0.000E+00     B
  32   0.856000   3.0    1  2                             JP                    
                               1  0.500000 0.000E+00     B
                               2  0.500000 0.000E+00     B
  33   0.877000  12.0    1  1                             JP                    
                              23  1.000000 0.000E+00     B
  34   0.898000   8.0    1  2                             JP                    
                               8  0.500000 0.000E+00     B
                               9  0.500000 0.000E+00     B
  35   0.917000  10.0    1  2                             JP                    
                              11  0.500000 0.000E+00     B
                              23  0.500000 0.000E+00     B
  36   0.932000   4.0    1  2                             JP                    
                               0  0.500000 0.000E+00     B
                               3  0.500000 0.000E+00     B
  37   0.956000   5.0    1  2                             JP                    
                               1  0.500000 0.000E+00     B
                               5  0.500000 0.000E+00     B
  38   0.973000   3.0    1  2                                             (3+)  
                               1  0.500000 0.000E+00     B
                               2  0.500000 0.000E+00     B
  39   0.997000   2.0    1  2                             JP                    
                               0  0.500000 0.000E+00     B
                               3  0.500000 0.000E+00     B
  40   1.016000   2.0    1  2                                             (2+)  
                               0  0.500000 0.000E+00     B
                               3  0.500000 0.000E+00     B
  41   1.016000   4.0    1  2                                             (4+)  
                               0  0.500000 0.000E+00     B
                               3  0.500000 0.000E+00     B
  42   1.052000   3.0    1  2                                             (3+)  
                               1  0.500000 0.000E+00     B
                               2  0.500000 0.000E+00     B
  43   1.066000   6.0    1  2                             JP                    
                               4  0.500000 0.000E+00     B
                               7  0.500000 0.000E+00     B
  44   1.079000   1.0    1  2                             JP                    
                               2  0.500000 0.000E+00     B
                              17  0.500000 0.000E+00     B
  45   1.194000   9.0    1  2                             JP                    
                              12  0.500000 0.000E+00     B
                              19  0.500000 0.000E+00     B
  46   1.218000   5.0   -1  2                             JP                    
                               0  0.500000 0.000E+00     B
                               3  0.500000 0.000E+00     B
  47   1.235000   8.0    1  2                             JP                    
                               8  0.500000 0.000E+00     B
                               9  0.500000 0.000E+00     B
  48   1.248000  13.0   -1  1                             JP                    
                              33  1.000000 0.000E+00     B
  49   1.305000   6.0    1  2                             JP                    
                               4  0.500000 0.000E+00     B
                               7  0.500000 0.000E+00     B
  50   1.318000  11.0   -1  2                             JP                    
                              23  0.500000 0.000E+00     B
                              33  0.500000 0.000E+00     B
  51   1.335000  14.0    1  2                             JP                    
                              33  0.500000 0.000E+00     B
                              48  0.500000 0.000E+00     B
  52   1.349000   4.0   -1  2                             JP                    
                               1  0.500000 0.000E+00     B
                               2  0.500000 0.000E+00     B
  53   1.372000   5.0    1  2                             JP                    
                               1  0.500000 0.000E+00     B
                               5  0.500000 0.000E+00     B
  54   1.386000   1.0   -1  2                             JP                    
                               0  0.500000 0.000E+00     B
                               3  0.500000 0.000E+00     B
  55   1.407000   3.0    1  2                             JP                    
                               1  0.500000 0.000E+00     B
                               2  0.500000 0.000E+00     B
  56   1.437000  10.0   -1  2                             JP                    
                              12  0.500000 0.000E+00     B
                              19  0.500000 0.000E+00     B
  57   1.495000   7.0    1  2                             JP                    
                               6  0.500000 0.000E+00     B
                              10  0.500000 0.000E+00     B
  58   1.515000   6.0   -1  2                             JP                    
                               1  0.500000 0.000E+00     B
                               5  0.500000 0.000E+00     B
  59   1.545000   2.0    1  2                             JP                    
                               0  0.500000 0.000E+00     B
                               3  0.500000 0.000E+00     B
  60   3.000000   8.0   -1  2                   9.420E-04 JP                    
                               6  0.500000 0.000E+00     B
                              10  0.500000 0.000E+00     B
  95 241  114   37                                                         241Am
   0   0.000000   2.5   -1  0                   1.360E+10                 5/2-  
   1   0.041176   3.5   -1  1                                             7/2-  
                               0  1.000000 2.990E+02      
   2   0.093650   4.5   -1  1                                             9/2-  
                               0  1.000000 0.000E+00     B
   3   0.158000   5.5   -1  1                                            11/2-  
                               1  1.000000 0.000E+00     B
   4   0.205883   2.5    1  2                                             5/2+  
                               1  0.152585 1.659E-01      
                               0  0.847415 9.900E-02      
   5   0.234000   6.5   -1  1                                          (13/2-)  
                               2  1.000000 0.000E+00     B
   6   0.235000   3.5    1  1                                           (7/2+)  
                               1  1.000000 1.122E-01      
   7   0.239000   7.5    1  1                             JP                    
                               5  1.000000 0.000E+00     B
   8   0.272000   4.5    1  2                                           (9/2+)  
                               1  0.500000 0.000E+00     B
                               3  0.500000 0.000E+00     B
   9   0.273000   1.5    1  2                             JP                    
                               0  0.500000 0.000E+00     B
                               6  0.500000 0.000E+00     B
  10   0.320000   5.5    1  2                                          (11/2+)  
                               2  0.500000 0.000E+00     B
                               5  0.500000 0.000E+00     B
  11   0.380000   6.5    1  2                                          (13/2+)  
                               3  0.500000 0.000E+00     B
                               8  0.500000 0.000E+00     B
  12   0.459000   8.5   -1  2                             JP                    
                               5  0.500000 0.000E+00     B
                               7  0.500000 0.000E+00     B
  13   0.471810   1.5   -1  3                                             3/2-  
                               4  0.155872 6.200E+00      
                               1  0.035849 8.230E-02      
                               0  0.808279 2.270E-01      
  14   0.495000   9.5   -1  1                             JP                    
                               0  1.000000 0.000E+00     B
  15   0.504448   2.5   -1  5                                             5/2-  
                              13  0.999749 2.330E+02      
                               4  0.000007 4.323E-02      
                               2  0.000009 9.331E-02      
                               1  0.000168 2.500E-01      
                               0  0.000066 1.340E-01      
  16   0.543000   0.5    1  2                             JP                    
                               4  0.500000 0.000E+00     B
                              13  0.500000 0.000E+00     B
  17   0.549000   3.5   -1  2                                             7/2-  
                               1  0.500000 0.000E+00     B
                               3  0.500000 0.000E+00     B
  18   0.623100   0.5    1  3                                           (1/2+)  
                              13  0.034242 2.023E-01      
                               4  0.936835 8.930E-02      
                               0  0.028923 4.266E-01      
  19   0.636861   1.5   -1  5                                             3/2-  
                              15  0.789862 1.150E+01      
                              13  0.207414 6.300E+00      
                               4  0.000053 2.013E-02      
                               1  0.000021 3.425E-02      
                               0  0.002651 1.450E-01      
  20   0.652089   0.5   -1  5                                           (1/2)-  
                              19  0.998066 4.660E+02      
                              18  0.000046 3.265E+00      
                              15  0.000029 3.164E+00      
                              13  0.001856 5.830E+00      
                               0  0.000003 2.840E-02      
  21   0.653230   1.5    1  2                                           (3/2+)  
                               4  0.613263 4.200E-01      
                               0  0.386737 8.585E-03      
  22   0.670240   1.5    1  2                                           (3/2+)  
                               4  0.170407 1.800E-01      
                               0  0.829593 8.189E-03      
  23   0.682000   5.5   -1  2                                          (11/2-)  
                               1  0.500000 0.000E+00     B
                               3  0.500000 0.000E+00     B
  24   0.732000   7.5    1  2                             JP                    
                               5  0.500000 0.000E+00     B
                               7  0.500000 0.000E+00     B
  25   0.822000   4.5    1  2                             JP                    
                               1  0.500000 0.000E+00     B
                               3  0.500000 0.000E+00     B
  26   0.884000  10.5   -1  1                             JP                    
                              12  1.000000 0.000E+00     B
  27   0.952000   2.5   -1  2                                             5/2-  
                               0  0.500000 0.000E+00     B
                               2  0.500000 0.000E+00     B
  28   0.982000   6.5    1  2                             JP                    
                               3  0.500000 0.000E+00     B
                               8  0.500000 0.000E+00     B
  29   1.020000   8.5    1  2                             JP                    
                              11  0.500000 0.000E+00     B
                              14  0.500000 0.000E+00     B
  30   1.064000  11.5   -1  1                             JP                    
                              14  1.000000 0.000E+00     B
  31   1.106000   4.5    1  2                             JP                    
                               1  0.500000 0.000E+00     B
                               3  0.500000 0.000E+00     B
  32   1.132000   3.5   -1  2                             JP                    
                               1  0.500000 0.000E+00     B
                               3  0.500000 0.000E+00     B
  33   1.136000   5.5    1  2                             JP                    
                               2  0.500000 0.000E+00     B
                               5  0.500000 0.000E+00     B
  34   1.163000   7.5   -1  2                             JP                    
                               3  0.500000 0.000E+00     B
                              11  0.500000 0.000E+00     B
  35   1.227000   9.5    1  2                             JP                    
                               7  0.500000 0.000E+00     B
                              12  0.500000 0.000E+00     B
  36   1.550000   2.5   -1  2                                           (5/2-)  
                               0  0.500000 0.000E+00     B
                               2  0.500000 0.000E+00     B
  37   2.200000   6.5    1  2                   1.200E-06 JP                    
                               3  0.500000 0.000E+00     B
                               8  0.500000 0.000E+00     B
  95 242  457  141                                                         242Am
   0   0.000000   1.0   -1  0                   5.770E+04                   1-  
   1   0.044092   0.0   -1  1                                               0-  
                               0  1.000000 7.330E+01      
   2   0.048600   5.0   -1  1                   4.450E+09                   5-  
                               0  1.000000 6.840E+05      
   3   0.052700   3.0   -1  1                                               3-  
                               0  1.000000 3.670E+02      
   4   0.075820   2.0   -1  1                                               2-  
                               0  1.000000 1.510E+01      
   5   0.099000   4.0   -1  1                             JP                    
                               4  1.000000 0.000E+00     B
   6   0.114000   6.0   -1  1                                               6-  
                               5  1.000000 0.000E+00     B
   7   0.148000   5.0   -1  2                                               5-  
                               2  0.500000 0.000E+00     B
                               3  0.500000 0.000E+00     B
   8   0.149690   4.0   -1  2                                               4-  
                               4  0.429413 7.320E+01      
                               3  0.570587 7.380E+00      
   9   0.171000   7.0    1  1                             JP                    
                               6  1.000000 0.000E+00     B
  10   0.190000   7.0   -1  2                                               7-  
                               2  0.500000 0.000E+00     B
                               7  0.500000 0.000E+00     B
  11   0.197700   8.0    1  1                             JP                    
                              10  1.000000 0.000E+00     B
  12   0.230530   1.0    1  2                                               1+  
                               4  0.551746 1.920E-01      
                               1  0.448254 1.250E-01      
  13   0.244360   3.0   -1  4                                               3-  
                               8  0.408258 1.060E+01      
                               4  0.102378 4.000E+00      
                               3  0.420569 4.090E+00      
                               2  0.068795 1.020E+00      
  14   0.263000   6.0   -1  2                                             (6-)  
                               5  0.500000 0.000E+00     B
                               6  0.500000 0.000E+00     B
  15   0.269900   3.0    1  1                                               3+  
                              12  1.000000 1.480E+03      
  16   0.274330   1.0   -1  3                                               1-  
                               4  0.207890 2.900E+00      
                               1  0.347039 2.920E+00      
                               0  0.445071 1.790E+00      
  17   0.283500   9.0    1  1                             JP                    
                               9  1.000000 0.000E+00     B
  18   0.289010   4.0   -1  3                                               4-  
                              13  0.992831 1.690E+02      
                               4  0.003843 7.380E-01      
                               2  0.003326 1.200E+00      
  19   0.292840   2.0   -1  3                                               2-  
                              13  0.000000 5.194E+01      
                               4  0.591971 2.100E+00      
                               3  0.408029 1.600E+00      
  20   0.296410   2.0   -1  4                                               2-  
                              13  0.337409 4.540E+01      
                               4  0.374862 3.290E+00      
                               3  0.186184 2.000E+00      
                               0  0.101545 8.000E-01      
  21   0.307000  10.0    1  1                             JP                    
                              11  1.000000 0.000E+00     B
  22   0.327840   3.0   -1  4                                               3-  
                              19  0.000000 1.355E+02      
                               8  0.544126 3.800E+00      
                               4  0.225498 1.300E+00      
                               3  0.230377 1.000E+00      
  23   0.330710   3.0   -1  6                                               3-  
                              20  0.017393 1.520E+02      
                              19  0.969832 1.076E+02      
                              16  0.000000 2.660E+02      
                              13  0.010793 1.035E+01      
                               4  0.000807 1.700E+00      
                               3  0.001175 1.726E+00      
  24   0.341580   0.0    1  2                                               0+  
                              12  0.959282 4.990E+00      
                               0  0.040718 3.245E-02      
  25   0.342000   5.0   -1  2                                             (5-)  
                               2  0.500000 0.000E+00     B
                               3  0.500000 0.000E+00     B
  26   0.355690   2.0    1  3                                             (2)+  
                              22  0.859102 3.890E+00      
                              19  0.031228 4.650E-01      
                              13  0.109670 1.050E-01      
  27   0.364700   2.0    1  3                                               2+  
                              24  0.000014 1.300E-02      
                              15  0.555940 7.881E+00      
                              12  0.444046 9.000E+00      
  28   0.370400   8.0    1  2                             JP                    
                              10  0.500000 0.000E+00     B
                              11  0.500000 0.000E+00     B
  29   0.372470   4.0   -1  5                                               4-  
                              23  0.337119 8.115E+01      
                              20  0.660730 6.352E+01      
                               8  0.001063 1.900E+00      
                               4  0.000451 2.390E-01      
                               3  0.000637 7.000E-01      
  30   0.373740   4.0   -1  3                                               4-  
                              23  0.936274 5.300E+02      
                              22  0.055034 7.800E+01      
                              19  0.008692 4.754E+01      
  31   0.376930   3.0    1  3                                             (3)+  
                              22  0.000000 8.336E-01      
                              19  0.248504 2.170E-01      
                              13  0.751496 2.750E-01      
  32   0.388180   3.0    1  3                                               3+  
                              19  0.255630 1.560E-01      
                              18  0.668505 1.410E-01      
                              13  0.075865 2.275E-01      
  33   0.400530   1.0   -1  4                                             (1)-  
                              27  0.000000 1.890E+00      
                              23  0.984968 9.590E+01      
                              22  0.014007 7.330E+01      
                               4  0.001024 7.400E-01      
  34   0.405910   4.0    1  6                                             (4)+  
                              31  0.000000 2.395E+02      
                              30  0.079981 2.498E+00      
                              29  0.070697 2.410E+00      
                              26  0.840672 4.620E+02      
                              22  0.001986 2.645E-01      
                              13  0.006664 1.740E-01      
  35   0.409000   6.0   -1  2                                             (6-)  
                               5  0.500000 0.000E+00     B
                               6  0.500000 0.000E+00     B
  36   0.417770   4.0    1  1                                             (4)+  
                              15  1.000000 7.400E+00      
  37   0.418070   4.0    1  4                                             (4)+  
                              32  0.000000 2.162E+02      
                              22  0.446757 1.810E-01      
                              18  0.380478 2.934E-01      
                              13  0.172765 1.470E-01      
  38   0.419140   2.0   -1  6                                             (2)-  
                              32  0.000146 2.762E+00      
                              29  0.997429 6.610E+02      
                              23  0.001613 2.260E+01      
                              22  0.000219 8.809E+00      
                              16  0.000579 1.083E+01      
                               3  0.000013 8.100E-01      
  39   0.428800   5.0    1  2                             JP                    
                               5  0.500000 0.000E+00     B
                               6  0.500000 0.000E+00     B
  40   0.434000   5.0   -1  2                                             (5-)  
                               2  0.500000 0.000E+00     B
                               3  0.500000 0.000E+00     B
  41   0.442390   5.0    1  3                                             (5+)  
                              34  0.770632 1.280E+02      
                              31  0.229190 1.306E+02      
                              30  0.000177 3.688E-01      
  42   0.446680   3.0   -1  4                                             (3)-  
                              33  0.000000 6.484E+02      
                              29  0.590584 1.600E+01      
                              26  0.062271 1.768E-01      
                               8  0.347145 1.438E+00      
  43   0.457150   5.0    1  4                                             (5)+  
                              37  0.646320 4.000E+02      
                              32  0.353545 1.012E+02      
                              30  0.000105 2.219E-01      
                              18  0.000029 1.580E-01      
  44   0.464370   3.0   -1  5                             J              3-,4-  
                              32  0.004078 2.805E-01      
                              23  0.865958 1.366E+01      
                              18  0.055271 3.200E+00      
                              15  0.061614 1.130E-01      
                               8  0.013078 7.000E-01      
  45   0.483670   4.0   -1  4                                             (4-)  
                              38  0.000000 1.393E+02      
                              37  0.162557 4.170E-01      
                               8  0.263090 1.040E+00      
                               2  0.574353 5.069E-01      
  46   0.486000   7.0   -1  2                                             (7-)  
                               2  0.500000 0.000E+00     B
                               7  0.500000 0.000E+00     B
  47   0.500000   6.0   -1  2                                             (6-)  
                               5  0.500000 0.000E+00     B
                               6  0.500000 0.000E+00     B
  48   0.502800   9.0    1  2                             JP                    
                               9  0.500000 0.000E+00     B
                              17  0.500000 0.000E+00     B
  49   0.528500   8.0    1  2                             JP                    
                              10  0.500000 0.000E+00     B
                              11  0.500000 0.000E+00     B
  50   0.568220   4.0   -1  4                                             (4)-  
                              45  0.716141 1.097E+01      
                              41  0.105175 7.630E-02      
                              37  0.014549 2.063E-01      
                              31  0.164135 1.170E-01      
  51   0.581000   7.0   -1  2                                             (7-)  
                               2  0.500000 0.000E+00     B
                               7  0.500000 0.000E+00     B
  52   0.583600   6.0    1  2                             JP                    
                               2  0.500000 0.000E+00     B
                               7  0.500000 0.000E+00     B
  53   0.608000  11.0    1  2                             JP                    
                              17  0.500000 0.000E+00     B
                              48  0.500000 0.000E+00     B
  54   0.612760   2.0   -1  6                                               2-  
                              44  0.273712 7.000E+00      
                              38  0.607714 4.758E+00      
                              20  0.045911 7.000E-01      
                              19  0.026489 7.000E-01      
                              13  0.024747 5.000E-01      
                              12  0.021426 2.560E-02      
  55   0.620500  10.0    1  2                             JP                    
                              11  0.500000 0.000E+00     B
                              21  0.500000 0.000E+00     B
  56   0.626000   7.0    1  2                             JP                    
                               6  0.500000 0.000E+00     B
                               9  0.500000 0.000E+00     B
  57   0.629800   8.0    1  2                             JP                    
                              10  0.500000 0.000E+00     B
                              11  0.500000 0.000E+00     B
  58   0.640400   6.0    1  2                             JP                    
                               2  0.500000 0.000E+00     B
                               7  0.500000 0.000E+00     B
  59   0.644500   9.0    1  2                             JP                    
                               9  0.500000 0.000E+00     B
                              17  0.500000 0.000E+00     B
  60   0.651500  12.0    1  2                             JP                    
                              21  0.500000 0.000E+00     B
                              55  0.500000 0.000E+00     B
  61   0.658000   7.0    1  2                             JP                    
                               6  0.500000 0.000E+00     B
                               9  0.500000 0.000E+00     B
  62   0.660800   6.0    1  2                             JP                    
                               2  0.500000 0.000E+00     B
                               7  0.500000 0.000E+00     B
  63   0.664200   8.0    1  2                             JP                    
                              10  0.500000 0.000E+00     B
                              11  0.500000 0.000E+00     B
  64   0.670200  11.0    1  2                             JP                    
                              17  0.500000 0.000E+00     B
                              48  0.500000 0.000E+00     B
  65   0.677000   8.0   -1  2                                             (8-)  
                               6  0.500000 0.000E+00     B
                               9  0.500000 0.000E+00     B
  66   0.682500   5.0    1  2                             JP                    
                               5  0.500000 0.000E+00     B
                               6  0.500000 0.000E+00     B
  67   0.689500   9.0    1  2                             JP                    
                               9  0.500000 0.000E+00     B
                              17  0.500000 0.000E+00     B
  68   0.697000  10.0   -1  2                             JP                    
                              17  0.500000 0.000E+00     B
                              48  0.500000 0.000E+00     B
  69   0.700400  13.0    1  2                             JP                    
                              53  0.500000 0.000E+00     B
                              64  0.500000 0.000E+00     B
  70   0.715500   6.0   -1  2                             JP                    
                               5  0.500000 0.000E+00     B
                               6  0.500000 0.000E+00     B
  71   0.721500   7.0    1  2                             JP                    
                               6  0.500000 0.000E+00     B
                               9  0.500000 0.000E+00     B
  72   0.724600   5.0   -1  2                             JP                    
                               2  0.500000 0.000E+00     B
                               3  0.500000 0.000E+00     B
  73   0.735000  14.0    1  1                             JP                    
                              60  1.000000 0.000E+00     B
  74   0.744900   1.0   -1  2                             JP                    
                               0  0.500000 0.000E+00     B
                               3  0.500000 0.000E+00     B
  75   0.759600  12.0    1  2                             JP                    
                              21  0.500000 0.000E+00     B
                              55  0.500000 0.000E+00     B
  76   0.767100   6.0   -1  2                             JP                    
                               5  0.500000 0.000E+00     B
                               6  0.500000 0.000E+00     B
  77   0.779800   9.0    1  2                             JP                    
                               9  0.500000 0.000E+00     B
                              17  0.500000 0.000E+00     B
  78   0.790000   5.0   -1  2                             JP                    
                               2  0.500000 0.000E+00     B
                               3  0.500000 0.000E+00     B
  79   0.795800   7.0    1  2                             JP                    
                               6  0.500000 0.000E+00     B
                               9  0.500000 0.000E+00     B
  80   0.796000   2.0   -1  2                             JP                    
                               1  0.500000 0.000E+00     B
                               4  0.500000 0.000E+00     B
  81   0.802500  10.0    1  2                             JP                    
                              11  0.500000 0.000E+00     B
                              21  0.500000 0.000E+00     B
  82   0.818200   3.0   -1  2                             JP                    
                               0  0.500000 0.000E+00     B
                               2  0.500000 0.000E+00     B
  83   0.821000  11.0    1  2                             JP                    
                              17  0.500000 0.000E+00     B
                              48  0.500000 0.000E+00     B
  84   0.823300   4.0   -1  2                             JP                    
                               4  0.500000 0.000E+00     B
                               5  0.500000 0.000E+00     B
  85   0.833000   8.0    1  2                             JP                    
                              10  0.500000 0.000E+00     B
                              11  0.500000 0.000E+00     B
  86   0.846000   6.0   -1  2                             JP                    
                               5  0.500000 0.000E+00     B
                               6  0.500000 0.000E+00     B
  87   0.852000   5.0    1  2                             JP                    
                               5  0.500000 0.000E+00     B
                               6  0.500000 0.000E+00     B
  88   0.864700   7.0   -1  2                             JP                    
                               2  0.500000 0.000E+00     B
                               7  0.500000 0.000E+00     B
  89   0.874050   2.0   -1  2                                             (2-)  
                              18  0.262378 3.557E-02      
                              13  0.737622 1.776E-01      
  90   0.883900   1.0    1  2                             JP                    
                               1  0.500000 0.000E+00     B
                               4  0.500000 0.000E+00     B
  91   0.896700   3.0    1  2                             JP                    
                               4  0.500000 0.000E+00     B
                               5  0.500000 0.000E+00     B
  92   0.902470   3.0   -1  2                                             (3-)  
                              19  0.223061 1.939E-01      
                              13  0.776939 1.579E-01      
  93   0.906580   3.0   -1  1                                             (3-)  
                              89  1.000000 5.440E+02      
  94   0.916000   4.0    1  2                             JP                    
                               2  0.500000 0.000E+00     B
                               3  0.500000 0.000E+00     B
  95   0.919600   5.0    1  2                             JP                    
                               5  0.500000 0.000E+00     B
                               6  0.500000 0.000E+00     B
  96   0.930500   6.0   -1  2                             JP                    
                               5  0.500000 0.000E+00     B
                               6  0.500000 0.000E+00     B
  97   0.934700   9.0    1  2                             JP                    
                               9  0.500000 0.000E+00     B
                              17  0.500000 0.000E+00     B
  98   0.935000   8.0   -1  2                             JP                    
                               6  0.500000 0.000E+00     B
                               9  0.500000 0.000E+00     B
  99   0.949730   4.0   -1  2                                             (4-)  
                              93  0.340822 1.220E+02      
                              89  0.659178 6.524E+01      
 100   0.951000   7.0    1  2                             JP                    
                               6  0.500000 0.000E+00     B
                               9  0.500000 0.000E+00     B
 101   0.968300   2.0    1  2                             JP                    
                               0  0.500000 0.000E+00     B
                               3  0.500000 0.000E+00     B
 102   0.975000   3.0    1  2                                             (3+)  
                               4  0.500000 0.000E+00     B
                               5  0.500000 0.000E+00     B
 103   0.978400   5.0   -1  2                             JP                    
                               2  0.500000 0.000E+00     B
                               3  0.500000 0.000E+00     B
 104   0.994000   6.0   -1  2                             JP                    
                               5  0.500000 0.000E+00     B
                               6  0.500000 0.000E+00     B
 105   1.002710   5.0   -1  2                                             (5-)  
                              99  0.712223 4.300E+01      
                              93  0.287777 2.120E+01      
 106   1.011000   2.0    1  2                                             (2+)  
                               0  0.500000 0.000E+00     B
                               3  0.500000 0.000E+00     B
 107   1.012000   4.0    1  2                                             (4+)  
                               2  0.500000 0.000E+00     B
                               3  0.500000 0.000E+00     B
 108   1.029000   1.0   -1  2                             JP                    
                               0  0.500000 0.000E+00     B
                               3  0.500000 0.000E+00     B
 109   1.049000   3.0    1  2                                             (3+)  
                               4  0.500000 0.000E+00     B
                               5  0.500000 0.000E+00     B
 110   1.065000   5.0    1  2                                             (5+)  
                               5  0.500000 0.000E+00     B
                               6  0.500000 0.000E+00     B
 111   1.073000  10.0   -1  2                             JP                    
                              17  0.500000 0.000E+00     B
                              48  0.500000 0.000E+00     B
 112   1.088000   7.0   -1  2                             JP                    
                               2  0.500000 0.000E+00     B
                               7  0.500000 0.000E+00     B
 113   1.097000   4.0    1  2                                             (4+)  
                               2  0.500000 0.000E+00     B
                               3  0.500000 0.000E+00     B
 114   1.119000   6.0   -1  2                             JP                    
                               5  0.500000 0.000E+00     B
                               6  0.500000 0.000E+00     B
 115   1.142000   8.0    1  2                             JP                    
                              10  0.500000 0.000E+00     B
                              11  0.500000 0.000E+00     B
 116   1.151000   9.0   -1  2                             JP                    
                              10  0.500000 0.000E+00     B
                              11  0.500000 0.000E+00     B
 117   1.162000   0.0    1  2                             JP                    
                               0  0.500000 0.000E+00     B
                              16  0.500000 0.000E+00     B
 118   1.170000  15.0   -1  1                             JP                    
                              73  1.000000 0.000E+00     B
 119   1.187000  11.0    1  2                             JP                    
                              17  0.500000 0.000E+00     B
                              48  0.500000 0.000E+00     B
 120   1.192000   7.0   -1  2                             JP                    
                               2  0.500000 0.000E+00     B
                               7  0.500000 0.000E+00     B
 121   1.199000   6.0    1  2                             JP                    
                               2  0.500000 0.000E+00     B
                               7  0.500000 0.000E+00     B
 122   1.210000   1.0   -1  2                             JP                    
                               0  0.500000 0.000E+00     B
                               3  0.500000 0.000E+00     B
 123   1.227000   2.0    1  2                             JP                    
                               0  0.500000 0.000E+00     B
                               3  0.500000 0.000E+00     B
 124   1.243000   8.0   -1  2                             JP                    
                               6  0.500000 0.000E+00     B
                               9  0.500000 0.000E+00     B
 125   1.262000   4.0    1  2                             JP                    
                               2  0.500000 0.000E+00     B
                               3  0.500000 0.000E+00     B
 126   1.287000   5.0   -1  2                             JP                    
                               2  0.500000 0.000E+00     B
                               3  0.500000 0.000E+00     B
 127   1.300000  13.0    1  2                             JP                    
                              53  0.500000 0.000E+00     B
                              64  0.500000 0.000E+00     B
 128   1.325000   9.0   -1  2                             JP                    
                              10  0.500000 0.000E+00     B
                              11  0.500000 0.000E+00     B
 129   1.343000   6.0    1  2                             JP                    
                               2  0.500000 0.000E+00     B
                               7  0.500000 0.000E+00     B
 130   1.362000  10.0   -1  2                             JP                    
                              17  0.500000 0.000E+00     B
                              48  0.500000 0.000E+00     B
 131   1.380000   7.0    1  2                             JP                    
                               6  0.500000 0.000E+00     B
                               9  0.500000 0.000E+00     B
 132   1.406000   4.0   -1  2                             JP                    
                               4  0.500000 0.000E+00     B
                               5  0.500000 0.000E+00     B
 133   1.417000  12.0    1  2                             JP                    
                              21  0.500000 0.000E+00     B
                              55  0.500000 0.000E+00     B
 134   1.443000   2.0   -1  2                             JP                    
                               1  0.500000 0.000E+00     B
                               4  0.500000 0.000E+00     B
 135   1.455000   5.0    1  2                             JP                    
                               5  0.500000 0.000E+00     B
                               6  0.500000 0.000E+00     B
 136   1.467000   3.0   -1  2                             JP                    
                               0  0.500000 0.000E+00     B
                               2  0.500000 0.000E+00     B
 137   1.482000   8.0    1  2                             JP                    
                              10  0.500000 0.000E+00     B
                              11  0.500000 0.000E+00     B
 138   1.507000   1.0   -1  2                             JP                    
                               0  0.500000 0.000E+00     B
                               3  0.500000 0.000E+00     B
 139   1.519000   6.0    1  2                             JP                    
                               2  0.500000 0.000E+00     B
                               7  0.500000 0.000E+00     B
 140   1.562000   4.0   -1  2                             JP                    
                               4  0.500000 0.000E+00     B
                               5  0.500000 0.000E+00     B
 141   2.200000   7.0    1  1                   1.400E-02 JP           (2+,3-)  
                               0  1.000000 0.000E+00      
  95 243   88   29                                                         243Am
   0   0.000000   2.5   -1  0                   2.330E+11                 5/2-  
   1   0.042200   3.5   -1  1                   4.000E-11                 7/2-  
                               0  1.000000 1.600E+02      
   2   0.084000   2.5    1  2                   2.340E-09                 5/2+  
                               1  0.109411 1.350E+00      
                               0  0.890589 2.180E-01      
   3   0.096400   4.5   -1  2                                             9/2-  
                               1  0.858264 4.074E+01      
                               0  0.141736 2.090E+01      
   4   0.109200   3.5    1  2                                             7/2+  
                               1  0.692474 3.939E-01      
                               0  0.307526 1.101E-01      
   5   0.143500   4.5    1  2                                           (9/2+)  
                               4  0.500000 1.482E+02      
                               1  0.500000 1.338E-01      
   6   0.162300   5.5   -1  2                                            11/2-  
                               1  0.500000 0.000E+00     B
                               5  0.500000 0.000E+00     B
   7   0.189300   5.5    1  2                                          (11/2+)  
                               3  0.500000 0.000E+00     B
                               4  0.500000 0.000E+00     B
   8   0.238000   6.5   -1  2                                            13/2-  
                               3  0.500000 0.000E+00     B
                               7  0.500000 0.000E+00     B
   9   0.244000   6.5    1  2                                          (13/2+)  
                               5  0.500000 0.000E+00     B
                               6  0.500000 0.000E+00     B
  10   0.266000   1.5   -1  1                                           (3/2-)  
                               0  1.000000 1.200E+00      
  11   0.300000   2.5   -1  2                                           (5/2-)  
                               0  0.500000 0.000E+00     B
                               3  0.500000 0.000E+00     B
  12   0.345000   3.5   -1  2                                           (7/2-)  
                               1  0.500000 0.000E+00     B
                               2  0.500000 0.000E+00     B
  13   0.383000   7.5    1  2                             JP                    
                               7  0.500000 0.000E+00     B
                               8  0.500000 0.000E+00     B
  14   0.407100   3.5    1  1                                                   
                               0  1.000000 2.249E-02      
  15   0.423000   8.5    1  1                             JP                    
                               9  1.000000 0.000E+00     B
  16   0.445000   9.5   -1  1                             JP                    
                              15  1.000000 0.000E+00     B
  17   0.465700   3.5    1  5                                             7/2+  
                               5  0.058477 1.151E+00      
                               4  0.190052 7.700E-01      
                               2  0.751367 7.240E-01      
                               1  0.000000 2.078E-02      
                               0  0.000105 1.717E-02      
  18   0.466000   5.5   -1  2                                          (11/2-)  
                               1  0.500000 0.000E+00     B
                               5  0.500000 0.000E+00     B
  19   0.532500   4.5    1  4                                           (9/2+)  
                               7  0.108667 9.685E-01      
                               5  0.276137 6.882E-01      
                               4  0.609606 5.464E-01      
                               2  0.005589 7.423E-02      
  20   0.586000   0.5   -1  2                             JP                    
                               0  0.500000 0.000E+00     B
                              11  0.500000 0.000E+00     B
  21   0.704000   6.5    1  2                                          (13/2+)  
                               5  0.500000 0.000E+00     B
                               6  0.500000 0.000E+00     B
  22   0.724000   7.5   -1  2                             JP                    
                               6  0.500000 0.000E+00     B
                               9  0.500000 0.000E+00     B
  23   0.933000  10.5    1  2                             JP                    
                              15  0.500000 0.000E+00     B
                              16  0.500000 0.000E+00     B
  24   0.977000   1.5   -1  2                             JP                    
                               1  0.500000 0.000E+00     B
                               2  0.500000 0.000E+00     B
  25   1.053000   8.5    1  2                             JP                    
                               9  0.500000 0.000E+00     B
                              15  0.500000 0.000E+00     B
  26   1.123000  11.5   -1  2                             JP                    
                              16  0.500000 0.000E+00     B
                              23  0.500000 0.000E+00     B
  27   1.174000  12.5    1  2                             JP                    
                              23  0.500000 0.000E+00     B
                              26  0.500000 0.000E+00     B
  28   1.222000   4.5   -1  2                             JP                    
                               0  0.500000 0.000E+00     B
                               3  0.500000 0.000E+00     B
  29   2.300000   7.5    1  2                   5.500E-06 JP                    
                               7  0.500000 0.000E+00     B
                               8  0.500000 0.000E+00     B
  95 244  492  112                                                         244Am
   0   0.000000   6.0   -1  0                   3.640E+04                 (6-)  
   1   0.086100   1.0    1  1                   1.560E+03                   1+  
                               0  1.000000 0.000E+00     B
   2   0.098400   2.0    1  1                                               2+  
                               0  1.000000 0.000E+00     B
   3   0.121400   3.0    1  2                                               3+  
                               2  0.200611 1.260E+02      
                               1  0.799389 2.560E+03      
   4   0.146400   4.0    1  1                                             (4)+  
                               3  1.000000 3.920E+02      
   5   0.173800   1.0   -1  2                                               1-  
                               2  0.486433 5.100E-01      
                               1  0.513567 2.700E-01      
   6   0.181600   5.0    1  1                                             (5)+  
                               4  1.000000 1.420E+02      
   7   0.195400   2.0   -1  3                                               2-  
                               5  0.999441 1.500E+02      
                               3  0.000483 1.300E+00      
                               2  0.000076 1.500E-01      
   8   0.226400   3.0   -1  5                                               3-  
                               7  0.000000 2.080E+02      
                               5  0.995579 3.710E+02      
                               4  0.002858 4.300E+00      
                               3  0.000012 1.219E-01      
                               2  0.001551 1.500E+00      
   9   0.259800   2.0   -1  6                                               2-  
                               8  0.804831 1.660E+02      
                               7  0.128199 2.430E+01      
                               5  0.066525 1.300E+01      
                               3  0.000116 2.487E-01      
                               2  0.000030 1.742E-01      
                               1  0.000299 1.468E-01      
  10   0.270300   4.0   -1  3                                               4-  
                               8  0.999668 7.420E+01      
                               7  0.000000 6.840E+01      
                               3  0.000332 2.100E-01      
  11   0.287300   1.0   -1  4                                               1-  
                               7  0.572257 8.600E+00      
                               5  0.420027 5.100E+00      
                               2  0.004964 1.210E-01      
                               1  0.002752 1.040E-01      
  12   0.294800   3.0   -1  1                                               3-  
                               9  1.000000 2.680E+03      
  13   0.320900   5.0   -1  3                                               5-  
                              10  0.884482 4.950E+01      
                               8  0.114676 2.300E+01      
                               4  0.000842 1.453E-01      
  14   0.333700   0.0   -1  1                                             (0)-  
                              11  1.000000 6.320E+01      
  15   0.340800   3.0   -1  7                                               3-  
                              11  0.990936 3.450E+02      
                              10  0.002042 1.870E+01      
                               9  0.003033 1.230E+01      
                               8  0.001847 4.590E+00      
                               7  0.002104 1.070E+01      
                               4  0.000021 1.131E-01      
                               3  0.000017 8.567E-02      
  16   0.341800   4.0   -1  2                                               4-  
                               8  0.946793 4.470E+00      
                               3  0.053207 8.480E-02      
  17   0.346500   3.0    1  4                                               3+  
                               4  0.129344 2.500E+00      
                               3  0.381523 2.200E+00      
                               2  0.486816 1.800E+00      
                               1  0.002317 3.658E-01      
  18   0.359900   2.0   -1  1                                               2-  
                              11  1.000000 1.710E+01      
  19   0.365000   5.0   -1  2                                             (5-)  
                               4  0.500000 0.000E+00     B
                               8  0.500000 0.000E+00     B
  20   0.365700   7.0    1  2                             JP                    
                               0  0.500000 0.000E+00     B
                               6  0.500000 0.000E+00     B
  21   0.375200   0.0    1  2                                             (0)+  
                               5  0.020211 1.042E-01      
                               1  0.979789 1.550E+00      
  22   0.388100   4.0    1  4                                             (4)+  
                              17  0.980834 8.700E+01      
                               6  0.013020 3.968E+00      
                               4  0.001995 2.550E+00      
                               3  0.004151 1.940E+00      
  23   0.396800   5.0   -1  2                                             (5-)  
                              10  0.990961 1.598E+01      
                               4  0.009039 6.368E-02      
  24   0.412800   2.0    1  4                                               2+  
                               4  0.002384 3.390E-01      
                               3  0.410849 1.520E+00      
                               2  0.440768 1.230E+00      
                               1  0.145999 1.110E+00      
  25   0.417100   2.0    1  3                                               2+  
                              12  0.029769 8.210E-02      
                               2  0.554277 1.190E+00      
                               1  0.415955 1.070E+00      
  26   0.418200   2.0    1  7                                               2+  
                               9  0.025872 1.820E-01      
                               8  0.003252 1.166E-01      
                               7  0.085629 8.270E-02      
                               5  0.344939 1.500E-01      
                               3  0.450274 1.440E+00      
                               2  0.033583 4.900E-01      
                               1  0.056450 1.060E+00      
  27   0.419300   3.0   -1  5                                             (3)-  
                              17  0.347945 1.000E+00      
                               9  0.482388 8.237E+00      
                               8  0.158566 4.811E+00      
                               3  0.005019 4.344E-02      
                               2  0.006081 3.704E-02      
  28   0.429100   8.0    1  1                             JP                    
                               0  1.000000 0.000E+00     B
  29   0.431000   6.0    1  2                             JP                    
                               4  0.500000 0.000E+00     B
                              13  0.500000 0.000E+00     B
  30   0.433100   4.0   -1  5                                             (4)-  
                              13  0.177734 4.830E+00      
                              10  0.653594 7.769E+00      
                               8  0.160809 3.959E+00      
                               6  0.003990 6.307E-02      
                               4  0.003872 4.719E-02      
  31   0.435400   5.0   -1  3                                             (5-)  
                              15  0.803215 2.276E+01      
                              13  0.081578 4.564E+00      
                              10  0.115207 7.467E+00      
  32   0.442500   3.0    1  4                                             (3)+  
                               8  0.083664 8.865E-02      
                               4  0.529867 1.450E+00      
                               3  0.094827 1.161E+00      
                               2  0.291641 9.600E-01      
  33   0.447000   7.0    1  2                             JP                    
                               0  0.500000 0.000E+00     B
                               6  0.500000 0.000E+00     B
  34   0.452100   1.0    1  3                                             (1)+  
                              26  0.997015 1.590E+02      
                               2  0.001105 8.900E-01      
                               1  0.001880 8.120E-01      
  35   0.455000   4.0    1  2                                             (4)+  
                               4  0.790899 1.290E+00      
                               3  0.209101 1.050E+00      
  36   0.464400   4.0   -1  3                                             (4)-  
                              27  0.988190 6.870E+01      
                              12  0.010207 6.920E+00      
                              10  0.001602 4.730E+00      
  37   0.476200   2.0    1  4                                             (2)+  
                              25  0.926789 3.120E+01      
                               3  0.031595 8.800E-01      
                               2  0.034026 7.450E-01      
                               1  0.007590 6.824E-01      
  38   0.476400   4.0    1  5                                             (4)+  
                              10  0.075674 9.874E-02      
                               8  0.191686 6.389E-02      
                               4  0.124222 1.077E+00      
                               3  0.538701 8.800E-01      
                               2  0.069717 1.169E-01      
  39   0.482900   2.0   -1  3                                               2-  
                              17  0.213706 2.580E-01      
                               7  0.758016 1.570E+00      
                               5  0.028278 1.288E+00      
  40   0.493500   4.0    1  3                                             (4)+  
                               6  0.078081 1.257E+00      
                               4  0.482435 9.400E-01      
                               3  0.439484 7.760E-01      
  41   0.508000   7.0   -1  2                                             (7-)  
                              13  0.500000 0.000E+00     B
                              19  0.500000 0.000E+00     B
  42   0.512200   3.0    1  3                                             (3)+  
                               4  0.577579 8.130E-01      
                               3  0.317040 6.790E-01      
                               2  0.105381 5.810E-01      
  43   0.514300   5.0    1  4                                             (5+)  
                              13  0.239320 1.142E-01      
                              10  0.112023 6.741E-02      
                               6  0.398551 1.054E+00      
                               4  0.250107 8.008E-01      
  44   0.514900   2.0   -1  8                                               2-  
                              26  0.002116 1.510E-01      
                               9  0.388456 2.200E+00      
                               8  0.113381 1.560E+00      
                               7  0.221373 1.180E+00      
                               5  0.260947 9.800E-01      
                               3  0.000558 2.411E-02      
                               2  0.003472 2.147E-02      
                               1  0.009697 2.024E-02      
  45   0.522300   3.0   -1  3                                             (3)-  
                              17  0.005379 1.427E-01      
                              10  0.882589 2.000E+00      
                               8  0.112033 1.452E+00      
  46   0.533900   3.0   -1  9                                               3-  
                              32  0.001572 1.750E-01      
                              26  0.002913 9.496E-02      
                              25  0.000635 9.250E-02      
                              12  0.036038 2.631E+00      
                              10  0.341682 2.000E+00      
                               9  0.020781 1.796E+00      
                               8  0.405141 1.310E+00      
                               7  0.180975 1.010E+00      
                               2  0.010262 1.962E-02      
  47   0.559700   4.0   -1  8                                               4-  
                              32  0.003761 9.172E-02      
                              23  0.333665 7.769E+00      
                              13  0.418027 2.640E+00      
                              10  0.148738 1.550E+00      
                               8  0.041429 1.050E+00      
                               6  0.007059 2.621E-02      
                               4  0.041176 2.181E-02      
                               3  0.006146 1.937E-02      
  48   0.567000   6.0    1  2                             JP                    
                               4  0.500000 0.000E+00     B
                              13  0.500000 0.000E+00     B
  49   0.577000   4.0   -1  5                                             (4-)  
                              17  0.011472 7.662E-02      
                              15  0.685256 2.721E+00      
                              13  0.179394 2.173E+00      
                              10  0.079758 1.317E+00      
                               3  0.044119 1.794E-02      
  50   0.582100   2.0   -1  8                                               2-  
                              39  0.150071 6.903E+00      
                              18  0.124940 3.230E+00      
                              11  0.456978 1.467E+00      
                               7  0.084502 6.987E-01      
                               5  0.057823 6.022E-01      
                               3  0.007232 1.754E-02      
                               2  0.046484 1.594E-02      
                               1  0.071970 1.518E-02      
  51   0.606500   9.0    1  2                             JP                    
                              20  0.500000 0.000E+00     B
                              33  0.500000 0.000E+00     B
  52   0.609000   5.0    1  3                                             (5)+  
                              16  0.088352 5.511E-02      
                               6  0.332719 5.320E-01      
                               4  0.578929 4.290E-01      
  53   0.613300   2.0    1  2                                             (2)+  
                               2  0.286810 3.210E-01      
                               1  0.713190 3.010E-01      
  54   0.618000   8.0    1  2                             JP                    
                              28  0.500000 0.000E+00     B
                              29  0.500000 0.000E+00     B
  55   0.641200   3.0    1  5                                             (3)+  
                              25  0.191516 3.146E+00      
                               6  0.038260 6.987E-02      
                               4  0.107807 3.576E-01      
                               3  0.480182 3.130E-01      
                               2  0.182235 2.790E-01      
  56   0.648300   3.0    1  5                                             (3)+  
                              39  0.007063 1.644E-01      
                               9  0.041033 2.477E-02      
                               4  0.080146 3.260E-01      
                               3  0.551906 3.020E-01      
                               2  0.319851 2.690E-01      
  57   0.668900   2.0    1  6                                             (2)+  
                              35  0.021216 7.300E-01      
                              26  0.591215 2.310E+00      
                              24  0.127822 2.173E+00      
                               5  0.031623 1.523E-02      
                               2  0.163730 2.440E-01      
                               1  0.064395 2.184E-01      
  58   0.678700   1.0   -1  6                                             (1)-  
                              44  0.788161 7.650E+00      
                              26  0.004357 5.838E-02      
                              14  0.020124 9.547E-01      
                              11  0.037553 6.760E-01      
                               7  0.077268 3.810E-01      
                               5  0.072537 3.380E-01      
  59   0.694900   4.0    1  3                                             (4+)  
                               6  0.201324 3.068E-01      
                               4  0.453409 2.710E-01      
                               3  0.345268 2.400E-01      
  60   0.697900   2.0   -1  5                                               2-  
                              46  0.387520 4.400E+00      
                              44  0.296692 5.589E+00      
                              11  0.067471 5.935E-01      
                               8  0.086428 4.070E-01      
                               5  0.161888 3.060E-01      
  61   0.708600   6.0   -1  2                             JP                    
                               0  0.500000 0.000E+00     B
                               6  0.500000 0.000E+00     B
  62   0.729300   3.0   -1  6                                               3-  
                              47  0.597619 6.923E+00      
                              32  0.003254 4.719E-02      
                              30  0.205104 1.450E+00      
                              15  0.041607 6.902E-01      
                              10  0.059069 4.380E-01      
                               7  0.093347 2.910E-01      
  63   0.749000   6.0   -1  2                             JP                    
                               0  0.500000 0.000E+00     B
                               6  0.500000 0.000E+00     B
  64   0.754800   5.0    1  3                                             (5+)  
                              52  0.910991 1.063E+01      
                               6  0.040960 2.410E-01      
                               4  0.048049 1.947E-01      
  65   0.769100   7.0   -1  2                             JP                    
                              13  0.500000 0.000E+00     B
                              19  0.500000 0.000E+00     B
  66   0.773000   1.0    1  4                                             (1)+  
                              14  0.021650 1.928E-02      
                               9  0.067396 1.350E-02      
                               2  0.402290 1.560E-01      
                               1  0.508664 1.480E-01      
  67   0.778000   4.0   -1  6                                             (4-)  
                              47  0.462078 3.391E+00      
                              46  0.199819 2.483E+00      
                              27  0.028451 8.584E-01      
                              22  0.058188 2.459E-02      
                              16  0.118406 5.030E-01      
                              10  0.133058 3.330E-01      
  68   0.778300   2.0   -1  7                                             (2)-  
                              42  0.390370 1.950E+00      
                              37  0.026581 4.216E-02      
                              34  0.016407 3.577E-02      
                              26  0.014039 2.903E-02      
                              12  0.388946 3.810E-01      
                               2  0.084956 7.978E-03      
                               1  0.078700 7.720E-03      
  69   0.781000   2.0   -1  8                                             (2)-  
                              49  0.031488 8.705E-01      
                              46  0.390303 9.200E-01      
                              45  0.368730 2.110E+00      
                              44  0.119788 1.950E+00      
                              15  0.018590 4.908E-01      
                              14  0.008195 7.483E-02      
                               8  0.019837 2.494E-01      
                               3  0.043068 8.432E-03      
  70   0.786000   2.0   -1  2                                             (2-)  
                               1  0.500000 0.000E+00     B
                               3  0.500000 0.000E+00     B
  71   0.793100   4.0   -1  7                                             (4-)  
                              46  0.241102 2.101E+00      
                              44  0.069979 2.938E-01      
                              23  0.381199 6.540E-01      
                              16  0.056332 4.586E-01      
                              13  0.206535 4.057E-01      
                               7  0.044697 3.402E-02      
                               6  0.000156 9.700E-03      
  72   0.797100   2.0   -1  5                                             (2)-  
                              34  0.040622 3.176E-02      
                              12  0.434969 3.430E-01      
                              11  0.135037 3.300E-01      
                               7  0.079192 2.005E-01      
                               3  0.310179 8.067E-03      
  73   0.806900   3.0   -1  8                                             (3)-  
                              56  0.032119 1.815E-01      
                              35  0.087064 3.045E-02      
                              30  0.448922 7.670E-01      
                              18  0.071572 4.711E-01      
                              17  0.034249 1.757E-02      
                              11  0.105464 4.608E-02      
                               9  0.038718 2.585E-01      
                               7  0.181893 1.921E-01      
  74   0.823600   2.0   -1  5                                             (2)-  
                              27  0.195986 6.190E-01      
                              14  0.190146 5.966E-02      
                              12  0.166515 2.831E-01      
                               9  0.344673 2.520E-01      
                               3  0.102681 7.522E-03      
  75   0.830300   8.0    1  2                             JP                    
                              28  0.500000 0.000E+00     B
                              29  0.500000 0.000E+00     B
  76   0.834000   6.0    1  2                             JP                    
                               4  0.500000 0.000E+00     B
                              13  0.500000 0.000E+00     B
  77   0.838800   2.0    1  6                                             (2)+  
                              35  0.075862 1.121E-01      
                              32  0.453505 6.540E-01      
                               7  0.113082 8.826E-03      
                               5  0.047192 8.305E-03      
                               2  0.206169 1.152E-01      
                               1  0.104190 1.103E-01      
  78   0.840800   3.0    1  5                                             (3)+  
                              34  0.028034 1.082E-01      
                              32  0.072949 6.444E-01      
                              26  0.497311 5.480E-01      
                              25  0.321630 5.440E-01      
                              11  0.080075 6.039E-01      
  79   0.857300   3.0    1  8                                             (3+)  
                              59  0.325048 7.830E+00      
                              55  0.371048 3.492E+00      
                              40  0.204369 8.260E-01      
                              38  0.020145 7.287E-01      
                              22  0.026922 4.130E-01      
                              18  0.004736 1.510E-02      
                               3  0.020651 1.171E-01      
                               2  0.027081 1.079E-01      
  80   0.860000   9.0    1  2                             JP                    
                              20  0.500000 0.000E+00     B
                              33  0.500000 0.000E+00     B
  81   0.873200   2.0    1  9                                             (2+)  
                              69  0.016919 1.709E-01      
                              53  0.257490 2.085E+00      
                              46  0.009560 3.290E-02      
                              26  0.049708 4.491E-01      
                              24  0.066128 4.347E-01      
                               5  0.056646 7.575E-03      
                               4  0.153897 2.284E-02      
                               3  0.210934 1.170E-01      
                               2  0.178717 1.021E-01      
  82   0.878900   2.0   -1  8                                               2-  
                              68  0.466785 6.590E+00      
                              56  0.008456 7.662E-02      
                              45  0.213168 8.727E-01      
                              27  0.051852 4.367E-01      
                              25  0.036908 1.746E-02      
                               9  0.113921 1.858E-01      
                               7  0.086766 1.427E-01      
                               1  0.022144 6.048E-03      
  83   0.885000   7.0    1  2                             JP                    
                               0  0.500000 0.000E+00     B
                               6  0.500000 0.000E+00     B
  84   0.888800  10.0    1  2                             JP                    
                              28  0.500000 0.000E+00     B
                              54  0.500000 0.000E+00     B
  85   0.896500   8.0   -1  2                             JP                    
                               0  0.500000 0.000E+00     B
                              20  0.500000 0.000E+00     B
  86   0.909300   6.0    1  2                             JP                    
                               4  0.500000 0.000E+00     B
                              13  0.500000 0.000E+00     B
  87   0.916000   7.0   -1  2                             JP                    
                              13  0.500000 0.000E+00     B
                              19  0.500000 0.000E+00     B
  88   0.928300   9.0    1  2                             JP                    
                              20  0.500000 0.000E+00     B
                              33  0.500000 0.000E+00     B
  89   0.936000   6.0   -1  2                             JP                    
                               0  0.500000 0.000E+00     B
                               6  0.500000 0.000E+00     B
  90   0.946400   5.0    1  2                             JP                    
                               0  0.500000 0.000E+00     B
                               3  0.500000 0.000E+00     B
  91   0.956000   8.0   -1  2                             JP                    
                               0  0.500000 0.000E+00     B
                              20  0.500000 0.000E+00     B
  92   0.982000  10.0    1  2                             JP                    
                              28  0.500000 0.000E+00     B
                              54  0.500000 0.000E+00     B
  93   0.994700   7.0   -1  2                             JP                    
                              13  0.500000 0.000E+00     B
                              19  0.500000 0.000E+00     B
  94   1.010900  11.0    1  2                             JP                    
                              51  0.500000 0.000E+00     B
                              80  0.500000 0.000E+00     B
  95   1.025600   5.0   -1  2                             JP                    
                               4  0.500000 0.000E+00     B
                               8  0.500000 0.000E+00     B
  96   1.041500   6.0    1  2                             JP                    
                               4  0.500000 0.000E+00     B
                              13  0.500000 0.000E+00     B
  97   1.047500   9.0   -1  2                             JP                    
                              28  0.500000 0.000E+00     B
                              41  0.500000 0.000E+00     B
  98   1.058300   8.0    1  2                             JP                    
                              28  0.500000 0.000E+00     B
                              29  0.500000 0.000E+00     B
  99   1.066400   7.0   -1  2                             JP                    
                              13  0.500000 0.000E+00     B
                              19  0.500000 0.000E+00     B
 100   1.069000   5.0    1  2                             JP                    
                               0  0.500000 0.000E+00     B
                               3  0.500000 0.000E+00     B
 101   1.097000   6.0   -1  2                             JP                    
                               0  0.500000 0.000E+00     B
                               6  0.500000 0.000E+00     B
 102   1.125000  10.0    1  2                             JP                    
                              28  0.500000 0.000E+00     B
                              54  0.500000 0.000E+00     B
 103   1.142000   9.0   -1  2                             JP                    
                              28  0.500000 0.000E+00     B
                              41  0.500000 0.000E+00     B
 104   1.146400  11.0    1  2                             JP                    
                              51  0.500000 0.000E+00     B
                              80  0.500000 0.000E+00     B
 105   1.157000   8.0   -1  2                             JP                    
                               0  0.500000 0.000E+00     B
                              20  0.500000 0.000E+00     B
 106   1.179000   7.0    1  2                             JP                    
                               0  0.500000 0.000E+00     B
                               6  0.500000 0.000E+00     B
 107   1.203000   5.0   -1  2                             JP                    
                               4  0.500000 0.000E+00     B
                               8  0.500000 0.000E+00     B
 108   1.252000   6.0    1  2                             JP                    
                               4  0.500000 0.000E+00     B
                              13  0.500000 0.000E+00     B
 109   1.281000  12.0   -1  2                             JP                    
                              94  0.500000 0.000E+00     B
                             104  0.500000 0.000E+00     B
 110   1.335000  10.0    1  2                             JP                    
                              28  0.500000 0.000E+00     B
                              54  0.500000 0.000E+00     B
 111   1.357000   7.0   -1  2                             JP                    
                              13  0.500000 0.000E+00     B
                              19  0.500000 0.000E+00     B
 112  19.464001   0.0    1  2                                               0+  
                               2  0.500000 0.000E+00     B
                               5  0.500000 0.000E+00     B
  95 245  107   21                                                         245Am
   0   0.000000   2.5    1  0                   7.380E+03               (5/2)+  
   1   0.019200   3.5    1  1                                           (7/2)+  
                               0  1.000000 0.000E+00     B
   2   0.027930   2.5   -1  1                                           (5/2-)  
                               0  1.000000 3.820E+00      
   3   0.047070   4.5    1  1                                           (9/2+)  
                               0  1.000000 0.000E+00     B
   4   0.070430   3.5   -1  2                                           (7/2-)  
                               0  0.500000 0.000E+00     B
                               3  0.500000 0.000E+00     B
   5   0.087650   5.5    1  1                                          (11/2+)  
                               1  1.000000 0.000E+00     B
   6   0.124590   4.5   -1  2                                           (9/2-)  
                               1  0.500000 0.000E+00     B
                               2  0.500000 0.000E+00     B
   7   0.134510   6.5    1  1                                          (13/2+)  
                               3  1.000000 0.000E+00     B
   8   0.190820   5.5   -1  2                                          (11/2-)  
                               3  0.500000 0.000E+00     B
                               4  0.500000 0.000E+00     B
   9   0.327428   3.5    1  4                                             7/2+  
                               3  0.052538 1.180E+00      
                               2  0.000165 4.285E-02      
                               1  0.164781 1.000E+00      
                               0  0.782515 9.000E-01      
  10   0.395870   4.5    1  4                                             9/2+  
                               5  0.000000 1.299E+00      
                               3  0.264135 9.267E-01      
                               1  0.727207 7.510E-01      
                               0  0.008657 1.030E-01      
  11   0.475520   5.5    1  3                                            11/2+  
                               7  0.160691 9.856E-01      
                               5  0.338222 6.931E-01      
                               3  0.501087 5.284E-01      
  12   0.563100   6.5    1  2                                          (13/2+)  
                               7  0.500000 5.284E-01      
                               5  0.500000 3.992E-01      
  13   0.887470   3.5    1 10                                           (7/2+)  
                              11  0.039440 9.264E-02      
                              10  0.203589 5.920E-02      
                               9  0.395033 4.320E-02      
                               6  0.048166 6.480E-03      
                               5  0.109294 1.894E-02      
                               4  0.058745 5.733E-03      
                               3  0.102025 8.220E-02      
                               2  0.034475 5.244E-03      
                               1  0.009233 7.530E-02      
                               0  0.000000 7.125E-02      
  14   0.921010   5.5    1 10                             J       (9/2+,11/2+)  
                              12  0.071105 8.636E-01      
                              11  0.215086 4.757E-01      
                              10  0.146043 2.887E-01      
                               9  0.011603 3.450E-02      
                               8  0.061062 7.004E-03      
                               7  0.145257 9.808E-02      
                               6  0.082882 6.000E-03      
                               5  0.199574 8.416E-02      
                               3  0.050019 7.409E-02      
                               1  0.017369 1.505E-02      
  15   0.957530   4.5    1 11                                           (9/2)+  
                              11  0.002817 3.841E-01      
                              10  0.000000 2.428E-01      
                               9  0.414282 1.870E-01      
                               8  0.038719 6.421E-03      
                               7  0.000000 1.788E-02      
                               6  0.056490 5.539E-03      
                               5  0.008494 7.491E-02      
                               4  0.077216 4.962E-03      
                               3  0.170631 6.652E-02      
                               1  0.122611 6.141E-02      
                               0  0.108741 1.345E-02      
  16   0.987510   7.5   -1  7                             JP       (7/2+,9/2+)  
                              11  0.012550 0.000E+00      
                              10  0.062740 0.000E+00      
                               9  0.308900 0.000E+00      
                               4  0.028960 0.000E+00      
                               3  0.091700 0.000E+00      
                               1  0.012550 0.000E+00      
                               0  0.482600 0.000E+00      
  17   1.024220   1.5   -1  8                             JP       (7/2+,9/2-)  
                              11  0.031579 0.000E+00      
                              10  0.000000 0.000E+00      
                               9  0.081578 0.000E+00      
                               6  0.031579 0.000E+00      
                               4  0.015790 0.000E+00      
                               3  0.378889 0.000E+00      
                               2  0.197394 0.000E+00      
                               1  0.263192 0.000E+00      
  18   1.065300   8.5   -1  5                             JP                    
                              10  0.207510 0.000E+00      
                               9  0.132107 0.000E+00      
                               7  0.031452 0.000E+00      
                               5  0.000000 0.000E+00      
                               3  0.628931 0.000E+00      
  19   1.111200   9.5   -1  4                             JP                    
                               5  0.850343 0.000E+00      
                               4  0.011051 0.000E+00      
                               2  0.053573 0.000E+00      
                               0  0.085034 0.000E+00      
  20   1.185600   0.5   -1  4                             JP                    
                               7  0.044248 0.000E+00      
                               5  0.145993 0.000E+00      
                               3  0.367282 0.000E+00      
                               1  0.442478 0.000E+00      
  21   2.400000   7.5   -1  2                   6.400E-07 JP                    
                               7  0.500000 0.000E+00     B
                               8  0.500000 0.000E+00     B
  95 246    3    1                                                         246Am
   0   0.000000   7.0   -1  0                   2.340E+03                 (7-)  
   1   2.000000   0.0   -1  1                   7.300E-05 JP                    
                               0  1.000000 0.000E+00     B
  95 247    1    0                                                         247Am
   0   0.000000   2.5    1  0                   1.380E+03  P             (5/2)  
  95 248    1    0                                                         248Am
   0   0.000000   0.0    1  0                             JP                    
