  96 235    3    1                                                         235Cm
   0   0.000000   0.5    1  0                             JP                    
   1   0.040000   1.5    1  1                             JP                    
                               0  1.000000 0.000E+00     B
  96 236    1    0                                                         236Cm
   0   0.000000   0.0    1  0                                               0+  
  96 237    3    1                                                         237Cm
   0   0.000000   0.5    1  0                             JP                    
   1   0.190000   1.5    1  1                             JP                    
                               0  1.000000 0.000E+00     B
  96 238    3    1                                                         238Cm
   0   0.000000   0.0    1  0                   8.640E+03                   0+  
   1   0.035000   2.0    1  1                                               2+  
                               0  1.000000 0.000E+00     B
  96 239    3    1                                                         239Cm
   0   0.000000   3.5   -1  0                   1.040E+04               (7/2-)  
   1   0.220000   0.5    1  1                                           (1/2+)  
                               0  1.000000 0.000E+00     B
  96 240    7    3                                                         240Cm
   0   0.000000   0.0    1  0                   2.330E+06                   0+  
   1   0.038000   2.0    1  1                                               2+  
                               0  1.000000 0.000E+00     B
   2   2.000000   4.0    1  1                   1.000E-11 JP                    
                               1  1.000000 0.000E+00     B
   3   3.000000   5.0    1  1                   5.500E-08 JP                    
                               0  1.000000 0.000E+00     B
  96 241    3    1                                                         241Cm
   0   0.000000   0.5    1  0                   2.830E+06                 1/2+  
   1   2.300000   6.5    1  1                   1.530E-08 JP                    
                               0  1.000000 0.000E+00     B
  96 242    9    4                                                         242Cm
   0   0.000000   0.0    1  0                   1.410E+07                   0+  
   1   0.042130   2.0    1  1                                               2+  
                               0  1.000000 1.092E+03      
   2   0.138000   4.0    1  1                                               4+  
                               1  1.000000 2.318E+01      
   3   0.284000   6.0    1  1                                               6+  
                               2  1.000000 3.582E+00      
   4   2.800000   3.0    1  1                   1.800E-07 JP                    
                               0  1.000000 0.000E+00     B
  96 243   79   30                                                         243Cm
   0   0.000000   2.5    1  0                   9.180E+08                 5/2+  
   1   0.042000   3.5    1  1                                             7/2+  
                               0  1.000000 0.000E+00     B
   2   0.087400   0.5    1  1                   1.080E-06                 1/2+  
                               0  1.000000 3.600E+01      
   3   0.094000   4.5    1  1                                             9/2+  
                               0  1.000000 0.000E+00     B
   4   0.094000   1.5    1  1                                           (3/2+)  
                               1  1.000000 0.000E+00     B
   5   0.128000   3.5    1  2                                           (7/2+)  
                               1  0.500000 0.000E+00     B
                               4  0.500000 0.000E+00     B
   6   0.153000   5.5    1  2                             JP                    
                               1  0.500000 0.000E+00     B
                               5  0.500000 0.000E+00     B
   7   0.164000   6.5    1  1                             JP                    
                               3  1.000000 0.000E+00     B
   8   0.187000   4.5    1  2                                           (9/2+)  
                               0  0.500000 0.000E+00     B
                               3  0.500000 0.000E+00     B
   9   0.219000   7.5   -1  1                             JP                    
                               7  1.000000 0.000E+00     B
  10   0.228000   8.5   -1  1                             JP                    
                               0  1.000000 0.000E+00     B
  11   0.260000   4.5    1  2                                           (9/2+)  
                               0  0.500000 0.000E+00     B
                               3  0.500000 0.000E+00     B
  12   0.530000   9.5   -1  1                             JP                    
                               9  1.000000 0.000E+00     B
  13   0.729000   0.5   -1  1                                           (1/2-)  
                               4  1.000000 0.000E+00     B
  14   0.769000   5.5   -1  2                             JP                    
                               3  0.500000 0.000E+00     B
                               7  0.500000 0.000E+00     B
  15   0.798000  10.5   -1  1                             JP                    
                              10  1.000000 0.000E+00     B
  16   0.842000   2.5   -1  2                             JP                    
                               1  0.500000 0.000E+00     B
                               4  0.500000 0.000E+00     B
  17   0.860000   6.5   -1  2                             JP                    
                               6  0.500000 0.000E+00     B
                              10  0.500000 0.000E+00     B
  18   0.892000   7.5   -1  2                             JP                    
                               7  0.500000 0.000E+00     B
                               9  0.500000 0.000E+00     B
  19   0.904000   1.5   -1  2                             JP                    
                               0  0.500000 0.000E+00     B
                               2  0.500000 0.000E+00     B
  20   0.930000  11.5    1  1                             JP                    
                              15  1.000000 0.000E+00     B
  21   0.973000   3.5   -1  2                             JP                    
                               0  0.500000 0.000E+00     B
                               3  0.500000 0.000E+00     B
  22   1.015000   5.5    1  2                             JP                    
                               1  0.500000 0.000E+00     B
                               5  0.500000 0.000E+00     B
  23   1.023000   8.5   -1  2                             JP                    
                              10  0.500000 0.000E+00     B
                              15  0.500000 0.000E+00     B
  24   1.046000   2.5    1  2                             JP                    
                               0  0.500000 0.000E+00     B
                               2  0.500000 0.000E+00     B
  25   1.136000   6.5   -1  2                             JP                    
                               6  0.500000 0.000E+00     B
                              10  0.500000 0.000E+00     B
  26   1.217000  12.5    1  1                             JP                    
                               0  1.000000 0.000E+00     B
  27   1.222000   9.5   -1  2                             JP                    
                               9  0.500000 0.000E+00     B
                              12  0.500000 0.000E+00     B
  28   1.359000   4.5    1  2                             JP                    
                               0  0.500000 0.000E+00     B
                               3  0.500000 0.000E+00     B
  29   1.367000   7.5   -1  2                             JP                    
                               7  0.500000 0.000E+00     B
                               9  0.500000 0.000E+00     B
  30   1.900000   3.5    1  2                   4.200E-08 JP                    
                               1  0.500000 0.000E+00     B
                               4  0.500000 0.000E+00     B
  96 244   31   12                                                         244Cm
   0   0.000000   0.0    1  0                   5.710E+08                   0+  
   1   0.042965   2.0    1  1                   9.700E-11                   2+  
                               0  1.000000 1.060E+03      
   2   0.142348   4.0    1  1                                               4+  
                               1  1.000000 1.970E+01      
   3   0.296211   6.0    1  1                                               6+  
                               2  1.000000 2.880E+00      
   4   0.501787   8.0    1  1                                               8+  
                               3  1.000000 9.100E-01      
   5   0.970000   5.0    1  1                             JP           (2+,3-)  
                               0  1.000000 0.000E+00     B
   6   0.984915   0.0    1  2                                               0+  
                               1  0.500000 1.464E-02      
                               0  0.500000 0.000E+00      
   7   1.020760   2.0    1  1                                             (2+)  
                               1  1.000000 1.365E-02      
   8   1.038000   3.0    1  1                             JP           (2+,3-)  
                               5  1.000000 0.000E+00     B
   9   1.040180   6.0    1  3                   3.400E-02                   6+  
                               4  0.006821 5.000E-02      
                               3  0.724336 8.200E-02      
                               2  0.268844 1.720E-02      
  10   1.084200   7.0   -1  2                             JP            (1,2+)  
                               1  0.346400 0.000E+00      
                               0  0.653600 0.000E+00      
  11   1.105910   1.0   -1  2                             JP            (1,2-)  
                               1  0.869600 0.000E+00      
                               0  0.130400 0.000E+00      
  12   1.187000   9.0   -1  2                             JP           (2+,3-)  
                               4  0.500000 0.000E+00     B
                              10  0.500000 0.000E+00     B
  96 245  184   62                                                         245Cm
   0   0.000000   3.5    1  0                   2.680E+11                 7/2+  
   1   0.054810   4.5    1  1                   1.000E-10                 9/2+  
                               0  1.000000 2.250E+02      
   2   0.121600   5.5    1  2                                            11/2+  
                               1  0.975933 6.900E+01      
                               0  0.024067 7.793E+00      
   3   0.197400   6.5    1  1                                            13/2+  
                               2  1.000000 1.677E+01      
   4   0.252800   2.5    1  2                                             5/2+  
                               1  0.001936 1.050E+00      
                               0  0.998064 2.420E+00      
   5   0.295720   3.5    1  3                                             7/2+  
                               4  0.987414 8.304E+01      
                               1  0.009236 2.400E+00      
                               0  0.003350 1.540E+00      
   6   0.350640   4.5    1  2                                             9/2+  
                               5  0.956427 4.334E+01      
                               2  0.043573 3.232E+00      
   7   0.355900   0.5    1  1                   2.900E-07                 1/2+  
                               4  1.000000 1.670E+01      
   8   0.361400   1.5    1  2                                           (3/2+)  
                               0  0.500000 0.000E+00     B
                               5  0.500000 0.000E+00     B
   9   0.388180   4.5   -1  5                   4.500E-10                 9/2-  
                               6  0.001372 1.820E+00      
                               5  0.005244 1.740E-01      
                               2  0.009031 5.670E-02      
                               1  0.174097 3.500E-02      
                               0  0.810256 2.560E-02      
  10   0.416600   5.5    1  1                                            11/2+  
                               6  1.000000 2.516E+01      
  11   0.418700   2.5    1  2                                           (5/2+)  
                               1  0.500000 0.000E+00     B
                               4  0.500000 0.000E+00     B
  12   0.431000   3.5    1  2                                           (7/2+)  
                               0  0.500000 0.000E+00     B
                               2  0.500000 0.000E+00     B
  13   0.442840   5.5   -1  2                                            11/2-  
                               9  0.999898 1.360E+02      
                               2  0.000102 3.792E-02      
  14   0.498000   6.5    1  2                                            13/2+  
                               1  0.500000 0.000E+00     B
                               3  0.500000 0.000E+00     B
  15   0.509000   6.5   -1  2                                            13/2-  
                              13  0.500000 2.516E+01      
                               9  0.500000 8.032E+00      
  16   0.532000   4.5    1  2                                           (9/2+)  
                               1  0.500000 0.000E+00     B
                               3  0.500000 0.000E+00     B
  17   0.545000   7.5   -1  2                             JP                    
                               3  0.500000 0.000E+00     B
                              13  0.500000 0.000E+00     B
  18   0.555000   5.5    1  2                                          (11/2+)  
                               0  0.500000 0.000E+00     B
                               2  0.500000 0.000E+00     B
  19   0.558000   8.5   -1  1                             JP                    
                              15  1.000000 0.000E+00     B
  20   0.588000   7.5   -1  2                                          (15/2-)  
                               3  0.500000 0.000E+00     B
                              13  0.500000 0.000E+00     B
  21   0.598000   7.5    1  2                                          (15/2+)  
                               2  0.500000 0.000E+00     B
                              10  0.500000 0.000E+00     B
  22   0.633600   1.5   -1  2                                           (3/2)-  
                               8  0.005245 5.423E-02      
                               4  0.994755 2.660E-02      
  23   0.638000   9.5   -1  2                             JP                    
                              17  0.500000 0.000E+00     B
                              20  0.500000 0.000E+00     B
  24   0.643650   3.5   -1  4                                           (7/2-)  
                               9  0.899324 2.404E+00      
                               4  0.054648 2.522E-02      
                               1  0.007296 1.075E-02      
                               0  0.038732 9.152E-03      
  25   0.660000  10.5   -1  1                             JP                    
                              19  1.000000 0.000E+00     B
  26   0.661520   2.5   -1  2                                             5/2-  
                               5  0.664783 2.890E-02      
                               4  0.335217 2.300E-02      
  27   0.672000   8.5   -1  2                                          (17/2-)  
                              15  0.500000 0.000E+00     B
                              19  0.500000 0.000E+00     B
  28   0.701720   4.5   -1  2                                           (9/2-)  
                               5  0.652067 2.334E-02      
                               0  0.347933 7.855E-03      
  29   0.722000   3.5    1  2                                           (7/2+)  
                               0  0.500000 0.000E+00     B
                               2  0.500000 0.000E+00     B
  30   0.735000  11.5   -1  1                             JP                    
                              23  1.000000 0.000E+00     B
  31   0.740900   0.5    1  2                                           (1/2)+  
                               7  0.991090 7.740E-01      
                               4  0.008910 6.377E-02      
  32   0.769200   1.5    1  2                                           (3/2+)  
                              11  0.796924 1.000E+00      
                               8  0.203076 6.600E-01      
  33   0.772000   9.5   -1  2                             JP                    
                              17  0.500000 0.000E+00     B
                              20  0.500000 0.000E+00     B
  34   0.773000   5.5   -1  2                                          (11/2-)  
                               1  0.500000 0.000E+00     B
                               3  0.500000 0.000E+00     B
  35   0.782000   4.5    1  2                                           (9/2+)  
                               1  0.500000 0.000E+00     B
                               3  0.500000 0.000E+00     B
  36   0.791000   2.5    1  2                                           (5/2+)  
                               1  0.500000 0.000E+00     B
                               4  0.500000 0.000E+00     B
  37   0.838000   6.5   -1  2                             JP                    
                               2  0.500000 0.000E+00     B
                               9  0.500000 0.000E+00     B
  38   0.848000  12.5   -1  1                             JP                    
                              25  1.000000 0.000E+00     B
  39   0.853000   5.5    1  2                                          (11/2+)  
                               0  0.500000 0.000E+00     B
                               2  0.500000 0.000E+00     B
  40   0.856000   3.5    1  2                                           (7/2+)  
                               0  0.500000 0.000E+00     B
                               2  0.500000 0.000E+00     B
  41   0.866000   6.5   -1  2                                          (13/2-)  
                               2  0.500000 0.000E+00     B
                               9  0.500000 0.000E+00     B
  42   0.891000   4.5    1  2                                           (9/2+)  
                               1  0.500000 0.000E+00     B
                               3  0.500000 0.000E+00     B
  43   0.901000   8.5   -1  2                             JP                    
                              15  0.500000 0.000E+00     B
                              19  0.500000 0.000E+00     B
  44   0.908000   7.5   -1  2                             JP                    
                               3  0.500000 0.000E+00     B
                              13  0.500000 0.000E+00     B
  45   0.913000   0.5   -1  2                                           (1/2-)  
                               8  0.500000 0.000E+00     B
                              26  0.500000 0.000E+00     B
  46   0.936000   2.5   -1  2                             JP                    
                               0  0.500000 0.000E+00     B
                               5  0.500000 0.000E+00     B
  47   0.942000  10.5   -1  2                             JP                    
                              19  0.500000 0.000E+00     B
                              25  0.500000 0.000E+00     B
  48   0.956000   1.5   -1  2                             J       (3/2-, 5/2-)  
                               4  0.500000 0.000E+00     B
                               7  0.500000 0.000E+00     B
  49   0.972000  13.5    1  1                             JP                    
                              38  1.000000 0.000E+00     B
  50   0.980000   9.5    1  2                             JP                    
                              19  0.500000 0.000E+00     B
                              21  0.500000 0.000E+00     B
  51   0.995000   8.5   -1  2                             JP                    
                              15  0.500000 0.000E+00     B
                              19  0.500000 0.000E+00     B
  52   1.009000   7.5    1  2                             JP                    
                               2  0.500000 0.000E+00     B
                              10  0.500000 0.000E+00     B
  53   1.017000   2.5   -1  2                             JP                    
                               0  0.500000 0.000E+00     B
                               5  0.500000 0.000E+00     B
  54   1.042000   6.5    1  2                             JP                    
                               1  0.500000 0.000E+00     B
                               3  0.500000 0.000E+00     B
  55   1.050000   3.5   -1  2                             JP                    
                               1  0.500000 0.000E+00     B
                               4  0.500000 0.000E+00     B
  56   1.056000   5.5    1  2                             JP                    
                               0  0.500000 0.000E+00     B
                               2  0.500000 0.000E+00     B
  57   1.083000   1.5   -1  2                             JP                    
                               4  0.500000 0.000E+00     B
                               7  0.500000 0.000E+00     B
  58   1.103000  11.5    1  2                             JP                    
                              25  0.500000 0.000E+00     B
                              38  0.500000 0.000E+00     B
  59   1.259000  14.5   -1  2                             JP                    
                              38  0.500000 0.000E+00     B
                              49  0.500000 0.000E+00     B
  60   1.271000   4.5    1  2                             JP                    
                               1  0.500000 0.000E+00     B
                               3  0.500000 0.000E+00     B
  61   1.473000   2.5   -1  2                             JP                    
                               0  0.500000 0.000E+00     B
                               5  0.500000 0.000E+00     B
  62   2.100000   3.5    1  2                   1.320E-08 JP                    
                               0  0.500000 0.000E+00     B
                               2  0.500000 0.000E+00     B
  96 246  285   63                                                         246Cm
   0   0.000000   0.0    1  0                   1.490E+11                   0+  
   1   0.042852   2.0    1  1                   1.210E-10                   2+  
                               0  1.000000 1.080E+03      
   2   0.142010   4.0    1  1                                               4+  
                               1  1.000000 1.990E+01      
   3   0.294900   6.0    1  1                                               6+  
                               2  1.000000 2.900E+00      
   4   0.500400   8.0    1  1                                               8+  
                               3  1.000000 9.195E-01      
   5   0.841670   2.0   -1  1                                               2-  
                               1  1.000000 6.520E-03      
   6   0.876430   3.0   -1  3                                               3-  
                               5  0.000000 2.796E+03      
                               2  0.390962 7.570E-03      
                               1  0.609038 6.040E-03      
   7   0.923310   4.0   -1  3                                             (4)-  
                               6  0.000000 6.513E+02      
                               5  0.000000 5.000E+01      
                               2  1.000000 7.000E-03      
   8   0.980000   5.0   -1  2                                             (5-)  
                               2  0.500000 0.000E+00     B
                               3  0.500000 0.000E+00     B
   9   1.051700   6.0   -1  2                                             (6-)  
                               7  0.929301 6.300E+00      
                               3  0.070699 6.844E-03      
  10   1.059000   7.0    1  1                             JP                    
                               9  1.000000 0.000E+00     B
  11   1.078850   1.0   -1  3                                               1-  
                               5  0.026973 1.800E+00      
                               1  0.306254 4.140E-03      
                               0  0.666772 3.860E-03      
  12   1.104850   2.0   -1  4                                             (2)-  
                               5  0.010130 1.300E+00      
                               2  0.000038 1.357E-01      
                               1  0.989832 3.970E-03      
                               0  0.000000 9.380E-02      
  13   1.124270   2.0    1  3                                               2+  
                               2  0.022359 1.450E-02      
                               1  0.555474 1.133E-02      
                               0  0.422168 1.130E-02      
  14   1.128020   3.0   -1  3                                               3-  
                               6  0.002269 4.394E-01      
                               2  0.384753 4.293E-03      
                               1  0.612977 3.820E-03      
  15   1.129400   7.0   -1  1                                             (7-)  
                               4  1.000000 9.531E-03      
  16   1.165490   3.0    1  3                                             (3)+  
                               6  0.035448 4.749E-02      
                               2  0.276084 1.254E-02      
                               1  0.688467 1.130E-02      
  17   1.174740   0.0    1  2                                               0+  
                               1  1.000000 1.041E-02      
                               0  0.000000 0.000E+00      
  18   1.179200   8.0   -1  1                                             (8-)  
                               4  1.000000 8.298E-03      
  19   1.210530   2.0    1  2                                               2+  
                               1  0.887351 9.000E-01      
                               0  0.112649 9.210E-03      
  20   1.219900   4.0    1  2                                             (4+)  
                               3  0.711408 1.515E-02      
                               1  0.288592 9.690E-03      
  21   1.221000   5.0   -1  2                                             (5-)  
                               2  0.500000 0.000E+00     B
                               3  0.500000 0.000E+00     B
  22   1.249780   1.0   -1  5                                               1-  
                              11  0.816807 4.600E+00      
                               6  0.014112 1.300E-01      
                               5  0.010221 3.800E-01      
                               1  0.079438 3.190E-03      
                               0  0.079422 3.000E-03      
  23   1.289400   0.0    1  1                                               0+  
                               0  1.000000 0.000E+00      
  24   1.300440   3.0   -1  4                                             (3-)  
                               7  0.057672 1.248E-01      
                               6  0.077563 9.134E-02      
                               2  0.209790 3.263E-03      
                               1  0.654975 2.844E-03      
  25   1.317570   2.0    1  1                                             (2+)  
                               1  1.000000 3.600E-02      
  26   1.340160   3.0    1  2                                                   
                               2  0.746738 9.382E-03      
                               1  0.253262 8.115E-03      
  27   1.348860   1.0   -1  7                                               1-  
                              22  0.000000 1.990E+01      
                              12  0.374568 1.600E+00      
                              11  0.605699 1.700E+00      
                               6  0.003391 6.916E-02      
                               5  0.006059 5.136E-02      
                               1  0.000509 2.670E-03      
                               0  0.009774 2.660E-03      
  28   1.366630   2.0   -1  6                                             (2)-  
                              14  0.433595 1.800E+00      
                              12  0.311208 1.300E+00      
                              11  0.195300 1.000E+00      
                               7  0.001513 8.113E-02      
                               5  0.048922 3.330E-01      
                               1  0.009463 2.612E-03      
  29   1.379230   4.0    1  2                                             (4+)  
                               2  0.281032 8.848E-03      
                               1  0.718968 7.689E-03      
  30   1.397000   5.0   -1  2                                             (5-)  
                               2  0.500000 0.000E+00     B
                               3  0.500000 0.000E+00     B
  31   1.451890   1.0    1  5                                               1+  
                              17  0.110240 1.900E+00      
                              13  0.056821 7.000E-01      
                               5  0.298165 1.060E-02      
                               1  0.223543 6.983E-03      
                               0  0.311232 2.210E-02      
  32   1.478430   2.0    1  5                                             (2+)  
                              22  0.398698 8.100E-02      
                              19  0.081745 3.575E-01      
                               5  0.111183 9.322E-03      
                               2  0.169741 7.689E-03      
                               1  0.238633 6.751E-03      
  33   1.509280   3.0    1  6                                             (3+)  
                              20  0.075961 2.761E-01      
                              16  0.663342 6.000E-01      
                              14  0.015841 2.656E-02      
                               2  0.160388 7.370E-03      
                               1  0.076144 6.496E-03      
                               0  0.008323 5.226E-02      
  34   1.525930   3.0   -1 11                                               3-  
                              20  0.000758 4.207E-02      
                              16  0.034316 3.200E-02      
                              14  0.005705 1.076E-01      
                              13  0.157768 2.380E-02      
                              12  0.015067 9.266E-02      
                              11  0.000813 7.950E-02      
                               7  0.146924 5.400E-02      
                               6  0.234921 6.200E-02      
                               5  0.388949 8.200E-02      
                               2  0.003105 2.427E-03      
                               1  0.011675 2.165E-03      
  35   1.573740   1.0    1  2                                               1+  
                               1  0.333678 4.923E-03      
                               0  0.666322 1.409E-02      
  36   1.593700   2.0   -1 12                                               2-  
                              28  0.017293 6.271E-01      
                              27  0.006377 4.819E-01      
                              24  0.003190 2.641E-01      
                              22  0.029271 6.000E-01      
                              14  0.013004 7.166E-02      
                              13  0.004659 1.742E-02      
                              12  0.080139 4.040E-01      
                              11  0.069565 3.510E-01      
                               7  0.003839 2.831E-02      
                               6  0.147034 1.450E-01      
                               5  0.505424 1.800E-01      
                               1  0.120204 1.716E-03      
  37   1.601230   3.0    1  9                                             (3)+  
                              21  0.015018 2.204E+00      
                              13  0.043310 4.320E-01      
                               7  0.045280 8.323E-03      
                               6  0.214555 7.750E-03      
                               5  0.645317 7.130E-03      
                               3  0.007428 9.708E-02      
                               2  0.009475 6.553E-03      
                               1  0.016699 4.772E-03      
                               0  0.002917 4.468E-02      
  38   1.604170   1.0   -1  3                                             (1-)  
                              22  0.073363 5.600E-01      
                               1  0.446540 1.697E-03      
                               0  0.480097 1.623E-03      
  39   1.621500   3.0   -1  9                                               3-  
                              24  0.049021 7.500E-01      
                              16  0.012402 1.847E-02      
                              14  0.179922 3.940E-01      
                              12  0.009371 4.927E-02      
                               7  0.132411 1.550E-01      
                               6  0.282107 1.800E-01      
                               5  0.070650 1.160E-01      
                               2  0.197444 2.280E-03      
                               1  0.066672 1.667E-03      
  40   1.628910   6.0    1  2                             JP                    
                               2  0.285700 0.000E+00      
                               1  0.714300 0.000E+00      
  41   1.633530   2.0   -1  9                                             (2)-  
                              28  0.013112 3.575E-01      
                              26  0.006697 4.608E-02      
                              22  0.081275 7.810E-01      
                              19  0.005940 2.145E-02      
                              14  0.018102 5.171E-02      
                              12  0.036344 3.270E-01      
                              11  0.032649 2.800E-01      
                               5  0.091881 2.038E-02      
                               1  0.713999 1.646E-03      
  42   1.659190   1.0   -1  3                                             (1)-  
                              12  0.703121 2.880E-01      
                               1  0.055277 1.603E-03      
                               0  0.241602 0.000E+00      
  43   1.661660   1.0    1  5                                               1+  
                              19  0.007861 7.755E-02      
                              17  0.050009 4.078E-01      
                               5  0.009962 5.916E-03      
                               1  0.316710 4.466E-03      
                               0  0.615458 0.000E+00      
  44   1.671000   3.0   -1  8                                               3-  
                              21  0.005999 7.755E-02      
                              16  0.026096 1.432E-02      
                              14  0.142097 3.040E-01      
                              12  0.145132 2.720E-01      
                               7  0.054533 2.276E-02      
                               5  0.038988 1.863E-02      
                               2  0.471290 1.756E-03      
                               1  0.115865 1.584E-03      
  45   1.680820   2.0    1  4                                             (2)+  
                              20  0.022017 7.339E-02      
                               2  0.007719 4.878E-03      
                               1  0.963957 4.376E-03      
                               0  0.006307 0.000E+00      
  46   1.712390   3.0    1  2                                             (3+)  
                               2  0.497274 4.708E-03      
                               1  0.502726 0.000E+00      
  47   1.780810   2.0    1  6                                               2+  
                              28  0.036114 2.242E-02      
                              13  0.127958 8.200E-01      
                               6  0.192410 4.988E-03      
                               5  0.258700 4.671E-03      
                               1  0.371449 0.000E+00      
                               0  0.013368 0.000E+00      
  48   1.821760   5.0   -1  2                             JP                    
                               1  0.938091 0.000E+00      
                               0  0.061909 0.000E+00      
  49   1.836730   9.0   -1  3                             JP           (2+,1-)  
                               6  0.518664 0.000E+00      
                               1  0.035268 0.000E+00      
                               0  0.446069 0.000E+00      
  50   1.856570   3.0    1  5                                             (3+)  
                              33  0.982688 6.000E+00      
                              20  0.000000 3.142E-02      
                              13  0.013240 2.370E-02      
                               2  0.001805 0.000E+00      
                               1  0.002266 0.000E+00      
  51   1.870210   7.0   -1  3                             JP                    
                              23  0.294915 0.000E+00      
                               1  0.670233 0.000E+00      
                               0  0.034852 0.000E+00      
  52   1.875520   6.0    1  3                             JP                    
                              13  0.963390 0.000E+00      
                               1  0.013490 0.000E+00      
                               0  0.023120 0.000E+00      
  53   1.886770   1.0    1  4                                               1+  
                              31  0.516138 1.200E+00      
                               5  0.223920 3.885E-03      
                               1  0.108871 0.000E+00      
                               0  0.151071 0.000E+00      
  54   1.898080   2.0    1  4                                             (2+)  
                              16  0.824539 2.370E-02      
                               2  0.073178 0.000E+00      
                               1  0.078681 0.000E+00      
                               0  0.023601 0.000E+00      
  55   1.901320   4.0   -1  2                             JP             (3,2)  
                               2  0.965252 0.000E+00      
                               1  0.034748 0.000E+00      
  56   1.906120   5.0   -1  2                             JP                    
                               2  0.487200 0.000E+00      
                               1  0.512800 0.000E+00      
  57   1.909320   7.0   -1  2                             JP             (1,2)  
                               1  0.775200 0.000E+00      
                               0  0.224800 0.000E+00      
  58   1.924560  10.0    1  2                             JP             (1,2)  
                               1  0.476400 0.000E+00      
                               0  0.523600 0.000E+00      
  59   1.947090   6.0   -1  3                             JP             (2,3)  
                              39  0.740774 0.000E+00      
                               2  0.111111 0.000E+00      
                               1  0.148115 0.000E+00      
  60   1.983350   8.0    1  4                             JP                    
                              46  0.277211 0.000E+00      
                              39  0.676127 0.000E+00      
                               1  0.030431 0.000E+00      
                               0  0.016231 0.000E+00      
  61   2.032500   9.0   -1  4                             JP             (1,2)  
                              43  0.286697 0.000E+00      
                              31  0.573394 0.000E+00      
                               1  0.071099 0.000E+00      
                               0  0.068809 0.000E+00      
  62   2.146050   4.0    1  2                             JP             (1,2)  
                               1  0.337700 0.000E+00      
                               0  0.662300 0.000E+00      
  63   2.171420   5.0   -1  3                             JP             (2,3)  
                              36  0.774600 0.000E+00      
                               2  0.106900 0.000E+00      
                               1  0.118500 0.000E+00      
  96 247  154   56                                                         247Cm
   0   0.000000   4.5   -1  0                   4.920E+14                 9/2-  
   1   0.061500   5.5   -1  1                                            11/2-  
                               0  1.000000 3.090E+01      
   2   0.135000   6.5   -1  1                                            13/2-  
                               0  1.000000 5.003E+00      
   3   0.217000   7.5   -1  1                                            15/2-  
                               1  1.000000 0.000E+00     B
   4   0.227000   2.5    1  1                   2.500E-05                 5/2+  
                               0  1.000000 1.210E+01      
   5   0.266000   3.5    1  1                                           (7/2+)  
                               0  1.000000 5.704E-02      
   6   0.285000   3.5    1  1                                           (7/2+)  
                               0  1.000000 4.910E-02      
   7   0.309000   1.5    1  2                             JP                    
                               5  0.500000 0.000E+00     B
                               6  0.500000 0.000E+00     B
   8   0.318000   4.5    1  2                                           (9/2+)  
                               1  0.500000 0.000E+00     B
                               4  0.500000 0.000E+00     B
   9   0.336000   8.5   -1  1                             JP                    
                               2  1.000000 0.000E+00     B
  10   0.344000   4.5    1  2                                           (9/2+)  
                               1  0.500000 0.000E+00     B
                               4  0.500000 0.000E+00     B
  11   0.370000   9.5   -1  1                             JP                    
                               3  1.000000 0.000E+00     B
  12   0.381000   5.5    1  2                                          (11/2+)  
                               0  0.500000 0.000E+00     B
                               2  0.500000 0.000E+00     B
  13   0.398000   0.5   -1  1                             JP                    
                               7  1.000000 0.000E+00     B
  14   0.403600   0.5    1  1                                             1/2+  
                               4  1.000000 1.640E+00      
  15   0.417000  10.5   -1  1                             JP                    
                               9  1.000000 0.000E+00     B
  16   0.433000   1.5    1  2                                           (3/2+)  
                               5  0.500000 0.000E+00     B
                               6  0.500000 0.000E+00     B
  17   0.439000   2.5   -1  2                             JP                    
                               0  0.500000 0.000E+00     B
                               5  0.500000 0.000E+00     B
  18   0.449000   2.5    1  2                                           (5/2+)  
                               4  0.500000 0.000E+00     B
                               8  0.500000 0.000E+00     B
  19   0.479000   6.5   -1  2                             JP                    
                               0  0.500000 0.000E+00     B
                               2  0.500000 0.000E+00     B
  20   0.506000   0.5    1  2                                           (1/2+)  
                               4  0.500000 0.000E+00     B
                              14  0.500000 0.000E+00     B
  21   0.518000   3.5    1  1                                           (7/2+)  
                               4  1.000000 1.672E+00      
  22   0.520000   1.5    1  2                                           (3/2+)  
                               5  0.500000 0.000E+00     B
                               6  0.500000 0.000E+00     B
  23   0.550000   4.5    1  2                                           (9/2+)  
                               1  0.500000 0.000E+00     B
                               4  0.500000 0.000E+00     B
  24   0.582000   7.5   -1  2                             JP                    
                               1  0.500000 0.000E+00     B
                               3  0.500000 0.000E+00     B
  25   0.584000   5.5   -1  2                             JP                    
                               1  0.500000 0.000E+00     B
                               3  0.500000 0.000E+00     B
  26   0.592000   8.5   -1  2                             JP                    
                               2  0.500000 0.000E+00     B
                               9  0.500000 0.000E+00     B
  27   0.604000   3.5    1  2                                           (7/2+)  
                               0  0.500000 0.000E+00     B
                               5  0.500000 0.000E+00     B
  28   0.668000   6.5   -1  2                             JP                    
                               0  0.500000 0.000E+00     B
                               2  0.500000 0.000E+00     B
  29   0.687000  11.5   -1  1                             JP                    
                              11  1.000000 0.000E+00     B
  30   0.699000   4.5    1  2                                           (9/2+)  
                               1  0.500000 0.000E+00     B
                               4  0.500000 0.000E+00     B
  31   0.749000   7.5   -1  2                             JP                    
                               1  0.500000 0.000E+00     B
                               3  0.500000 0.000E+00     B
  32   0.784000   5.5   -1  2                             JP                    
                               1  0.500000 0.000E+00     B
                               3  0.500000 0.000E+00     B
  33   0.803000   9.5    1  2                             JP                    
                               9  0.500000 0.000E+00     B
                              15  0.500000 0.000E+00     B
  34   0.819000  12.5   -1  1                             JP                    
                              15  1.000000 0.000E+00     B
  35   0.856000   2.5    1  2                             JP                    
                               4  0.500000 0.000E+00     B
                               8  0.500000 0.000E+00     B
  36   0.897000   6.5   -1  2                             JP                    
                               0  0.500000 0.000E+00     B
                               2  0.500000 0.000E+00     B
  37   0.947000   8.5    1  2                             JP                    
                               3  0.500000 0.000E+00     B
                              11  0.500000 0.000E+00     B
  38   0.957000   3.5   -1  2                             JP                    
                               1  0.500000 0.000E+00     B
                               4  0.500000 0.000E+00     B
  39   0.988000   5.5    1  2                             JP                    
                               0  0.500000 0.000E+00     B
                               2  0.500000 0.000E+00     B
  40   1.001000   7.5   -1  2                             JP                    
                               1  0.500000 0.000E+00     B
                               3  0.500000 0.000E+00     B
  41   1.044000  10.5    1  2                             JP                    
                              11  0.500000 0.000E+00     B
                              29  0.500000 0.000E+00     B
  42   1.064000  13.5   -1  1                             JP                    
                              29  1.000000 0.000E+00     B
  43   1.079000   2.5    1  2                             JP                    
                               4  0.500000 0.000E+00     B
                               8  0.500000 0.000E+00     B
  44   1.091000   6.5   -1  2                             JP                    
                               0  0.500000 0.000E+00     B
                               2  0.500000 0.000E+00     B
  45   1.159000   4.5    1  2                             JP                    
                               1  0.500000 0.000E+00     B
                               4  0.500000 0.000E+00     B
  46   1.182000   1.5   -1  2                             JP                    
                               4  0.500000 0.000E+00     B
                              14  0.500000 0.000E+00     B
  47   1.199000   3.5    1  2                             JP                    
                               0  0.500000 0.000E+00     B
                               5  0.500000 0.000E+00     B
  48   1.239000   5.5   -1  2                             JP                    
                               1  0.500000 0.000E+00     B
                               3  0.500000 0.000E+00     B
  49   1.247000   9.5    1  2                             JP                    
                               9  0.500000 0.000E+00     B
                              15  0.500000 0.000E+00     B
  50   1.271000   8.5   -1  2                             JP                    
                               2  0.500000 0.000E+00     B
                               9  0.500000 0.000E+00     B
  51   1.283000   7.5    1  2                             JP                    
                               2  0.500000 0.000E+00     B
                               9  0.500000 0.000E+00     B
  52   1.317000   2.5   -1  2                             JP                    
                               0  0.500000 0.000E+00     B
                               5  0.500000 0.000E+00     B
  53   1.356000   4.5    1  2                             JP                    
                               1  0.500000 0.000E+00     B
                               4  0.500000 0.000E+00     B
  54   1.364000   6.5   -1  2                             JP                    
                               0  0.500000 0.000E+00     B
                               2  0.500000 0.000E+00     B
  55   1.372000   3.5    1  2                             JP                    
                               0  0.500000 0.000E+00     B
                               5  0.500000 0.000E+00     B
  56   1.512000   5.5   -1  2                             JP                    
                               1  0.500000 0.000E+00     B
                               3  0.500000 0.000E+00     B
  96 248   81   32                                                         248Cm
   0   0.000000   0.0    1  0                   1.070E+13                   0+  
   1   0.043380   2.0    1  1                   1.210E-10                   2+  
                               0  1.000000 1.020E+03      
   2   0.143800   4.0    1  1                   7.800E-11                   4+  
                               1  1.000000 1.880E+01      
   3   0.298800   6.0    1  1                   3.300E-11                   6+  
                               2  1.000000 2.790E+00      
   4   0.506000   8.0    1  1                   1.320E-11                   8+  
                               3  1.000000 8.840E-01      
   5   0.761900  10.0    1  1                   9.400E-12                  10+  
                               4  1.000000 4.140E-01      
   6   1.049000   2.0    1  2                                             (2+)  
                               0  0.500000 0.000E+00     B
                               1  0.500000 0.000E+00     B
   7   1.049000   1.0   -1  2                                             (1-)  
                               0  0.500000 0.000E+00     B
                               1  0.500000 0.000E+00     B
   8   1.062800  12.0    1  1                   3.800E-12                  12+  
                               5  1.000000 2.430E-01      
   9   1.084000   0.0    1  2                                               0+  
                               0  0.500000 0.000E+00     B
                               1  0.500000 0.000E+00     B
  10   1.094000   3.0   -1  2                                               3-  
                               1  0.500000 0.000E+00     B
                               2  0.500000 0.000E+00     B
  11   1.126000   2.0    1  2                                             (2+)  
                               0  0.500000 0.000E+00     B
                               1  0.500000 0.000E+00     B
  12   1.143000   4.0    1  2                                             (4+)  
                               1  0.500000 0.000E+00     B
                               2  0.500000 0.000E+00     B
  13   1.172000   5.0   -1  2                                             (5-)  
                               2  0.500000 0.000E+00     B
                               3  0.500000 0.000E+00     B
  14   1.222000   4.0    1  2                                             (4+)  
                               1  0.500000 0.000E+00     B
                               2  0.500000 0.000E+00     B
  15   1.235000   3.0   -1  2                                             (3-)  
                               1  0.500000 0.000E+00     B
                               2  0.500000 0.000E+00     B
  16   1.302000   3.0   -1  2                                             (3-)  
                               1  0.500000 0.000E+00     B
                               2  0.500000 0.000E+00     B
  17   1.314000   7.0   -1  2                             JP                    
                               3  0.500000 0.000E+00     B
                               4  0.500000 0.000E+00     B
  18   1.353000   5.0   -1  2                             JP                    
                               2  0.500000 0.000E+00     B
                               3  0.500000 0.000E+00     B
  19   1.394000   9.0   -1  2                             JP                    
                               4  0.500000 0.000E+00     B
                               5  0.500000 0.000E+00     B
  20   1.404300  14.0    1  1                   1.680E-12                  14+  
                               8  1.000000 1.650E-01      
  21   1.435000   6.0   -1  1                             JP                    
                               0  1.000000 0.000E+00     B
  22   1.464000   7.0   -1  2                             JP                    
                               3  0.500000 0.000E+00     B
                               4  0.500000 0.000E+00     B
  23   1.482000   3.0   -1  2                                             (3-)  
                               1  0.500000 0.000E+00     B
                               2  0.500000 0.000E+00     B
  24   1.649000   5.0   -1  2                             JP                    
                               2  0.500000 0.000E+00     B
                               3  0.500000 0.000E+00     B
  25   1.781600  16.0    1  1                   1.460E-12                  16+  
                              20  1.000000 1.240E-01      
  26   2.189700  18.0    1  1                   9.800E-13                  18+  
                              25  1.000000 1.000E-01      
  27   2.623600  20.0    1  1                   7.100E-13                  20+  
                              26  1.000000 8.550E-02      
  28   3.079400  22.0    1  1                   4.300E-13                  22+  
                              27  1.000000 7.550E-02      
  29   3.554800  24.0    1  1                   4.000E-13                  24+  
                              28  1.000000 6.800E-02      
  30   4.049800  26.0    1  1                                              26+  
                              29  1.000000 6.170E-02      
  31   4.566100  28.0    1  1                                              28+  
                              30  1.000000 5.510E-02      
  32   5.107900  30.0    1  1                                            (30+)  
                              31  1.000000 4.930E-02      
  96 249  135   42                                                         249Cm
   0   0.000000   0.5    1  0                   3.850E+03               1/2(+)  
   1   0.026234   1.5    1  1                                           3/2(+)  
                               0  1.000000 3.555E+02      
   2   0.048203   2.5    1  1                                           5/2(+)  
                               0  1.000000 0.000E+00     B
   3   0.048743   3.5    1  1                   2.300E-05               (7/2+)  
                               1  1.000000 1.700E+04      
   4   0.109000   4.5    1  1                                           (9/2+)  
                               3  1.000000 3.272E+01      
   5   0.110157   3.5    1  1                                           (7/2+)  
                               1  1.000000 4.358E+01      
   6   0.146000   4.5    1  2                                           (9/2+)  
                               2  0.500000 0.000E+00     B
                               4  0.500000 0.000E+00     B
   7   0.207995   1.5    1  5                                           (3/2+)  
                               5  0.520642 2.126E+01      
                               3  0.029028 2.497E+00      
                               2  0.213939 8.998E+00      
                               1  0.128558 6.241E+00      
                               0  0.107833 4.264E+00      
   8   0.220000   4.5    1  2                                           (9/2+)  
                               2  0.500000 0.000E+00     B
                               4  0.500000 0.000E+00     B
   9   0.242010   2.5    1  3                                           (5/2+)  
                               3  0.406755 5.249E+00      
                               2  0.581317 5.205E+00      
                               0  0.011928 5.023E-01      
  10   0.288989   3.5    1  2                                           (7/2+)  
                               3  0.388714 2.848E+00      
                               2  0.611286 2.830E+00      
  11   0.300000   5.5    1  2                                          (11/2+)  
                               3  0.500000 0.000E+00     B
                               5  0.500000 0.000E+00     B
  12   0.350000   4.5    1  2                                           (9/2+)  
                               2  0.500000 0.000E+00     B
                               4  0.500000 0.000E+00     B
  13   0.470214   1.5   -1  3                                           (3/2-)  
                               2  0.525519 2.159E-02      
                               1  0.036636 1.949E-02      
                               0  0.437845 1.739E-02      
  14   0.494486   0.5   -1  2                                           (1/2-)  
                               1  0.432630 1.753E-02      
                               0  0.567370 1.575E-02      
  15   0.498000   3.5   -1  2                                           (7/2-)  
                               2  0.500000 0.000E+00     B
                               4  0.500000 0.000E+00     B
  16   0.529614   2.5    1  2                                           (5/2+)  
                              10  0.902477 2.836E+00      
                               7  0.097523 1.265E+00      
  17   0.546857   2.5   -1  3                                           (5/2-)  
                              13  0.988125 1.624E+01      
                              10  0.009597 6.113E-02      
                               7  0.002278 3.379E-02      
  18   0.578431   3.5    1  1                                           (7/2+)  
                               5  1.000000 4.541E-01      
  19   0.634000   4.5    1  2                                           (9/2+)  
                               2  0.500000 0.000E+00     B
                               4  0.500000 0.000E+00     B
  20   0.688000   6.5   -1  1                             JP                    
                              11  1.000000 0.000E+00     B
  21   0.772760   1.5   -1  6                                           (3/2-)  
                              17  0.394141 3.376E+00      
                              14  0.127027 1.894E+00      
                              13  0.257356 1.500E+00      
                               9  0.050036 1.300E-02      
                               2  0.109957 7.386E-03      
                               0  0.061483 6.581E-03      
  22   0.818884   2.5   -1  3                                           (5/2-)  
                              18  0.065449 7.128E-02      
                              17  0.383134 2.017E+00      
                              13  0.551416 1.015E+00      
  23   0.858910   7.5   -1  2                             JP         (1/2,3/2)  
                              17  0.180300 0.000E+00      
                               1  0.819700 0.000E+00      
  24   0.870000   3.5   -1  2                                           (7/2-)  
                               2  0.500000 0.000E+00     B
                               4  0.500000 0.000E+00     B
  25   0.917550   0.5   -1  3                                           (1/2-)  
                              14  0.449952 5.990E-01      
                              13  0.243480 5.142E-01      
                               1  0.306568 5.117E-03      
  26   0.963110   1.5   -1  2                                           (3/2-)  
                               2  0.641196 4.890E-03      
                               0  0.358804 4.472E-03      
  27   0.971170   2.5   -1  2                                           (5/2-)  
                              16  0.191271 1.971E-02      
                               5  0.808729 5.439E-03      
  28   1.011300   5.5   -1  2                             JP         (1/2,3/2)  
                               4  0.500000 0.000E+00     B
                               6  0.500000 0.000E+00     B
  29   1.030000   4.5   -1  2                                           (9/2-)  
                               3  0.500000 0.000E+00     B
                               5  0.500000 0.000E+00     B
  30   1.047810   6.5   -1  4                             JP         (1/2,3/2)  
                              27  0.201996 0.000E+00      
                              26  0.206896 0.000E+00      
                              25  0.492590 0.000E+00      
                              22  0.098518 0.000E+00      
  31   1.153350   8.5   -1  4                             JP         (1/2,3/2)  
                              27  0.096051 0.000E+00      
                              17  0.098871 0.000E+00      
                              13  0.098871 0.000E+00      
                               1  0.706207 0.000E+00      
  32   1.175900   7.5    1  3                             JP         (1/2,3/2)  
                              13  0.221700 0.000E+00      
                               7  0.325800 0.000E+00      
                               0  0.452500 0.000E+00      
  33   1.203600   5.5   -1  2                             JP         (1/2,3/2)  
                               4  0.500000 0.000E+00     B
                               6  0.500000 0.000E+00     B
  34   1.263300   9.5    1  2                             JP         (1/2,3/2)  
                              31  0.500000 0.000E+00     B
                              32  0.500000 0.000E+00     B
  35   1.269310   6.5   -1  1                             JP         (1/2,3/2)  
                               0  1.000000 0.000E+00      
  36   1.314400   8.5    1  1                             JP         (1/2,3/2)  
                              23  1.000000 0.000E+00     B
  37   1.353000  10.5   -1  2                             JP                    
                              31  0.500000 0.000E+00     B
                              34  0.500000 0.000E+00     B
  38   1.382000   5.5    1  2                             JP                    
                               3  0.500000 0.000E+00     B
                               5  0.500000 0.000E+00     B
  39   1.528000   7.5   -1  2                             JP                    
                              23  0.500000 0.000E+00     B
                              28  0.500000 0.000E+00     B
  40   1.550000   6.5    1  2                             JP                    
                               4  0.500000 0.000E+00     B
                               6  0.500000 0.000E+00     B
  41   1.570000   9.5   -1  2                             JP                    
                              23  0.500000 0.000E+00     B
                              36  0.500000 0.000E+00     B
  42   1.650000  11.5    1  2                             JP                    
                              34  0.500000 0.000E+00     B
                              37  0.500000 0.000E+00     B
  96 250    3    1                                                         250Cm
   0   0.000000   0.0    1  0                   2.840E+11                   0+  
   1   0.043000   2.0    1  1                                               2+  
                               0  1.000000 0.000E+00     B
  96 251    1    0                                                         251Cm
   0   0.000000   0.5    1  0                   1.010E+03               (1/2+)  
  96 252    1    0                                                         252Cm
   0   0.000000   0.0    1  0                   1.730E+05                   0+  
