  97 239    3    1                                                         239Bk
   0   0.000000   3.5    1  0                                           (7/2+)  
   1   0.041000   1.5   -1  1                                           (3/2-)  
                               0  1.000000 0.000E+00     B
  97 240    3    1                                                         240Bk
   0   0.000000   0.0    1  0                   2.880E+02 JP                    
   1   0.236000   1.0    1  1                             JP                    
                               0  1.000000 0.000E+00     B
  97 241    7    3                                                         241Bk
   0   0.000000   3.5    1  0                                           (7/2+)  
   1   0.051000   1.5   -1  1                                           (3/2-)  
                               0  1.000000 0.000E+00     B
   2   0.082000   2.5   -1  1                                           (5/2-)  
                               0  1.000000 0.000E+00     B
   3   0.128000   3.5   -1  1                                           (7/2-)  
                               1  1.000000 0.000E+00     B
  97 242    3    1                                                         242Bk
   0   0.000000   0.0    1  0                   4.200E+02 JP                    
   1   0.330000   1.0    1  1                             JP                    
                               0  1.000000 0.000E+00     B
  97 243    3    1                                                         243Bk
   0   0.000000   1.5   -1  0                   1.620E+04               (3/2-)  
   1   2.200000   2.5    1  1                   5.000E-09 JP                    
                               0  1.000000 0.000E+00     B
  97 244    3    1                                                         244Bk
   0   0.000000   1.0   -1  0                   1.570E+04                 (1-)  
   1   0.170000   0.0   -1  1                             JP                    
                               0  1.000000 0.000E+00     B
  97 245    3    1                                                         245Bk
   0   0.000000   1.5   -1  0                   4.270E+05                 3/2-  
   1   1.560000   5.5    1  1                   2.000E-09 JP                    
                               0  1.000000 0.000E+00     B
  97 246    1    0                                                         246Bk
   0   0.000000   2.0   -1  0                   1.560E+05                 2(-)  
  97 247   71   24                                                         247Bk
   0   0.000000   1.5   -1  0                   4.350E+10               (3/2-)  
   1   0.029900   2.5   -1  1                                           (5/2-)  
                               0  1.000000 2.679E+02      
   2   0.040800   3.5    1  2                                             7/2+  
                               1  0.500000 9.512E+00      
                               0  0.500000 6.331E+03      
   3   0.071600   3.5   -1  1                                           (7/2-)  
                               0  1.000000 0.000E+00     B
   4   0.082800   4.5    1  1                                           (9/2)+  
                               2  1.000000 9.815E+01      
   5   0.125500   4.5   -1  2                                           (9/2-)  
                               1  0.500000 0.000E+00     B
                               2  0.500000 0.000E+00     B
   6   0.137000   5.5    1  2                                          (11/2+)  
                               2  0.500000 0.000E+00     B
                               5  0.500000 0.000E+00     B
   7   0.196000   6.5    1  1                                          (13/2+)  
                               4  1.000000 0.000E+00     B
   8   0.265000   7.5    1  1                                          (15/2+)  
                               6  1.000000 0.000E+00     B
   9   0.334900   2.5    1  3                                           (5/2)+  
                               2  0.994736 1.780E+00      
                               1  0.001261 4.342E-02      
                               0  0.004003 3.573E-02      
  10   0.378100   3.5    1  1                                           (7/2+)  
                               2  1.000000 1.221E+00      
  11   0.447800   2.5   -1  4                                           (5/2-)  
                               3  0.117735 9.041E-01      
                               2  0.092407 2.400E-02      
                               1  0.351228 5.000E-01      
                               0  0.438631 3.200E-01      
  12   0.487000   0.5    1  2                                           (1/2+)  
                               0  0.500000 0.000E+00     B
                               9  0.500000 0.000E+00     B
  13   0.489400   3.5   -1  3                                           (7/2-)  
                               5  0.630331 9.904E-01      
                               3  0.000000 6.786E-01      
                               1  0.369669 5.242E-01      
  14   0.518000   1.5    1  2                                           (3/2+)  
                               1  0.500000 0.000E+00     B
                               2  0.500000 0.000E+00     B
  15   0.541000   4.5   -1  2                                           (9/2-)  
                               1  0.500000 0.000E+00     B
                               2  0.500000 0.000E+00     B
  16   0.587000   6.5    1  2                                          (13/2+)  
                               4  0.500000 0.000E+00     B
                               7  0.500000 0.000E+00     B
  17   0.704000   0.5   -1  2                                           (1/2-)  
                               1  0.500000 0.000E+00     B
                              11  0.500000 0.000E+00     B
  18   0.743000   2.5   -1  2                                           (5/2-)  
                               1  0.500000 0.000E+00     B
                               2  0.500000 0.000E+00     B
  19   0.815000   3.5   -1  2                                           (7/2-)  
                               0  0.500000 0.000E+00     B
                               3  0.500000 0.000E+00     B
  20   0.828000   4.5   -1  2                                           (9/2-)  
                               1  0.500000 0.000E+00     B
                               2  0.500000 0.000E+00     B
  21   0.904000   4.5   -1  2                                           (9/2-)  
                               1  0.500000 0.000E+00     B
                               2  0.500000 0.000E+00     B
  22   0.983000   5.5    1  2                             JP                    
                               2  0.500000 0.000E+00     B
                               5  0.500000 0.000E+00     B
  23   1.149000   8.5    1  2                             JP                    
                               7  0.500000 0.000E+00     B
                              16  0.500000 0.000E+00     B
  24   1.166000   6.5    1  2                                          (13/2+)  
                               4  0.500000 0.000E+00     B
                               7  0.500000 0.000E+00     B
  97 248   53   20                                                         248Bk
   0   0.000000   6.0    1  0                   2.840E+08                 (6+)  
   1   0.000000   1.0   -1  1                   8.530E+04                 1(-)  
                               0  1.000000 0.000E+00     B
   2   0.070640   7.0    1  1                                             (7+)  
                               0  1.000000 1.060E+02      
   3   0.135060   8.0   -1  1                                             (8-)  
                               2  1.000000 4.580E-01      
   4   0.144000   7.0   -1  1                                                   
                               0  1.000000 2.341E-01      
   5   0.151320   8.0    1  2                                             (8+)  
                               2  0.987380 5.700E+01      
                               0  0.012620 3.350E+00      
   6   0.171500   4.0   -1  1                             J         (4-,5-,6-)  
                               0  1.000000 0.000E+00     B
   7   0.178000   5.0   -1  2                             JP                    
                               0  0.500000 0.000E+00     B
                               4  0.500000 0.000E+00     B
   8   0.212600   4.0   -1  1                             J         (4-,5-,6-)  
                               6  1.000000 0.000E+00     B
   9   0.262000   3.0    1  2                             JP                    
                               6  0.500000 0.000E+00     B
                               8  0.500000 0.000E+00     B
  10   0.339000   2.0    1  1                             JP                    
                               1  1.000000 0.000E+00     B
  11   0.372000   8.0   -1  2                                                   
                               7  0.800108 5.700E+00      
                               4  0.199892 3.600E+00      
  12   0.399700   6.0    1  1                             J         (5+,6+,7+)  
                               0  1.000000 7.660E-01      
  13   0.424000   9.0    1  2                             JP                    
                               2  0.500000 0.000E+00     B
                               3  0.500000 0.000E+00     B
  14   0.458000   5.0   -1  2                             JP                    
                               0  0.500000 0.000E+00     B
                               4  0.500000 0.000E+00     B
  15   0.483000   3.0    1  2                             JP                    
                               6  0.500000 0.000E+00     B
                               8  0.500000 0.000E+00     B
  16   0.529100  10.0   -1  1                             JP                    
                               0  1.000000 0.000E+00      
  17   0.590000   5.0   -1  3                                             (5-)  
                               8  0.384612 9.000E-01      
                               6  0.540265 6.700E-01      
                               0  0.075123 1.000E-02      
  18   0.624000   7.0    1  2                                             (7+)  
                               2  0.500000 0.000E+00     B
                               3  0.500000 0.000E+00     B
  19   0.656000   6.0   -1  2                                             (6-)  
                               2  0.500000 0.000E+00     B
                               3  0.500000 0.000E+00     B
  20   0.699000   8.0    1  2                                             (8+)  
                               0  0.500000 0.000E+00     B
                               4  0.500000 0.000E+00     B
  97 249  118   34                                                         249Bk
   0   0.000000   3.5    1  0                   2.770E+07                 7/2+  
   1   0.008780   1.5   -1  1                   3.000E-04               (3/2-)  
                               0  1.000000 3.100E+06      
   2   0.039640   2.5   -1  1                                           (5/2-)  
                               1  1.000000 3.400E+02      
   3   0.041790   4.5    1  1                   9.000E-12                 9/2+  
                               0  1.000000 1.270E+02      
   4   0.082610   3.5   -1  2                                           (7/2-)  
                               2  0.960142 1.300E+02      
                               1  0.039858 8.700E+01      
   5   0.093740   5.5    1  2                   5.000E-12                11/2+  
                               3  0.972972 6.500E+01      
                               0  0.027028 2.840E+01      
   6   0.137730   4.5   -1  2                                           (9/2-)  
                               4  0.909146 5.300E+01      
                               2  0.090854 2.290E+01      
   7   0.155830   6.5    1  2                                            13/2+  
                               5  0.946598 3.700E+01      
                               3  0.053402 1.140E+01      
   8   0.204570   5.5   -1  3                                          (11/2-)  
                               6  0.964999 4.000E+01      
                               4  0.034990 8.400E+00      
                               3  0.000011 1.800E-01      
   9   0.229250   7.5    1  2                                          (15/2+)  
                               7  0.966943 2.000E+01      
                               5  0.033057 5.300E+00      
  10   0.283150   6.5   -1  2                                          (13/2-)  
                               8  0.928363 1.700E+01      
                               6  0.071637 4.000E+00      
  11   0.313000   8.5    1  1                                          (17/2+)  
                               7  1.000000 0.000E+00     B
  12   0.373000   7.5   -1  2                                          (15/2-)  
                               7  0.500000 0.000E+00     B
                               8  0.500000 0.000E+00     B
  13   0.377540   0.5    1  1                                           (1/2+)  
                               1  1.000000 5.000E-01      
  14   0.389160   2.5    1  5                                           (5/2)+  
                               4  0.000013 4.300E-02      
                               3  0.000107 1.700E-01      
                               2  0.000064 3.300E-02      
                               1  0.000169 2.700E-02      
                               0  0.999647 8.200E-01      
  15   0.411000   1.5    1  2                                           (3/2+)  
                               0  0.500000 0.000E+00     B
                               2  0.500000 0.000E+00     B
  16   0.421190   2.5    1  1                                           (5/2+)  
                               0  1.000000 6.600E-01      
  17   0.428930   3.5    1  5                                           (7/2)+  
                               6  0.000487 4.800E-02      
                               5  0.002709 1.900E-01      
                               4  0.002365 3.300E-02      
                               3  0.789855 8.400E-01      
                               0  0.204584 6.300E-01      
  18   0.474900   4.5    1  5                                           (9/2)+  
                               7  0.001989 2.200E-01      
                               6  0.002068 3.400E-02      
                               5  0.697397 8.700E-01      
                               3  0.272133 6.200E-01      
                               0  0.026414 4.500E-01      
  19   0.518900   3.5    1  2                                           (7/2+)  
                               5  0.525441 9.600E-02      
                               3  0.474559 4.731E-01      
  20   0.542000   5.5    1  6                                          (11/2)+  
                               9  0.001011 2.300E-01      
                               7  0.707009 8.400E-01      
                               6  0.000941 2.400E-02      
                               5  0.232745 4.500E-01      
                               3  0.053902 4.200E-01      
                               0  0.004391 5.200E-02      
  21   0.558070   1.5   -1  6                                           (3/2-)  
                              16  0.228622 2.600E-01      
                              14  0.011011 1.600E-01      
                              13  0.097876 1.400E-01      
                               4  0.030849 7.200E-02      
                               2  0.471410 2.000E-01      
                               1  0.160232 2.000E-01      
  22   0.569230   0.5   -1  4                                           (1/2-)  
                              15  0.003026 1.900E-01      
                              13  0.009376 1.200E-01      
                               2  0.005805 5.500E-02      
                               1  0.981793 2.500E-01      
  23   0.597600   6.5    1  3                                          (13/2)+  
                               9  0.603998 6.000E-01      
                               7  0.335708 5.800E-01      
                               5  0.060294 3.862E-01      
  24   0.606600   3.5   -1  3                                           (7/2-)  
                               6  0.490425 3.000E-01      
                               4  0.347697 3.474E-01      
                               2  0.161879 2.811E-01      
  25   0.624900   2.5   -1  2                                           (5/2-)  
                               2  0.905607 2.583E-01      
                               1  0.094393 2.249E-01      
  26   0.643090   0.5   -1  3                                           (1/2-)  
                              21  0.691570 2.800E+01      
                               2  0.001040 4.100E-02      
                               1  0.307390 1.600E-01      
  27   0.661540   1.5   -1  2                                           (3/2-)  
                               2  0.554362 1.500E-01      
                               1  0.445638 1.600E-01      
  28   0.682000   9.5   -1  2                             JP                    
                              11  0.500000 0.000E+00     B
                              12  0.500000 0.000E+00     B
  29   0.700000   5.5   -1  2                                          (11/2-)  
                               3  0.500000 0.000E+00     B
                               4  0.500000 0.000E+00     B
  30   0.709000  10.5   -1  1                             JP                    
                               0  1.000000 0.000E+00     B
  31   0.750000   4.5   -1  2                                           (9/2-)  
                               0  0.500000 0.000E+00     B
                               2  0.500000 0.000E+00     B
  32   0.769000   8.5    1  2                             JP                    
                               7  0.500000 0.000E+00     B
                              11  0.500000 0.000E+00     B
  33   0.829000   5.5   -1  2                                          (11/2-)  
                               3  0.500000 0.000E+00     B
                               4  0.500000 0.000E+00     B
  34   0.932300   7.5    1  1                             JP                    
                               0  1.000000 0.000E+00      
  97 250  117   40                                                         250Bk
   0   0.000000   2.0   -1  0                   1.160E+04                   2-  
   1   0.034472   3.0   -1  1                                             (3-)  
                               0  1.000000 1.500E+03      
   2   0.035587   4.0    1  2                   2.900E-05                 (4+)  
                               1  0.000000 0.000E+00      
                               0  1.000000 1.300E+07      
   3   0.078326   5.0    1  1                                             (5+)  
                               0  1.000000 0.000E+00     B
   4   0.080258   4.0   -1  2                                             (4-)  
                               0  0.500000 0.000E+00     B
                               3  0.500000 0.000E+00     B
   5   0.086400   7.0    1  1                   2.130E-04                 (7+)  
                               3  1.000000 1.000E+06      
   6   0.097493   5.0   -1  1                   3.800E-08                 (5-)  
                               2  1.000000 5.000E-01      
   7   0.103828   1.0   -1  1                                             (1-)  
                               0  1.000000 7.400E+00      
   8   0.115442   3.0    1  2                                             (3+)  
                               0  0.500000 0.000E+00     B
                               3  0.500000 0.000E+00     B
   9   0.125007   2.0   -1  2                                             (2-)  
                               1  0.874194 1.110E+01      
                               0  0.125806 4.300E+00      
  10   0.130492   6.0    1  2                                             (6+)  
                               2  0.500000 0.000E+00     B
                               6  0.500000 0.000E+00     B
  11   0.137320   5.0   -1  2                                             (5-)  
                               1  0.500000 0.000E+00     B
                               2  0.500000 0.000E+00     B
  12   0.146472   2.0   -1  2                                             (2-)  
                               0  0.500000 0.000E+00     B
                               4  0.500000 0.000E+00     B
  13   0.148595   4.0    1  2                                             (4+)  
                               1  0.500000 0.000E+00     B
                               2  0.500000 0.000E+00     B
  14   0.157000   8.0    1  1                                             (8+)  
                              10  1.000000 0.000E+00     B
  15   0.157391   3.0   -1  2                                             (3-)  
                               1  0.500000 0.000E+00     B
                               2  0.500000 0.000E+00     B
  16   0.167089   6.0   -1  1                                             (6-)  
                               6  1.000000 2.386E+01      
  17   0.175123   1.0    1  3                   4.200E-08                 (1+)  
                               9  0.291380 8.900E-01      
                               7  0.675635 3.500E-01      
                               0  0.032984 1.700E-01      
  18   0.179990   3.0   -1  2                                             (3-)  
                               1  0.500000 0.000E+00     B
                               2  0.500000 0.000E+00     B
  19   0.191000   7.0    1  2                                             (7+)  
                               3  0.500000 0.000E+00     B
                               5  0.500000 0.000E+00     B
  20   0.203637   4.0   -1  2                                             (4-)  
                               0  0.500000 0.000E+00     B
                               3  0.500000 0.000E+00     B
  21   0.211822   2.0    1  4                                               2+  
                              17  0.000000 1.497E+02      
                               8  0.758769 9.300E+00      
                               1  0.094562 1.500E-01      
                               0  0.146669 1.000E-01      
  22   0.215944   0.0    1  2                                               0+  
                               7  0.500000 0.000E+00     B
                              21  0.500000 0.000E+00     B
  23   0.236739   3.0    1  2                                             (3+)  
                               0  0.500000 0.000E+00     B
                               3  0.500000 0.000E+00     B
  24   0.242000   9.0    1  2                                             (9+)  
                               5  0.500000 0.000E+00     B
                              19  0.500000 0.000E+00     B
  25   0.247900   7.0   -1  2                                             (7-)  
                              16  0.000000 3.500E+01      
                               6  1.000000 3.470E+00      
  26   0.270461   4.0    1  2                                             (4+)  
                               1  0.500000 0.000E+00     B
                               2  0.500000 0.000E+00     B
  27   0.298000  10.0   -1  1                             JP                    
                              24  1.000000 0.000E+00     B
  28   0.316000   5.0    1  2                                             (5+)  
                               3  0.500000 0.000E+00     B
                               4  0.500000 0.000E+00     B
  29   0.316463   5.0    1  2                                             (5+)  
                               3  0.500000 0.000E+00     B
                               4  0.500000 0.000E+00     B
  30   0.326000   4.0   -1  2                                                   
                               6  0.845389 3.412E+00      
                               3  0.154611 6.743E-02      
  31   0.333000   6.0   -1  2                             JP                    
                               3  0.500000 0.000E+00     B
                               4  0.500000 0.000E+00     B
  32   0.341000   8.0   -1  2                             JP                    
                               5  0.500000 0.000E+00     B
                              16  0.500000 0.000E+00     B
  33   0.369610   6.0    1  2                                               6+  
                               2  0.500000 0.000E+00     B
                               6  0.500000 0.000E+00     B
  34   0.406000   6.0    1  2                                             (6+)  
                               2  0.500000 0.000E+00     B
                               6  0.500000 0.000E+00     B
  35   0.414000   5.0   -1  2                                                   
                              10  0.012571 5.026E-02      
                               6  0.987429 1.463E+00      
  36   0.472000   9.0   -1  4                             JP                    
                              16  0.487844 0.000E+00      
                              10  0.063416 0.000E+00      
                               6  0.102409 0.000E+00      
                               5  0.346331 0.000E+00      
  37   0.526000   3.0   -1  2                                             (3-)  
                               1  0.500000 0.000E+00     B
                               2  0.500000 0.000E+00     B
  38   0.526000  11.0    1  1                             JP                    
                              25  1.000000 0.000E+00      
  39   0.552000   6.0    1  2                                             (6+)  
                               2  0.500000 0.000E+00     B
                               6  0.500000 0.000E+00     B
  40   0.566000   4.0   -1  2                                             (4-)  
                               0  0.500000 0.000E+00     B
                               3  0.500000 0.000E+00     B
  97 251   30   11                                                         251Bk
   0   0.000000   1.5   -1  0                   3.340E+03               (3/2-)  
   1   0.032500   2.5   -1  1                                           (5/2-)  
                               0  1.000000 2.072E+02      
   2   0.035700   3.5    1  2                   5.800E-05               (7/2+)  
                               1  0.000000 0.000E+00      
                               0  1.000000 1.270E+04      
   3   0.076000   4.5    1  1                                           (9/2+)  
                               0  1.000000 0.000E+00     B
   4   0.124000   5.5    1  1                                          (11/2+)  
                               2  1.000000 0.000E+00     B
   5   0.269300   2.5    1  2                                           (5/2+)  
                               2  1.000000 3.388E+00      
                               0  0.000000 5.690E-02      
   6   0.311700   0.5    1  1                                           (1/2+)  
                               0  1.000000 4.153E-02      
   7   0.422300   1.5   -1  2                                           (3/2-)  
                               1  0.682554 8.210E-01      
                               0  0.317446 6.595E-01      
   8   0.438200   0.5   -1  1                                           (1/2-)  
                               0  1.000000 5.964E-01      
   9   0.542600   0.5   -1  1                                           (1/2-)  
                               0  1.000000 3.161E-01      
  10   0.562500   1.5   -1  2                                           (3/2-)  
                               1  0.631261 3.369E-01      
                               0  0.368739 2.872E-01      
  11   0.978400   6.5    1  4                             JP        (1/2-,3/2)  
                              10  0.109611 0.000E+00      
                               9  0.102710 0.000E+00      
                               1  0.102710 0.000E+00      
                               0  0.684968 0.000E+00      
  97 252    1    0                                                         252Bk
   0   0.000000   0.0    1  0                             JP                    
