  99 243    3    1                                                         243Es
   0   0.000000   0.5    1  0                   2.100E+01 JP                    
   1   3.330000   1.5    1  1                             JP                    
                               0  1.000000 0.000E+00     B
  99 244    5    2                                                         244Es
   0   0.000000   0.0    1  0                   3.700E+01 JP                    
   1   0.200000   1.0    1  1                             JP                    
                               0  1.000000 0.000E+00     B
   2   0.240000   4.0    1  1                             JP                    
                               0  1.000000 0.000E+00     B
  99 245    3    1                                                         245Es
   0   0.000000   1.5   -1  0                   6.600E+01               (3/2-)  
   1   0.300000   0.5   -1  1                             JP                    
                               0  1.000000 0.000E+00     B
  99 246    5    2                                                         246Es
   0   0.000000   0.0    1  0                   4.620E+02 JP           (4-,6+)  
   1   0.293000   1.0    1  1                             JP                    
                               0  1.000000 0.000E+00     B
   2   0.374000   4.0    1  1                             JP                    
                               0  1.000000 0.000E+00     B
  99 247    3    1                                                         247Es
   0   0.000000   3.5    1  0                   2.730E+02               (7/2+)  
   1   0.378000   0.5    1  1                             JP                    
                               0  1.000000 0.000E+00     B
  99 248    1    0                                                         248Es
   0   0.000000   0.0    1  0                   1.620E+03 JP           (2-,0+)  
  99 249    1    0                                                         249Es
   0   0.000000   3.5    1  0                   6.130E+03               7/2(+)  
  99 250    3    1                                                         250Es
   0   0.000000   6.0    1  0                   3.100E+04                 (6+)  
   1   0.000000   1.0   -1  1                   7.990E+03                 1(-)  
                               0  1.000000 0.000E+00     B
  99 251   79   23                                                         251Es
   0   0.000000   1.5   -1  0                   1.190E+05               (3/2-)  
   1   0.008300   3.5    1  1                                           (7/2+)  
                               0  1.000000 3.921E+06      
   2   0.031700   2.5   -1  1                                           (5/2-)  
                               1  1.000000 0.000E+00     B
   3   0.055800   4.5    1  1                                           (9/2+)  
                               1  1.000000 1.140E+02      
   4   0.076100   3.5   -1  2                                           (7/2-)  
                               0  0.500000 0.000E+00     B
                               3  0.500000 0.000E+00     B
   5   0.114040   5.5    1  1                                          (11/2+)  
                               1  1.000000 0.000E+00     B
   6   0.182540   6.5    1  1                                          (13/2+)  
                               3  1.000000 0.000E+00     B
   7   0.263000   7.5    1  1                                          (15/2+)  
                               5  1.000000 0.000E+00     B
   8   0.411000   0.5   -1  1                                           (1/2-)  
                               2  1.000000 0.000E+00     B
   9   0.452000   2.5   -1  2                                           (5/2-)  
                               1  0.500000 0.000E+00     B
                               2  0.500000 0.000E+00     B
  10   0.461400   3.5   -1  4                                           (7/2-)  
                               4  0.037574 8.900E-01      
                               3  0.358207 2.550E-02      
                               2  0.082517 7.000E-01      
                               1  0.521702 2.050E-02      
  11   0.523000   4.5   -1  2                                           (9/2-)  
                               1  0.500000 0.000E+00     B
                               2  0.500000 0.000E+00     B
  12   0.548000   3.5   -1  2                                           (7/2-)  
                               0  0.500000 0.000E+00     B
                               3  0.500000 0.000E+00     B
  13   0.548000   4.5   -1  2                                           (9/2-)  
                               1  0.500000 0.000E+00     B
                               2  0.500000 0.000E+00     B
  14   0.661000   0.5    1  1                                           (1/2+)  
                               0  1.000000 0.000E+00     B
  15   0.777900   4.5    1  3                                           (9/2+)  
                               5  0.033453 1.300E-01      
                               3  0.166253 1.400E-01      
                               1  0.800294 1.460E-01      
  16   0.889060   5.5    1  4                                          (11/2+)  
                               6  0.010608 1.600E-01      
                               5  0.032613 9.000E-02      
                               3  0.222541 4.400E-02      
                               1  0.734237 2.130E-02      
  17   0.942000   6.5    1  2                                          (13/2+)  
                               3  0.500000 0.000E+00     B
                               6  0.500000 0.000E+00     B
  18   0.957480   6.5    1  4                                          (13/2+)  
                               7  0.056908 1.200E-01      
                               6  0.143760 9.000E-02      
                               5  0.405707 8.000E-02      
                               3  0.393625 2.040E-02      
  19   1.238900   5.5    1  7                                          (11/2+)  
                              18  0.130639 2.200E+00      
                              16  0.784781 1.300E+00      
                              15  0.038199 5.300E-01      
                               6  0.001182 6.700E-02      
                               5  0.005471 5.700E-02      
                               3  0.014392 5.000E-02      
                               1  0.025336 1.130E-02      
  20   1.264900   5.5    1  6                                          (11/2+)  
                              18  0.120886 1.600E+00      
                              16  0.805260 1.090E+00      
                              15  0.013113 5.400E-01      
                               5  0.008382 5.300E-02      
                               3  0.019200 4.700E-02      
                               1  0.033159 1.090E-02      
  21   1.301300   8.5   -1  2                             JP        (9/2,11/2)  
                               3  0.137900 0.000E+00      
                               1  0.862100 0.000E+00      
  22   1.307000   9.5   -1  3                             JP        (9/2,11/2)  
                               5  0.126500 0.000E+00      
                               3  0.271100 0.000E+00      
                               1  0.602400 0.000E+00      
  23   1.356900   7.5   -1  2                             JP        (9/2,11/2)  
                               5  0.613500 0.000E+00      
                               1  0.386500 0.000E+00      
  99 252   15    7                                                         252Es
   0   0.000000   5.0   -1  0                   4.080E+07                 (5-)  
   1   0.042000   0.0   -1  1                             JP                    
                               0  1.000000 0.000E+00     B
   2   0.120000   4.0   -1  1                             JP        (0-,1-,2-)  
                               0  1.000000 0.000E+00     B
   3   0.226000   3.0   -1  1                             JP                    
                               0  1.000000 0.000E+00     B
   4   0.256000   6.0   -1  1                             JP                    
                               2  1.000000 0.000E+00     B
   5   0.388000   7.0   -1  1                             JP                    
                               0  1.000000 0.000E+00     B
   6   0.520000   2.0   -1  1                             JP           (1-,0-)  
                               2  1.000000 0.000E+00      
   7   0.583000   8.0   -1  1                             JP                    
                               4  1.000000 0.000E+00     B
  99 253   10    4                                                         253Es
   0   0.000000   3.5    1  0                   1.770E+06                 7/2+  
   1   0.046400   4.5    1  1                                           (9/2+)  
                               0  1.000000 9.048E+01      
   2   0.050000   1.5   -1  1                                           (3/2-)  
                               0  1.000000 0.000E+00     B
   3   0.425000   3.5   -1  2                                           (7/2-)  
                               1  0.500000 0.000E+00     B
                               2  0.500000 0.000E+00     B
   4   0.459000   4.5   -1  1                                           (9/2-)  
                               0  1.000000 0.000E+00     B
  99 254    7    3                                                         254Es
   0   0.000000   7.0    1  0                   2.380E+07                 (7+)  
   1   0.078000   2.0    1  1                   1.420E+05                   2+  
                               0  1.000000 0.000E+00     B
   2   0.503000   4.0    1  1                             JP                    
                               1  1.000000 0.000E+00     B
   3   0.578000   8.0   -1  1                                             (8-)  
                               0  1.000000 0.000E+00     B
  99 255    1    0                                                         255Es
   0   0.000000   3.5    1  0                   3.440E+06               (7/2+)  
  99 256    3    1                                                         256Es
   0   0.000000   1.0    1  0                   1.520E+03                 (1+)  
   1   0.000000   8.0    1  1                   2.740E+04                 (8+)  
                               0  1.000000 0.000E+00     B
  99 257    1    0                                                         257Es
   0   0.000000   0.5    1  0                             JP                    
  99 258    1    0                                                         258Es
   0   0.000000   0.0    1  0                             JP                    
