 101 247    1    0                                                         247Md
   0   0.000000   0.5    1  0                   2.900E+00 JP                    
 101 248    1    0                                                         248Md
   0   0.000000   0.0    1  0                   7.000E+00 JP                    
 101 249    3    1                                                         249Md
   0   0.000000   0.5    1  0                   2.400E+01 JP                    
   1   0.079000   1.5    1  1                             JP                    
                               0  1.000000 0.000E+00     B
 101 250    5    2                                                         250Md
   0   0.000000   0.0    1  0                   5.200E+01 JP                    
   1   0.105000   1.0    1  1                             JP                    
                               0  1.000000 0.000E+00     B
   2   0.157000   4.0    1  1                             JP                    
                               0  1.000000 0.000E+00     B
 101 251    5    2                                                         251Md
   0   0.000000   0.5    1  0                   2.400E+02 JP                    
   1   0.056000   1.5    1  1                             JP                    
                               0  1.000000 0.000E+00     B
   2   0.107000   4.5    1  1                             JP                    
                               0  1.000000 0.000E+00     B
 101 252   14    6                                                         252Md
   0   0.000000   0.0    1  0                   1.380E+02 JP                    
   1   0.128000   1.0    1  1                             JP                    
                               0  1.000000 0.000E+00     B
   2   0.245000   4.0    1  1                             JP                    
                               0  1.000000 0.000E+00     B
   3   0.290000   5.0    1  1                             JP                    
                               0  1.000000 0.000E+00     B
   4   0.336000   3.0    1  2                             JP                    
                               1  0.500000 0.000E+00     B
                               3  0.500000 0.000E+00     B
   5   0.377000   6.0    1  1                             JP                    
                               2  1.000000 0.000E+00     B
   6   0.449000   7.0    1  1                             JP                    
                               3  1.000000 0.000E+00     B
 101 253    5    2                                                         253Md
   0   0.000000   0.5    1  0                             JP                    
   1   0.047000   1.5    1  1                             JP                    
                               0  1.000000 0.000E+00     B
   2   0.111000   4.5    1  1                             JP                    
                               0  1.000000 0.000E+00     B
 101 254   12    5                                                         254Md
   0   0.000000   0.0    1  0                   6.000E+02 JP                    
   1   0.000000   1.0    1  1                   1.680E+03 JP                    
                               0  1.000000 0.000E+00     B
   2   0.040000   4.0    1  1                             JP                    
                               0  1.000000 0.000E+00     B
   3   0.073000   5.0    1  1                             JP                    
                               0  1.000000 0.000E+00     B
   4   0.100000   3.0    1  2                             JP                    
                               1  0.500000 0.000E+00     B
                               3  0.500000 0.000E+00     B
   5   0.130000   6.0    1  1                             JP                    
                               2  1.000000 0.000E+00     B
 101 255    3    1                                                         255Md
   0   0.000000   3.5   -1  0                   1.620E+03               (7/2-)  
   1   0.117000   0.5   -1  1                             JP                    
                               0  1.000000 0.000E+00     B
 101 256    1    0                                                         256Md
   0   0.000000   0.0    1  0                   4.560E+03 JP           (0-,1-)  
 101 257    1    0                                                         257Md
   0   0.000000   3.5   -1  0                   1.910E+04               (7/2-)  
 101 258    3    1                                                         258Md
   0   0.000000   8.0   -1  0                   4.750E+06                 (8-)  
   1   0.000000   1.0   -1  1                   3.600E+03                 (1-)  
                               0  1.000000 0.000E+00     B
 101 259    1    0                                                         259Md
   0   0.000000   3.5   -1  0                   6.180E+03               (7/2-)  
 101 260    1    0                                                         260Md
   0   0.000000   0.0    1  0                   2.750E+06 JP                    
