 103 252    1    0                                                         252Lr
   0   0.000000   0.0    1  0                   1.000E+00 JP                    
 103 253    5    2                                                         253Lr
   0   0.000000   0.5    1  0                   1.300E+00 JP                    
   1   0.090000   1.5    1  1                             JP                    
                               0  1.000000 0.000E+00     B
   2   0.193000   4.5    1  1                             JP                    
                               0  1.000000 0.000E+00     B
 103 254    7    3                                                         254Lr
   0   0.000000   0.0    1  0                   1.300E+01 JP                    
   1   0.129000   1.0    1  1                             JP                    
                               0  1.000000 0.000E+00     B
   2   0.224000   4.0    1  1                             JP                    
                               1  1.000000 0.000E+00      
   3   0.296000   5.0    1  1                             JP                    
                               0  1.000000 0.000E+00     B
 103 255    1    0                                                         255Lr
   0   0.000000   0.5    1  0                   2.200E+01 JP                    
 103 256    7    3                                                         256Lr
   0   0.000000   0.0    1  0                   2.800E+01 JP                    
   1   0.087000   1.0    1  1                             JP                    
                               0  1.000000 0.000E+00     B
   2   0.134000   4.0    1  1                             JP                    
                               0  1.000000 0.000E+00     B
   3   0.169000   5.0    1  1                             JP                    
                               0  1.000000 0.000E+00     B
 103 257    1    0                                                         257Lr
   0   0.000000   4.5    1  0                   6.460E-01               (9/2+)  
 103 258    5    2                                                         258Lr
   0   0.000000   0.0    1  0                   4.300E+00 JP                    
   1   0.142000   1.0    1  1                             JP                    
                               0  1.000000 0.000E+00     B
   2   0.223000   4.0    1  1                             JP                    
                               0  1.000000 0.000E+00     B
 103 259    3    1                                                         259Lr
   0   0.000000   0.5    1  0                   5.400E+00 JP                    
   1   0.172000   1.5    1  1                             JP                    
                               0  1.000000 0.000E+00     B
 103 260    1    0                                                         260Lr
   0   0.000000   0.0    1  0                   1.800E+02 JP                    
