 105 240    1    0                                                         240Db
   1   0.000000   1.0    1  0                             JP             HFB  
 105 241    1    0                                                         241Db
   1   0.000000   0.5    1  0                             JP             HFB  
 105 242    1    0                                                         242Db
   1   0.000000   1.0    1  0                             JP             HFB  
 105 243    1    0                                                         243Db
   1   0.000000   0.5    1  0                             JP             HFB  
 105 244    1    0                                                         244Db
   1   0.000000   1.0   -1  0                             JP             HFB  
 105 245    1    0                                                         245Db
   1   0.000000   2.5   -1  0                             JP             HFB  
 105 246    1    0                                                         246Db
   1   0.000000   0.0    1  0                             JP             HFB  
 105 247    1    0                                                         247Db
   1   0.000000   2.5   -1  0                             JP             HFB  
 105 248    1    0                                                         248Db
   1   0.000000   2.0   -1  0                             JP             HFB  
 105 249    1    0                                                         249Db
   1   0.000000   2.5   -1  0                             JP             HFB  
 105 250    1    0                                                         250Db
   1   0.000000   2.0    1  0                             JP             HFB  
 105 251    1    0                                                         251Db
   1   0.000000   2.5   -1  0                             JP             HFB  
 105 252    1    0                                                         252Db
   1   0.000000   0.0   -1  0                             JP             HFB  
 105 253    1    0                                                         253Db
   1   0.000000   2.5   -1  0                             JP             HFB  
 105 254    1    0                                                         254Db
   1   0.000000   0.0   -1  0                             JP             HFB  
 105 255    1    0                                                         255Db
   0   0.000000   4.5    1  0                   1.600E+00 JP             HFB    
 105 256    1    0                                                         256Db
   0   0.000000   1.0   -1  0                   2.600E+00 JP             HFB    
 105 257    5    2                                                         257Db
   0   0.000000   4.5    1  0                   7.600E-01 JP             HFB    
   1   0.305000   0.5    1  1                             JP                    
                               0  1.000000 0.000E+00     B
   2   0.376000   3.5    1  1                             JP                    
                               0  1.000000 0.000E+00     B
 105 258    1    0                                                         258Db
   0   0.000000   4.0    1  0                   4.000E+00 JP             HFB    
 105 259    1    0                                                         259Db
   0   0.000000   4.5    1  0                             JP             HFB    
 105 260    5    2                                                         260Db
   0   0.000000   3.0    1  0                   1.520E+00 JP             HFB    
   1   0.200000   0.0    1  1                             JP                    
                               0  1.000000 0.000E+00     B
   2   0.346000   4.0    1  1                             JP                    
                               0  1.000000 0.000E+00     B
 105 261    1    0                                                         261Db
   0   0.000000   4.5    1  0                   1.800E+00 JP             HFB    
 105 262    1    0                                                         262Db
   0   0.000000   1.0    1  0                   3.500E+01 JP             HFB    
 105 263    1    0                                                         263Db
   0   0.000000   4.5    1  0                   2.700E+01 JP             HFB    
 105 264    1    0                                                         264Db
   1   0.000000   1.0    1  0                             JP             HFB  
 105 265    1    0                                                         265Db
   1   0.000000   4.5    1  0                             JP             HFB  
 105 266    1    0                                                         266Db
   1   0.000000   1.0   -1  0                             JP             HFB  
 105 267    1    0                                                         267Db
   1   0.000000   4.5    1  0                             JP             HFB  
 105 268    1    0                                                         268Db
   1   0.000000   4.0    1  0                             JP             HFB  
 105 269    1    0                                                         269Db
   1   0.000000   2.5   -1  0                             JP             HFB  
 105 270    1    0                                                         270Db
   1   0.000000   1.0   -1  0                             JP             HFB  
 105 271    1    0                                                         271Db
   1   0.000000   2.5   -1  0                             JP             HFB  
 105 272    1    0                                                         272Db
   1   0.000000   0.0   -1  0                             JP             HFB  
 105 273    1    0                                                         273Db
   1   0.000000   2.5   -1  0                             JP             HFB  
 105 274    1    0                                                         274Db
   1   0.000000   0.0   -1  0                             JP             HFB  
 105 275    1    0                                                         275Db
   1   0.000000   2.5   -1  0                             JP             HFB  
 105 276    1    0                                                         276Db
   1   0.000000   2.0   -1  0                             JP             HFB  
 105 277    1    0                                                         277Db
   1   0.000000   6.5    1  0                             JP             HFB  
 105 278    1    0                                                         278Db
   1   0.000000   4.0    1  0                             JP             HFB  
 105 279    1    0                                                         279Db
   1   0.000000   6.5    1  0                             JP             HFB  
 105 280    1    0                                                         280Db
   1   0.000000   4.0    1  0                             JP             HFB  
 105 281    1    0                                                         281Db
   1   0.000000   6.5    1  0                             JP             HFB  
 105 282    1    0                                                         282Db
   1   0.000000   4.0    1  0                             JP             HFB  
 105 283    1    0                                                         283Db
   1   0.000000   6.5    1  0                             JP             HFB  
 105 284    1    0                                                         284Db
   1   0.000000   7.0    1  0                             JP             HFB  
 105 285    1    0                                                         285Db
   1   0.000000   6.5    1  0                             JP             HFB  
 105 286    1    0                                                         286Db
   1   0.000000   5.0    1  0                             JP             HFB  
 105 287    1    0                                                         287Db
   1   0.000000   6.5    1  0                             JP             HFB  
 105 288    1    0                                                         288Db
   1   0.000000   5.0    1  0                             JP             HFB  
 105 289    1    0                                                         289Db
   1   0.000000   6.5    1  0                             JP             HFB  
 105 290    1    0                                                         290Db
   1   0.000000   1.0   -1  0                             JP             HFB  
 105 291    1    0                                                         291Db
   1   0.000000   6.5    1  0                             JP             HFB  
 105 292    1    0                                                         292Db
   1   0.000000   1.0   -1  0                             JP             HFB  
 105 293    1    0                                                         293Db
   1   0.000000   6.5    1  0                             JP             HFB  
 105 294    1    0                                                         294Db
   1   0.000000   1.0   -1  0                             JP             HFB  
 105 295    1    0                                                         295Db
   1   0.000000   0.5    1  0                             JP             HFB  
 105 296    1    0                                                         296Db
   1   0.000000   4.0    1  0                             JP             HFB  
 105 297    1    0                                                         297Db
   1   0.000000   0.5    1  0                             JP             HFB  
 105 298    1    0                                                         298Db
   1   0.000000   5.0    1  0                             JP             HFB  
 105 299    1    0                                                         299Db
   1   0.000000   0.5    1  0                             JP             HFB  
 105 300    1    0                                                         300Db
   1   0.000000   5.0    1  0                             JP             HFB  
 105 301    1    0                                                         301Db
   1   0.000000   0.5    1  0                             JP             HFB  
 105 302    1    0                                                         302Db
   1   0.000000   7.0   -1  0                             JP             HFB  
 105 303    1    0                                                         303Db
   1   0.000000   0.5    1  0                             JP             HFB  
 105 304    1    0                                                         304Db
   1   0.000000   3.0   -1  0                             JP             HFB  
 105 305    1    0                                                         305Db
   1   0.000000   0.5    1  0                             JP             HFB  
 105 306    1    0                                                         306Db
   1   0.000000   2.0    1  0                             JP             HFB  
 105 307    1    0                                                         307Db
   1   0.000000   0.5    1  0                             JP             HFB  
 105 308    1    0                                                         308Db
   1   0.000000   2.0    1  0                             JP             HFB  
 105 309    1    0                                                         309Db
   1   0.000000   4.5   -1  0                             JP             HFB  
 105 310    1    0                                                         310Db
   1   0.000000   2.0   -1  0                             JP             HFB  
 105 311    1    0                                                         311Db
   1   0.000000   4.5   -1  0                             JP             HFB  
 105 312    1    0                                                         312Db
   1   0.000000   3.0   -1  0                             JP             HFB  
 105 313    1    0                                                         313Db
   1   0.000000   4.5   -1  0                             JP             HFB  
 105 314    1    0                                                         314Db
   1   0.000000   3.0    1  0                             JP             HFB  
 105 315    1    0                                                         315Db
   1   0.000000   4.5   -1  0                             JP             HFB  
 105 316    1    0                                                         316Db
   1   0.000000   4.0   -1  0                             JP             HFB  
 105 317    1    0                                                         317Db
   1   0.000000   4.5   -1  0                             JP             HFB  
 105 318    1    0                                                         318Db
   1   0.000000   4.0   -1  0                             JP             HFB  
 105 319    1    0                                                         319Db
   1   0.000000   4.5   -1  0                             JP             HFB  
 105 320    1    0                                                         320Db
   1   0.000000   3.0   -1  0                             JP             HFB  
 105 321    1    0                                                         321Db
   1   0.000000   4.5    1  0                             JP             HFB  
 105 322    1    0                                                         322Db
   1   0.000000   1.0   -1  0                             JP             HFB  
 105 323    1    0                                                         323Db
   1   0.000000   4.5    1  0                             JP             HFB  
 105 324    1    0                                                         324Db
   1   0.000000   1.0    1  0                             JP             HFB  
 105 325    1    0                                                         325Db
   1   0.000000   4.5    1  0                             JP             HFB  
 105 326    1    0                                                         326Db
   1   0.000000   3.0   -1  0                             JP             HFB  
 105 327    1    0                                                         327Db
   1   0.000000   4.5    1  0                             JP             HFB  
 105 328    1    0                                                         328Db
   1   0.000000   3.0   -1  0                             JP             HFB  
 105 329    1    0                                                         329Db
   1   0.000000   4.5    1  0                             JP             HFB  
 105 330    1    0                                                         330Db
   1   0.000000   2.0    1  0                             JP             HFB  
 105 331    1    0                                                         331Db
   1   0.000000   4.5    1  0                             JP             HFB  
 105 332    1    0                                                         332Db
   1   0.000000   2.0   -1  0                             JP             HFB  
 105 333    1    0                                                         333Db
   1   0.000000   4.5    1  0                             JP             HFB  
 105 334    1    0                                                         334Db
   1   0.000000   4.0   -1  0                             JP             HFB  
 105 335    1    0                                                         335Db
   1   0.000000   4.5    1  0                             JP             HFB  
 105 336    1    0                                                         336Db
   1   0.000000   4.0   -1  0                             JP             HFB  
 105 337    1    0                                                         337Db
   1   0.000000   4.5    1  0                             JP             HFB  
 105 338    1    0                                                         338Db
   1   0.000000   0.0    1  0                             JP             HFB  
 105 339    1    0                                                         339Db
   1   0.000000   2.5   -1  0                             JP             HFB  
 105 340    1    0                                                         340Db
   1   0.000000   2.0   -1  0                             JP             HFB  
 105 341    1    0                                                         341Db
   1   0.000000   2.5   -1  0                             JP             HFB  
 105 342    1    0                                                         342Db
   1   0.000000   3.0    1  0                             JP             HFB  
 105 343    1    0                                                         343Db
   1   0.000000   0.5   -1  0                             JP             HFB  
 105 344    1    0                                                         344Db
   1   0.000000   2.0   -1  0                             JP             HFB  
 105 345    1    0                                                         345Db
   1   0.000000   2.5   -1  0                             JP             HFB  
 105 346    1    0                                                         346Db
   1   0.000000   4.0    1  0                             JP             HFB  
 105 347    1    0                                                         347Db
   1   0.000000   6.5    1  0                             JP             HFB  
 105 348    1    0                                                         348Db
   1   0.000000   2.0   -1  0                             JP             HFB  
 105 349    1    0                                                         349Db
   1   0.000000   6.5    1  0                             JP             HFB  
 105 350    1    0                                                         350Db
   1   0.000000   1.0    1  0                             JP             HFB  
 105 351    1    0                                                         351Db
   1   0.000000   6.5    1  0                             JP             HFB  
 105 352    1    0                                                         352Db
   1   0.000000   8.0   -1  0                             JP             HFB  
 105 353    1    0                                                         353Db
   1   0.000000   6.5    1  0                             JP             HFB  
