 109 248    1    0                                                         248Mt
   1   0.000000   0.0   -1  0                             JP             HFB  
 109 249    1    0                                                         249Mt
   1   0.000000   2.5   -1  0                             JP             HFB  
 109 250    1    0                                                         250Mt
   1   0.000000   1.0    1  0                             JP             HFB  
 109 251    1    0                                                         251Mt
   1   0.000000   0.5    1  0                             JP             HFB  
 109 252    1    0                                                         252Mt
   1   0.000000   0.0    1  0                             JP             HFB  
 109 253    1    0                                                         253Mt
   1   0.000000   2.5   -1  0                             JP             HFB  
 109 254    1    0                                                         254Mt
   1   0.000000   0.0   -1  0                             JP             HFB  
 109 255    1    0                                                         255Mt
   1   0.000000   0.5    1  0                             JP             HFB  
 109 256    1    0                                                         256Mt
   1   0.000000   2.0    1  0                             JP             HFB  
 109 257    1    0                                                         257Mt
   1   0.000000   0.5    1  0                             JP             HFB  
 109 258    1    0                                                         258Mt
   1   0.000000   2.0    1  0                             JP             HFB  
 109 259    1    0                                                         259Mt
   1   0.000000   4.5   -1  0                             JP             HFB  
 109 260    1    0                                                         260Mt
   1   0.000000   1.0    1  0                             JP             HFB  
 109 261    1    0                                                         261Mt
   1   0.000000   4.5   -1  0                             JP             HFB  
 109 262    1    0                                                         262Mt
   1   0.000000   4.0   -1  0                             JP             HFB  
 109 263    1    0                                                         263Mt
   1   0.000000   4.5   -1  0                             JP             HFB  
 109 264    1    0                                                         264Mt
   1   0.000000   3.0   -1  0                             JP             HFB  
 109 265    1    0                                                         265Mt
   1   0.000000   4.5   -1  0                             JP             HFB  
 109 266    1    0                                                         266Mt
   0   0.000000   1.0   -1  0                   1.700E-03 JP             HFB    
 109 268    1    0                                                         268Mt
   0   0.000000   1.0   -1  0                   7.000E-02 JP             HFB    
 109 269    1    0                                                         269Mt
   1   0.000000   1.5   -1  0                             JP             HFB  
 109 270    1    0                                                         270Mt
   1   0.000000   4.0    1  0                             JP             HFB  
 109 271    1    0                                                         271Mt
   1   0.000000   1.5   -1  0                             JP             HFB  
 109 272    1    0                                                         272Mt
   1   0.000000   5.0    1  0                             JP             HFB  
 109 273    1    0                                                         273Mt
   1   0.000000   1.5   -1  0                             JP             HFB  
 109 274    1    0                                                         274Mt
   1   0.000000   0.0   -1  0                             JP             HFB  
 109 275    1    0                                                         275Mt
   1   0.000000   1.5   -1  0                             JP             HFB  
 109 276    1    0                                                         276Mt
   1   0.000000   1.0   -1  0                             JP             HFB  
 109 277    1    0                                                         277Mt
   1   0.000000   1.5   -1  0                             JP             HFB  
 109 278    1    0                                                         278Mt
   1   0.000000   1.0   -1  0                             JP             HFB  
 109 279    1    0                                                         279Mt
   1   0.000000   4.5   -1  0                             JP             HFB  
 109 280    1    0                                                         280Mt
   1   0.000000   2.0   -1  0                             JP             HFB  
 109 281    1    0                                                         281Mt
   1   0.000000   6.5    1  0                             JP             HFB  
 109 282    1    0                                                         282Mt
   1   0.000000   4.0    1  0                             JP             HFB  
 109 283    1    0                                                         283Mt
   1   0.000000   6.5    1  0                             JP             HFB  
 109 284    1    0                                                         284Mt
   1   0.000000   4.0    1  0                             JP             HFB  
 109 285    1    0                                                         285Mt
   1   0.000000   6.5    1  0                             JP             HFB  
 109 286    1    0                                                         286Mt
   1   0.000000   4.0    1  0                             JP             HFB  
 109 287    1    0                                                         287Mt
   1   0.000000   6.5    1  0                             JP             HFB  
 109 288    1    0                                                         288Mt
   1   0.000000   5.0    1  0                             JP             HFB  
 109 289    1    0                                                         289Mt
   1   0.000000   6.5    1  0                             JP             HFB  
 109 290    1    0                                                         290Mt
   1   0.000000   5.0    1  0                             JP             HFB  
 109 291    1    0                                                         291Mt
   1   0.000000   6.5    1  0                             JP             HFB  
 109 292    1    0                                                         292Mt
   1   0.000000   7.0    1  0                             JP             HFB  
 109 293    1    0                                                         293Mt
   1   0.000000   6.5    1  0                             JP             HFB  
 109 294    1    0                                                         294Mt
   1   0.000000   1.0   -1  0                             JP             HFB  
 109 295    1    0                                                         295Mt
   1   0.000000   6.5    1  0                             JP             HFB  
 109 296    1    0                                                         296Mt
   1   0.000000   1.0   -1  0                             JP             HFB  
 109 297    1    0                                                         297Mt
   1   0.000000   6.5    1  0                             JP             HFB  
 109 298    1    0                                                         298Mt
   1   0.000000   1.0   -1  0                             JP             HFB  
 109 299    1    0                                                         299Mt
   1   0.000000   4.5    1  0                             JP             HFB  
 109 300    1    0                                                         300Mt
   1   0.000000   1.0    1  0                             JP             HFB  
 109 301    1    0                                                         301Mt
   1   0.000000   1.5    1  0                             JP             HFB  
 109 302    1    0                                                         302Mt
   1   0.000000   3.0    1  0                             JP             HFB  
 109 303    1    0                                                         303Mt
   1   0.000000   1.5    1  0                             JP             HFB  
 109 304    1    0                                                         304Mt
   1   0.000000   3.0    1  0                             JP             HFB  
 109 305    1    0                                                         305Mt
   1   0.000000   2.5   -1  0                             JP             HFB  
 109 306    1    0                                                         306Mt
   1   0.000000   3.0    1  0                             JP             HFB  
 109 307    1    0                                                         307Mt
   1   0.000000   2.5   -1  0                             JP             HFB  
 109 308    1    0                                                         308Mt
   1   0.000000   2.0   -1  0                             JP             HFB  
 109 309    1    0                                                         309Mt
   1   0.000000   2.5   -1  0                             JP             HFB  
 109 310    1    0                                                         310Mt
   1   0.000000   2.0    1  0                             JP             HFB  
 109 311    1    0                                                         311Mt
   1   0.000000   2.5   -1  0                             JP             HFB  
 109 312    1    0                                                         312Mt
   1   0.000000   0.0   -1  0                             JP             HFB  
 109 313    1    0                                                         313Mt
   1   0.000000   2.5   -1  0                             JP             HFB  
 109 314    1    0                                                         314Mt
   1   0.000000   2.0   -1  0                             JP             HFB  
 109 315    1    0                                                         315Mt
   1   0.000000   2.5   -1  0                             JP             HFB  
 109 316    1    0                                                         316Mt
   1   0.000000   0.0    1  0                             JP             HFB  
 109 317    1    0                                                         317Mt
   1   0.000000   0.5    1  0                             JP             HFB  
 109 318    1    0                                                         318Mt
   1   0.000000   3.0   -1  0                             JP             HFB  
 109 319    1    0                                                         319Mt
   1   0.000000   2.5   -1  0                             JP             HFB  
 109 320    1    0                                                         320Mt
   1   0.000000   1.0    1  0                             JP             HFB  
 109 321    1    0                                                         321Mt
   1   0.000000   4.5   -1  0                             JP             HFB  
 109 322    1    0                                                         322Mt
   1   0.000000   1.0    1  0                             JP             HFB  
 109 323    1    0                                                         323Mt
   1   0.000000   4.5   -1  0                             JP             HFB  
 109 324    1    0                                                         324Mt
   1   0.000000   4.0    1  0                             JP             HFB  
 109 325    1    0                                                         325Mt
   1   0.000000   4.5   -1  0                             JP             HFB  
 109 326    1    0                                                         326Mt
   1   0.000000   3.0    1  0                             JP             HFB  
 109 327    1    0                                                         327Mt
   1   0.000000   4.5   -1  0                             JP             HFB  
 109 328    1    0                                                         328Mt
   1   0.000000   1.0   -1  0                             JP             HFB  
 109 329    1    0                                                         329Mt
   1   0.000000   4.5   -1  0                             JP             HFB  
 109 330    1    0                                                         330Mt
   1   0.000000   1.0    1  0                             JP             HFB  
 109 331    1    0                                                         331Mt
   1   0.000000   4.5   -1  0                             JP             HFB  
 109 332    1    0                                                         332Mt
   1   0.000000   2.0   -1  0                             JP             HFB  
 109 333    1    0                                                         333Mt
   1   0.000000   4.5   -1  0                             JP             HFB  
 109 334    1    0                                                         334Mt
   1   0.000000   3.0    1  0                             JP             HFB  
 109 335    1    0                                                         335Mt
   1   0.000000   4.5   -1  0                             JP             HFB  
 109 336    1    0                                                         336Mt
   1   0.000000   2.0    1  0                             JP             HFB  
 109 337    1    0                                                         337Mt
   1   0.000000   4.5   -1  0                             JP             HFB  
 109 338    1    0                                                         338Mt
   1   0.000000  10.0    1  0                             JP             HFB  
 109 339    1    0                                                         339Mt
   1   0.000000   4.5   -1  0                             JP             HFB  
 109 340    1    0                                                         340Mt
   1   0.000000   5.0    1  0                             JP             HFB  
 109 341    1    0                                                         341Mt
   1   0.000000   4.5   -1  0                             JP             HFB  
 109 342    1    0                                                         342Mt
   1   0.000000  12.0   -1  0                             JP             HFB  
 109 343    1    0                                                         343Mt
   1   0.000000   4.5   -1  0                             JP             HFB  
 109 344    1    0                                                         344Mt
   1   0.000000   7.0    1  0                             JP             HFB  
 109 345    1    0                                                         345Mt
   1   0.000000   4.5   -1  0                             JP             HFB  
 109 346    1    0                                                         346Mt
   1   0.000000   1.0    1  0                             JP             HFB  
 109 347    1    0                                                         347Mt
   1   0.000000   4.5    1  0                             JP             HFB  
 109 348    1    0                                                         348Mt
   1   0.000000   1.0   -1  0                             JP             HFB  
 109 349    1    0                                                         349Mt
   1   0.000000   0.5   -1  0                             JP             HFB  
 109 350    1    0                                                         350Mt
   1   0.000000   2.0   -1  0                             JP             HFB  
 109 351    1    0                                                         351Mt
   1   0.000000   6.5    1  0                             JP             HFB  
 109 352    1    0                                                         352Mt
   1   0.000000   2.0   -1  0                             JP             HFB  
 109 353    1    0                                                         353Mt
   1   0.000000   6.5    1  0                             JP             HFB  
 109 354    1    0                                                         354Mt
   1   0.000000   2.0   -1  0                             JP             HFB  
 109 355    1    0                                                         355Mt
   1   0.000000   6.5    1  0                             JP             HFB  
 109 356    1    0                                                         356Mt
   1   0.000000   8.0   -1  0                             JP             HFB  
 109 357    1    0                                                         357Mt
   1   0.000000   6.5    1  0                             JP             HFB  
 109 358    1    0                                                         358Mt
   1   0.000000   8.0   -1  0                             JP             HFB  
 109 359    1    0                                                         359Mt
   1   0.000000   6.5    1  0                             JP             HFB  
