  18  34   8  15     0.00000     0.59712   8  15     0.00000    -1.75951    34Ar
  18  35   4  15     0.00000     0.12860   4  15     0.00000    -2.26568    35Ar
  18  36   8  20     0.00000     0.70913   8  20     0.00000    -2.27231    36Ar
  18  37   3  23     0.00000     1.03062   3  23     0.00000    -1.44790    37Ar
  18  38   8  22     0.00000     0.94711   8  22     0.00000    -1.15327    38Ar
  18  39   2  23     0.00000     1.78115   2  23     0.00000    -0.06244    39Ar
  18  40   8  15     0.00000     2.08044   8  15     0.00000     0.44911    40Ar
  18  41   7  15     7.18861     1.16387   7  15     3.92701    -0.19078    41Ar
  18  42   4  16     0.00000     1.54502   4  16     0.00000     0.30531    42Ar
  18  43   2  14     0.00000    -0.40852   2  14     0.00000    -1.55662    43Ar
  18  44   6  12     0.00000     0.42853   6  12     0.00000    -0.65906    44Ar
