  19  35   7  13     0.00000    -1.88638   7  13     0.00000    -3.84976    35K 
  19  36   2  15     0.00000    -3.80319   2  15     0.00000    -5.79479    36K 
  19  37   8  27     0.00000     0.71104   8  27     0.00000    -1.68155    37K 
  19  38   3  16     0.00000    -0.21869   3  16     0.00000    -3.07389    38K 
  19  39   2  25     0.00000     0.32652   2  25     0.00000    -2.12232    39K 
  19  40   8  19     4.48939     0.58916   8  19     2.51652    -1.74101    40K 
  19  41   8  19     0.00000     2.15565   8  19     0.00000     0.50711    41K 
  19  42   8  16     4.20951     1.29018   8  16     2.29224    -0.59273    42K 
  19  43   6  15     0.00000     2.14931   6  15     0.00000     0.78871    43K 
  19  44   8  16     0.00000     0.45498   8  16     0.00000    -1.00387    44K 
  19  45   6  15     0.00000     0.10709   6  15     0.00000    -1.10285    45K 
  19  46   2  15     0.00000    -3.58201   2  15     0.00000    -7.98545    46K 
  19  47   5  25     0.00000    -2.11393   5  25     0.00000    -3.71285    47K 
