  20  38   8  15     0.00000     0.59818   8  15     0.00000    -1.64250    38Ca
  20  39   8  15     0.00000     0.46327   8  15     0.00000    -1.49934    39Ca
  20  40   8  19     0.00000     0.44967   8  19     0.00000    -2.41433    40Ca
  20  41   6  16     5.15298     1.15136   6  16     3.18315    -0.45618    41Ca
  20  42   8  16     0.00000     2.10551   8  16     0.00000     0.29120    42Ca
  20  43   3  29     8.75831     1.60750   3  29     3.49229     0.73842    43Ca
  20  44   8  27     5.85101     2.21261   8  27     3.05444     0.26163    44Ca
  20  45   8  23     6.11652     1.71093   8  23     3.65432     0.33018    45Ca
  20  46   5  15     0.00000     1.21244   5  15     0.00000    -0.44741    46Ca
  20  47   5  16     0.00000     0.11959   5  16     0.00000    -1.46120    47Ca
  20  48   8  28     0.00000    -0.41207   8  28     0.00000    -2.95931    48Ca
