  22  42   2  15     0.00000     2.61463   2  15     0.00000     0.92090    42Ti
  22  43   8  15     0.00000     0.82295   8  15     0.00000    -0.63563    43Ti
  22  44   4  16     0.00000     2.07076   4  16     0.00000     0.10371    44Ti
  22  45   3  18     0.00000     1.86219   3  18     0.00000     0.06268    45Ti
  22  46   4  20     0.00000     2.87494   4  20     0.00000     1.01420    46Ti
  22  47   3  15     6.00280     1.69518   3  15     3.50660    -0.06776    47Ti
  22  48   2  15     5.27380     2.46750   2  15     2.86313     0.21612    48Ti
  22  49   8  16     6.09278     1.95621   8  16     3.61832    -0.04418    49Ti
  22  50   5  15     5.26187     1.42556   5  15     2.76361    -0.85970    50Ti
  22  51   3  16     5.46218     0.79804   3  16    15.33676    -0.27529    51Ti
  22  52   6  18     0.00000     1.28261   6  18     0.00000    -0.37766    52Ti
