  24  47   8  15     0.00000     1.42776   8  15     0.00000     0.19555    47Cr
  24  48   6  15     0.00000     1.23822   6  15     0.00000    -1.06728    48Cr
  24  49   5  16     0.00000     1.38802   5  16     0.00000    -0.49773    49Cr
  24  50   8  22     0.00000     3.28429   8  22     0.00000     1.28416    50Cr
  24  51   6  15     5.46460     1.54578   6  15     3.23814    -0.24811    51Cr
  24  52   7  16     0.00000     1.67798   7  16     0.00000    -0.41751    52Cr
  24  53   5  25     5.08130     1.59083   5  25     3.00464    -0.25659    53Cr
  24  54   4  15     5.32856     2.13265   4  15     2.79140    -0.12087    54Cr
  24  55   8  24     6.14600     1.41464   8  24     3.58698    -0.20070    55Cr
  24  56   5  15     0.00000     1.32252   5  15     0.00000    -0.26879    56Cr
