  26  51   5  11     0.00000    -0.48597   5  11     0.00000    -2.74185    51Fe
  26  52   3  15     0.00000     0.61534   3  15     0.00000    -2.52680    52Fe
  26  53   2  15     0.00000     1.78549   2  15     0.00000    -1.27652    53Fe
  26  54   3  15     0.00000     1.93571   3  15     0.00000    -1.03193    54Fe
  26  55   3  15     4.90380     2.66319   3  15     2.74510    -0.84064    55Fe
  26  56   3  20     0.00000     2.27638   3  20     0.00000    -0.16359    56Fe
  26  57   8  15     6.08183     1.74217   8  15     3.23814    -0.55959    57Fe
  26  58   2  22     6.03884     1.92093   2  22     2.95271    -0.19109    58Fe
  26  59   6  16     6.65665     1.44180   6  16     3.75470    -0.23195    59Fe
  26  60   5  15     0.00000     1.44637   5  15     0.00000     0.03785    60Fe
  26  62   2  14     0.00000    -0.51493   2  14     0.00000    -1.48301    62Fe
