  27  54   7  16     0.00000     1.85240   7  16     0.00000    -2.13413    54Co
  27  55   8  18     0.00000     1.83175   8  18     0.00000    -2.23517    55Co
  27  56   5  17     0.00000     0.76892   5  17     0.00000    -2.83714    56Co
  27  57   2  15     0.00000     2.07232   2  15     0.00000    -0.83314    57Co
  27  58   7  19     0.00000     1.55471   7  19     0.00000    -0.93508    58Co
  27  59   6  20     0.00000     1.36191   6  20     0.00000    -0.66332    59Co
  27  60   7  15     7.00189     1.14416   7  15     3.99916    -0.80617    60Co
  27  61   8  25     0.00000     1.63489   8  25     0.00000    -0.08406    61Co
  27  62   8  16     0.00000     0.77198   8  16     0.00000    -0.70787    62Co
  27  63   6  15     0.00000     0.74085   6  15     0.00000    -0.48038    63Co
  27  64   5  16     0.00000    -0.01522   5  16     0.00000    -1.22810    64Co
