  28  55   5  16     0.00000     0.94513   5  16     0.00000    -2.71340    55Ni
  28  56   5  21     0.00000     1.73575   5  21     0.00000    -3.22434    56Ni
  28  57   3  16     0.00000     1.41451   3  16     0.00000    -2.73502    57Ni
  28  58   2  18     0.00000     2.55944   2  18     0.00000    -0.76456    58Ni
  28  59   2  23     5.26896     2.08459   2  23     2.60019    -0.40883    59Ni
  28  60   7  32     5.57831     1.94053   7  32     3.11203    -0.56503    60Ni
  28  61   8  15     6.27388     1.53352   8  15     3.50644    -0.37919    61Ni
  28  62   6  18     6.23173     2.08290   6  18     3.56896    -0.00950    62Ni
  28  63   8  18     7.46969     1.17498   8  18     4.38391    -0.33927    63Ni
  28  64   4  17     0.00000     1.12587   4  17     0.00000    -0.24282    64Ni
  28  65   7  17     9.68653     1.14613   7  17     5.12101    -0.19789    65Ni
  28  66   4  15     0.00000     1.11638   4  15     0.00000    -0.18449    66Ni
  28  68   8  18     0.00000     0.68325   8  18     0.00000    -0.51257    68Ni
