  33  67   2  12     0.00000    -2.30257   2  12     0.00000    -3.58825    67As
  33  68   8  17     0.00000     0.73466   8  17     0.00000    -0.50390    68As
  33  69   8  21     0.00000     1.62882   8  21     0.00000     0.46417    69As
  33  70   3  17     0.00000     1.51907   3  17     0.00000     0.37372    70As
  33  71   2  21     0.00000     1.64975   2  21     0.00000     0.77482    71As
  33  72   6  18     0.00000     1.78173   6  18     0.00000     0.75402    72As
  33  73   3  22     0.00000     2.31465   3  22     0.00000     1.41331    73As
  33  74   8  16     0.00000     1.72332   8  16     0.00000     0.71537    74As
  33  75   8  16     0.00000     1.69405   8  16     0.00000     0.94226    75As
  33  76   6  27    11.43280     1.81347   6  27     7.58192     0.78549    76As
  33  77   8  16     0.00000     1.77544   8  16     0.00000     0.81970    77As
  33  78   8  15     0.00000     0.60953   8  15     0.00000    -0.39451    78As
  33  79   6  17     0.00000     1.26914   6  17     0.00000     0.31617    79As
  33  80   8  16     0.00000     0.54597   8  16     0.00000    -0.64037    80As
  33  81   8  15     0.00000     1.09063   8  15     0.00000    -0.04570    81As
  33  83   8  27     0.00000    -1.02570   8  27     0.00000    -2.28984    83As
