  34  69   7  15     0.00000     0.75822   7  15     0.00000    -0.50338    69Se
  34  70   7  15     0.00000     0.84393   7  15     0.00000    -0.77374    70Se
  34  71   8  17     0.00000     0.82518   8  17     0.00000    -0.26650    71Se
  34  72   7  26     0.00000     1.59020   7  26     0.00000     0.06650    72Se
  34  73   7  19     0.00000     2.46836   7  19     0.00000     1.43589    73Se
  34  74   4  15     0.00000     1.84973   4  15     0.00000     0.70709    74Se
  34  75   8  25    10.97075     2.48139   8  25     5.89491     1.39382    75Se
  34  76   8  17     0.00000     1.81688   8  17     0.00000     0.59913    76Se
  34  77   5  16    11.59895     1.96130   5  16     6.05488     0.98399    77Se
  34  78   4  16    11.22232     1.65809   4  16     5.46299     0.42271    78Se
  34  79   4  15     9.87691     2.38193   4  15     5.41487     1.17923    79Se
  34  80   6  15     0.00000     1.17162   6  15     0.00000     0.01405    80Se
  34  81   7  19    12.94982     0.79064   7  19     6.23309    -0.06571    81Se
  34  82   6  19     0.00000     0.79411   6  19     0.00000    -0.74001    82Se
  34  83   8  15    13.08619     0.70295   8  15     6.55183    -0.16045    83Se
  34  84   5  19     0.00000     0.77982   5  19     0.00000    -0.69444    84Se
