  35  71   2  11     0.00000    -0.27939   2  11     0.00000    -1.06458    71Br
  35  72   6  17     0.00000     1.48242   6  17     0.00000     0.31473    72Br
  35  73   8  15     0.00000     1.93876   8  15     0.00000     1.00939    73Br
  35  74   4  23     0.00000     2.00919   4  23     0.00000     0.64166    74Br
  35  75   7  19     0.00000     2.13664   7  19     0.00000     1.33864    75Br
  35  76   3  18     0.00000     1.70144   3  18     0.00000     0.65206    76Br
  35  77   7  21     0.00000     2.26880   7  21     0.00000     1.44852    77Br
  35  78   8  15     0.00000     1.97986   8  15     0.00000     0.97692    78Br
  35  79   6  15     0.00000     1.97818   6  15     0.00000     1.03364    79Br
  35  80   3  15    11.12089     2.07308   3  15     6.92344     0.78317    80Br
  35  81   8  26     0.00000     1.89954   8  26     0.00000     0.83136    81Br
  35  82   6  29    11.38994     1.14009   6  29     7.02569    -0.15480    82Br
  35  83   8  20     0.00000     1.26474   8  20     0.00000     0.10875    83Br
  35  85   2  15     0.00000    -0.96482   2  15     0.00000    -2.10829    85Br
