  36  73   4  16     0.00000     0.07078   4  16     0.00000    -1.12478    73Kr
  36  74   2  15     0.00000    -0.37060   2  15     0.00000    -1.87428    74Kr
  36  75   2  17     0.00000     2.18600   2  17     0.00000     0.96205    75Kr
  36  76   7  25     0.00000     1.91102   7  25     0.00000     0.70677    76Kr
  36  77   5  20     0.00000     2.30133   5  20     0.00000     1.33739    77Kr
  36  78   4  25     0.00000     1.97376   4  25     0.00000     1.06111    78Kr
  36  79   3  28    11.68902     2.07759   3  28     7.39526     1.38520    79Kr
  36  80   5  16     0.00000     1.14326   5  16     0.00000     0.20667    80Kr
  36  81   2  15    12.31588     2.06787   2  15     7.69065     1.04131    81Kr
  36  82   3  20     0.00000     1.49283   3  20     0.00000     0.51183    82Kr
  36  83   2  16     0.00000     1.76436   2  16     0.00000     0.91540    83Kr
  36  84   4  26     9.44904     1.15611   4  26     5.73380    -0.17753    84Kr
  36  85   7  19    13.43787     1.01050   7  19     8.84270    -0.13415    85Kr
  36  86   8  18     0.00000     0.29404   8  18     0.00000    -1.07386    86Kr
  36  87   6  16     0.00000     0.62504   6  16     0.00000    -0.74120    87Kr
  36  88   8  16     0.00000     1.08134   8  16     0.00000    -0.13649    88Kr
  36  89   6  15     0.00000     0.59752   6  15     0.00000    -0.49425    89Kr
  36  90   2  15     0.00000     1.21004   2  15     0.00000     0.21719    90Kr
  36  91   2  15     0.00000    -0.97708   2  15     0.00000    -1.78894    91Kr
  36  92   3  15     0.00000     1.46047   3  15     0.00000     0.50992    92Kr
