  37  77   8  16     0.00000     1.54592   8  16     0.00000     0.46368    77Rb
  37  79   6  15     0.00000     2.32704   6  15     0.00000     1.35495    79Rb
  37  80   2  12     0.00000     1.17060   2  12     0.00000     0.18107    80Rb
  37  81   3  15     0.00000     2.32275   3  15     0.00000     1.40492    81Rb
  37  82   8  20     0.00000     1.48549   8  20     0.00000     0.48423    82Rb
  37  83   3  15     0.00000     1.82611   3  15     0.00000     0.94830    83Rb
  37  84   8  15     0.00000     1.46917   8  15     0.00000     0.35085    84Rb
  37  85   8  17     0.00000     1.35032   8  17     0.00000     0.30542    85Rb
  37  86   5  16     9.03890     0.83002   5  16     5.22175    -0.60653    86Rb
  37  87   7  15     0.00000     0.48197   7  15     0.00000    -0.84777    87Rb
  37  88   8  15     9.24565     0.62331   8  15     5.62668    -0.79342    88Rb
  37  89   7  15     0.00000     0.87649   7  15     0.00000    -0.18966    89Rb
  37  90   5  15     0.00000     0.35957   5  15     0.00000    -0.70281    90Rb
  37  91   6  18     0.00000     1.24250   6  18     0.00000     0.28654    91Rb
