  38  77   5  16     0.00000     0.03740   5  16     0.00000    -1.21114    77Sr
  38  79   8  15     0.00000     0.99125   8  15     0.00000    -0.18875    79Sr
  38  80   8  16     0.00000     0.58447   8  16     0.00000    -0.36731    80Sr
  38  81   7  15     0.00000     2.20179   7  15     0.00000     1.24262    81Sr
  38  82   7  20     0.00000     1.29151   7  20     0.00000     0.31456    82Sr
  38  83   4  16     0.00000     2.37910   4  16     0.00000     1.17617    83Sr
  38  84   6  15     0.00000     1.28791   6  15     0.00000     0.29756    84Sr
  38  85   7  22    11.31009     1.47824   7  22     6.81427     0.37233    85Sr
  38  86   8  16     0.00000     1.30952   8  16     0.00000     0.07216    86Sr
  38  87   7  18    11.73295     0.53323   7  18     7.42474    -0.72735    87Sr
  38  88   4  26     9.67331     0.20373   4  26     5.77703    -1.42350    88Sr
  38  89   7  15    10.86920    -0.23949   7  15     5.09611    -1.62780    89Sr
  38  90   8  26     0.00000     0.93432   8  26     0.00000    -0.29004    90Sr
  38  91   5  16     0.00000     0.27854   5  16     0.00000    -0.89390    91Sr
  38  92   8  15     0.00000     0.83847   8  15     0.00000    -0.08104    92Sr
  38  93   7  17     0.00000     0.79181   7  17     0.00000    -0.29972    93Sr
  38  94   6  19     0.00000     0.89372   6  19     0.00000    -0.00238    94Sr
  38  95   8  20     0.00000     0.65648   8  20     0.00000    -0.16644    95Sr
  38  96   4  16     0.00000     1.52937   4  16     0.00000     0.79976    96Sr
  38  97   2  15     0.00000     1.74006   2  15     0.00000     0.98389    97Sr
  38  98   6  15     0.00000     1.71417   6  15     0.00000     1.10218    98Sr
  38  99   2  15     0.00000     0.46558   2  15     0.00000    -0.03725    99Sr
