  39  79   2  11     0.00000    -2.05830   2  11     0.00000    -3.03791    79Y 
  39  80   7  18     0.00000     0.89263   7  18     0.00000    -0.52769    80Y 
  39  81   8  17     0.00000     1.56541   8  17     0.00000     0.31110    81Y 
  39  82   7  15     0.00000     1.30581   7  15     0.00000     0.08589    82Y 
  39  83   4  16     0.00000     2.42875   4  16     0.00000     1.32483    83Y 
  39  85   5  24     0.00000     1.71891   5  24     0.00000     0.71955    85Y 
  39  86   8  17     0.00000     0.74977   8  17     0.00000    -0.36482    86Y 
  39  87   8  22     0.00000     1.34088   8  22     0.00000     0.14818    87Y 
  39  88   8  15     0.00000     0.36648   8  15     0.00000    -1.00141    88Y 
  39  89   5  15     0.00000    -0.06656   5  15     0.00000    -1.75268    89Y 
  39  90   3  16     8.93973    -0.19519   3  16     4.91458    -1.79628    90Y 
  39  91   8  15     0.00000     0.20053   8  15     0.00000    -0.85021    91Y 
  39  92   7  15     0.00000    -0.94244   7  15     0.00000    -2.05244    92Y 
  39  93   7  17     0.00000     0.37531   7  17     0.00000    -0.37361    93Y 
  39  94   6  15     0.00000    -1.02434   6  15     0.00000    -1.99684    94Y 
  39  95   6  15     0.00000    -0.37375   6  15     0.00000    -1.07973    95Y 
  39  97   8  15     0.00000     0.47397   8  15     0.00000    -0.28292    97Y 
  39  98   3  16     0.00000     1.38910   3  16     0.00000     0.39654    98Y 
  39  99   8  19     0.00000     1.25394   8  19     0.00000     0.77528    99Y 
  39 100   8  15     0.00000     0.44481   8  15     0.00000    -0.18603   100Y 
  39 101   8  19     0.00000     1.32804   8  19     0.00000     0.77482   101Y 
