  41  87   8  15     0.00000     0.92960   8  15     0.00000    -0.19619    87Nb
  41  89   8  17     0.00000     0.83716   8  17     0.00000    -0.40122    89Nb
  41  90   7  26     0.00000     0.63188   7  26     0.00000    -0.74416    90Nb
  41  91   7  16     0.00000     1.19578   7  16     0.00000    -0.39326    91Nb
  41  92   8  15     0.00000     0.12706   8  15     0.00000    -1.26213    92Nb
  41  93   5  15     0.00000     1.57261   5  15     0.00000     0.37872    93Nb
  41  94   8  19    11.97018     0.67559   8  19     6.83536    -0.40688    94Nb
  41  95   5  18     0.00000     1.00540   5  18     0.00000     0.05467    95Nb
  41  96   8  16     0.00000    -0.02504   8  16     0.00000    -0.97750    96Nb
  41  97   8  18     0.00000     0.23885   8  18     0.00000    -0.61163    97Nb
  41  99   8  16     0.00000     0.78165   8  16     0.00000     0.11561    99Nb
  41 101   8  16     0.00000     1.83547   8  16     0.00000     1.08240   101Nb
  41 103   6  15     0.00000     1.74575   6  15     0.00000     1.02523   103Nb
