  43  92   8  21     0.00000     0.59479   8  21     0.00000    -1.06175    92Tc
  43  93   8  19     0.00000     1.11855   8  19     0.00000    -0.70754    93Tc
  43  94   8  20     0.00000     0.34383   8  20     0.00000    -1.16610    94Tc
  43  95   2  16     0.00000     1.70981   2  16     0.00000     0.41391    95Tc
  43  96   6  15     0.00000     1.55135   6  15     0.00000     0.28063    96Tc
  43  97   5  20     0.00000     2.04310   5  20     0.00000     0.90219    97Tc
  43  98   8  25     0.00000     1.50248   8  25     0.00000     0.40198    98Tc
  43  99   8  15     0.00000     2.22117   8  15     0.00000     1.21152    99Tc
  43 100   8  17    15.42563     1.41458   8  17     8.71454     0.47949   100Tc
  43 101   8  17     0.00000     2.24028   8  17     0.00000     1.34385   101Tc
  43 102   8  15     0.00000     1.18030   8  15     0.00000     0.31620   102Tc
  43 103   7  15     0.00000     1.49945   7  15     0.00000     0.82771   103Tc
  43 104   8  16     0.00000     0.51268   8  16     0.00000    -0.21317   104Tc
  43 105   4  17     0.00000     1.93642   4  17     0.00000     1.21642   105Tc
