  44  91   2  15     0.00000    -0.62193   2  15     0.00000    -2.32492    91Ru
  44  92   2  15     0.00000    -1.36299   2  15     0.00000    -2.96911    92Ru
  44  93   2  15     0.00000    -1.23626   2  15     0.00000    -3.04082    93Ru
  44  94   8  16     0.00000     0.80808   8  16     0.00000    -1.45852    94Ru
  44  95   8  15     0.00000     1.10393   8  15     0.00000    -0.93724    95Ru
  44  96   6  26     0.00000     1.68408   6  26     0.00000    -0.03897    96Ru
  44  97   8  16     0.00000     1.09610   8  16     0.00000    -0.20750    97Ru
  44  98   5  16     0.00000     1.64081   5  16     0.00000     0.38732    98Ru
  44  99   7  18     0.00000     1.44225   7  18     0.00000     0.34886    99Ru
  44 100   6  28    12.72129     1.69355   6  28     7.61046     0.54093   100Ru
  44 101   6  17     0.00000     2.11258   6  17     0.00000     1.03011   101Ru
  44 102   7  19    14.69797     1.49835   7  19     8.77409     0.63314   102Ru
  44 103   7  16    41.55269     1.39699   7  16     8.68720     1.05252   103Ru
  44 104   8  19     0.00000     1.32542   8  19     0.00000     0.65917   104Ru
  44 105   8  21    22.39205     1.81198   8  21    15.00528     1.15282   105Ru
  44 106   7  15     0.00000     1.18795   7  15     0.00000     0.61229   106Ru
  44 107   5  17     0.00000     2.19920   5  17     0.00000     1.35307   107Ru
  44 108   8  15     0.00000     1.67815   8  15     0.00000     1.12993   108Ru
  44 109   8  18     0.00000     1.88441   8  18     0.00000     1.19942   109Ru
  44 110   8  15     0.00000     1.28133   8  15     0.00000     0.84128   110Ru
  44 111   8  18     0.00000     1.75439   8  18     0.00000     1.19283   111Ru
  44 112   8  15     0.00000     0.93321   8  15     0.00000     0.47779   112Ru
