  45  96   8  15     0.00000     0.43283   8  15     0.00000    -1.54349    96Rh
  45  97   6  15     0.00000     1.54251   6  15     0.00000    -0.09893    97Rh
  45  99   8  15     0.00000     1.60205   8  15     0.00000     0.31255    99Rh
  45 100   8  16     0.00000     1.67531   8  16     0.00000     0.41310   100Rh
  45 101   7  17     0.00000     1.83953   7  17     0.00000     0.72132   101Rh
  45 102   7  15     0.00000     1.64102   7  15     0.00000     0.55249   102Rh
  45 103   2  15     0.00000     1.65604   2  15     0.00000     0.79017   103Rh
  45 104   8  15    15.58696     1.26092   8  15     8.79149     0.34207   104Rh
  45 105   6  24     0.00000     1.71989   6  24     0.00000     0.86932   105Rh
  45 107   2  15     0.00000     1.65547   2  15     0.00000     0.92633   107Rh
  45 109   8  24     0.00000     1.41194   8  24     0.00000     0.69531   109Rh
  45 111   2  15     0.00000     1.82990   2  15     0.00000     1.07449   111Rh
