  46  97   4  16     0.00000     1.72891   4  16     0.00000    -0.78830    97Pd
  46  98   2  23     0.00000     1.70018   2  23     0.00000    -0.41585    98Pd
  46  99   7  17     0.00000     1.45179   7  17     0.00000    -0.21853    99Pd
  46 100   4  16     0.00000     1.52439   4  16     0.00000    -0.11097   100Pd
  46 101   8  22     0.00000     1.63143   8  22     0.00000     0.31079   101Pd
  46 102   6  19     0.00000     1.46743   6  19     0.00000     0.07514   102Pd
  46 103   7  15     0.00000     1.75306   7  15     0.00000     0.65966   103Pd
  46 104   8  17     0.00000     1.63917   8  17     0.00000     0.32890   104Pd
  46 105   4  17    13.59684     1.98992   4  17     7.15359     0.93825   105Pd
  46 106   6  28    15.03389     1.37737   6  28     7.28899     0.18173   106Pd
  46 107   8  19    15.36033     1.81354   8  19     7.76093     0.87441   107Pd
  46 108   8  22    15.98078     1.29256   8  22     7.47822     0.15487   108Pd
  46 109   8  16    15.58361     2.44713   8  16     8.11961     1.46233   109Pd
  46 110   7  28     0.00000     1.59144   7  28     0.00000     0.62617   110Pd
  46 111   7  15    22.19759     1.68000   7  15     9.79226     1.04540   111Pd
