  47  98   4  15     0.00000    -0.01016   4  15     0.00000    -3.55315    98Ag
  47  99   2  14     0.00000    -0.83528   2  14     0.00000    -3.16235    99Ag
  47 100   7  18     0.00000     1.05978   7  18     0.00000    -1.11913   100Ag
  47 101   6  18     0.00000     1.61177   6  18     0.00000    -0.20406   101Ag
  47 102   7  16     0.00000     0.80771   7  16     0.00000    -0.73064   102Ag
  47 103   5  17     0.00000     1.32358   5  17     0.00000    -0.01591   103Ag
  47 104   5  18     0.00000     1.50958   5  18     0.00000     0.13088   104Ag
  47 105   2  18     0.00000     1.45907   2  18     0.00000     0.37861   105Ag
  47 106   6  19     0.00000     1.29909   6  19     0.00000     0.08392   106Ag
  47 107   6  17     0.00000     1.36169   6  17     0.00000     0.44297   107Ag
  47 108   3  28    15.87539     1.41609   3  28     9.93150     0.47646   108Ag
  47 109   8  19     0.00000     1.83610   8  19     0.00000     0.93714   109Ag
  47 110   6  18    18.34279     1.44941   6  18    11.18635     0.43344   110Ag
  47 111   2  17     0.00000     1.64762   2  17     0.00000     0.90867   111Ag
  47 113   8  15     0.00000     1.59609   8  15     0.00000     1.00402   113Ag
  47 115   7  14     0.00000     1.67464   7  14     0.00000     1.04104   115Ag
  47 118   8  14     0.00000     0.65483   8  14     0.00000    -0.03787   118Ag
