  48 103   2  15     0.00000     1.75172   2  15     0.00000     0.15651   103Cd
  48 104   3  15     0.00000     1.46962   3  15     0.00000    -0.24876   104Cd
  48 105   8  26     0.00000     1.48936   8  26     0.00000     0.15067   105Cd
  48 106   5  21     0.00000     1.64476   5  21     0.00000     0.11789   106Cd
  48 107   6  16    13.22996     1.69010   6  16     7.18296     0.58407   107Cd
  48 108   5  16     0.00000     1.09976   5  16     0.00000    -0.17250   108Cd
  48 109   5  17    15.54098     1.44275   5  17     8.02862     0.54226   109Cd
  48 110   8  19     0.00000     1.28881   8  19     0.00000     0.07152   110Cd
  48 111   4  27    16.39735     1.58431   4  27     8.19128     0.69816   111Cd
  48 112   6  27    16.79055     1.20798   6  27     7.78455     0.10780   112Cd
  48 113   6  15    16.44414     1.69727   6  15     8.20553     0.78485   113Cd
  48 114   6  23    16.79388     1.19091   6  23     7.63252     0.11178   114Cd
  48 115   8  16    19.10431     1.33008   8  16     8.82654     0.56963   115Cd
  48 116   6  19     0.00000     1.21615   6  19     0.00000     0.18280   116Cd
  48 117   6  15    17.09203     1.73718   6  15     8.35975     0.83715   117Cd
  48 118   5  16     0.00000     1.14324   5  16     0.00000     0.21832   118Cd
  48 119   8  16     0.00000     1.30051   8  16     0.00000     0.45626   119Cd
  48 120   8  15     0.00000     0.47174   8  15     0.00000    -0.62496   120Cd
  48 121   8  22     0.00000     1.39375   8  22     0.00000     0.45140   121Cd
  48 123   8  16     0.00000     1.33785   8  16     0.00000     0.32628   123Cd
