  49 103   2  15     0.00000    -2.71643   2  15     0.00000    -5.12199   103In
  49 104   7  17     0.00000     0.17071   7  17     0.00000    -1.69188   104In
  49 106   6  16     0.00000     0.08403   6  16     0.00000    -1.36140   106In
  49 107   5  18     0.00000     0.98938   5  18     0.00000    -0.36532   107In
  49 108   8  19     0.00000     0.65336   8  19     0.00000    -0.55742   108In
  49 109   5  16     0.00000     0.89699   5  16     0.00000    -0.21907   109In
  49 110   8  25     0.00000     0.71236   8  25     0.00000    -0.32780   110In
  49 111   2  15     0.00000     0.91055   2  15     0.00000    -0.08183   111In
  49 112   4  24     0.00000     0.97726   4  24     0.00000     0.20133   112In
  49 113   8  15     0.00000     0.97657   8  15     0.00000     0.09442   113In
  49 114   6  15    15.22028     0.95972   6  15     9.26202    -0.07511   114In
  49 115   8  16     0.00000     0.94972   8  16     0.00000     0.14701   115In
  49 116   8  15    14.60448     0.91988   8  15    10.50642     0.01500   116In
  49 117   5  18     0.00000     0.95595   5  18     0.00000     0.17678   117In
  49 118   7  15     0.00000     0.32517   7  15     0.00000    -0.44365   118In
  49 119   8  15     0.00000     0.73936   8  15     0.00000     0.01139   119In
  49 121   7  15     0.00000     0.77582   7  15     0.00000    -0.06777   121In
  49 122   2  12     0.00000     0.07004   2  12     0.00000    -0.71397   122In
  49 123   8  19     0.00000     0.29316   8  19     0.00000    -0.81157   123In
  49 125   6  21     0.00000     0.36117   6  21     0.00000    -0.83834   125In
  49 127   2  15     0.00000    -0.35375   2  15     0.00000    -1.84883   127In
