  51 113   8  17     0.00000     0.20803   8  17     0.00000    -0.83344   113Sb
  51 114   7  24     0.00000     0.80363   7  24     0.00000    -0.18992   114Sb
  51 116   8  16     0.00000     0.74831   8  16     0.00000    -0.22204   116Sb
  51 117   4  16     0.00000     0.98107   4  16     0.00000     0.05975   117Sb
  51 118   4  22     0.00000     1.02752   4  22     0.00000     0.09489   118Sb
  51 119   7  16     0.00000     0.99486   7  16     0.00000    -0.14911   119Sb
  51 120   2  15     0.00000     1.05115   2  15     0.00000     0.14825   120Sb
  51 121   4  21     0.00000     1.04466   4  21     0.00000     0.11877   121Sb
  51 122   2  17    15.24289     1.46798   2  17     8.67883     0.41628   122Sb
  51 123   3  17     0.00000     0.60657   3  17     0.00000    -0.26352   123Sb
  51 124   8  15    13.98199     1.62858   8  15     8.12551     0.45330   124Sb
  51 125   5  15     0.00000     0.57819   5  15     0.00000    -0.45743   125Sb
  51 127   6  17     0.00000     0.39209   6  17     0.00000    -0.83013   127Sb
  51 129   8  15     0.00000     1.32005   8  15     0.00000    -0.37586   129Sb
  51 130   6  25     0.00000     0.98487   6  25     0.00000    -0.85648   130Sb
  51 131   7  15     0.00000     2.06867   7  15     0.00000     0.75508   131Sb
