  53 111   2  15     0.00000    -1.50587   2  15     0.00000    -2.80944   111I 
  53 113   2  15     0.00000    -0.50925   2  15     0.00000    -1.42913   113I 
  53 114   2  15     0.00000    -1.31335   2  15     0.00000    -2.40073   114I 
  53 115   2  15     0.00000    -0.60679   2  15     0.00000    -1.41156   115I 
  53 117   7  16     0.00000     2.01095   7  16     0.00000     1.01434   117I 
  53 118   2  16     0.00000    -1.16071   2  16     0.00000    -1.83741   118I 
  53 119   8  16     0.00000     1.38384   8  16     0.00000     0.59931   119I 
  53 120   8  22     0.00000     1.08565   8  22     0.00000     0.16056   120I 
  53 121   8  18     0.00000     1.28139   8  18     0.00000     0.63522   121I 
  53 123   5  20     0.00000     1.22617   5  20     0.00000     0.51101   123I 
  53 124   8  15     0.00000     1.54356   8  15     0.00000     0.58954   124I 
  53 125   8  15     0.00000     1.07891   8  15     0.00000     0.42064   125I 
  53 126   3  29     0.00000     1.26458   3  29     0.00000     0.30113   126I 
  53 127   8  29     0.00000     1.23033   8  29     0.00000     0.48149   127I 
  53 128   8  18    15.53372     1.51609   8  18     9.96979     0.39442   128I 
  53 129   8  17     0.00000     0.86013   8  17     0.00000    -0.01521   129I 
  53 130   8  22    13.43752     1.63813   8  22    10.66780     0.66774   130I 
  53 131   3  15     0.00000     1.04642   3  15     0.00000    -0.20580   131I 
  53 133   2  19     0.00000     1.20633   2  19     0.00000    -0.47975   133I 
  53 135   4  15     0.00000    -0.03278   4  15     0.00000    -2.95789   135I 
  53 136   2  10     0.00000    -2.34457   2  10     0.00000    -3.94312   136I 
