  58 127   5  16     0.00000     1.33994   5  16     0.00000     0.49349   127Ce
  58 128   8  23     0.00000     1.06789   8  23     0.00000     0.01580   128Ce
  58 129   3  15     0.00000     1.47330   3  15     0.00000     0.67091   129Ce
  58 130   7  16     0.00000     0.90932   7  16     0.00000    -0.07082   130Ce
  58 131   8  15     0.00000     1.02423   8  15     0.00000     0.24453   131Ce
  58 133   6  17     0.00000     1.38806   6  17     0.00000     0.58317   133Ce
  58 134   7  15     0.00000     1.11610   7  15     0.00000     0.07867   134Ce
  58 135   8  16     0.00000     0.37385   8  16     0.00000    -0.46839   135Ce
  58 136   5  20     0.00000     0.51314   5  20     0.00000    -0.62099   136Ce
  58 137   8  17    18.29845     0.83903   8  17     9.22844    -0.02692   137Ce
  58 138   7  16     0.00000     0.94472   7  16     0.00000    -0.38572   138Ce
  58 139   4  16     0.00000     0.15566   4  16     0.00000    -0.92085   139Ce
  58 140   4  15     0.00000     0.61144   4  15     0.00000    -0.81474   140Ce
  58 141   6  19    16.55218     0.26158   6  19     8.05937    -0.77508   141Ce
  58 142   2  21    16.61795     1.02609   2  21     7.18980    -0.16841   142Ce
  58 143   2  17    25.71465     0.66797   2  17     8.14408     0.02631   143Ce
  58 144   2  16     0.00000     1.16518   2  16     0.00000     0.22341   144Ce
  58 145   8  16     0.00000     1.21621   8  16     0.00000     0.38045   145Ce
  58 146   7  16     0.00000     1.31964   7  16     0.00000     0.44556   146Ce
  58 147   3  17     0.00000     1.77172   3  17     0.00000     0.97540   147Ce
  58 148   8  17     0.00000     1.56326   8  17     0.00000     0.76630   148Ce
  58 149   7  16     0.00000     1.65115   7  16     0.00000     0.93931   149Ce
