  61 139   5  17     0.00000     1.31769   5  17     0.00000     0.47830   139Pm
  61 140   6  15     0.00000     0.65558   6  15     0.00000    -0.26449   140Pm
  61 141   8  17     0.00000     0.89261   8  17     0.00000    -0.00943   141Pm
  61 142   8  18     0.00000     0.30235   8  18     0.00000    -0.73220   142Pm
  61 143   6  18     0.00000     0.47790   6  18     0.00000    -0.59154   143Pm
  61 144   8  23     0.00000     0.27357   8  23     0.00000    -0.69245   144Pm
  61 145   8  27     0.00000     0.99055   8  27     0.00000     0.09565   145Pm
  61 146   7  15     0.00000     1.16109   7  15     0.00000     0.25021   146Pm
  61 147   2  17     0.00000     1.63482   2  17     0.00000     0.81295   147Pm
  61 148   8  18    22.11429     0.98093   8  18    11.36421     0.17431   148Pm
  61 149   5  16     0.00000     1.63329   5  16     0.00000     0.92733   149Pm
  61 151   6  15     0.00000     1.56335   6  15     0.00000     0.88662   151Pm
  61 153   8  18     0.00000     1.29249   8  18     0.00000     0.59685   153Pm
  61 155   8  21     0.00000     0.90089   8  21     0.00000     0.22795   155Pm
