  62 138   8  16     0.00000     0.60332   8  16     0.00000    -0.40840   138Sm
  62 139   3  17     0.00000     1.10575   3  17     0.00000     0.31043   139Sm
  62 141   7  17     0.00000     0.97158   7  17     0.00000     0.12855   141Sm
  62 142   8  18     0.00000     0.82652   8  18     0.00000    -0.42589   142Sm
  62 143   5  16     0.00000     0.06570   5  16     0.00000    -0.88954   143Sm
  62 144   5  16     0.00000     0.45309   5  16     0.00000    -0.85999   144Sm
  62 145   4  17    15.24050     0.50072   4  17     7.57597    -0.63709   145Sm
  62 146   6  15     0.00000     0.95552   6  15     0.00000    -0.24633   146Sm
  62 147   4  15     0.00000     1.22083   4  15     0.00000     0.34305   147Sm
  62 148   8  29    19.66961     1.13441   8  29     9.04426     0.00740   148Sm
  62 149   7  19    21.59967     1.37243   7  19    10.06492     0.55622   149Sm
  62 150   3  21    22.28765     1.34137   3  21     9.26352     0.43963   150Sm
  62 151   5  16    23.31663     1.88666   5  16    10.86055     1.12459   151Sm
  62 152   5  17    21.97248     1.71311   5  17     9.99837     0.83992   152Sm
  62 153   4  17    19.99497     2.18076   4  17     9.93410     1.25900   153Sm
  62 154   5  22     0.00000     1.73386   5  22     0.00000     0.88957   154Sm
  62 155   7  15    21.17767     1.41756   7  15     9.78759     0.58776   155Sm
  62 156   8  18     0.00000     1.50332   8  18     0.00000     0.67656   156Sm
  62 157   8  15     0.00000     0.38192   8  15     0.00000    -0.19458   157Sm
