  64 138   5  27     0.00000     0.25433   5  27     0.00000    -0.53160   138Gd
  64 139   2  15     0.00000    -0.55390   2  15     0.00000    -1.21614   139Gd
  64 140   2  15     0.00000    -0.19950   2  15     0.00000    -1.17105   140Gd
  64 141   7  16     0.00000     1.18092   7  16     0.00000     0.46132   141Gd
  64 142   8  16     0.00000     0.40608   8  16     0.00000    -0.28565   142Gd
  64 143   8  15     0.00000     0.21427   8  15     0.00000    -0.47599   143Gd
  64 144   8  18     0.00000     0.29545   8  18     0.00000    -0.57606   144Gd
  64 145   8  20     0.00000    -0.15997   8  20     0.00000    -1.07648   145Gd
  64 146   6  28     0.00000     0.09803   6  28     0.00000    -1.00669   146Gd
  64 147   8  20     0.00000     0.19294   8  20     0.00000    -0.78047   147Gd
  64 148   7  19     0.00000     0.50979   7  19     0.00000    -0.26645   148Gd
  64 149   8  22     0.00000     0.67810   8  22     0.00000     0.02396   149Gd
  64 150   7  22     0.00000     1.03337   7  22     0.00000     0.33911   150Gd
  64 151   8  22     0.00000     1.40408   8  22     0.00000     0.73905   151Gd
  64 152   7  27     0.00000     1.37016   7  27     0.00000     0.94163   152Gd
  64 153   6  19    21.72297     1.88387   6  19    13.56718     1.34989   153Gd
  64 154   6  15     0.00000     1.77297   6  15     0.00000     1.23634   154Gd
  64 155   8  16    26.56746     1.58380   8  16    13.21037     1.23726   155Gd
  64 156   4  16    20.92258     1.73511   4  16    12.48750     1.04803   156Gd
  64 157   5  15    20.56573     1.19005   5  15    11.82145     1.01657   157Gd
  64 158   2  17    20.19608     1.71006   2  17    11.50844     1.07318   158Gd
  64 159   8  19    15.17805     1.08660   8  19    11.43682     0.87144   159Gd
  64 160   8  21     0.00000     1.65283   8  21     0.00000     1.09599   160Gd
  64 161   8  23    33.00759     0.89244   8  23    10.94655     0.64197   161Gd
  64 162   7  15     0.00000     1.01665   7  15     0.00000     0.27117   162Gd
