  66 153   8  21     0.00000     0.85007   8  21     0.00000     0.14763   153Dy
  66 154   6  15     0.00000     1.33661   6  15     0.00000     0.62851   154Dy
  66 155   2  22     0.00000     1.86987   2  22     0.00000     1.15851   155Dy
  66 156   8  16     0.00000     1.47045   8  16     0.00000     0.72139   156Dy
  66 157   8  16    23.58874     1.76034   8  16    11.37597     1.00550   157Dy
  66 158   8  18     0.00000     1.45383   8  18     0.00000     0.68408   158Dy
  66 159   6  27    19.96294     1.83050   6  27     9.97308     0.90374   159Dy
  66 160   7  29     0.00000     1.65092   7  29     0.00000     0.71717   160Dy
  66 161   8  20    20.50794     1.76511   8  20    10.08189     0.86541   161Dy
  66 162   3  18    19.61905     1.72301   3  18     9.06098     0.73123   162Dy
  66 163   3  16    18.78875     1.81021   3  16     9.44387     0.81631   163Dy
  66 164   3  15    18.39996     1.85388   3  15     8.46755     0.80047   164Dy
  66 165   6  19    19.55907     1.51217   6  19     9.48824     0.58125   165Dy
  66 166   4  16     0.00000     1.63023   4  16     0.00000     0.78950   166Dy
