  67 141   2  10     0.00000    -1.74518   2  10     0.00000    -2.14901   141Ho
  67 148   2  11     0.00000    -0.83108   2  11     0.00000    -1.58964   148Ho
  67 149   3  17     0.00000     0.63630   3  17     0.00000    -0.42787   149Ho
  67 150   2  16     0.00000    -2.30465   2  16     0.00000    -3.04473   150Ho
  67 151   8  17     0.00000     0.87886   8  17     0.00000     0.03267   151Ho
  67 152   2  15     0.00000    -2.14089   2  15     0.00000    -2.61132   152Ho
  67 153   8  16     0.00000     0.48258   8  16     0.00000    -0.16207   153Ho
  67 155   7  16     0.00000     1.55499   7  16     0.00000     0.96695   155Ho
  67 157   8  29     0.00000     1.70449   8  29     0.00000     1.16377   157Ho
  67 158   4  26     0.00000     1.07899   4  26     0.00000     0.35358   158Ho
  67 159   5  17     0.00000     1.65340   5  17     0.00000     1.10393   159Ho
  67 160   2  15     0.00000     0.01456   2  15     0.00000    -0.36069   160Ho
  67 161   4  16     0.00000     1.62374   4  16     0.00000     1.02397   161Ho
  67 162   2  16     0.00000    -0.32520   2  16     0.00000    -0.72612   162Ho
  67 163   2  22     0.00000     1.64995   2  22     0.00000     0.98696   163Ho
  67 164   7  15     0.00000     0.99333   7  15     0.00000     0.20433   164Ho
  67 165   5  16     0.00000     1.58160   5  16     0.00000     0.85743   165Ho
  67 166   2  16    20.35934     1.06768   2  16    11.92828     0.06981   166Ho
  67 167   8  20     0.00000     0.81063   8  20     0.00000     0.25191   167Ho
  67 169   8  16     0.00000     0.73089   8  16     0.00000     0.20447   169Ho
