  70 162   7  18     0.00000     1.32022   7  18     0.00000     0.52257   162Yb
  70 163   8  20     0.00000     1.55470   8  20     0.00000     0.86091   163Yb
  70 164   2  19     0.00000     1.47512   2  19     0.00000     0.73972   164Yb
  70 165   8  15     0.00000     1.58007   8  15     0.00000     0.88108   165Yb
  70 166   4  24     0.00000     1.48444   4  24     0.00000     0.65841   166Yb
  70 167   4  17     0.00000     1.79049   4  17     0.00000     1.05369   167Yb
  70 168   5  15     0.00000     1.58593   5  15     0.00000     0.77067   168Yb
  70 169   8  25    23.25639     1.43222   8  25    11.21055     0.64075   169Yb
  70 170   6  19    18.94824     1.75647   6  19     8.95883     0.57510   170Yb
  70 171   8  15    19.97041     1.52085   8  15     9.78855     0.59325   171Yb
  70 172   5  16    20.28288     1.66763   5  16     9.62258     0.58969   172Yb
  70 173   2  16    18.82970     1.53817   2  16     9.28297     0.54618   173Yb
  70 174   8  15    20.62548     1.18965   8  15     9.52300     0.10049   174Yb
  70 175   3  15    19.06222     1.41594   3  15     9.48548     0.43440   175Yb
  70 176   7  16     0.00000     1.34237   7  16     0.00000     0.46223   176Yb
  70 177   3  16    19.20511     1.54512   3  16     9.64869     0.56526   177Yb
  70 178   4  15     0.00000     1.07321   4  15     0.00000     0.26389   178Yb
