  71 163   8  22     0.00000     1.38231   8  22     0.00000     0.93256   163Lu
  71 167   8  15     0.00000     0.32718   8  15     0.00000     0.01460   167Lu
  71 169   8  18     0.00000     1.55663   8  18     0.00000     1.03231   169Lu
  71 170   6  15     0.00000     0.91972   6  15     0.00000     0.24799   170Lu
  71 171   7  15     0.00000     1.58653   7  15     0.00000     0.97780   171Lu
  71 172   8  15     0.00000     1.01110   8  15     0.00000     0.26459   172Lu
  71 173   3  19     0.00000     1.51255   3  19     0.00000     0.83410   173Lu
  71 174   2  17     0.00000     0.84925   2  17     0.00000     0.07397   174Lu
  71 175   8  16     0.00000     1.37241   8  16     0.00000     0.70733   175Lu
  71 176   7  20    21.40064     0.87800   7  20    12.41920    -0.01358   176Lu
  71 177   7  20    22.03002     1.20790   7  20    12.37349     0.59348   177Lu
  71 178   6  15     0.00000     0.65359   6  15     0.00000    -0.07123   178Lu
  71 179   8  15     0.00000     0.62286   8  15     0.00000     0.17351   179Lu
  71 180   6  12     0.00000    -0.15462   6  12     0.00000    -0.63568   180Lu
