  73 167   8  15     0.00000     1.10501   8  15     0.00000     0.65817   167Ta
  73 169   2  10     0.00000    -2.82925   2  10     0.00000    -2.72829   169Ta
  73 171   7  15     0.00000     1.04947   7  15     0.00000     0.53342   171Ta
  73 172   8  15     0.00000     0.50592   8  15     0.00000    -0.07133   172Ta
  73 173   2  15     0.00000    -0.81599   2  15     0.00000    -1.11931   173Ta
  73 174   2  15     0.00000    -2.17389   2  15     0.00000    -2.44591   174Ta
  73 175   7  16     0.00000     1.50643   7  16     0.00000     0.95455   175Ta
  73 177   8  17     0.00000     1.49199   8  17     0.00000     0.89603   177Ta
  73 179   7  19     0.00000     1.25731   7  19     0.00000     0.69683   179Ta
  73 180   8  16     0.00000     0.84110   8  16     0.00000     0.08119   180Ta
  73 181   8  20    25.15865     0.64259   8  20    29.66233     0.20355   181Ta
  73 182   5  17    21.59094     0.92450   5  17    12.55239     0.00122   182Ta
  73 183   2  15    23.01697     0.37571   2  15    12.13203     0.22598   183Ta
  73 185   8  16     0.00000     0.50944   8  16     0.00000    -0.02352   185Ta
