  76 174   6  15     0.00000     1.27653   6  15     0.00000     0.55051   174Os
  76 175   8  16     0.00000     1.41164   8  16     0.00000     0.70414   175Os
  76 176   8  15     0.00000     1.13879   8  15     0.00000     0.43675   176Os
  76 177   8  15     0.00000     1.31344   8  15     0.00000     0.60913   177Os
  76 178   8  15     0.00000     1.12639   8  15     0.00000     0.42118   178Os
  76 179   4  15     0.00000     1.56182   4  15     0.00000     0.83913   179Os
  76 180   8  15     0.00000     1.10341   8  15     0.00000     0.39636   180Os
  76 181   3  16     0.00000     1.54895   3  16     0.00000     0.81976   181Os
  76 182   8  22     0.00000     1.00106   8  22     0.00000     0.11827   182Os
  76 183   7  17     0.00000     1.45200   7  17     0.00000     0.65350   183Os
  76 184   8  18     0.00000     1.11932   8  18     0.00000     0.24478   184Os
  76 185   4  18     0.00000     1.45314   4  18     0.00000     0.68048   185Os
  76 186   2  20     0.00000     1.24938   2  20     0.00000     0.43302   186Os
  76 187   7  16    21.14766     1.50710   7  16    10.52548     0.60149   187Os
  76 188   8  29    22.16250     1.24498   8  29    10.41566     0.18914   188Os
  76 189   8  25    21.86185     1.37596   8  25    10.79196     0.50098   189Os
  76 190   8  25    21.55239     1.23366   8  25    10.26556     0.21290   190Os
  76 191   2  15    20.18088     1.62832   2  15    10.27221     0.66703   191Os
  76 192   4  17     0.00000     1.25960   4  17     0.00000     0.38379   192Os
  76 193   8  15    23.57547     0.76860   8  15    11.12864     0.00628   193Os
  76 194   8  15     0.00000     0.55353   8  15     0.00000    -0.46316   194Os
