  80 180   8  18     0.00000     0.45279   8  18     0.00000    -0.05031   180Hg
  80 181   2  10     0.00000    -0.65064   2  10     0.00000    -0.49820   181Hg
  80 182   8  15     0.00000     0.89852   8  15     0.00000     0.44084   182Hg
  80 183   8  15     0.00000     0.82097   8  15     0.00000     0.40702   183Hg
  80 184   2  15     0.00000    -5.42329   2  15     0.00000    -5.26698   184Hg
  80 185   8  15     0.00000     1.27096   8  15     0.00000     0.82061   185Hg
  80 186   8  18     0.00000     0.80477   8  18     0.00000     0.31536   186Hg
  80 187   2  15     0.00000    -0.12027   2  15     0.00000    -0.43358   187Hg
  80 188   6  15     0.00000     0.69425   6  15     0.00000     0.23342   188Hg
  80 190   8  21     0.00000     0.48148   8  21     0.00000    -0.06541   190Hg
  80 191   8  22     0.00000     0.84930   8  22     0.00000     0.23410   191Hg
  80 192   3  20     0.00000     0.59936   3  20     0.00000    -0.11324   192Hg
  80 193   8  16     0.00000     0.31148   8  16     0.00000    -0.32970   193Hg
  80 194   8  16     0.00000     0.46608   8  16     0.00000    -0.36955   194Hg
  80 195   8  18     0.00000     1.01628   8  18     0.00000     0.18807   195Hg
  80 196   7  24     0.00000     1.03433   7  24     0.00000     0.01762   196Hg
  80 197   8  15     0.00000     1.40611   8  15     0.00000     0.24898   197Hg
  80 198   3  15     0.00000     1.04502   3  15     0.00000    -0.11125   198Hg
  80 199   2  16    15.62776     1.48943   2  16     9.33794     0.09115   199Hg
  80 200   5  16    13.70813     1.36837   5  16     7.86712    -0.18559   200Hg
  80 201   3  15    10.40514     2.98992   3  15    26.33504    -0.03867   201Hg
  80 202   8  24    11.86988     2.46573   8  24     6.79630    -0.27539   202Hg
  80 203   8  17     0.00000     1.08502   8  17     0.00000    -0.84483   203Hg
  80 204   8  19     0.00000     1.65709   8  19     0.00000    -1.11907   204Hg
  80 205   5  16     0.00000     0.39662   5  16     0.00000    -2.27119   205Hg
