  81 183   2  12     0.00000    -1.84783   2  12     0.00000    -5.59860   183Tl
  81 187   8  17     0.00000     0.36498   8  17     0.00000    -0.03680   187Tl
  81 189   3  15     0.00000     0.04640   3  15     0.00000    -0.37786   189Tl
  81 191   3  15     0.00000    -0.16731   3  15     0.00000    -0.69618   191Tl
  81 192   2  16     0.00000    -1.32026   2  16     0.00000    -1.82992   192Tl
  81 194   2  15     0.00000    -0.38715   2  15     0.00000    -0.84375   194Tl
  81 195   5  18     0.00000     0.44230   5  18     0.00000    -0.40413   195Tl
  81 196   2  16     0.00000    -1.01701   2  16     0.00000    -1.80854   196Tl
  81 197   8  16     0.00000     0.21993   8  16     0.00000    -0.73236   197Tl
  81 198   6  17     0.00000     0.26699   6  17     0.00000    -0.82162   198Tl
  81 199   7  15     0.00000     0.22274   7  15     0.00000    -0.89474   199Tl
  81 200   2  16     0.00000    -0.01761   2  16     0.00000    -1.28130   200Tl
  81 201   3  15     0.00000     0.80885   3  15     0.00000    -0.67459   201Tl
  81 202   2  15     0.00000    -0.67815   2  15     0.00000    -2.31526   202Tl
  81 203   7  17     0.00000     1.55017   7  17     0.00000    -0.82298   203Tl
  81 204   8  26    10.24219     1.90948   8  26     6.00397    -1.35524   204Tl
  81 205   5  18     0.00000     1.65599   5  18     0.00000    -1.63407   205Tl
  81 206   2  15     9.07671    -0.67979   2  15     3.14558    -2.79278   206Tl
  81 207   7  16     0.00000     0.64372   7  16     0.00000    -3.90487   207Tl
