  83 197   2  13     0.00000    -1.37510   2  13     0.00000    -1.89908   197Bi
  83 199   8  18     0.00000     0.03505   8  18     0.00000    -0.84905   199Bi
  83 201   5  16     0.00000     0.43171   5  16     0.00000    -0.58813   201Bi
  83 202   8  16     0.00000    -1.40220   8  16     0.00000    -2.56472   202Bi
  83 203   4  18     0.00000     0.81869   4  18     0.00000    -0.51455   203Bi
  83 204   6  16     0.00000     0.27070   6  16     0.00000    -1.14572   204Bi
  83 205   4  17     0.00000     0.92761   4  17     0.00000    -0.75737   205Bi
  83 206   8  18     0.00000     0.49777   8  18     0.00000    -1.38636   206Bi
  83 207   5  23     0.00000     1.21873   5  23     0.00000    -1.21040   207Bi
  83 208   6  25     0.00000     1.00662   6  25     0.00000    -2.41788   208Bi
  83 209   5  15     0.00000     0.58780   5  15     0.00000    -3.22882   209Bi
  83 210   8  21     8.38284     1.16563   8  21     2.70027    -2.02896   210Bi
  83 211   6  22     0.00000     1.42684   6  22     0.00000    -0.36783   211Bi
  83 214   2  11     0.00000    -0.14575   2  11     0.00000    -0.93352   214Bi
