  84 196   8  15     0.00000     0.16545   8  15     0.00000    -0.41920   196Po
  84 198   2  15     0.00000     0.09614   2  15     0.00000    -0.56781   198Po
  84 200   3  15     0.00000    -0.34700   3  15     0.00000    -1.01985   200Po
  84 201   7  15     0.00000    -0.72067   7  15     0.00000    -1.50758   201Po
  84 202   2  15     0.00000    -2.14870   2  15     0.00000    -2.90409   202Po
  84 203   7  16     0.00000     0.70650   7  16     0.00000    -0.30443   203Po
  84 204   8  19     0.00000     0.56485   8  19     0.00000    -0.54698   204Po
  84 205   8  21     0.00000     0.57911   8  21     0.00000    -0.63103   205Po
  84 206   8  16     0.00000     0.52573   8  16     0.00000    -0.78558   206Po
  84 207   7  18     0.00000     0.72686   7  18     0.00000    -0.78453   207Po
  84 208   8  19     0.00000     0.63565   8  19     0.00000    -0.99093   208Po
  84 209   8  20     0.00000     0.41712   8  20     0.00000    -1.69046   209Po
  84 210   3  15     0.00000     0.71697   3  15     0.00000    -1.71508   210Po
  84 211   7  17     0.00000     1.49955   7  17     0.00000    -0.75651   211Po
  84 212   2  18     0.00000     1.40077   2  18     0.00000    -0.11622   212Po
  84 214   5  16     0.00000     0.73631   5  16     0.00000    -0.29100   214Po
  84 215   8  14     0.00000     0.80049   8  14     0.00000    -0.06981   215Po
  84 218   2  11     0.00000     0.32559   2  11     0.00000    -0.12043   218Po
