  87 211   2  15     0.00000    -2.78590   2  15     0.00000    -3.73976   211Fr
  87 212   2  15     0.00000    -2.24142   2  15     0.00000    -3.27478   212Fr
  87 213   2  15     0.00000    -2.77231   2  15     0.00000    -3.82119   213Fr
  87 214   5  13     0.00000    -0.90446   5  13     0.00000    -1.85351   214Fr
  87 215   2  15     0.00000    -1.31890   2  15     0.00000    -2.00999   215Fr
  87 216   8  18     0.00000     0.60389   8  18     0.00000    -0.24601   216Fr
  87 217   2  15     0.00000    -0.92760   2  15     0.00000    -1.45662   217Fr
  87 219   7  17     0.00000     1.39263   7  17     0.00000     0.85284   219Fr
  87 220   6  16     0.00000     0.68226   6  16     0.00000     0.17992   220Fr
  87 221   7  15     0.00000     1.32579   7  15     0.00000     1.01831   221Fr
  87 223   5  15     0.00000     1.41379   5  15     0.00000     1.14590   223Fr
  87 225   8  15     0.00000     0.92140   8  15     0.00000     0.72968   225Fr
  87 227   4  15     0.00000     1.33801   4  15     0.00000     1.32560   227Fr
