  88 212   2  13     0.00000    -1.42784   2  13     0.00000    -2.20188   212Ra
  88 214   2  15     0.00000    -1.60174   2  15     0.00000    -2.50769   214Ra
  88 216   2  15     0.00000    -1.76601   2  15     0.00000    -2.45556   216Ra
  88 217   2  15     0.00000    -0.31643   2  15     0.00000    -0.90037   217Ra
  88 218   8  15     0.00000     0.67959   8  15     0.00000     0.06666   218Ra
  88 219   5  17     0.00000     1.28950   5  17     0.00000     0.67666   219Ra
  88 220   4  15     0.00000     0.14618   4  15     0.00000    -0.22017   220Ra
  88 221   8  10     0.00000     0.91945   8  10     0.00000     0.70687   221Ra
  88 222   5  15     0.00000     1.00123   5  15     0.00000     0.71801   222Ra
  88 223   7  16     0.00000     1.34696   7  16     0.00000     1.02026   223Ra
  88 224   8  15     0.00000     1.35197   8  15     0.00000     1.12861   224Ra
  88 225   8  15     0.00000     1.40697   8  15     0.00000     1.18928   225Ra
  88 226   8  21     0.00000     1.36103   8  21     0.00000     1.17385   226Ra
  88 227   8  17    32.50904     1.39049   8  17    68.04797     1.25447   227Ra
  88 228   5  16     0.00000     1.30805   5  16     0.00000     1.25511   228Ra
  88 230   8  16     0.00000     1.13766   8  16     0.00000     1.14189   230Ra
  88 231   4  18     0.00000     0.72404   4  18     0.00000     0.83406   231Ra
