  89 217   8  10     0.00000    -0.52497   8  10     0.00000    -0.98990   217Ac
  89 219   7  16     0.00000     0.34846   7  16     0.00000    -0.03436   219Ac
  89 220   8  16     0.00000     0.64928   8  16     0.00000     0.12742   220Ac
  89 223   7  10     0.00000     1.83428   7  10     0.00000     1.24109   223Ac
  89 224   8  15     0.00000     1.04809   8  15     0.00000     0.48797   224Ac
  89 225   8  16     0.00000     1.40377   8  16     0.00000     1.10120   225Ac
  89 226   8  15     0.00000     0.52133   8  15     0.00000     0.23408   226Ac
  89 227   5  16     0.00000     1.52769   5  16     0.00000     1.20632   227Ac
  89 229   8  15     0.00000     1.05533   8  15     0.00000     1.01581   229Ac
  89 230   8  15     0.00000     0.39027   8  15     0.00000     0.14190   230Ac
  89 231   8  15     0.00000     0.89396   8  15     0.00000     0.90134   231Ac
