  90 220   2  15     0.00000    -0.62890   2  15     0.00000    -0.91990   220Th
  90 221   2  13     0.00000    -0.85711   2  13     0.00000    -0.93173   221Th
  90 222   2  15     0.00000    -0.30304   2  15     0.00000    -8.09582   222Th
  90 223   8  15     0.00000     1.08441   8  15     0.00000     0.74966   223Th
  90 224   5  16     0.00000     0.18626   5  16     0.00000     0.00644   224Th
  90 226   8  17     0.00000     1.22779   8  17     0.00000     0.98644   226Th
  90 227   8  15     0.00000     1.32555   8  15     0.00000     1.15103   227Th
  90 228   5  15     0.00000     1.43153   5  15     0.00000     1.26682   228Th
  90 229   8  22    30.32330     1.68524   8  22    18.76306     1.26237   229Th
  90 230   3  15    29.41919     1.09165   3  15    23.56158     1.35763   230Th
  90 231   3  16    31.59204     1.31161   3  16    18.19056     1.11565   231Th
  90 232   8  29     0.00000     1.45021   8  29     0.00000     1.32053   232Th
  90 233   7  16    38.80254     1.29039   7  16    67.46111     1.19212   233Th
  90 234   8  12     0.00000     0.25467   8  12     0.00000     0.39206   234Th
