  92 230   8  15     0.00000     0.66004   8  15     0.00000     0.68839   230U 
  92 232   2  16     0.00000     1.48287   2  16     0.00000     1.21709   232U 
  92 233   5  15    39.83999     1.26047   5  15    17.40062     0.94568   233U 
  92 234   3  15    30.73940     1.00298   3  15    16.56443     1.14231   234U 
  92 235   4  16    54.62222     1.14211   4  16    16.70080     1.09665   235U 
  92 236   4  17    39.18995     1.31473   4  17    17.63872     1.14641   236U 
  92 237   7  21    30.73578     1.11275   7  21    17.28651     0.93277   237U 
  92 238   3  18    48.19256     1.26328   3  18    17.23822     1.17787   238U 
  92 239   8  34    34.21472     1.04852   8  34    65.98428     0.74320   239U 
  92 240   8  13     0.00000     0.39623   8  13     0.00000     0.31002   240U 
