  94 236   2  10     0.00000    -1.13347   2  10     0.00000    -1.02649   236Pu
  94 237   7  15     0.00000     1.18155   7  15     0.00000     0.87602   237Pu
  94 238   2  16     0.00000     1.38072   2  16     0.00000     1.07189   238Pu
  94 239   4  15    32.00105     0.93981   4  15    16.42649     0.78789   239Pu
  94 240   6  23    38.93057     1.11137   6  23    16.65864     1.07666   240Pu
  94 241   6  17    38.83904     1.05089   6  17    16.57579     0.94382   241Pu
  94 242   8  15    53.57191     1.23280   8  15    17.55568     1.04363   242Pu
  94 243   2  18    40.39948     1.04868   2  18    25.69394     0.78915   243Pu
  94 244   6  15     0.00000     1.15004   6  15     0.00000     0.95581   244Pu
  94 245   7  15    50.05318     0.90942   7  15    65.43849     0.65778   245Pu
  94 246   8  12     0.00000     0.68312   8  12     0.00000     0.69221   246Pu
