 Z=  13 A=  27  D1M-QRPA-Inter
 E[MeV]  fQRPA[mb/MeV]
    0.100   4.700E-07
    0.200   1.880E-06
    0.300   4.232E-06
    0.400   7.526E-06
    0.500   1.176E-05
    0.600   1.695E-05
    0.700   2.309E-05
    0.800   3.018E-05
    0.900   3.823E-05
    1.000   4.725E-05
    1.100   5.724E-05
    1.200   6.820E-05
    1.300   8.015E-05
    1.400   9.309E-05
    1.500   1.070E-04
    1.600   1.220E-04
    1.700   1.380E-04
    1.800   1.550E-04
    1.900   1.730E-04
    2.000   1.921E-04
    2.100   2.123E-04
    2.200   2.335E-04
    2.300   2.559E-04
    2.400   2.793E-04
    2.500   3.039E-04
    2.600   3.296E-04
    2.700   3.565E-04
    2.800   3.846E-04
    2.900   4.139E-04
    3.000   4.444E-04
    3.100   4.761E-04
    3.200   5.091E-04
    3.300   5.434E-04
    3.400   5.791E-04
    3.500   6.161E-04
    3.600   6.544E-04
    3.700   6.942E-04
    3.800   7.354E-04
    3.900   7.781E-04
    4.000   8.222E-04
    4.100   8.680E-04
    4.200   9.153E-04
    4.300   9.642E-04
    4.400   1.015E-03
    4.500   1.067E-03
    4.600   1.121E-03
    4.700   1.177E-03
    4.800   1.235E-03
    4.900   1.294E-03
    5.000   1.356E-03
    5.100   1.419E-03
    5.200   1.485E-03
    5.300   1.553E-03
    5.400   1.623E-03
    5.500   1.696E-03
    5.600   1.770E-03
    5.700   1.848E-03
    5.800   1.927E-03
    5.900   2.010E-03
    6.000   2.095E-03
    6.100   2.183E-03
    6.200   2.274E-03
    6.300   2.368E-03
    6.400   2.466E-03
    6.500   2.566E-03
    6.600   2.671E-03
    6.700   2.779E-03
    6.800   2.890E-03
    6.900   3.006E-03
    7.000   3.125E-03
    7.100   3.249E-03
    7.200   3.378E-03
    7.300   3.510E-03
    7.400   3.648E-03
    7.500   3.791E-03
    7.600   3.938E-03
    7.700   4.091E-03
    7.800   4.249E-03
    7.900   4.411E-03
    8.000   4.580E-03
    8.100   4.753E-03
    8.200   4.931E-03
    8.300   5.114E-03
    8.400   5.302E-03
    8.500   5.495E-03
    8.600   5.693E-03
    8.700   5.895E-03
    8.800   6.102E-03
    8.900   6.314E-03
    9.000   6.531E-03
    9.100   6.755E-03
    9.200   6.985E-03
    9.300   7.222E-03
    9.400   7.468E-03
    9.500   7.723E-03
    9.600   7.988E-03
    9.700   8.264E-03
    9.800   8.551E-03
    9.900   8.852E-03
   10.000   9.166E-03
   10.100   9.494E-03
   10.200   9.838E-03
   10.300   1.020E-02
   10.400   1.058E-02
   10.500   1.097E-02
   10.600   1.139E-02
   10.700   1.182E-02
   10.800   1.228E-02
   10.900   1.275E-02
   11.000   1.325E-02
   11.100   1.378E-02
   11.200   1.433E-02
   11.300   1.491E-02
   11.400   1.551E-02
   11.500   1.615E-02
   11.600   1.682E-02
   11.700   1.751E-02
   11.800   1.824E-02
   11.900   1.901E-02
   12.000   1.980E-02
   12.100   2.063E-02
   12.200   2.149E-02
   12.300   2.239E-02
   12.400   2.332E-02
   12.500   2.428E-02
   12.600   2.527E-02
   12.700   2.629E-02
   12.800   2.733E-02
   12.900   2.841E-02
   13.000   2.951E-02
   13.100   3.064E-02
   13.200   3.180E-02
   13.300   3.298E-02
   13.400   3.418E-02
   13.500   3.541E-02
   13.600   3.667E-02
   13.700   3.795E-02
   13.800   3.926E-02
   13.900   4.060E-02
   14.000   4.197E-02
   14.100   4.338E-02
   14.200   4.481E-02
   14.300   4.629E-02
   14.400   4.779E-02
   14.500   4.933E-02
   14.600   5.091E-02
   14.700   5.254E-02
   14.800   5.420E-02
   14.900   5.592E-02
   15.000   5.769E-02
   15.100   5.953E-02
   15.200   6.144E-02
   15.300   6.343E-02
   15.400   6.551E-02
   15.500   6.770E-02
   15.600   7.001E-02
   15.700   7.246E-02
   15.800   7.505E-02
   15.900   7.781E-02
   16.000   8.076E-02
   16.100   8.391E-02
   16.200   8.728E-02
   16.300   9.090E-02
   16.400   9.477E-02
   16.500   9.893E-02
   16.600   1.034E-01
   16.700   1.082E-01
   16.800   1.133E-01
   16.900   1.188E-01
   17.000   1.247E-01
   17.100   1.311E-01
   17.200   1.378E-01
   17.300   1.450E-01
   17.400   1.526E-01
   17.500   1.608E-01
   17.600   1.694E-01
   17.700   1.785E-01
   17.800   1.881E-01
   17.900   1.983E-01
   18.000   2.089E-01
   18.100   2.202E-01
   18.200   2.319E-01
   18.300   2.443E-01
   18.400   2.571E-01
   18.500   2.706E-01
   18.600   2.846E-01
   18.700   2.991E-01
   18.800   3.142E-01
   18.900   3.296E-01
   19.000   3.455E-01
   19.100   3.616E-01
   19.200   3.779E-01
   19.300   3.941E-01
   19.400   4.101E-01
   19.500   4.257E-01
   19.600   4.405E-01
   19.700   4.543E-01
   19.800   4.668E-01
   19.900   4.778E-01
   20.000   4.869E-01
   20.100   4.940E-01
   20.200   4.988E-01
   20.300   5.014E-01
   20.400   5.017E-01
   20.500   4.997E-01
   20.600   4.955E-01
   20.700   4.894E-01
   20.800   4.816E-01
   20.900   4.723E-01
   21.000   4.619E-01
   21.100   4.506E-01
   21.200   4.388E-01
   21.300   4.267E-01
   21.400   4.146E-01
   21.500   4.026E-01
   21.600   3.909E-01
   21.700   3.796E-01
   21.800   3.688E-01
   21.900   3.586E-01
   22.000   3.491E-01
   22.100   3.402E-01
   22.200   3.319E-01
   22.300   3.243E-01
   22.400   3.173E-01
   22.500   3.109E-01
   22.600   3.051E-01
   22.700   2.998E-01
   22.800   2.950E-01
   22.900   2.905E-01
   23.000   2.864E-01
   23.100   2.826E-01
   23.200   2.789E-01
   23.300   2.754E-01
   23.400   2.719E-01
   23.500   2.684E-01
   23.600   2.649E-01
   23.700   2.612E-01
   23.800   2.575E-01
   23.900   2.537E-01
   24.000   2.498E-01
   24.100   2.458E-01
   24.200   2.418E-01
   24.300   2.378E-01
   24.400   2.338E-01
   24.500   2.300E-01
   24.600   2.263E-01
   24.700   2.228E-01
   24.800   2.196E-01
   24.900   2.166E-01
   25.000   2.139E-01
   25.100   2.114E-01
   25.200   2.093E-01
   25.300   2.076E-01
   25.400   2.061E-01
   25.500   2.049E-01
   25.600   2.041E-01
   25.700   2.035E-01
   25.800   2.031E-01
   25.900   2.030E-01
   26.000   2.031E-01
   26.100   2.033E-01
   26.200   2.036E-01
   26.300   2.040E-01
   26.400   2.045E-01
   26.500   2.050E-01
   26.600   2.055E-01
   26.700   2.059E-01
   26.800   2.063E-01
   26.900   2.066E-01
   27.000   2.067E-01
   27.100   2.066E-01
   27.200   2.063E-01
   27.300   2.056E-01
   27.400   2.045E-01
   27.500   2.029E-01
   27.600   2.008E-01
   27.700   1.982E-01
   27.800   1.951E-01
   27.900   1.913E-01
   28.000   1.871E-01
   28.100   1.824E-01
   28.200   1.773E-01
   28.300   1.719E-01
   28.400   1.662E-01
   28.500   1.603E-01
   28.600   1.542E-01
   28.700   1.482E-01
   28.800   1.422E-01
   28.900   1.362E-01
   29.000   1.304E-01
   29.100   1.248E-01
   29.200   1.194E-01
   29.300   1.142E-01
   29.400   1.092E-01
   29.500   1.045E-01
   29.600   1.001E-01
   29.700   9.588E-02
   29.800   9.191E-02
   29.900   8.815E-02
   30.000   8.461E-02
 
