 Z=  15 A=  31  D1M-QRPA-Inter
 E[MeV]  fQRPA[mb/MeV]
    0.100   2.277E-06
    0.200   9.111E-06
    0.300   2.051E-05
    0.400   3.648E-05
    0.500   5.704E-05
    0.600   8.220E-05
    0.700   1.120E-04
    0.800   1.464E-04
    0.900   1.856E-04
    1.000   2.294E-04
    1.100   2.781E-04
    1.200   3.315E-04
    1.300   3.898E-04
    1.400   4.530E-04
    1.500   5.212E-04
    1.600   5.944E-04
    1.700   6.728E-04
    1.800   7.563E-04
    1.900   8.450E-04
    2.000   9.392E-04
    2.100   1.039E-03
    2.200   1.144E-03
    2.300   1.255E-03
    2.400   1.371E-03
    2.500   1.493E-03
    2.600   1.622E-03
    2.700   1.756E-03
    2.800   1.897E-03
    2.900   2.044E-03
    3.000   2.197E-03
    3.100   2.358E-03
    3.200   2.525E-03
    3.300   2.699E-03
    3.400   2.881E-03
    3.500   3.070E-03
    3.600   3.266E-03
    3.700   3.471E-03
    3.800   3.683E-03
    3.900   3.904E-03
    4.000   4.134E-03
    4.100   4.372E-03
    4.200   4.619E-03
    4.300   4.876E-03
    4.400   5.143E-03
    4.500   5.420E-03
    4.600   5.707E-03
    4.700   6.005E-03
    4.800   6.314E-03
    4.900   6.635E-03
    5.000   6.968E-03
    5.100   7.313E-03
    5.200   7.672E-03
    5.300   8.044E-03
    5.400   8.429E-03
    5.500   8.830E-03
    5.600   9.245E-03
    5.700   9.676E-03
    5.800   1.012E-02
    5.900   1.059E-02
    6.000   1.107E-02
    6.100   1.157E-02
    6.200   1.209E-02
    6.300   1.264E-02
    6.400   1.320E-02
    6.500   1.378E-02
    6.600   1.439E-02
    6.700   1.503E-02
    6.800   1.569E-02
    6.900   1.637E-02
    7.000   1.709E-02
    7.100   1.783E-02
    7.200   1.861E-02
    7.300   1.942E-02
    7.400   2.026E-02
    7.500   2.114E-02
    7.600   2.207E-02
    7.700   2.303E-02
    7.800   2.404E-02
    7.900   2.509E-02
    8.000   2.619E-02
    8.100   2.735E-02
    8.200   2.856E-02
    8.300   2.983E-02
    8.400   3.116E-02
    8.500   3.256E-02
    8.600   3.403E-02
    8.700   3.558E-02
    8.800   3.721E-02
    8.900   3.892E-02
    9.000   4.073E-02
    9.100   4.264E-02
    9.200   4.465E-02
    9.300   4.678E-02
    9.400   4.904E-02
    9.500   5.142E-02
    9.600   5.394E-02
    9.700   5.662E-02
    9.800   5.945E-02
    9.900   6.245E-02
   10.000   6.563E-02
   10.100   6.901E-02
   10.200   7.258E-02
   10.300   7.637E-02
   10.400   8.037E-02
   10.500   8.461E-02
   10.600   8.907E-02
   10.700   9.378E-02
   10.800   9.872E-02
   10.900   1.039E-01
   11.000   1.093E-01
   11.100   1.149E-01
   11.200   1.208E-01
   11.300   1.269E-01
   11.400   1.331E-01
   11.500   1.396E-01
   11.600   1.463E-01
   11.700   1.531E-01
   11.800   1.602E-01
   11.900   1.675E-01
   12.000   1.750E-01
   12.100   1.828E-01
   12.200   1.908E-01
   12.300   1.992E-01
   12.400   2.079E-01
   12.500   2.171E-01
   12.600   2.266E-01
   12.700   2.366E-01
   12.800   2.470E-01
   12.900   2.579E-01
   13.000   2.692E-01
   13.100   2.810E-01
   13.200   2.930E-01
   13.300   3.054E-01
   13.400   3.180E-01
   13.500   3.306E-01
   13.600   3.431E-01
   13.700   3.554E-01
   13.800   3.673E-01
   13.900   3.787E-01
   14.000   3.895E-01
   14.100   3.995E-01
   14.200   4.088E-01
   14.300   4.174E-01
   14.400   4.253E-01
   14.500   4.325E-01
   14.600   4.392E-01
   14.700   4.455E-01
   14.800   4.515E-01
   14.900   4.574E-01
   15.000   4.631E-01
   15.100   4.688E-01
   15.200   4.746E-01
   15.300   4.804E-01
   15.400   4.863E-01
   15.500   4.921E-01
   15.600   4.980E-01
   15.700   5.038E-01
   15.800   5.094E-01
   15.900   5.148E-01
   16.000   5.198E-01
   16.100   5.244E-01
   16.200   5.286E-01
   16.300   5.323E-01
   16.400   5.355E-01
   16.500   5.381E-01
   16.600   5.402E-01
   16.700   5.419E-01
   16.800   5.430E-01
   16.900   5.437E-01
   17.000   5.440E-01
   17.100   5.439E-01
   17.200   5.433E-01
   17.300   5.423E-01
   17.400   5.408E-01
   17.500   5.388E-01
   17.600   5.365E-01
   17.700   5.338E-01
   17.800   5.308E-01
   17.900   5.275E-01
   18.000   5.241E-01
   18.100   5.208E-01
   18.200   5.175E-01
   18.300   5.143E-01
   18.400   5.115E-01
   18.500   5.089E-01
   18.600   5.067E-01
   18.700   5.048E-01
   18.800   5.033E-01
   18.900   5.021E-01
   19.000   5.012E-01
   19.100   5.004E-01
   19.200   4.999E-01
   19.300   4.996E-01
   19.400   4.994E-01
   19.500   4.993E-01
   19.600   4.993E-01
   19.700   4.995E-01
   19.800   4.998E-01
   19.900   5.004E-01
   20.000   5.011E-01
   20.100   5.021E-01
   20.200   5.033E-01
   20.300   5.049E-01
   20.400   5.066E-01
   20.500   5.087E-01
   20.600   5.109E-01
   20.700   5.133E-01
   20.800   5.158E-01
   20.900   5.183E-01
   21.000   5.207E-01
   21.100   5.228E-01
   21.200   5.245E-01
   21.300   5.258E-01
   21.400   5.263E-01
   21.500   5.261E-01
   21.600   5.249E-01
   21.700   5.226E-01
   21.800   5.193E-01
   21.900   5.148E-01
   22.000   5.090E-01
   22.100   5.021E-01
   22.200   4.941E-01
   22.300   4.850E-01
   22.400   4.749E-01
   22.500   4.641E-01
   22.600   4.527E-01
   22.700   4.408E-01
   22.800   4.286E-01
   22.900   4.163E-01
   23.000   4.040E-01
   23.100   3.919E-01
   23.200   3.802E-01
   23.300   3.688E-01
   23.400   3.579E-01
   23.500   3.476E-01
   23.600   3.379E-01
   23.700   3.288E-01
   23.800   3.203E-01
   23.900   3.126E-01
   24.000   3.055E-01
   24.100   2.990E-01
   24.200   2.932E-01
   24.300   2.880E-01
   24.400   2.833E-01
   24.500   2.792E-01
   24.600   2.756E-01
   24.700   2.725E-01
   24.800   2.698E-01
   24.900   2.674E-01
   25.000   2.652E-01
   25.100   2.633E-01
   25.200   2.616E-01
   25.300   2.599E-01
   25.400   2.582E-01
   25.500   2.564E-01
   25.600   2.545E-01
   25.700   2.523E-01
   25.800   2.499E-01
   25.900   2.471E-01
   26.000   2.440E-01
   26.100   2.406E-01
   26.200   2.368E-01
   26.300   2.327E-01
   26.400   2.283E-01
   26.500   2.237E-01
   26.600   2.190E-01
   26.700   2.141E-01
   26.800   2.091E-01
   26.900   2.041E-01
   27.000   1.992E-01
   27.100   1.943E-01
   27.200   1.894E-01
   27.300   1.847E-01
   27.400   1.801E-01
   27.500   1.757E-01
   27.600   1.715E-01
   27.700   1.674E-01
   27.800   1.635E-01
   27.900   1.598E-01
   28.000   1.562E-01
   28.100   1.528E-01
   28.200   1.496E-01
   28.300   1.465E-01
   28.400   1.435E-01
   28.500   1.405E-01
   28.600   1.377E-01
   28.700   1.349E-01
   28.800   1.321E-01
   28.900   1.293E-01
   29.000   1.266E-01
   29.100   1.238E-01
   29.200   1.211E-01
   29.300   1.183E-01
   29.400   1.156E-01
   29.500   1.129E-01
   29.600   1.103E-01
   29.700   1.076E-01
   29.800   1.050E-01
   29.900   1.025E-01
   30.000   1.000E-01
 
