 Z=  20 A=  40  D1M-QRPA
   E[MeV]   fQRPA[mb/MeV]
    0.100   2.099E-06
    0.200   8.396E-06
    0.300   1.890E-05
    0.400   3.360E-05
    0.500   5.253E-05
    0.600   7.569E-05
    0.700   1.031E-04
    0.800   1.348E-04
    0.900   1.707E-04
    1.000   2.110E-04
    1.100   2.555E-04
    1.200   3.045E-04
    1.300   3.578E-04
    1.400   4.156E-04
    1.500   4.778E-04
    1.600   5.445E-04
    1.700   6.158E-04
    1.800   6.917E-04
    1.900   7.722E-04
    2.000   8.574E-04
    2.100   9.474E-04
    2.200   1.042E-03
    2.300   1.142E-03
    2.400   1.246E-03
    2.500   1.356E-03
    2.600   1.471E-03
    2.700   1.591E-03
    2.800   1.716E-03
    2.900   1.846E-03
    3.000   1.982E-03
    3.100   2.124E-03
    3.200   2.271E-03
    3.300   2.423E-03
    3.400   2.582E-03
    3.500   2.747E-03
    3.600   2.917E-03
    3.700   3.094E-03
    3.800   3.277E-03
    3.900   3.467E-03
    4.000   3.664E-03
    4.100   3.867E-03
    4.200   4.077E-03
    4.300   4.294E-03
    4.400   4.518E-03
    4.500   4.750E-03
    4.600   4.990E-03
    4.700   5.238E-03
    4.800   5.493E-03
    4.900   5.757E-03
    5.000   6.029E-03
    5.100   6.311E-03
    5.200   6.601E-03
    5.300   6.900E-03
    5.400   7.210E-03
    5.500   7.529E-03
    5.600   7.858E-03
    5.700   8.197E-03
    5.800   8.548E-03
    5.900   8.910E-03
    6.000   9.283E-03
    6.100   9.669E-03
    6.200   1.007E-02
    6.300   1.048E-02
    6.400   1.090E-02
    6.500   1.134E-02
    6.600   1.179E-02
    6.700   1.226E-02
    6.800   1.274E-02
    6.900   1.324E-02
    7.000   1.376E-02
    7.100   1.429E-02
    7.200   1.484E-02
    7.300   1.541E-02
    7.400   1.600E-02
    7.500   1.661E-02
    7.600   1.724E-02
    7.700   1.789E-02
    7.800   1.857E-02
    7.900   1.927E-02
    8.000   1.999E-02
    8.100   2.074E-02
    8.200   2.151E-02
    8.300   2.231E-02
    8.400   2.314E-02
    8.500   2.400E-02
    8.600   2.488E-02
    8.700   2.579E-02
    8.800   2.673E-02
    8.900   2.771E-02
    9.000   2.871E-02
    9.100   2.974E-02
    9.200   3.081E-02
    9.300   3.191E-02
    9.400   3.306E-02
    9.500   3.424E-02
    9.600   3.546E-02
    9.700   3.673E-02
    9.800   3.805E-02
    9.900   3.943E-02
   10.000   4.085E-02
   10.100   4.234E-02
   10.200   4.390E-02
   10.300   4.552E-02
   10.400   4.721E-02
   10.500   4.897E-02
   10.600   5.082E-02
   10.700   5.275E-02
   10.800   5.476E-02
   10.900   5.686E-02
   11.000   5.906E-02
   11.100   6.136E-02
   11.200   6.377E-02
   11.300   6.628E-02
   11.400   6.890E-02
   11.500   7.164E-02
   11.600   7.450E-02
   11.700   7.749E-02
   11.800   8.060E-02
   11.900   8.385E-02
   12.000   8.723E-02
   12.100   9.074E-02
   12.200   9.437E-02
   12.300   9.813E-02
   12.400   1.020E-01
   12.500   1.060E-01
   12.600   1.101E-01
   12.700   1.143E-01
   12.800   1.185E-01
   12.900   1.229E-01
   13.000   1.272E-01
   13.100   1.317E-01
   13.200   1.362E-01
   13.300   1.407E-01
   13.400   1.452E-01
   13.500   1.498E-01
   13.600   1.544E-01
   13.700   1.591E-01
   13.800   1.638E-01
   13.900   1.685E-01
   14.000   1.733E-01
   14.100   1.781E-01
   14.200   1.830E-01
   14.300   1.879E-01
   14.400   1.930E-01
   14.500   1.981E-01
   14.600   2.034E-01
   14.700   2.089E-01
   14.800   2.146E-01
   14.900   2.206E-01
   15.000   2.270E-01
   15.100   2.337E-01
   15.200   2.409E-01
   15.300   2.485E-01
   15.400   2.567E-01
   15.500   2.655E-01
   15.600   2.749E-01
   15.700   2.851E-01
   15.800   2.960E-01
   15.900   3.077E-01
   16.000   3.202E-01
   16.100   3.337E-01
   16.200   3.481E-01
   16.300   3.636E-01
   16.400   3.801E-01
   16.500   3.978E-01
   16.600   4.167E-01
   16.700   4.368E-01
   16.800   4.582E-01
   16.900   4.810E-01
   17.000   5.053E-01
   17.100   5.310E-01
   17.200   5.581E-01
   17.300   5.868E-01
   17.400   6.171E-01
   17.500   6.488E-01
   17.600   6.819E-01
   17.700   7.165E-01
   17.800   7.523E-01
   17.900   7.894E-01
   18.000   8.275E-01
   18.100   8.666E-01
   18.200   9.065E-01
   18.300   9.471E-01
   18.400   9.885E-01
   18.500   1.031E+00
   18.600   1.074E+00
   18.700   1.118E+00
   18.800   1.163E+00
   18.900   1.210E+00
   19.000   1.259E+00
   19.100   1.311E+00
   19.200   1.365E+00
   19.300   1.422E+00
   19.400   1.482E+00
   19.500   1.546E+00
   19.600   1.613E+00
   19.700   1.683E+00
   19.800   1.755E+00
   19.900   1.830E+00
   20.000   1.905E+00
   20.100   1.982E+00
   20.200   2.057E+00
   20.300   2.130E+00
   20.400   2.199E+00
   20.500   2.263E+00
   20.600   2.320E+00
   20.700   2.369E+00
   20.800   2.408E+00
   20.900   2.435E+00
   21.000   2.452E+00
   21.100   2.456E+00
   21.200   2.449E+00
   21.300   2.430E+00
   21.400   2.401E+00
   21.500   2.363E+00
   21.600   2.318E+00
   21.700   2.266E+00
   21.800   2.210E+00
   21.900   2.151E+00
   22.000   2.089E+00
   22.100   2.026E+00
   22.200   1.962E+00
   22.300   1.898E+00
   22.400   1.834E+00
   22.500   1.771E+00
   22.600   1.708E+00
   22.700   1.646E+00
   22.800   1.584E+00
   22.900   1.523E+00
   23.000   1.463E+00
   23.100   1.404E+00
   23.200   1.346E+00
   23.300   1.290E+00
   23.400   1.235E+00
   23.500   1.182E+00
   23.600   1.132E+00
   23.700   1.083E+00
   23.800   1.037E+00
   23.900   9.925E-01
   24.000   9.506E-01
   24.100   9.107E-01
   24.200   8.730E-01
   24.300   8.374E-01
   24.400   8.036E-01
   24.500   7.716E-01
   24.600   7.414E-01
   24.700   7.127E-01
   24.800   6.855E-01
   24.900   6.597E-01
   25.000   6.351E-01
   25.100   6.118E-01
   25.200   5.895E-01
   25.300   5.682E-01
   25.400   5.480E-01
   25.500   5.286E-01
   25.600   5.101E-01
   25.700   4.925E-01
   25.800   4.757E-01
   25.900   4.596E-01
   26.000   4.443E-01
   26.100   4.297E-01
   26.200   4.157E-01
   26.300   4.024E-01
   26.400   3.898E-01
   26.500   3.777E-01
   26.600   3.662E-01
   26.700   3.553E-01
   26.800   3.448E-01
   26.900   3.349E-01
   27.000   3.254E-01
   27.100   3.164E-01
   27.200   3.079E-01
   27.300   2.997E-01
   27.400   2.920E-01
   27.500   2.846E-01
   27.600   2.775E-01
   27.700   2.708E-01
   27.800   2.645E-01
   27.900   2.584E-01
   28.000   2.526E-01
   28.100   2.471E-01
   28.200   2.418E-01
   28.300   2.368E-01
   28.400   2.319E-01
   28.500   2.273E-01
   28.600   2.227E-01
   28.700   2.183E-01
   28.800   2.140E-01
   28.900   2.098E-01
   29.000   2.057E-01
   29.100   2.016E-01
   29.200   1.975E-01
   29.300   1.935E-01
   29.400   1.895E-01
   29.500   1.856E-01
   29.600   1.817E-01
   29.700   1.779E-01
   29.800   1.741E-01
   29.900   1.704E-01
   30.000   1.668E-01
 
 Z=  20 A=  41  D1M-QRPA-Inter
 E[MeV]  fQRPA[mb/MeV]
    0.100   2.326E-06
    0.200   9.304E-06
    0.300   2.094E-05
    0.400   3.724E-05
    0.500   5.821E-05
    0.600   8.388E-05
    0.700   1.142E-04
    0.800   1.493E-04
    0.900   1.892E-04
    1.000   2.338E-04
    1.100   2.832E-04
    1.200   3.374E-04
    1.300   3.965E-04
    1.400   4.605E-04
    1.500   5.294E-04
    1.600   6.033E-04
    1.700   6.822E-04
    1.800   7.663E-04
    1.900   8.554E-04
    2.000   9.498E-04
    2.100   1.049E-03
    2.200   1.154E-03
    2.300   1.265E-03
    2.400   1.380E-03
    2.500   1.502E-03
    2.600   1.629E-03
    2.700   1.761E-03
    2.800   1.900E-03
    2.900   2.044E-03
    3.000   2.194E-03
    3.100   2.351E-03
    3.200   2.513E-03
    3.300   2.682E-03
    3.400   2.858E-03
    3.500   3.039E-03
    3.600   3.228E-03
    3.700   3.423E-03
    3.800   3.626E-03
    3.900   3.835E-03
    4.000   4.052E-03
    4.100   4.276E-03
    4.200   4.508E-03
    4.300   4.747E-03
    4.400   4.995E-03
    4.500   5.251E-03
    4.600   5.515E-03
    4.700   5.787E-03
    4.800   6.069E-03
    4.900   6.359E-03
    5.000   6.659E-03
    5.100   6.968E-03
    5.200   7.287E-03
    5.300   7.617E-03
    5.400   7.956E-03
    5.500   8.306E-03
    5.600   8.668E-03
    5.700   9.040E-03
    5.800   9.425E-03
    5.900   9.821E-03
    6.000   1.023E-02
    6.100   1.065E-02
    6.200   1.109E-02
    6.300   1.154E-02
    6.400   1.200E-02
    6.500   1.248E-02
    6.600   1.297E-02
    6.700   1.348E-02
    6.800   1.400E-02
    6.900   1.455E-02
    7.000   1.511E-02
    7.100   1.568E-02
    7.200   1.628E-02
    7.300   1.690E-02
    7.400   1.754E-02
    7.500   1.820E-02
    7.600   1.888E-02
    7.700   1.958E-02
    7.800   2.031E-02
    7.900   2.106E-02
    8.000   2.184E-02
    8.100   2.265E-02
    8.200   2.348E-02
    8.300   2.434E-02
    8.400   2.523E-02
    8.500   2.615E-02
    8.600   2.710E-02
    8.700   2.809E-02
    8.800   2.910E-02
    8.900   3.015E-02
    9.000   3.124E-02
    9.100   3.236E-02
    9.200   3.352E-02
    9.300   3.473E-02
    9.400   3.597E-02
    9.500   3.726E-02
    9.600   3.859E-02
    9.700   3.998E-02
    9.800   4.142E-02
    9.900   4.292E-02
   10.000   4.447E-02
   10.100   4.609E-02
   10.200   4.778E-02
   10.300   4.954E-02
   10.400   5.137E-02
   10.500   5.329E-02
   10.600   5.529E-02
   10.700   5.737E-02
   10.800   5.955E-02
   10.900   6.182E-02
   11.000   6.420E-02
   11.100   6.668E-02
   11.200   6.927E-02
   11.300   7.198E-02
   11.400   7.481E-02
   11.500   7.776E-02
   11.600   8.084E-02
   11.700   8.406E-02
   11.800   8.741E-02
   11.900   9.090E-02
   12.000   9.454E-02
   12.100   9.831E-02
   12.200   1.022E-01
   12.300   1.063E-01
   12.400   1.105E-01
   12.500   1.148E-01
   12.600   1.192E-01
   12.700   1.238E-01
   12.800   1.285E-01
   12.900   1.332E-01
   13.000   1.381E-01
   13.100   1.430E-01
   13.200   1.480E-01
   13.300   1.531E-01
   13.400   1.583E-01
   13.500   1.635E-01
   13.600   1.689E-01
   13.700   1.743E-01
   13.800   1.798E-01
   13.900   1.854E-01
   14.000   1.911E-01
   14.100   1.969E-01
   14.200   2.028E-01
   14.300   2.088E-01
   14.400   2.149E-01
   14.500   2.212E-01
   14.600   2.276E-01
   14.700   2.341E-01
   14.800   2.410E-01
   14.900   2.480E-01
   15.000   2.554E-01
   15.100   2.631E-01
   15.200   2.713E-01
   15.300   2.799E-01
   15.400   2.891E-01
   15.500   2.988E-01
   15.600   3.092E-01
   15.700   3.202E-01
   15.800   3.320E-01
   15.900   3.446E-01
   16.000   3.580E-01
   16.100   3.723E-01
   16.200   3.876E-01
   16.300   4.039E-01
   16.400   4.212E-01
   16.500   4.396E-01
   16.600   4.592E-01
   16.700   4.800E-01
   16.800   5.021E-01
   16.900   5.255E-01
   17.000   5.504E-01
   17.100   5.767E-01
   17.200   6.045E-01
   17.300   6.339E-01
   17.400   6.648E-01
   17.500   6.974E-01
   17.600   7.316E-01
   17.700   7.674E-01
   17.800   8.047E-01
   17.900   8.434E-01
   18.000   8.834E-01
   18.100   9.247E-01
   18.200   9.670E-01
   18.300   1.010E+00
   18.400   1.054E+00
   18.500   1.099E+00
   18.600   1.145E+00
   18.700   1.191E+00
   18.800   1.239E+00
   18.900   1.287E+00
   19.000   1.337E+00
   19.100   1.389E+00
   19.200   1.442E+00
   19.300   1.498E+00
   19.400   1.557E+00
   19.500   1.619E+00
   19.600   1.683E+00
   19.700   1.751E+00
   19.800   1.822E+00
   19.900   1.896E+00
   20.000   1.972E+00
   20.100   2.049E+00
   20.200   2.128E+00
   20.300   2.207E+00
   20.400   2.284E+00
   20.500   2.359E+00
   20.600   2.429E+00
   20.700   2.494E+00
   20.800   2.551E+00
   20.900   2.599E+00
   21.000   2.636E+00
   21.100   2.663E+00
   21.200   2.678E+00
   21.300   2.680E+00
   21.400   2.670E+00
   21.500   2.649E+00
   21.600   2.618E+00
   21.700   2.576E+00
   21.800   2.527E+00
   21.900   2.471E+00
   22.000   2.410E+00
   22.100   2.345E+00
   22.200   2.277E+00
   22.300   2.207E+00
   22.400   2.137E+00
   22.500   2.066E+00
   22.600   1.995E+00
   22.700   1.925E+00
   22.800   1.856E+00
   22.900   1.788E+00
   23.000   1.722E+00
   23.100   1.657E+00
   23.200   1.594E+00
   23.300   1.532E+00
   23.400   1.472E+00
   23.500   1.414E+00
   23.600   1.358E+00
   23.700   1.303E+00
   23.800   1.250E+00
   23.900   1.199E+00
   24.000   1.150E+00
   24.100   1.103E+00
   24.200   1.058E+00
   24.300   1.015E+00
   24.400   9.730E-01
   24.500   9.333E-01
   24.600   8.955E-01
   24.700   8.594E-01
   24.800   8.250E-01
   24.900   7.922E-01
   25.000   7.611E-01
   25.100   7.315E-01
   25.200   7.033E-01
   25.300   6.764E-01
   25.400   6.510E-01
   25.500   6.267E-01
   25.600   6.037E-01
   25.700   5.818E-01
   25.800   5.609E-01
   25.900   5.411E-01
   26.000   5.223E-01
   26.100   5.044E-01
   26.200   4.874E-01
   26.300   4.712E-01
   26.400   4.558E-01
   26.500   4.411E-01
   26.600   4.272E-01
   26.700   4.139E-01
   26.800   4.013E-01
   26.900   3.892E-01
   27.000   3.778E-01
   27.100   3.668E-01
   27.200   3.564E-01
   27.300   3.465E-01
   27.400   3.371E-01
   27.500   3.280E-01
   27.600   3.194E-01
   27.700   3.112E-01
   27.800   3.034E-01
   27.900   2.959E-01
   28.000   2.887E-01
   28.100   2.819E-01
   28.200   2.753E-01
   28.300   2.691E-01
   28.400   2.630E-01
   28.500   2.572E-01
   28.600   2.516E-01
   28.700   2.462E-01
   28.800   2.409E-01
   28.900   2.358E-01
   29.000   2.309E-01
   29.100   2.260E-01
   29.200   2.213E-01
   29.300   2.167E-01
   29.400   2.122E-01
   29.500   2.078E-01
   29.600   2.034E-01
   29.700   1.992E-01
   29.800   1.951E-01
   29.900   1.910E-01
   30.000   1.871E-01
 
 Z=  20 A=  42  D1M-QRPA
   E[MeV]   fQRPA[mb/MeV]
    0.100   2.548E-06
    0.200   1.019E-05
    0.300   2.294E-05
    0.400   4.079E-05
    0.500   6.377E-05
    0.600   9.188E-05
    0.700   1.251E-04
    0.800   1.636E-04
    0.900   2.072E-04
    1.000   2.561E-04
    1.100   3.102E-04
    1.200   3.695E-04
    1.300   4.343E-04
    1.400   5.043E-04
    1.500   5.798E-04
    1.600   6.607E-04
    1.700   7.472E-04
    1.800   8.391E-04
    1.900   9.367E-04
    2.000   1.040E-03
    2.100   1.149E-03
    2.200   1.264E-03
    2.300   1.385E-03
    2.400   1.511E-03
    2.500   1.644E-03
    2.600   1.783E-03
    2.700   1.928E-03
    2.800   2.079E-03
    2.900   2.237E-03
    3.000   2.401E-03
    3.100   2.572E-03
    3.200   2.750E-03
    3.300   2.935E-03
    3.400   3.126E-03
    3.500   3.325E-03
    3.600   3.531E-03
    3.700   3.744E-03
    3.800   3.965E-03
    3.900   4.194E-03
    4.000   4.430E-03
    4.100   4.675E-03
    4.200   4.927E-03
    4.300   5.188E-03
    4.400   5.458E-03
    4.500   5.737E-03
    4.600   6.024E-03
    4.700   6.321E-03
    4.800   6.628E-03
    4.900   6.944E-03
    5.000   7.270E-03
    5.100   7.606E-03
    5.200   7.953E-03
    5.300   8.311E-03
    5.400   8.679E-03
    5.500   9.059E-03
    5.600   9.451E-03
    5.700   9.855E-03
    5.800   1.027E-02
    5.900   1.070E-02
    6.000   1.114E-02
    6.100   1.160E-02
    6.200   1.207E-02
    6.300   1.255E-02
    6.400   1.305E-02
    6.500   1.357E-02
    6.600   1.410E-02
    6.700   1.465E-02
    6.800   1.521E-02
    6.900   1.580E-02
    7.000   1.640E-02
    7.100   1.702E-02
    7.200   1.766E-02
    7.300   1.832E-02
    7.400   1.900E-02
    7.500   1.970E-02
    7.600   2.043E-02
    7.700   2.118E-02
    7.800   2.196E-02
    7.900   2.276E-02
    8.000   2.359E-02
    8.100   2.444E-02
    8.200   2.533E-02
    8.300   2.624E-02
    8.400   2.719E-02
    8.500   2.817E-02
    8.600   2.918E-02
    8.700   3.023E-02
    8.800   3.132E-02
    8.900   3.244E-02
    9.000   3.360E-02
    9.100   3.481E-02
    9.200   3.606E-02
    9.300   3.735E-02
    9.400   3.869E-02
    9.500   4.008E-02
    9.600   4.152E-02
    9.700   4.302E-02
    9.800   4.457E-02
    9.900   4.618E-02
   10.000   4.785E-02
   10.100   4.960E-02
   10.200   5.141E-02
   10.300   5.330E-02
   10.400   5.527E-02
   10.500   5.732E-02
   10.600   5.946E-02
   10.700   6.169E-02
   10.800   6.401E-02
   10.900   6.644E-02
   11.000   6.898E-02
   11.100   7.163E-02
   11.200   7.439E-02
   11.300   7.728E-02
   11.400   8.029E-02
   11.500   8.344E-02
   11.600   8.672E-02
   11.700   9.014E-02
   11.800   9.370E-02
   11.900   9.742E-02
   12.000   1.013E-01
   12.100   1.053E-01
   12.200   1.095E-01
   12.300   1.138E-01
   12.400   1.183E-01
   12.500   1.229E-01
   12.600   1.277E-01
   12.700   1.326E-01
   12.800   1.376E-01
   12.900   1.428E-01
   13.000   1.481E-01
   13.100   1.535E-01
   13.200   1.590E-01
   13.300   1.647E-01
   13.400   1.705E-01
   13.500   1.764E-01
   13.600   1.825E-01
   13.700   1.888E-01
   13.800   1.951E-01
   13.900   2.017E-01
   14.000   2.083E-01
   14.100   2.152E-01
   14.200   2.222E-01
   14.300   2.293E-01
   14.400   2.366E-01
   14.500   2.440E-01
   14.600   2.516E-01
   14.700   2.594E-01
   14.800   2.674E-01
   14.900   2.756E-01
   15.000   2.841E-01
   15.100   2.929E-01
   15.200   3.021E-01
   15.300   3.117E-01
   15.400   3.218E-01
   15.500   3.324E-01
   15.600   3.436E-01
   15.700   3.555E-01
   15.800   3.681E-01
   15.900   3.815E-01
   16.000   3.957E-01
   16.100   4.107E-01
   16.200   4.266E-01
   16.300   4.435E-01
   16.400   4.614E-01
   16.500   4.803E-01
   16.600   5.003E-01
   16.700   5.215E-01
   16.800   5.439E-01
   16.900   5.676E-01
   17.000   5.926E-01
   17.100   6.191E-01
   17.200   6.472E-01
   17.300   6.768E-01
   17.400   7.081E-01
   17.500   7.411E-01
   17.600   7.759E-01
   17.700   8.124E-01
   17.800   8.507E-01
   17.900   8.907E-01
   18.000   9.323E-01
   18.100   9.754E-01
   18.200   1.020E+00
   18.300   1.065E+00
   18.400   1.112E+00
   18.500   1.159E+00
   18.600   1.207E+00
   18.700   1.255E+00
   18.800   1.304E+00
   18.900   1.353E+00
   19.000   1.404E+00
   19.100   1.454E+00
   19.200   1.507E+00
   19.300   1.561E+00
   19.400   1.617E+00
   19.500   1.675E+00
   19.600   1.737E+00
   19.700   1.801E+00
   19.800   1.870E+00
   19.900   1.941E+00
   20.000   2.017E+00
   20.100   2.095E+00
   20.200   2.177E+00
   20.300   2.260E+00
   20.400   2.345E+00
   20.500   2.430E+00
   20.600   2.514E+00
   20.700   2.595E+00
   20.800   2.671E+00
   20.900   2.741E+00
   21.000   2.803E+00
   21.100   2.854E+00
   21.200   2.894E+00
   21.300   2.922E+00
   21.400   2.936E+00
   21.500   2.936E+00
   21.600   2.922E+00
   21.700   2.895E+00
   21.800   2.856E+00
   21.900   2.807E+00
   22.000   2.749E+00
   22.100   2.683E+00
   22.200   2.612E+00
   22.300   2.537E+00
   22.400   2.460E+00
   22.500   2.382E+00
   22.600   2.304E+00
   22.700   2.226E+00
   22.800   2.150E+00
   22.900   2.076E+00
   23.000   2.004E+00
   23.100   1.934E+00
   23.200   1.866E+00
   23.300   1.799E+00
   23.400   1.735E+00
   23.500   1.672E+00
   23.600   1.610E+00
   23.700   1.550E+00
   23.800   1.491E+00
   23.900   1.433E+00
   24.000   1.376E+00
   24.100   1.321E+00
   24.200   1.267E+00
   24.300   1.215E+00
   24.400   1.165E+00
   24.500   1.116E+00
   24.600   1.069E+00
   24.700   1.024E+00
   24.800   9.814E-01
   24.900   9.405E-01
   25.000   9.015E-01
   25.100   8.645E-01
   25.200   8.294E-01
   25.300   7.960E-01
   25.400   7.644E-01
   25.500   7.345E-01
   25.600   7.062E-01
   25.700   6.793E-01
   25.800   6.539E-01
   25.900   6.298E-01
   26.000   6.070E-01
   26.100   5.854E-01
   26.200   5.648E-01
   26.300   5.454E-01
   26.400   5.269E-01
   26.500   5.093E-01
   26.600   4.926E-01
   26.700   4.767E-01
   26.800   4.616E-01
   26.900   4.472E-01
   27.000   4.335E-01
   27.100   4.204E-01
   27.200   4.079E-01
   27.300   3.960E-01
   27.400   3.847E-01
   27.500   3.738E-01
   27.600   3.634E-01
   27.700   3.535E-01
   27.800   3.440E-01
   27.900   3.349E-01
   28.000   3.262E-01
   28.100   3.179E-01
   28.200   3.099E-01
   28.300   3.022E-01
   28.400   2.948E-01
   28.500   2.877E-01
   28.600   2.809E-01
   28.700   2.744E-01
   28.800   2.681E-01
   28.900   2.621E-01
   29.000   2.562E-01
   29.100   2.506E-01
   29.200   2.451E-01
   29.300   2.399E-01
   29.400   2.348E-01
   29.500   2.299E-01
   29.600   2.251E-01
   29.700   2.205E-01
   29.800   2.160E-01
   29.900   2.117E-01
   30.000   2.074E-01
 
 Z=  20 A=  43  D1M-QRPA-Inter
 E[MeV]  fQRPA[mb/MeV]
    0.100   1.173E-05
    0.200   4.695E-05
    0.300   1.058E-04
    0.400   1.884E-04
    0.500   2.951E-04
    0.600   4.261E-04
    0.700   5.817E-04
    0.800   7.624E-04
    0.900   9.684E-04
    1.000   1.200E-03
    1.100   1.458E-03
    1.200   1.741E-03
    1.300   2.050E-03
    1.400   2.385E-03
    1.500   2.744E-03
    1.600   3.127E-03
    1.700   3.532E-03
    1.800   3.957E-03
    1.900   4.400E-03
    2.000   4.858E-03
    2.100   5.328E-03
    2.200   5.806E-03
    2.300   6.288E-03
    2.400   6.771E-03
    2.500   7.251E-03
    2.600   7.724E-03
    2.700   8.187E-03
    2.800   8.640E-03
    2.900   9.079E-03
    3.000   9.504E-03
    3.100   9.915E-03
    3.200   1.031E-02
    3.300   1.070E-02
    3.400   1.107E-02
    3.500   1.144E-02
    3.600   1.179E-02
    3.700   1.215E-02
    3.800   1.250E-02
    3.900   1.285E-02
    4.000   1.320E-02
    4.100   1.355E-02
    4.200   1.391E-02
    4.300   1.428E-02
    4.400   1.466E-02
    4.500   1.505E-02
    4.600   1.545E-02
    4.700   1.586E-02
    4.800   1.629E-02
    4.900   1.673E-02
    5.000   1.719E-02
    5.100   1.767E-02
    5.200   1.817E-02
    5.300   1.868E-02
    5.400   1.922E-02
    5.500   1.977E-02
    5.600   2.035E-02
    5.700   2.095E-02
    5.800   2.157E-02
    5.900   2.221E-02
    6.000   2.288E-02
    6.100   2.357E-02
    6.200   2.428E-02
    6.300   2.502E-02
    6.400   2.579E-02
    6.500   2.658E-02
    6.600   2.741E-02
    6.700   2.826E-02
    6.800   2.914E-02
    6.900   3.004E-02
    7.000   3.098E-02
    7.100   3.195E-02
    7.200   3.296E-02
    7.300   3.399E-02
    7.400   3.507E-02
    7.500   3.617E-02
    7.600   3.732E-02
    7.700   3.850E-02
    7.800   3.972E-02
    7.900   4.099E-02
    8.000   4.229E-02
    8.100   4.364E-02
    8.200   4.504E-02
    8.300   4.648E-02
    8.400   4.797E-02
    8.500   4.951E-02
    8.600   5.111E-02
    8.700   5.276E-02
    8.800   5.447E-02
    8.900   5.623E-02
    9.000   5.806E-02
    9.100   5.996E-02
    9.200   6.192E-02
    9.300   6.395E-02
    9.400   6.605E-02
    9.500   6.823E-02
    9.600   7.049E-02
    9.700   7.284E-02
    9.800   7.527E-02
    9.900   7.779E-02
   10.000   8.042E-02
   10.100   8.314E-02
   10.200   8.598E-02
   10.300   8.893E-02
   10.400   9.201E-02
   10.500   9.522E-02
   10.600   9.856E-02
   10.700   1.021E-01
   10.800   1.057E-01
   10.900   1.095E-01
   11.000   1.135E-01
   11.100   1.177E-01
   11.200   1.220E-01
   11.300   1.266E-01
   11.400   1.314E-01
   11.500   1.364E-01
   11.600   1.416E-01
   11.700   1.471E-01
   11.800   1.529E-01
   11.900   1.589E-01
   12.000   1.652E-01
   12.100   1.719E-01
   12.200   1.788E-01
   12.300   1.861E-01
   12.400   1.937E-01
   12.500   2.016E-01
   12.600   2.099E-01
   12.700   2.186E-01
   12.800   2.276E-01
   12.900   2.369E-01
   13.000   2.466E-01
   13.100   2.567E-01
   13.200   2.671E-01
   13.300   2.779E-01
   13.400   2.889E-01
   13.500   3.003E-01
   13.600   3.120E-01
   13.700   3.239E-01
   13.800   3.359E-01
   13.900   3.482E-01
   14.000   3.605E-01
   14.100   3.728E-01
   14.200   3.851E-01
   14.300   3.973E-01
   14.400   4.093E-01
   14.500   4.211E-01
   14.600   4.326E-01
   14.700   4.439E-01
   14.800   4.550E-01
   14.900   4.658E-01
   15.000   4.765E-01
   15.100   4.872E-01
   15.200   4.980E-01
   15.300   5.090E-01
   15.400   5.203E-01
   15.500   5.321E-01
   15.600   5.445E-01
   15.700   5.577E-01
   15.800   5.718E-01
   15.900   5.869E-01
   16.000   6.033E-01
   16.100   6.209E-01
   16.200   6.399E-01
   16.300   6.605E-01
   16.400   6.827E-01
   16.500   7.066E-01
   16.600   7.324E-01
   16.700   7.602E-01
   16.800   7.900E-01
   16.900   8.220E-01
   17.000   8.562E-01
   17.100   8.928E-01
   17.200   9.318E-01
   17.300   9.732E-01
   17.400   1.017E+00
   17.500   1.064E+00
   17.600   1.112E+00
   17.700   1.163E+00
   17.800   1.217E+00
   17.900   1.271E+00
   18.000   1.328E+00
   18.100   1.385E+00
   18.200   1.442E+00
   18.300   1.499E+00
   18.400   1.555E+00
   18.500   1.610E+00
   18.600   1.661E+00
   18.700   1.710E+00
   18.800   1.755E+00
   18.900   1.796E+00
   19.000   1.833E+00
   19.100   1.865E+00
   19.200   1.893E+00
   19.300   1.917E+00
   19.400   1.937E+00
   19.500   1.954E+00
   19.600   1.969E+00
   19.700   1.981E+00
   19.800   1.991E+00
   19.900   2.000E+00
   20.000   2.007E+00
   20.100   2.014E+00
   20.200   2.020E+00
   20.300   2.025E+00
   20.400   2.030E+00
   20.500   2.033E+00
   20.600   2.036E+00
   20.700   2.037E+00
   20.800   2.036E+00
   20.900   2.034E+00
   21.000   2.029E+00
   21.100   2.022E+00
   21.200   2.013E+00
   21.300   2.001E+00
   21.400   1.986E+00
   21.500   1.968E+00
   21.600   1.947E+00
   21.700   1.924E+00
   21.800   1.899E+00
   21.900   1.872E+00
   22.000   1.843E+00
   22.100   1.813E+00
   22.200   1.781E+00
   22.300   1.748E+00
   22.400   1.715E+00
   22.500   1.680E+00
   22.600   1.645E+00
   22.700   1.610E+00
   22.800   1.574E+00
   22.900   1.538E+00
   23.000   1.501E+00
   23.100   1.465E+00
   23.200   1.428E+00
   23.300   1.390E+00
   23.400   1.353E+00
   23.500   1.315E+00
   23.600   1.278E+00
   23.700   1.241E+00
   23.800   1.204E+00
   23.900   1.168E+00
   24.000   1.132E+00
   24.100   1.097E+00
   24.200   1.063E+00
   24.300   1.030E+00
   24.400   9.981E-01
   24.500   9.672E-01
   24.600   9.375E-01
   24.700   9.090E-01
   24.800   8.817E-01
   24.900   8.557E-01
   25.000   8.308E-01
   25.100   8.072E-01
   25.200   7.847E-01
   25.300   7.633E-01
   25.400   7.430E-01
   25.500   7.237E-01
   25.600   7.054E-01
   25.700   6.880E-01
   25.800   6.715E-01
   25.900   6.559E-01
   26.000   6.410E-01
   26.100   6.269E-01
   26.200   6.134E-01
   26.300   6.006E-01
   26.400   5.884E-01
   26.500   5.768E-01
   26.600   5.657E-01
   26.700   5.552E-01
   26.800   5.451E-01
   26.900   5.354E-01
   27.000   5.262E-01
   27.100   5.173E-01
   27.200   5.088E-01
   27.300   5.007E-01
   27.400   4.929E-01
   27.500   4.854E-01
   27.600   4.782E-01
   27.700   4.712E-01
   27.800   4.646E-01
   27.900   4.582E-01
   28.000   4.520E-01
   28.100   4.461E-01
   28.200   4.404E-01
   28.300   4.349E-01
   28.400   4.296E-01
   28.500   4.245E-01
   28.600   4.195E-01
   28.700   4.147E-01
   28.800   4.100E-01
   28.900   4.055E-01
   29.000   4.010E-01
   29.100   3.967E-01
   29.200   3.925E-01
   29.300   3.883E-01
   29.400   3.842E-01
   29.500   3.802E-01
   29.600   3.762E-01
   29.700   3.723E-01
   29.800   3.685E-01
   29.900   3.648E-01
   30.000   3.611E-01
 
 Z=  20 A=  44  D1M-QRPA
   E[MeV]   fQRPA[mb/MeV]
    0.100   1.634E-05
    0.200   6.547E-05
    0.300   1.477E-04
    0.400   2.634E-04
    0.500   4.133E-04
    0.600   5.980E-04
    0.700   8.185E-04
    0.800   1.076E-03
    0.900   1.370E-03
    1.000   1.702E-03
    1.100   2.073E-03
    1.200   2.482E-03
    1.300   2.929E-03
    1.400   3.413E-03
    1.500   3.930E-03
    1.600   4.479E-03
    1.700   5.053E-03
    1.800   5.648E-03
    1.900   6.256E-03
    2.000   6.870E-03
    2.100   7.478E-03
    2.200   8.073E-03
    2.300   8.644E-03
    2.400   9.182E-03
    2.500   9.679E-03
    2.600   1.013E-02
    2.700   1.052E-02
    2.800   1.087E-02
    2.900   1.115E-02
    3.000   1.138E-02
    3.100   1.157E-02
    3.200   1.171E-02
    3.300   1.180E-02
    3.400   1.187E-02
    3.500   1.191E-02
    3.600   1.193E-02
    3.700   1.193E-02
    3.800   1.192E-02
    3.900   1.191E-02
    4.000   1.190E-02
    4.100   1.189E-02
    4.200   1.189E-02
    4.300   1.190E-02
    4.400   1.192E-02
    4.500   1.195E-02
    4.600   1.199E-02
    4.700   1.205E-02
    4.800   1.212E-02
    4.900   1.220E-02
    5.000   1.231E-02
    5.100   1.243E-02
    5.200   1.256E-02
    5.300   1.271E-02
    5.400   1.288E-02
    5.500   1.306E-02
    5.600   1.326E-02
    5.700   1.347E-02
    5.800   1.370E-02
    5.900   1.395E-02
    6.000   1.421E-02
    6.100   1.449E-02
    6.200   1.479E-02
    6.300   1.510E-02
    6.400   1.542E-02
    6.500   1.577E-02
    6.600   1.612E-02
    6.700   1.650E-02
    6.800   1.689E-02
    6.900   1.730E-02
    7.000   1.772E-02
    7.100   1.816E-02
    7.200   1.862E-02
    7.300   1.910E-02
    7.400   1.959E-02
    7.500   2.010E-02
    7.600   2.063E-02
    7.700   2.118E-02
    7.800   2.175E-02
    7.900   2.234E-02
    8.000   2.295E-02
    8.100   2.358E-02
    8.200   2.424E-02
    8.300   2.492E-02
    8.400   2.562E-02
    8.500   2.634E-02
    8.600   2.709E-02
    8.700   2.787E-02
    8.800   2.867E-02
    8.900   2.951E-02
    9.000   3.037E-02
    9.100   3.126E-02
    9.200   3.218E-02
    9.300   3.314E-02
    9.400   3.413E-02
    9.500   3.516E-02
    9.600   3.622E-02
    9.700   3.733E-02
    9.800   3.848E-02
    9.900   3.967E-02
   10.000   4.090E-02
   10.100   4.219E-02
   10.200   4.352E-02
   10.300   4.492E-02
   10.400   4.637E-02
   10.500   4.788E-02
   10.600   4.946E-02
   10.700   5.110E-02
   10.800   5.283E-02
   10.900   5.463E-02
   11.000   5.652E-02
   11.100   5.850E-02
   11.200   6.058E-02
   11.300   6.276E-02
   11.400   6.505E-02
   11.500   6.746E-02
   11.600   7.000E-02
   11.700   7.267E-02
   11.800   7.549E-02
   11.900   7.846E-02
   12.000   8.160E-02
   12.100   8.491E-02
   12.200   8.841E-02
   12.300   9.210E-02
   12.400   9.600E-02
   12.500   1.001E-01
   12.600   1.045E-01
   12.700   1.091E-01
   12.800   1.139E-01
   12.900   1.190E-01
   13.000   1.243E-01
   13.100   1.299E-01
   13.200   1.358E-01
   13.300   1.419E-01
   13.400   1.482E-01
   13.500   1.547E-01
   13.600   1.614E-01
   13.700   1.682E-01
   13.800   1.751E-01
   13.900   1.820E-01
   14.000   1.888E-01
   14.100   1.955E-01
   14.200   2.021E-01
   14.300   2.084E-01
   14.400   2.143E-01
   14.500   2.200E-01
   14.600   2.252E-01
   14.700   2.299E-01
   14.800   2.343E-01
   14.900   2.383E-01
   15.000   2.420E-01
   15.100   2.453E-01
   15.200   2.485E-01
   15.300   2.516E-01
   15.400   2.546E-01
   15.500   2.578E-01
   15.600   2.611E-01
   15.700   2.648E-01
   15.800   2.688E-01
   15.900   2.733E-01
   16.000   2.784E-01
   16.100   2.841E-01
   16.200   2.905E-01
   16.300   2.977E-01
   16.400   3.058E-01
   16.500   3.147E-01
   16.600   3.245E-01
   16.700   3.354E-01
   16.800   3.473E-01
   16.900   3.603E-01
   17.000   3.744E-01
   17.100   3.897E-01
   17.200   4.061E-01
   17.300   4.236E-01
   17.400   4.423E-01
   17.500   4.620E-01
   17.600   4.828E-01
   17.700   5.043E-01
   17.800   5.266E-01
   17.900   5.493E-01
   18.000   5.723E-01
   18.100   5.951E-01
   18.200   6.173E-01
   18.300   6.386E-01
   18.400   6.586E-01
   18.500   6.766E-01
   18.600   6.923E-01
   18.700   7.052E-01
   18.800   7.150E-01
   18.900   7.215E-01
   19.000   7.244E-01
   19.100   7.238E-01
   19.200   7.199E-01
   19.300   7.127E-01
   19.400   7.026E-01
   19.500   6.901E-01
   19.600   6.755E-01
   19.700   6.592E-01
   19.800   6.417E-01
   19.900   6.235E-01
   20.000   6.048E-01
   20.100   5.860E-01
   20.200   5.674E-01
   20.300   5.493E-01
   20.400   5.317E-01
   20.500   5.149E-01
   20.600   4.989E-01
   20.700   4.839E-01
   20.800   4.699E-01
   20.900   4.568E-01
   21.000   4.448E-01
   21.100   4.337E-01
   21.200   4.237E-01
   21.300   4.147E-01
   21.400   4.065E-01
   21.500   3.993E-01
   21.600   3.929E-01
   21.700   3.872E-01
   21.800   3.822E-01
   21.900   3.779E-01
   22.000   3.740E-01
   22.100   3.706E-01
   22.200   3.674E-01
   22.300   3.645E-01
   22.400   3.616E-01
   22.500   3.587E-01
   22.600   3.557E-01
   22.700   3.524E-01
   22.800   3.488E-01
   22.900   3.449E-01
   23.000   3.405E-01
   23.100   3.358E-01
   23.200   3.306E-01
   23.300   3.251E-01
   23.400   3.193E-01
   23.500   3.133E-01
   23.600   3.070E-01
   23.700   3.007E-01
   23.800   2.944E-01
   23.900   2.881E-01
   24.000   2.819E-01
   24.100   2.759E-01
   24.200   2.700E-01
   24.300   2.644E-01
   24.400   2.589E-01
   24.500   2.538E-01
   24.600   2.488E-01
   24.700   2.442E-01
   24.800   2.398E-01
   24.900   2.356E-01
   25.000   2.318E-01
   25.100   2.281E-01
   25.200   2.247E-01
   25.300   2.215E-01
   25.400   2.186E-01
   25.500   2.158E-01
   25.600   2.133E-01
   25.700   2.109E-01
   25.800   2.087E-01
   25.900   2.067E-01
   26.000   2.049E-01
   26.100   2.032E-01
   26.200   2.016E-01
   26.300   2.002E-01
   26.400   1.989E-01
   26.500   1.977E-01
   26.600   1.967E-01
   26.700   1.957E-01
   26.800   1.948E-01
   26.900   1.940E-01
   27.000   1.933E-01
   27.100   1.927E-01
   27.200   1.921E-01
   27.300   1.916E-01
   27.400   1.911E-01
   27.500   1.908E-01
   27.600   1.904E-01
   27.700   1.901E-01
   27.800   1.899E-01
   27.900   1.897E-01
   28.000   1.896E-01
   28.100   1.895E-01
   28.200   1.894E-01
   28.300   1.894E-01
   28.400   1.895E-01
   28.500   1.895E-01
   28.600   1.896E-01
   28.700   1.897E-01
   28.800   1.898E-01
   28.900   1.899E-01
   29.000   1.900E-01
   29.100   1.901E-01
   29.200   1.902E-01
   29.300   1.902E-01
   29.400   1.903E-01
   29.500   1.903E-01
   29.600   1.903E-01
   29.700   1.903E-01
   29.800   1.903E-01
   29.900   1.903E-01
   30.000   1.903E-01
 
 Z=  20 A=  48  D1M-QRPA
   E[MeV]   fQRPA[mb/MeV]
    0.100   9.027E-06
    0.200   3.612E-05
    0.300   8.129E-05
    0.400   1.446E-04
    0.500   2.260E-04
    0.600   3.257E-04
    0.700   4.438E-04
    0.800   5.802E-04
    0.900   7.351E-04
    1.000   9.087E-04
    1.100   1.101E-03
    1.200   1.312E-03
    1.300   1.543E-03
    1.400   1.792E-03
    1.500   2.062E-03
    1.600   2.351E-03
    1.700   2.659E-03
    1.800   2.988E-03
    1.900   3.338E-03
    2.000   3.708E-03
    2.100   4.100E-03
    2.200   4.513E-03
    2.300   4.947E-03
    2.400   5.404E-03
    2.500   5.883E-03
    2.600   6.385E-03
    2.700   6.911E-03
    2.800   7.460E-03
    2.900   8.034E-03
    3.000   8.632E-03
    3.100   9.256E-03
    3.200   9.906E-03
    3.300   1.058E-02
    3.400   1.129E-02
    3.500   1.202E-02
    3.600   1.278E-02
    3.700   1.357E-02
    3.800   1.439E-02
    3.900   1.524E-02
    4.000   1.612E-02
    4.100   1.703E-02
    4.200   1.798E-02
    4.300   1.896E-02
    4.400   1.998E-02
    4.500   2.103E-02
    4.600   2.212E-02
    4.700   2.325E-02
    4.800   2.442E-02
    4.900   2.564E-02
    5.000   2.689E-02
    5.100   2.819E-02
    5.200   2.953E-02
    5.300   3.092E-02
    5.400   3.236E-02
    5.500   3.385E-02
    5.600   3.540E-02
    5.700   3.700E-02
    5.800   3.865E-02
    5.900   4.036E-02
    6.000   4.214E-02
    6.100   4.398E-02
    6.200   4.588E-02
    6.300   4.785E-02
    6.400   4.990E-02
    6.500   5.201E-02
    6.600   5.421E-02
    6.700   5.649E-02
    6.800   5.885E-02
    6.900   6.130E-02
    7.000   6.384E-02
    7.100   6.647E-02
    7.200   6.921E-02
    7.300   7.205E-02
    7.400   7.500E-02
    7.500   7.806E-02
    7.600   8.124E-02
    7.700   8.455E-02
    7.800   8.798E-02
    7.900   9.155E-02
    8.000   9.525E-02
    8.100   9.910E-02
    8.200   1.031E-01
    8.300   1.073E-01
    8.400   1.116E-01
    8.500   1.161E-01
    8.600   1.207E-01
    8.700   1.256E-01
    8.800   1.306E-01
    8.900   1.358E-01
    9.000   1.413E-01
    9.100   1.469E-01
    9.200   1.528E-01
    9.300   1.590E-01
    9.400   1.654E-01
    9.500   1.720E-01
    9.600   1.790E-01
    9.700   1.863E-01
    9.800   1.939E-01
    9.900   2.018E-01
   10.000   2.102E-01
   10.100   2.189E-01
   10.200   2.280E-01
   10.300   2.376E-01
   10.400   2.477E-01
   10.500   2.582E-01
   10.600   2.693E-01
   10.700   2.808E-01
   10.800   2.929E-01
   10.900   3.056E-01
   11.000   3.189E-01
   11.100   3.327E-01
   11.200   3.472E-01
   11.300   3.622E-01
   11.400   3.780E-01
   11.500   3.943E-01
   11.600   4.114E-01
   11.700   4.292E-01
   11.800   4.477E-01
   11.900   4.670E-01
   12.000   4.871E-01
   12.100   5.080E-01
   12.200   5.299E-01
   12.300   5.527E-01
   12.400   5.765E-01
   12.500   6.014E-01
   12.600   6.274E-01
   12.700   6.545E-01
   12.800   6.828E-01
   12.900   7.122E-01
   13.000   7.428E-01
   13.100   7.745E-01
   13.200   8.074E-01
   13.300   8.413E-01
   13.400   8.764E-01
   13.500   9.124E-01
   13.600   9.495E-01
   13.700   9.875E-01
   13.800   1.026E+00
   13.900   1.066E+00
   14.000   1.107E+00
   14.100   1.149E+00
   14.200   1.192E+00
   14.300   1.236E+00
   14.400   1.282E+00
   14.500   1.329E+00
   14.600   1.378E+00
   14.700   1.429E+00
   14.800   1.483E+00
   14.900   1.538E+00
   15.000   1.596E+00
   15.100   1.657E+00
   15.200   1.721E+00
   15.300   1.787E+00
   15.400   1.855E+00
   15.500   1.926E+00
   15.600   1.999E+00
   15.700   2.073E+00
   15.800   2.148E+00
   15.900   2.223E+00
   16.000   2.298E+00
   16.100   2.371E+00
   16.200   2.443E+00
   16.300   2.512E+00
   16.400   2.577E+00
   16.500   2.638E+00
   16.600   2.695E+00
   16.700   2.747E+00
   16.800   2.795E+00
   16.900   2.839E+00
   17.000   2.880E+00
   17.100   2.918E+00
   17.200   2.955E+00
   17.300   2.992E+00
   17.400   3.029E+00
   17.500   3.068E+00
   17.600   3.109E+00
   17.700   3.155E+00
   17.800   3.204E+00
   17.900   3.259E+00
   18.000   3.318E+00
   18.100   3.383E+00
   18.200   3.453E+00
   18.300   3.528E+00
   18.400   3.607E+00
   18.500   3.690E+00
   18.600   3.775E+00
   18.700   3.861E+00
   18.800   3.948E+00
   18.900   4.033E+00
   19.000   4.115E+00
   19.100   4.191E+00
   19.200   4.262E+00
   19.300   4.324E+00
   19.400   4.376E+00
   19.500   4.417E+00
   19.600   4.445E+00
   19.700   4.459E+00
   19.800   4.460E+00
   19.900   4.446E+00
   20.000   4.419E+00
   20.100   4.379E+00
   20.200   4.327E+00
   20.300   4.265E+00
   20.400   4.194E+00
   20.500   4.117E+00
   20.600   4.035E+00
   20.700   3.950E+00
   20.800   3.863E+00
   20.900   3.777E+00
   21.000   3.692E+00
   21.100   3.609E+00
   21.200   3.530E+00
   21.300   3.453E+00
   21.400   3.381E+00
   21.500   3.312E+00
   21.600   3.247E+00
   21.700   3.185E+00
   21.800   3.126E+00
   21.900   3.070E+00
   22.000   3.014E+00
   22.100   2.960E+00
   22.200   2.907E+00
   22.300   2.854E+00
   22.400   2.800E+00
   22.500   2.747E+00
   22.600   2.692E+00
   22.700   2.637E+00
   22.800   2.581E+00
   22.900   2.525E+00
   23.000   2.468E+00
   23.100   2.411E+00
   23.200   2.353E+00
   23.300   2.295E+00
   23.400   2.236E+00
   23.500   2.177E+00
   23.600   2.118E+00
   23.700   2.059E+00
   23.800   1.999E+00
   23.900   1.940E+00
   24.000   1.880E+00
   24.100   1.821E+00
   24.200   1.762E+00
   24.300   1.704E+00
   24.400   1.646E+00
   24.500   1.590E+00
   24.600   1.535E+00
   24.700   1.481E+00
   24.800   1.429E+00
   24.900   1.379E+00
   25.000   1.331E+00
   25.100   1.284E+00
   25.200   1.239E+00
   25.300   1.196E+00
   25.400   1.155E+00
   25.500   1.115E+00
   25.600   1.078E+00
   25.700   1.042E+00
   25.800   1.007E+00
   25.900   9.747E-01
   26.000   9.436E-01
   26.100   9.139E-01
   26.200   8.856E-01
   26.300   8.586E-01
   26.400   8.328E-01
   26.500   8.083E-01
   26.600   7.848E-01
   26.700   7.624E-01
   26.800   7.410E-01
   26.900   7.206E-01
   27.000   7.010E-01
   27.100   6.823E-01
   27.200   6.644E-01
   27.300   6.472E-01
   27.400   6.308E-01
   27.500   6.150E-01
   27.600   5.999E-01
   27.700   5.854E-01
   27.800   5.714E-01
   27.900   5.580E-01
   28.000   5.451E-01
   28.100   5.327E-01
   28.200   5.207E-01
   28.300   5.092E-01
   28.400   4.981E-01
   28.500   4.874E-01
   28.600   4.771E-01
   28.700   4.671E-01
   28.800   4.575E-01
   28.900   4.482E-01
   29.000   4.393E-01
   29.100   4.306E-01
   29.200   4.222E-01
   29.300   4.140E-01
   29.400   4.062E-01
   29.500   3.985E-01
   29.600   3.912E-01
   29.700   3.840E-01
   29.800   3.771E-01
   29.900   3.703E-01
   30.000   3.638E-01
 
