 Z=  23 A=  51  D1M-QRPA-Inter
 E[MeV]  fQRPA[mb/MeV]
    0.100   2.025E-05
    0.200   8.104E-05
    0.300   1.824E-04
    0.400   3.245E-04
    0.500   5.075E-04
    0.600   7.316E-04
    0.700   9.970E-04
    0.800   1.304E-03
    0.900   1.653E-03
    1.000   2.045E-03
    1.100   2.479E-03
    1.200   2.957E-03
    1.300   3.478E-03
    1.400   4.045E-03
    1.500   4.656E-03
    1.600   5.314E-03
    1.700   6.018E-03
    1.800   6.769E-03
    1.900   7.570E-03
    2.000   8.419E-03
    2.100   9.320E-03
    2.200   1.027E-02
    2.300   1.128E-02
    2.400   1.234E-02
    2.500   1.345E-02
    2.600   1.462E-02
    2.700   1.585E-02
    2.800   1.714E-02
    2.900   1.849E-02
    3.000   1.991E-02
    3.100   2.139E-02
    3.200   2.293E-02
    3.300   2.455E-02
    3.400   2.624E-02
    3.500   2.800E-02
    3.600   2.984E-02
    3.700   3.176E-02
    3.800   3.377E-02
    3.900   3.585E-02
    4.000   3.803E-02
    4.100   4.030E-02
    4.200   4.266E-02
    4.300   4.512E-02
    4.400   4.768E-02
    4.500   5.036E-02
    4.600   5.314E-02
    4.700   5.604E-02
    4.800   5.906E-02
    4.900   6.221E-02
    5.000   6.549E-02
    5.100   6.890E-02
    5.200   7.247E-02
    5.300   7.618E-02
    5.400   8.005E-02
    5.500   8.409E-02
    5.600   8.830E-02
    5.700   9.269E-02
    5.800   9.727E-02
    5.900   1.021E-01
    6.000   1.071E-01
    6.100   1.123E-01
    6.200   1.177E-01
    6.300   1.234E-01
    6.400   1.294E-01
    6.500   1.356E-01
    6.600   1.421E-01
    6.700   1.490E-01
    6.800   1.561E-01
    6.900   1.636E-01
    7.000   1.714E-01
    7.100   1.797E-01
    7.200   1.883E-01
    7.300   1.974E-01
    7.400   2.069E-01
    7.500   2.169E-01
    7.600   2.274E-01
    7.700   2.384E-01
    7.800   2.501E-01
    7.900   2.623E-01
    8.000   2.752E-01
    8.100   2.888E-01
    8.200   3.031E-01
    8.300   3.182E-01
    8.400   3.341E-01
    8.500   3.508E-01
    8.600   3.685E-01
    8.700   3.872E-01
    8.800   4.069E-01
    8.900   4.277E-01
    9.000   4.496E-01
    9.100   4.727E-01
    9.200   4.970E-01
    9.300   5.226E-01
    9.400   5.496E-01
    9.500   5.779E-01
    9.600   6.077E-01
    9.700   6.389E-01
    9.800   6.715E-01
    9.900   7.057E-01
   10.000   7.413E-01
   10.100   7.783E-01
   10.200   8.169E-01
   10.300   8.568E-01
   10.400   8.981E-01
   10.500   9.407E-01
   10.600   9.845E-01
   10.700   1.029E+00
   10.800   1.075E+00
   10.900   1.122E+00
   11.000   1.169E+00
   11.100   1.217E+00
   11.200   1.265E+00
   11.300   1.313E+00
   11.400   1.362E+00
   11.500   1.409E+00
   11.600   1.457E+00
   11.700   1.503E+00
   11.800   1.550E+00
   11.900   1.595E+00
   12.000   1.640E+00
   12.100   1.685E+00
   12.200   1.729E+00
   12.300   1.773E+00
   12.400   1.818E+00
   12.500   1.863E+00
   12.600   1.909E+00
   12.700   1.957E+00
   12.800   2.006E+00
   12.900   2.056E+00
   13.000   2.109E+00
   13.100   2.164E+00
   13.200   2.221E+00
   13.300   2.281E+00
   13.400   2.344E+00
   13.500   2.409E+00
   13.600   2.477E+00
   13.700   2.547E+00
   13.800   2.619E+00
   13.900   2.693E+00
   14.000   2.768E+00
   14.100   2.844E+00
   14.200   2.920E+00
   14.300   2.996E+00
   14.400   3.071E+00
   14.500   3.145E+00
   14.600   3.218E+00
   14.700   3.289E+00
   14.800   3.359E+00
   14.900   3.429E+00
   15.000   3.497E+00
   15.100   3.565E+00
   15.200   3.633E+00
   15.300   3.702E+00
   15.400   3.772E+00
   15.500   3.845E+00
   15.600   3.920E+00
   15.700   3.997E+00
   15.800   4.078E+00
   15.900   4.162E+00
   16.000   4.249E+00
   16.100   4.339E+00
   16.200   4.431E+00
   16.300   4.524E+00
   16.400   4.617E+00
   16.500   4.709E+00
   16.600   4.797E+00
   16.700   4.882E+00
   16.800   4.959E+00
   16.900   5.027E+00
   17.000   5.084E+00
   17.100   5.129E+00
   17.200   5.158E+00
   17.300   5.172E+00
   17.400   5.169E+00
   17.500   5.149E+00
   17.600   5.112E+00
   17.700   5.058E+00
   17.800   4.989E+00
   17.900   4.906E+00
   18.000   4.811E+00
   18.100   4.706E+00
   18.200   4.592E+00
   18.300   4.471E+00
   18.400   4.345E+00
   18.500   4.216E+00
   18.600   4.085E+00
   18.700   3.952E+00
   18.800   3.820E+00
   18.900   3.688E+00
   19.000   3.558E+00
   19.100   3.429E+00
   19.200   3.303E+00
   19.300   3.180E+00
   19.400   3.060E+00
   19.500   2.944E+00
   19.600   2.832E+00
   19.700   2.723E+00
   19.800   2.619E+00
   19.900   2.518E+00
   20.000   2.422E+00
   20.100   2.331E+00
   20.200   2.243E+00
   20.300   2.160E+00
   20.400   2.081E+00
   20.500   2.006E+00
   20.600   1.935E+00
   20.700   1.868E+00
   20.800   1.804E+00
   20.900   1.744E+00
   21.000   1.687E+00
   21.100   1.634E+00
   21.200   1.583E+00
   21.300   1.535E+00
   21.400   1.490E+00
   21.500   1.447E+00
   21.600   1.406E+00
   21.700   1.368E+00
   21.800   1.331E+00
   21.900   1.297E+00
   22.000   1.264E+00
   22.100   1.232E+00
   22.200   1.202E+00
   22.300   1.174E+00
   22.400   1.147E+00
   22.500   1.120E+00
   22.600   1.095E+00
   22.700   1.071E+00
   22.800   1.048E+00
   22.900   1.026E+00
   23.000   1.004E+00
   23.100   9.830E-01
   23.200   9.624E-01
   23.300   9.423E-01
   23.400   9.226E-01
   23.500   9.031E-01
   23.600   8.839E-01
   23.700   8.650E-01
   23.800   8.461E-01
   23.900   8.275E-01
   24.000   8.090E-01
   24.100   7.907E-01
   24.200   7.726E-01
   24.300   7.547E-01
   24.400   7.371E-01
   24.500   7.198E-01
   24.600   7.029E-01
   24.700   6.863E-01
   24.800   6.701E-01
   24.900   6.543E-01
   25.000   6.390E-01
   25.100   6.241E-01
   25.200   6.097E-01
   25.300   5.958E-01
   25.400   5.823E-01
   25.500   5.692E-01
   25.600   5.566E-01
   25.700   5.445E-01
   25.800   5.327E-01
   25.900   5.214E-01
   26.000   5.105E-01
   26.100   5.000E-01
   26.200   4.898E-01
   26.300   4.800E-01
   26.400   4.705E-01
   26.500   4.613E-01
   26.600   4.525E-01
   26.700   4.440E-01
   26.800   4.357E-01
   26.900   4.278E-01
   27.000   4.201E-01
   27.100   4.126E-01
   27.200   4.054E-01
   27.300   3.984E-01
   27.400   3.917E-01
   27.500   3.852E-01
   27.600   3.788E-01
   27.700   3.727E-01
   27.800   3.668E-01
   27.900   3.611E-01
   28.000   3.555E-01
   28.100   3.501E-01
   28.200   3.449E-01
   28.300   3.398E-01
   28.400   3.349E-01
   28.500   3.301E-01
   28.600   3.255E-01
   28.700   3.210E-01
   28.800   3.166E-01
   28.900   3.124E-01
   29.000   3.082E-01
   29.100   3.042E-01
   29.200   3.003E-01
   29.300   2.964E-01
   29.400   2.927E-01
   29.500   2.890E-01
   29.600   2.854E-01
   29.700   2.818E-01
   29.800   2.783E-01
   29.900   2.748E-01
   30.000   2.713E-01
 
