 Z=  25 A=  53  D1M-QRPA-Inter
 E[MeV]  fQRPA[mb/MeV]
    0.100   1.826E-05
    0.200   7.305E-05
    0.300   1.644E-04
    0.400   2.925E-04
    0.500   4.575E-04
    0.600   6.594E-04
    0.700   8.985E-04
    0.800   1.175E-03
    0.900   1.490E-03
    1.000   1.842E-03
    1.100   2.233E-03
    1.200   2.663E-03
    1.300   3.133E-03
    1.400   3.642E-03
    1.500   4.192E-03
    1.600   4.783E-03
    1.700   5.416E-03
    1.800   6.092E-03
    1.900   6.811E-03
    2.000   7.574E-03
    2.100   8.381E-03
    2.200   9.235E-03
    2.300   1.014E-02
    2.400   1.108E-02
    2.500   1.208E-02
    2.600   1.313E-02
    2.700   1.423E-02
    2.800   1.538E-02
    2.900   1.659E-02
    3.000   1.786E-02
    3.100   1.918E-02
    3.200   2.056E-02
    3.300   2.200E-02
    3.400   2.350E-02
    3.500   2.507E-02
    3.600   2.671E-02
    3.700   2.841E-02
    3.800   3.019E-02
    3.900   3.204E-02
    4.000   3.397E-02
    4.100   3.597E-02
    4.200   3.806E-02
    4.300   4.024E-02
    4.400   4.250E-02
    4.500   4.486E-02
    4.600   4.731E-02
    4.700   4.986E-02
    4.800   5.252E-02
    4.900   5.528E-02
    5.000   5.816E-02
    5.100   6.116E-02
    5.200   6.427E-02
    5.300   6.752E-02
    5.400   7.090E-02
    5.500   7.442E-02
    5.600   7.809E-02
    5.700   8.191E-02
    5.800   8.589E-02
    5.900   9.004E-02
    6.000   9.437E-02
    6.100   9.888E-02
    6.200   1.036E-01
    6.300   1.085E-01
    6.400   1.136E-01
    6.500   1.190E-01
    6.600   1.246E-01
    6.700   1.304E-01
    6.800   1.366E-01
    6.900   1.430E-01
    7.000   1.497E-01
    7.100   1.567E-01
    7.200   1.640E-01
    7.300   1.717E-01
    7.400   1.798E-01
    7.500   1.882E-01
    7.600   1.971E-01
    7.700   2.064E-01
    7.800   2.162E-01
    7.900   2.265E-01
    8.000   2.373E-01
    8.100   2.486E-01
    8.200   2.606E-01
    8.300   2.731E-01
    8.400   2.864E-01
    8.500   3.003E-01
    8.600   3.149E-01
    8.700   3.303E-01
    8.800   3.466E-01
    8.900   3.637E-01
    9.000   3.816E-01
    9.100   4.005E-01
    9.200   4.204E-01
    9.300   4.413E-01
    9.400   4.632E-01
    9.500   4.861E-01
    9.600   5.102E-01
    9.700   5.353E-01
    9.800   5.615E-01
    9.900   5.888E-01
   10.000   6.173E-01
   10.100   6.467E-01
   10.200   6.772E-01
   10.300   7.087E-01
   10.400   7.411E-01
   10.500   7.743E-01
   10.600   8.083E-01
   10.700   8.430E-01
   10.800   8.782E-01
   10.900   9.138E-01
   11.000   9.496E-01
   11.100   9.854E-01
   11.200   1.021E+00
   11.300   1.057E+00
   11.400   1.091E+00
   11.500   1.126E+00
   11.600   1.159E+00
   11.700   1.192E+00
   11.800   1.224E+00
   11.900   1.254E+00
   12.000   1.284E+00
   12.100   1.314E+00
   12.200   1.342E+00
   12.300   1.371E+00
   12.400   1.399E+00
   12.500   1.428E+00
   12.600   1.457E+00
   12.700   1.487E+00
   12.800   1.518E+00
   12.900   1.551E+00
   13.000   1.585E+00
   13.100   1.622E+00
   13.200   1.661E+00
   13.300   1.703E+00
   13.400   1.748E+00
   13.500   1.795E+00
   13.600   1.847E+00
   13.700   1.901E+00
   13.800   1.959E+00
   13.900   2.020E+00
   14.000   2.085E+00
   14.100   2.154E+00
   14.200   2.225E+00
   14.300   2.300E+00
   14.400   2.379E+00
   14.500   2.460E+00
   14.600   2.545E+00
   14.700   2.633E+00
   14.800   2.724E+00
   14.900   2.818E+00
   15.000   2.916E+00
   15.100   3.018E+00
   15.200   3.124E+00
   15.300   3.234E+00
   15.400   3.349E+00
   15.500   3.468E+00
   15.600   3.592E+00
   15.700   3.720E+00
   15.800   3.853E+00
   15.900   3.991E+00
   16.000   4.133E+00
   16.100   4.278E+00
   16.200   4.425E+00
   16.300   4.574E+00
   16.400   4.724E+00
   16.500   4.873E+00
   16.600   5.019E+00
   16.700   5.161E+00
   16.800   5.297E+00
   16.900   5.425E+00
   17.000   5.543E+00
   17.100   5.648E+00
   17.200   5.738E+00
   17.300   5.811E+00
   17.400   5.865E+00
   17.500   5.899E+00
   17.600   5.912E+00
   17.700   5.902E+00
   17.800   5.871E+00
   17.900   5.818E+00
   18.000   5.745E+00
   18.100   5.654E+00
   18.200   5.546E+00
   18.300   5.424E+00
   18.400   5.290E+00
   18.500   5.146E+00
   18.600   4.996E+00
   18.700   4.840E+00
   18.800   4.682E+00
   18.900   4.522E+00
   19.000   4.363E+00
   19.100   4.206E+00
   19.200   4.052E+00
   19.300   3.901E+00
   19.400   3.755E+00
   19.500   3.615E+00
   19.600   3.479E+00
   19.700   3.350E+00
   19.800   3.226E+00
   19.900   3.108E+00
   20.000   2.995E+00
   20.100   2.888E+00
   20.200   2.786E+00
   20.300   2.689E+00
   20.400   2.596E+00
   20.500   2.507E+00
   20.600   2.423E+00
   20.700   2.342E+00
   20.800   2.264E+00
   20.900   2.189E+00
   21.000   2.117E+00
   21.100   2.047E+00
   21.200   1.981E+00
   21.300   1.916E+00
   21.400   1.854E+00
   21.500   1.794E+00
   21.600   1.737E+00
   21.700   1.681E+00
   21.800   1.628E+00
   21.900   1.576E+00
   22.000   1.527E+00
   22.100   1.479E+00
   22.200   1.433E+00
   22.300   1.389E+00
   22.400   1.347E+00
   22.500   1.306E+00
   22.600   1.267E+00
   22.700   1.229E+00
   22.800   1.193E+00
   22.900   1.158E+00
   23.000   1.124E+00
   23.100   1.092E+00
   23.200   1.062E+00
   23.300   1.032E+00
   23.400   1.004E+00
   23.500   9.762E-01
   23.600   9.500E-01
   23.700   9.248E-01
   23.800   9.006E-01
   23.900   8.774E-01
   24.000   8.550E-01
   24.100   8.334E-01
   24.200   8.127E-01
   24.300   7.927E-01
   24.400   7.734E-01
   24.500   7.548E-01
   24.600   7.369E-01
   24.700   7.197E-01
   24.800   7.030E-01
   24.900   6.870E-01
   25.000   6.715E-01
   25.100   6.566E-01
   25.200   6.422E-01
   25.300   6.283E-01
   25.400   6.148E-01
   25.500   6.019E-01
   25.600   5.894E-01
   25.700   5.773E-01
   25.800   5.657E-01
   25.900   5.544E-01
   26.000   5.436E-01
   26.100   5.331E-01
   26.200   5.230E-01
   26.300   5.132E-01
   26.400   5.037E-01
   26.500   4.945E-01
   26.600   4.857E-01
   26.700   4.771E-01
   26.800   4.688E-01
   26.900   4.608E-01
   27.000   4.531E-01
   27.100   4.456E-01
   27.200   4.383E-01
   27.300   4.313E-01
   27.400   4.245E-01
   27.500   4.179E-01
   27.600   4.115E-01
   27.700   4.054E-01
   27.800   3.994E-01
   27.900   3.935E-01
   28.000   3.879E-01
   28.100   3.824E-01
   28.200   3.771E-01
   28.300   3.720E-01
   28.400   3.670E-01
   28.500   3.621E-01
   28.600   3.574E-01
   28.700   3.528E-01
   28.800   3.483E-01
   28.900   3.439E-01
   29.000   3.397E-01
   29.100   3.355E-01
   29.200   3.314E-01
   29.300   3.274E-01
   29.400   3.234E-01
   29.500   3.194E-01
   29.600   3.155E-01
   29.700   3.116E-01
   29.800   3.077E-01
   29.900   3.039E-01
   30.000   3.000E-01
 
 Z=  25 A=  54  D1M-QRPA-Inter
 E[MeV]  fQRPA[mb/MeV]
    0.100   1.856E-05
    0.200   7.428E-05
    0.300   1.672E-04
    0.400   2.974E-04
    0.500   4.651E-04
    0.600   6.704E-04
    0.700   9.135E-04
    0.800   1.195E-03
    0.900   1.514E-03
    1.000   1.873E-03
    1.100   2.270E-03
    1.200   2.708E-03
    1.300   3.185E-03
    1.400   3.702E-03
    1.500   4.261E-03
    1.600   4.862E-03
    1.700   5.505E-03
    1.800   6.191E-03
    1.900   6.921E-03
    2.000   7.696E-03
    2.100   8.517E-03
    2.200   9.383E-03
    2.300   1.030E-02
    2.400   1.126E-02
    2.500   1.227E-02
    2.600   1.334E-02
    2.700   1.445E-02
    2.800   1.562E-02
    2.900   1.685E-02
    3.000   1.812E-02
    3.100   1.946E-02
    3.200   2.086E-02
    3.300   2.231E-02
    3.400   2.383E-02
    3.500   2.541E-02
    3.600   2.706E-02
    3.700   2.877E-02
    3.800   3.056E-02
    3.900   3.241E-02
    4.000   3.433E-02
    4.100   3.634E-02
    4.200   3.841E-02
    4.300   4.057E-02
    4.400   4.281E-02
    4.500   4.514E-02
    4.600   4.756E-02
    4.700   5.006E-02
    4.800   5.267E-02
    4.900   5.537E-02
    5.000   5.818E-02
    5.100   6.110E-02
    5.200   6.413E-02
    5.300   6.728E-02
    5.400   7.056E-02
    5.500   7.396E-02
    5.600   7.751E-02
    5.700   8.119E-02
    5.800   8.503E-02
    5.900   8.902E-02
    6.000   9.318E-02
    6.100   9.750E-02
    6.200   1.020E-01
    6.300   1.067E-01
    6.400   1.116E-01
    6.500   1.167E-01
    6.600   1.220E-01
    6.700   1.276E-01
    6.800   1.334E-01
    6.900   1.395E-01
    7.000   1.458E-01
    7.100   1.524E-01
    7.200   1.593E-01
    7.300   1.666E-01
    7.400   1.741E-01
    7.500   1.820E-01
    7.600   1.903E-01
    7.700   1.990E-01
    7.800   2.081E-01
    7.900   2.176E-01
    8.000   2.276E-01
    8.100   2.380E-01
    8.200   2.490E-01
    8.300   2.605E-01
    8.400   2.726E-01
    8.500   2.852E-01
    8.600   2.985E-01
    8.700   3.124E-01
    8.800   3.269E-01
    8.900   3.421E-01
    9.000   3.581E-01
    9.100   3.748E-01
    9.200   3.922E-01
    9.300   4.104E-01
    9.400   4.294E-01
    9.500   4.492E-01
    9.600   4.699E-01
    9.700   4.914E-01
    9.800   5.137E-01
    9.900   5.369E-01
   10.000   5.610E-01
   10.100   5.859E-01
   10.200   6.117E-01
   10.300   6.384E-01
   10.400   6.660E-01
   10.500   6.944E-01
   10.600   7.238E-01
   10.700   7.539E-01
   10.800   7.849E-01
   10.900   8.167E-01
   11.000   8.492E-01
   11.100   8.824E-01
   11.200   9.163E-01
   11.300   9.509E-01
   11.400   9.860E-01
   11.500   1.022E+00
   11.600   1.058E+00
   11.700   1.094E+00
   11.800   1.132E+00
   11.900   1.169E+00
   12.000   1.208E+00
   12.100   1.247E+00
   12.200   1.287E+00
   12.300   1.328E+00
   12.400   1.370E+00
   12.500   1.413E+00
   12.600   1.458E+00
   12.700   1.505E+00
   12.800   1.554E+00
   12.900   1.605E+00
   13.000   1.658E+00
   13.100   1.714E+00
   13.200   1.772E+00
   13.300   1.834E+00
   13.400   1.899E+00
   13.500   1.968E+00
   13.600   2.040E+00
   13.700   2.116E+00
   13.800   2.196E+00
   13.900   2.280E+00
   14.000   2.369E+00
   14.100   2.461E+00
   14.200   2.558E+00
   14.300   2.659E+00
   14.400   2.764E+00
   14.500   2.873E+00
   14.600   2.985E+00
   14.700   3.102E+00
   14.800   3.222E+00
   14.900   3.346E+00
   15.000   3.473E+00
   15.100   3.603E+00
   15.200   3.736E+00
   15.300   3.871E+00
   15.400   4.009E+00
   15.500   4.148E+00
   15.600   4.289E+00
   15.700   4.431E+00
   15.800   4.573E+00
   15.900   4.714E+00
   16.000   4.855E+00
   16.100   4.994E+00
   16.200   5.130E+00
   16.300   5.263E+00
   16.400   5.391E+00
   16.500   5.514E+00
   16.600   5.631E+00
   16.700   5.740E+00
   16.800   5.841E+00
   16.900   5.931E+00
   17.000   6.011E+00
   17.100   6.078E+00
   17.200   6.132E+00
   17.300   6.172E+00
   17.400   6.195E+00
   17.500   6.203E+00
   17.600   6.193E+00
   17.700   6.166E+00
   17.800   6.123E+00
   17.900   6.063E+00
   18.000   5.988E+00
   18.100   5.898E+00
   18.200   5.795E+00
   18.300   5.681E+00
   18.400   5.557E+00
   18.500   5.425E+00
   18.600   5.286E+00
   18.700   5.143E+00
   18.800   4.997E+00
   18.900   4.849E+00
   19.000   4.700E+00
   19.100   4.552E+00
   19.200   4.406E+00
   19.300   4.263E+00
   19.400   4.123E+00
   19.500   3.986E+00
   19.600   3.854E+00
   19.700   3.725E+00
   19.800   3.601E+00
   19.900   3.482E+00
   20.000   3.367E+00
   20.100   3.256E+00
   20.200   3.150E+00
   20.300   3.047E+00
   20.400   2.949E+00
   20.500   2.853E+00
   20.600   2.762E+00
   20.700   2.673E+00
   20.800   2.587E+00
   20.900   2.505E+00
   21.000   2.424E+00
   21.100   2.347E+00
   21.200   2.271E+00
   21.300   2.198E+00
   21.400   2.128E+00
   21.500   2.059E+00
   21.600   1.993E+00
   21.700   1.929E+00
   21.800   1.867E+00
   21.900   1.807E+00
   22.000   1.749E+00
   22.100   1.693E+00
   22.200   1.639E+00
   22.300   1.587E+00
   22.400   1.537E+00
   22.500   1.489E+00
   22.600   1.442E+00
   22.700   1.398E+00
   22.800   1.355E+00
   22.900   1.314E+00
   23.000   1.275E+00
   23.100   1.237E+00
   23.200   1.201E+00
   23.300   1.166E+00
   23.400   1.133E+00
   23.500   1.101E+00
   23.600   1.070E+00
   23.700   1.041E+00
   23.800   1.013E+00
   23.900   9.859E-01
   24.000   9.600E-01
   24.100   9.351E-01
   24.200   9.112E-01
   24.300   8.882E-01
   24.400   8.661E-01
   24.500   8.449E-01
   24.600   8.245E-01
   24.700   8.048E-01
   24.800   7.858E-01
   24.900   7.676E-01
   25.000   7.500E-01
   25.100   7.331E-01
   25.200   7.168E-01
   25.300   7.010E-01
   25.400   6.858E-01
   25.500   6.712E-01
   25.600   6.570E-01
   25.700   6.434E-01
   25.800   6.302E-01
   25.900   6.175E-01
   26.000   6.052E-01
   26.100   5.933E-01
   26.200   5.818E-01
   26.300   5.707E-01
   26.400   5.599E-01
   26.500   5.495E-01
   26.600   5.394E-01
   26.700   5.296E-01
   26.800   5.202E-01
   26.900   5.110E-01
   27.000   5.022E-01
   27.100   4.936E-01
   27.200   4.852E-01
   27.300   4.771E-01
   27.400   4.693E-01
   27.500   4.617E-01
   27.600   4.543E-01
   27.700   4.471E-01
   27.800   4.401E-01
   27.900   4.334E-01
   28.000   4.268E-01
   28.100   4.204E-01
   28.200   4.142E-01
   28.300   4.081E-01
   28.400   4.022E-01
   28.500   3.965E-01
   28.600   3.909E-01
   28.700   3.855E-01
   28.800   3.802E-01
   28.900   3.750E-01
   29.000   3.699E-01
   29.100   3.650E-01
   29.200   3.602E-01
   29.300   3.554E-01
   29.400   3.508E-01
   29.500   3.462E-01
   29.600   3.417E-01
   29.700   3.372E-01
   29.800   3.329E-01
   29.900   3.285E-01
   30.000   3.243E-01
 
 Z=  25 A=  55  D1M-QRPA-Inter
 E[MeV]  fQRPA[mb/MeV]
    0.100   1.500E-05
    0.200   6.003E-05
    0.300   1.351E-04
    0.400   2.404E-04
    0.500   3.759E-04
    0.600   5.418E-04
    0.700   7.383E-04
    0.800   9.656E-04
    0.900   1.224E-03
    1.000   1.514E-03
    1.100   1.835E-03
    1.200   2.188E-03
    1.300   2.573E-03
    1.400   2.992E-03
    1.500   3.443E-03
    1.600   3.928E-03
    1.700   4.448E-03
    1.800   5.002E-03
    1.900   5.591E-03
    2.000   6.217E-03
    2.100   6.879E-03
    2.200   7.579E-03
    2.300   8.317E-03
    2.400   9.094E-03
    2.500   9.911E-03
    2.600   1.077E-02
    2.700   1.167E-02
    2.800   1.261E-02
    2.900   1.360E-02
    3.000   1.462E-02
    3.100   1.570E-02
    3.200   1.682E-02
    3.300   1.799E-02
    3.400   1.921E-02
    3.500   2.048E-02
    3.600   2.179E-02
    3.700   2.316E-02
    3.800   2.458E-02
    3.900   2.606E-02
    4.000   2.759E-02
    4.100   2.917E-02
    4.200   3.082E-02
    4.300   3.252E-02
    4.400   3.428E-02
    4.500   3.611E-02
    4.600   3.800E-02
    4.700   3.996E-02
    4.800   4.198E-02
    4.900   4.409E-02
    5.000   4.626E-02
    5.100   4.852E-02
    5.200   5.087E-02
    5.300   5.330E-02
    5.400   5.582E-02
    5.500   5.844E-02
    5.600   6.115E-02
    5.700   6.398E-02
    5.800   6.691E-02
    5.900   6.996E-02
    6.000   7.313E-02
    6.100   7.643E-02
    6.200   7.986E-02
    6.300   8.343E-02
    6.400   8.714E-02
    6.500   9.101E-02
    6.600   9.504E-02
    6.700   9.923E-02
    6.800   1.036E-01
    6.900   1.082E-01
    7.000   1.129E-01
    7.100   1.179E-01
    7.200   1.230E-01
    7.300   1.284E-01
    7.400   1.341E-01
    7.500   1.399E-01
    7.600   1.461E-01
    7.700   1.525E-01
    7.800   1.592E-01
    7.900   1.662E-01
    8.000   1.735E-01
    8.100   1.812E-01
    8.200   1.892E-01
    8.300   1.975E-01
    8.400   2.062E-01
    8.500   2.153E-01
    8.600   2.249E-01
    8.700   2.348E-01
    8.800   2.451E-01
    8.900   2.559E-01
    9.000   2.671E-01
    9.100   2.788E-01
    9.200   2.909E-01
    9.300   3.034E-01
    9.400   3.165E-01
    9.500   3.300E-01
    9.600   3.440E-01
    9.700   3.585E-01
    9.800   3.736E-01
    9.900   3.891E-01
   10.000   4.052E-01
   10.100   4.219E-01
   10.200   4.392E-01
   10.300   4.572E-01
   10.400   4.758E-01
   10.500   4.951E-01
   10.600   5.151E-01
   10.700   5.360E-01
   10.800   5.576E-01
   10.900   5.802E-01
   11.000   6.037E-01
   11.100   6.281E-01
   11.200   6.536E-01
   11.300   6.802E-01
   11.400   7.080E-01
   11.500   7.369E-01
   11.600   7.672E-01
   11.700   7.989E-01
   11.800   8.320E-01
   11.900   8.666E-01
   12.000   9.029E-01
   12.100   9.409E-01
   12.200   9.808E-01
   12.300   1.023E+00
   12.400   1.066E+00
   12.500   1.112E+00
   12.600   1.161E+00
   12.700   1.211E+00
   12.800   1.264E+00
   12.900   1.320E+00
   13.000   1.378E+00
   13.100   1.439E+00
   13.200   1.503E+00
   13.300   1.570E+00
   13.400   1.641E+00
   13.500   1.714E+00
   13.600   1.792E+00
   13.700   1.873E+00
   13.800   1.957E+00
   13.900   2.046E+00
   14.000   2.139E+00
   14.100   2.236E+00
   14.200   2.337E+00
   14.300   2.442E+00
   14.400   2.552E+00
   14.500   2.666E+00
   14.600   2.784E+00
   14.700   2.905E+00
   14.800   3.030E+00
   14.900   3.158E+00
   15.000   3.288E+00
   15.100   3.419E+00
   15.200   3.552E+00
   15.300   3.684E+00
   15.400   3.815E+00
   15.500   3.945E+00
   15.600   4.072E+00
   15.700   4.195E+00
   15.800   4.313E+00
   15.900   4.426E+00
   16.000   4.534E+00
   16.100   4.634E+00
   16.200   4.727E+00
   16.300   4.813E+00
   16.400   4.890E+00
   16.500   4.960E+00
   16.600   5.021E+00
   16.700   5.074E+00
   16.800   5.119E+00
   16.900   5.155E+00
   17.000   5.182E+00
   17.100   5.200E+00
   17.200   5.210E+00
   17.300   5.210E+00
   17.400   5.202E+00
   17.500   5.184E+00
   17.600   5.157E+00
   17.700   5.121E+00
   17.800   5.076E+00
   17.900   5.023E+00
   18.000   4.961E+00
   18.100   4.891E+00
   18.200   4.814E+00
   18.300   4.731E+00
   18.400   4.641E+00
   18.500   4.546E+00
   18.600   4.447E+00
   18.700   4.344E+00
   18.800   4.239E+00
   18.900   4.132E+00
   19.000   4.025E+00
   19.100   3.917E+00
   19.200   3.809E+00
   19.300   3.703E+00
   19.400   3.598E+00
   19.500   3.494E+00
   19.600   3.393E+00
   19.700   3.293E+00
   19.800   3.196E+00
   19.900   3.101E+00
   20.000   3.009E+00
   20.100   2.919E+00
   20.200   2.831E+00
   20.300   2.745E+00
   20.400   2.662E+00
   20.500   2.581E+00
   20.600   2.502E+00
   20.700   2.426E+00
   20.800   2.351E+00
   20.900   2.278E+00
   21.000   2.207E+00
   21.100   2.138E+00
   21.200   2.071E+00
   21.300   2.005E+00
   21.400   1.941E+00
   21.500   1.879E+00
   21.600   1.818E+00
   21.700   1.759E+00
   21.800   1.702E+00
   21.900   1.646E+00
   22.000   1.592E+00
   22.100   1.540E+00
   22.200   1.490E+00
   22.300   1.441E+00
   22.400   1.394E+00
   22.500   1.349E+00
   22.600   1.305E+00
   22.700   1.264E+00
   22.800   1.224E+00
   22.900   1.185E+00
   23.000   1.149E+00
   23.100   1.113E+00
   23.200   1.080E+00
   23.300   1.047E+00
   23.400   1.016E+00
   23.500   9.868E-01
   23.600   9.585E-01
   23.700   9.314E-01
   23.800   9.055E-01
   23.900   8.806E-01
   24.000   8.568E-01
   24.100   8.340E-01
   24.200   8.122E-01
   24.300   7.912E-01
   24.400   7.711E-01
   24.500   7.518E-01
   24.600   7.332E-01
   24.700   7.154E-01
   24.800   6.983E-01
   24.900   6.818E-01
   25.000   6.659E-01
   25.100   6.507E-01
   25.200   6.360E-01
   25.300   6.218E-01
   25.400   6.081E-01
   25.500   5.949E-01
   25.600   5.822E-01
   25.700   5.700E-01
   25.800   5.581E-01
   25.900   5.466E-01
   26.000   5.356E-01
   26.100   5.249E-01
   26.200   5.145E-01
   26.300   5.045E-01
   26.400   4.948E-01
   26.500   4.853E-01
   26.600   4.762E-01
   26.700   4.674E-01
   26.800   4.588E-01
   26.900   4.505E-01
   27.000   4.424E-01
   27.100   4.346E-01
   27.200   4.270E-01
   27.300   4.196E-01
   27.400   4.124E-01
   27.500   4.054E-01
   27.600   3.986E-01
   27.700   3.920E-01
   27.800   3.856E-01
   27.900   3.793E-01
   28.000   3.733E-01
   28.100   3.673E-01
   28.200   3.616E-01
   28.300   3.559E-01
   28.400   3.504E-01
   28.500   3.451E-01
   28.600   3.399E-01
   28.700   3.348E-01
   28.800   3.298E-01
   28.900   3.250E-01
   29.000   3.203E-01
   29.100   3.156E-01
   29.200   3.111E-01
   29.300   3.067E-01
   29.400   3.024E-01
   29.500   2.982E-01
   29.600   2.941E-01
   29.700   2.901E-01
   29.800   2.862E-01
   29.900   2.824E-01
   30.000   2.786E-01
 
