 Z=  27 A=  57  D1M-QRPA-Inter
 E[MeV]  fQRPA[mb/MeV]
    0.100   1.760E-05
    0.200   7.042E-05
    0.300   1.585E-04
    0.400   2.820E-04
    0.500   4.409E-04
    0.600   6.355E-04
    0.700   8.659E-04
    0.800   1.132E-03
    0.900   1.435E-03
    1.000   1.775E-03
    1.100   2.151E-03
    1.200   2.565E-03
    1.300   3.017E-03
    1.400   3.506E-03
    1.500   4.035E-03
    1.600   4.603E-03
    1.700   5.211E-03
    1.800   5.859E-03
    1.900   6.549E-03
    2.000   7.280E-03
    2.100   8.054E-03
    2.200   8.872E-03
    2.300   9.734E-03
    2.400   1.064E-02
    2.500   1.159E-02
    2.600   1.260E-02
    2.700   1.365E-02
    2.800   1.474E-02
    2.900   1.589E-02
    3.000   1.710E-02
    3.100   1.835E-02
    3.200   1.966E-02
    3.300   2.103E-02
    3.400   2.245E-02
    3.500   2.393E-02
    3.600   2.548E-02
    3.700   2.708E-02
    3.800   2.875E-02
    3.900   3.049E-02
    4.000   3.230E-02
    4.100   3.417E-02
    4.200   3.612E-02
    4.300   3.814E-02
    4.400   4.024E-02
    4.500   4.242E-02
    4.600   4.468E-02
    4.700   4.703E-02
    4.800   4.946E-02
    4.900   5.199E-02
    5.000   5.461E-02
    5.100   5.733E-02
    5.200   6.016E-02
    5.300   6.309E-02
    5.400   6.613E-02
    5.500   6.929E-02
    5.600   7.258E-02
    5.700   7.599E-02
    5.800   7.953E-02
    5.900   8.321E-02
    6.000   8.703E-02
    6.100   9.101E-02
    6.200   9.515E-02
    6.300   9.945E-02
    6.400   1.039E-01
    6.500   1.086E-01
    6.600   1.134E-01
    6.700   1.185E-01
    6.800   1.237E-01
    6.900   1.292E-01
    7.000   1.349E-01
    7.100   1.408E-01
    7.200   1.470E-01
    7.300   1.535E-01
    7.400   1.602E-01
    7.500   1.673E-01
    7.600   1.746E-01
    7.700   1.823E-01
    7.800   1.903E-01
    7.900   1.987E-01
    8.000   2.075E-01
    8.100   2.166E-01
    8.200   2.262E-01
    8.300   2.362E-01
    8.400   2.467E-01
    8.500   2.577E-01
    8.600   2.692E-01
    8.700   2.812E-01
    8.800   2.938E-01
    8.900   3.070E-01
    9.000   3.208E-01
    9.100   3.352E-01
    9.200   3.503E-01
    9.300   3.661E-01
    9.400   3.826E-01
    9.500   3.999E-01
    9.600   4.180E-01
    9.700   4.368E-01
    9.800   4.566E-01
    9.900   4.772E-01
   10.000   4.988E-01
   10.100   5.214E-01
   10.200   5.450E-01
   10.300   5.698E-01
   10.400   5.958E-01
   10.500   6.230E-01
   10.600   6.515E-01
   10.700   6.815E-01
   10.800   7.129E-01
   10.900   7.460E-01
   11.000   7.808E-01
   11.100   8.173E-01
   11.200   8.558E-01
   11.300   8.962E-01
   11.400   9.388E-01
   11.500   9.836E-01
   11.600   1.031E+00
   11.700   1.080E+00
   11.800   1.133E+00
   11.900   1.188E+00
   12.000   1.246E+00
   12.100   1.306E+00
   12.200   1.370E+00
   12.300   1.438E+00
   12.400   1.508E+00
   12.500   1.582E+00
   12.600   1.660E+00
   12.700   1.741E+00
   12.800   1.826E+00
   12.900   1.914E+00
   13.000   2.006E+00
   13.100   2.101E+00
   13.200   2.200E+00
   13.300   2.302E+00
   13.400   2.406E+00
   13.500   2.514E+00
   13.600   2.623E+00
   13.700   2.735E+00
   13.800   2.848E+00
   13.900   2.963E+00
   14.000   3.078E+00
   14.100   3.194E+00
   14.200   3.310E+00
   14.300   3.426E+00
   14.400   3.541E+00
   14.500   3.656E+00
   14.600   3.770E+00
   14.700   3.883E+00
   14.800   3.994E+00
   14.900   4.104E+00
   15.000   4.212E+00
   15.100   4.319E+00
   15.200   4.422E+00
   15.300   4.523E+00
   15.400   4.621E+00
   15.500   4.713E+00
   15.600   4.801E+00
   15.700   4.883E+00
   15.800   4.957E+00
   15.900   5.024E+00
   16.000   5.082E+00
   16.100   5.130E+00
   16.200   5.169E+00
   16.300   5.196E+00
   16.400   5.213E+00
   16.500   5.219E+00
   16.600   5.215E+00
   16.700   5.200E+00
   16.800   5.175E+00
   16.900   5.141E+00
   17.000   5.099E+00
   17.100   5.048E+00
   17.200   4.990E+00
   17.300   4.926E+00
   17.400   4.855E+00
   17.500   4.779E+00
   17.600   4.699E+00
   17.700   4.614E+00
   17.800   4.525E+00
   17.900   4.434E+00
   18.000   4.340E+00
   18.100   4.245E+00
   18.200   4.148E+00
   18.300   4.051E+00
   18.400   3.953E+00
   18.500   3.856E+00
   18.600   3.760E+00
   18.700   3.664E+00
   18.800   3.570E+00
   18.900   3.477E+00
   19.000   3.385E+00
   19.100   3.295E+00
   19.200   3.206E+00
   19.300   3.119E+00
   19.400   3.033E+00
   19.500   2.949E+00
   19.600   2.865E+00
   19.700   2.783E+00
   19.800   2.703E+00
   19.900   2.623E+00
   20.000   2.545E+00
   20.100   2.469E+00
   20.200   2.394E+00
   20.300   2.322E+00
   20.400   2.251E+00
   20.500   2.181E+00
   20.600   2.114E+00
   20.700   2.050E+00
   20.800   1.987E+00
   20.900   1.926E+00
   21.000   1.868E+00
   21.100   1.811E+00
   21.200   1.757E+00
   21.300   1.705E+00
   21.400   1.655E+00
   21.500   1.607E+00
   21.600   1.560E+00
   21.700   1.516E+00
   21.800   1.473E+00
   21.900   1.432E+00
   22.000   1.393E+00
   22.100   1.355E+00
   22.200   1.319E+00
   22.300   1.285E+00
   22.400   1.252E+00
   22.500   1.220E+00
   22.600   1.190E+00
   22.700   1.161E+00
   22.800   1.133E+00
   22.900   1.107E+00
   23.000   1.081E+00
   23.100   1.057E+00
   23.200   1.033E+00
   23.300   1.010E+00
   23.400   9.883E-01
   23.500   9.668E-01
   23.600   9.459E-01
   23.700   9.254E-01
   23.800   9.053E-01
   23.900   8.855E-01
   24.000   8.660E-01
   24.100   8.469E-01
   24.200   8.279E-01
   24.300   8.093E-01
   24.400   7.909E-01
   24.500   7.728E-01
   24.600   7.550E-01
   24.700   7.375E-01
   24.800   7.204E-01
   24.900   7.037E-01
   25.000   6.873E-01
   25.100   6.714E-01
   25.200   6.558E-01
   25.300   6.407E-01
   25.400   6.261E-01
   25.500   6.119E-01
   25.600   5.981E-01
   25.700   5.848E-01
   25.800   5.719E-01
   25.900   5.595E-01
   26.000   5.474E-01
   26.100   5.358E-01
   26.200   5.246E-01
   26.300   5.137E-01
   26.400   5.032E-01
   26.500   4.931E-01
   26.600   4.833E-01
   26.700   4.738E-01
   26.800   4.647E-01
   26.900   4.558E-01
   27.000   4.473E-01
   27.100   4.390E-01
   27.200   4.310E-01
   27.300   4.232E-01
   27.400   4.157E-01
   27.500   4.084E-01
   27.600   4.013E-01
   27.700   3.944E-01
   27.800   3.878E-01
   27.900   3.813E-01
   28.000   3.750E-01
   28.100   3.689E-01
   28.200   3.630E-01
   28.300   3.572E-01
   28.400   3.516E-01
   28.500   3.461E-01
   28.600   3.408E-01
   28.700   3.357E-01
   28.800   3.306E-01
   28.900   3.257E-01
   29.000   3.209E-01
   29.100   3.163E-01
   29.200   3.117E-01
   29.300   3.073E-01
   29.400   3.030E-01
   29.500   2.987E-01
   29.600   2.946E-01
   29.700   2.906E-01
   29.800   2.867E-01
   29.900   2.828E-01
   30.000   2.791E-01
 
 Z=  27 A=  58  D1M-QRPA-Inter
 E[MeV]  fQRPA[mb/MeV]
    0.100   1.977E-05
    0.200   7.908E-05
    0.300   1.780E-04
    0.400   3.166E-04
    0.500   4.951E-04
    0.600   7.136E-04
    0.700   9.723E-04
    0.800   1.271E-03
    0.900   1.611E-03
    1.000   1.992E-03
    1.100   2.415E-03
    1.200   2.879E-03
    1.300   3.386E-03
    1.400   3.935E-03
    1.500   4.528E-03
    1.600   5.165E-03
    1.700   5.846E-03
    1.800   6.573E-03
    1.900   7.345E-03
    2.000   8.164E-03
    2.100   9.031E-03
    2.200   9.946E-03
    2.300   1.091E-02
    2.400   1.193E-02
    2.500   1.299E-02
    2.600   1.411E-02
    2.700   1.528E-02
    2.800   1.651E-02
    2.900   1.779E-02
    3.000   1.913E-02
    3.100   2.053E-02
    3.200   2.199E-02
    3.300   2.351E-02
    3.400   2.509E-02
    3.500   2.674E-02
    3.600   2.845E-02
    3.700   3.023E-02
    3.800   3.208E-02
    3.900   3.401E-02
    4.000   3.601E-02
    4.100   3.808E-02
    4.200   4.023E-02
    4.300   4.247E-02
    4.400   4.479E-02
    4.500   4.719E-02
    4.600   4.969E-02
    4.700   5.228E-02
    4.800   5.496E-02
    4.900   5.775E-02
    5.000   6.063E-02
    5.100   6.363E-02
    5.200   6.674E-02
    5.300   6.996E-02
    5.400   7.331E-02
    5.500   7.678E-02
    5.600   8.038E-02
    5.700   8.412E-02
    5.800   8.801E-02
    5.900   9.204E-02
    6.000   9.623E-02
    6.100   1.006E-01
    6.200   1.051E-01
    6.300   1.098E-01
    6.400   1.147E-01
    6.500   1.197E-01
    6.600   1.250E-01
    6.700   1.305E-01
    6.800   1.362E-01
    6.900   1.421E-01
    7.000   1.483E-01
    7.100   1.548E-01
    7.200   1.615E-01
    7.300   1.684E-01
    7.400   1.757E-01
    7.500   1.833E-01
    7.600   1.912E-01
    7.700   1.994E-01
    7.800   2.080E-01
    7.900   2.169E-01
    8.000   2.263E-01
    8.100   2.360E-01
    8.200   2.462E-01
    8.300   2.568E-01
    8.400   2.679E-01
    8.500   2.795E-01
    8.600   2.915E-01
    8.700   3.041E-01
    8.800   3.173E-01
    8.900   3.310E-01
    9.000   3.453E-01
    9.100   3.602E-01
    9.200   3.757E-01
    9.300   3.918E-01
    9.400   4.087E-01
    9.500   4.262E-01
    9.600   4.444E-01
    9.700   4.633E-01
    9.800   4.830E-01
    9.900   5.035E-01
   10.000   5.247E-01
   10.100   5.469E-01
   10.200   5.698E-01
   10.300   5.937E-01
   10.400   6.186E-01
   10.500   6.445E-01
   10.600   6.715E-01
   10.700   6.996E-01
   10.800   7.290E-01
   10.900   7.596E-01
   11.000   7.916E-01
   11.100   8.250E-01
   11.200   8.599E-01
   11.300   8.964E-01
   11.400   9.347E-01
   11.500   9.747E-01
   11.600   1.017E+00
   11.700   1.060E+00
   11.800   1.106E+00
   11.900   1.154E+00
   12.000   1.205E+00
   12.100   1.257E+00
   12.200   1.312E+00
   12.300   1.370E+00
   12.400   1.430E+00
   12.500   1.493E+00
   12.600   1.559E+00
   12.700   1.628E+00
   12.800   1.699E+00
   12.900   1.774E+00
   13.000   1.851E+00
   13.100   1.932E+00
   13.200   2.016E+00
   13.300   2.102E+00
   13.400   2.192E+00
   13.500   2.284E+00
   13.600   2.379E+00
   13.700   2.477E+00
   13.800   2.577E+00
   13.900   2.680E+00
   14.000   2.784E+00
   14.100   2.891E+00
   14.200   2.999E+00
   14.300   3.110E+00
   14.400   3.221E+00
   14.500   3.335E+00
   14.600   3.449E+00
   14.700   3.565E+00
   14.800   3.683E+00
   14.900   3.801E+00
   15.000   3.920E+00
   15.100   4.039E+00
   15.200   4.159E+00
   15.300   4.278E+00
   15.400   4.397E+00
   15.500   4.514E+00
   15.600   4.629E+00
   15.700   4.741E+00
   15.800   4.849E+00
   15.900   4.952E+00
   16.000   5.050E+00
   16.100   5.142E+00
   16.200   5.226E+00
   16.300   5.302E+00
   16.400   5.370E+00
   16.500   5.429E+00
   16.600   5.479E+00
   16.700   5.520E+00
   16.800   5.551E+00
   16.900   5.572E+00
   17.000   5.584E+00
   17.100   5.586E+00
   17.200   5.580E+00
   17.300   5.565E+00
   17.400   5.541E+00
   17.500   5.510E+00
   17.600   5.471E+00
   17.700   5.425E+00
   17.800   5.372E+00
   17.900   5.314E+00
   18.000   5.251E+00
   18.100   5.183E+00
   18.200   5.111E+00
   18.300   5.036E+00
   18.400   4.958E+00
   18.500   4.878E+00
   18.600   4.797E+00
   18.700   4.714E+00
   18.800   4.631E+00
   18.900   4.547E+00
   19.000   4.463E+00
   19.100   4.379E+00
   19.200   4.294E+00
   19.300   4.210E+00
   19.400   4.125E+00
   19.500   4.040E+00
   19.600   3.955E+00
   19.700   3.870E+00
   19.800   3.785E+00
   19.900   3.700E+00
   20.000   3.616E+00
   20.100   3.531E+00
   20.200   3.448E+00
   20.300   3.364E+00
   20.400   3.282E+00
   20.500   3.201E+00
   20.600   3.120E+00
   20.700   3.041E+00
   20.800   2.963E+00
   20.900   2.887E+00
   21.000   2.812E+00
   21.100   2.739E+00
   21.200   2.667E+00
   21.300   2.598E+00
   21.400   2.529E+00
   21.500   2.463E+00
   21.600   2.399E+00
   21.700   2.336E+00
   21.800   2.275E+00
   21.900   2.216E+00
   22.000   2.158E+00
   22.100   2.102E+00
   22.200   2.048E+00
   22.300   1.996E+00
   22.400   1.945E+00
   22.500   1.896E+00
   22.600   1.849E+00
   22.700   1.803E+00
   22.800   1.759E+00
   22.900   1.716E+00
   23.000   1.674E+00
   23.100   1.634E+00
   23.200   1.595E+00
   23.300   1.558E+00
   23.400   1.521E+00
   23.500   1.486E+00
   23.600   1.452E+00
   23.700   1.418E+00
   23.800   1.386E+00
   23.900   1.354E+00
   24.000   1.323E+00
   24.100   1.293E+00
   24.200   1.263E+00
   24.300   1.234E+00
   24.400   1.206E+00
   24.500   1.178E+00
   24.600   1.151E+00
   24.700   1.125E+00
   24.800   1.100E+00
   24.900   1.075E+00
   25.000   1.050E+00
   25.100   1.027E+00
   25.200   1.004E+00
   25.300   9.816E-01
   25.400   9.600E-01
   25.500   9.390E-01
   25.600   9.187E-01
   25.700   8.990E-01
   25.800   8.798E-01
   25.900   8.613E-01
   26.000   8.433E-01
   26.100   8.258E-01
   26.200   8.089E-01
   26.300   7.924E-01
   26.400   7.765E-01
   26.500   7.610E-01
   26.600   7.459E-01
   26.700   7.313E-01
   26.800   7.171E-01
   26.900   7.033E-01
   27.000   6.898E-01
   27.100   6.768E-01
   27.200   6.642E-01
   27.300   6.519E-01
   27.400   6.399E-01
   27.500   6.284E-01
   27.600   6.172E-01
   27.700   6.063E-01
   27.800   5.958E-01
   27.900   5.856E-01
   28.000   5.757E-01
   28.100   5.661E-01
   28.200   5.569E-01
   28.300   5.480E-01
   28.400   5.393E-01
   28.500   5.309E-01
   28.600   5.228E-01
   28.700   5.150E-01
   28.800   5.074E-01
   28.900   5.000E-01
   29.000   4.928E-01
   29.100   4.859E-01
   29.200   4.791E-01
   29.300   4.725E-01
   29.400   4.660E-01
   29.500   4.597E-01
   29.600   4.534E-01
   29.700   4.473E-01
   29.800   4.413E-01
   29.900   4.354E-01
   30.000   4.295E-01
 
 Z=  27 A=  59  D1M-QRPA-Inter
 E[MeV]  fQRPA[mb/MeV]
    0.100   1.276E-05
    0.200   5.107E-05
    0.300   1.149E-04
    0.400   2.045E-04
    0.500   3.197E-04
    0.600   4.607E-04
    0.700   6.277E-04
    0.800   8.209E-04
    0.900   1.040E-03
    1.000   1.286E-03
    1.100   1.559E-03
    1.200   1.858E-03
    1.300   2.185E-03
    1.400   2.540E-03
    1.500   2.922E-03
    1.600   3.332E-03
    1.700   3.771E-03
    1.800   4.240E-03
    1.900   4.737E-03
    2.000   5.265E-03
    2.100   5.823E-03
    2.200   6.412E-03
    2.300   7.032E-03
    2.400   7.685E-03
    2.500   8.370E-03
    2.600   9.089E-03
    2.700   9.841E-03
    2.800   1.063E-02
    2.900   1.145E-02
    3.000   1.231E-02
    3.100   1.321E-02
    3.200   1.414E-02
    3.300   1.511E-02
    3.400   1.612E-02
    3.500   1.717E-02
    3.600   1.827E-02
    3.700   1.941E-02
    3.800   2.059E-02
    3.900   2.181E-02
    4.000   2.308E-02
    4.100   2.440E-02
    4.200   2.577E-02
    4.300   2.719E-02
    4.400   2.866E-02
    4.500   3.019E-02
    4.600   3.177E-02
    4.700   3.342E-02
    4.800   3.512E-02
    4.900   3.688E-02
    5.000   3.871E-02
    5.100   4.061E-02
    5.200   4.258E-02
    5.300   4.461E-02
    5.400   4.673E-02
    5.500   4.892E-02
    5.600   5.120E-02
    5.700   5.355E-02
    5.800   5.600E-02
    5.900   5.854E-02
    6.000   6.118E-02
    6.100   6.391E-02
    6.200   6.675E-02
    6.300   6.969E-02
    6.400   7.275E-02
    6.500   7.593E-02
    6.600   7.923E-02
    6.700   8.266E-02
    6.800   8.622E-02
    6.900   8.993E-02
    7.000   9.378E-02
    7.100   9.778E-02
    7.200   1.019E-01
    7.300   1.063E-01
    7.400   1.108E-01
    7.500   1.155E-01
    7.600   1.203E-01
    7.700   1.254E-01
    7.800   1.307E-01
    7.900   1.362E-01
    8.000   1.419E-01
    8.100   1.479E-01
    8.200   1.541E-01
    8.300   1.605E-01
    8.400   1.673E-01
    8.500   1.743E-01
    8.600   1.816E-01
    8.700   1.891E-01
    8.800   1.970E-01
    8.900   2.052E-01
    9.000   2.137E-01
    9.100   2.225E-01
    9.200   2.317E-01
    9.300   2.412E-01
    9.400   2.510E-01
    9.500   2.612E-01
    9.600   2.717E-01
    9.700   2.826E-01
    9.800   2.938E-01
    9.900   3.054E-01
   10.000   3.174E-01
   10.100   3.298E-01
   10.200   3.426E-01
   10.300   3.558E-01
   10.400   3.694E-01
   10.500   3.834E-01
   10.600   3.980E-01
   10.700   4.130E-01
   10.800   4.286E-01
   10.900   4.447E-01
   11.000   4.615E-01
   11.100   4.788E-01
   11.200   4.969E-01
   11.300   5.156E-01
   11.400   5.351E-01
   11.500   5.554E-01
   11.600   5.765E-01
   11.700   5.984E-01
   11.800   6.213E-01
   11.900   6.451E-01
   12.000   6.698E-01
   12.100   6.957E-01
   12.200   7.225E-01
   12.300   7.505E-01
   12.400   7.797E-01
   12.500   8.101E-01
   12.600   8.418E-01
   12.700   8.748E-01
   12.800   9.092E-01
   12.900   9.451E-01
   13.000   9.824E-01
   13.100   1.021E+00
   13.200   1.062E+00
   13.300   1.104E+00
   13.400   1.148E+00
   13.500   1.193E+00
   13.600   1.241E+00
   13.700   1.290E+00
   13.800   1.341E+00
   13.900   1.393E+00
   14.000   1.448E+00
   14.100   1.504E+00
   14.200   1.563E+00
   14.300   1.623E+00
   14.400   1.685E+00
   14.500   1.749E+00
   14.600   1.815E+00
   14.700   1.883E+00
   14.800   1.952E+00
   14.900   2.024E+00
   15.000   2.097E+00
   15.100   2.172E+00
   15.200   2.249E+00
   15.300   2.327E+00
   15.400   2.406E+00
   15.500   2.486E+00
   15.600   2.566E+00
   15.700   2.647E+00
   15.800   2.727E+00
   15.900   2.807E+00
   16.000   2.886E+00
   16.100   2.963E+00
   16.200   3.038E+00
   16.300   3.111E+00
   16.400   3.181E+00
   16.500   3.248E+00
   16.600   3.310E+00
   16.700   3.369E+00
   16.800   3.423E+00
   16.900   3.472E+00
   17.000   3.516E+00
   17.100   3.555E+00
   17.200   3.587E+00
   17.300   3.615E+00
   17.400   3.636E+00
   17.500   3.652E+00
   17.600   3.662E+00
   17.700   3.667E+00
   17.800   3.667E+00
   17.900   3.662E+00
   18.000   3.652E+00
   18.100   3.638E+00
   18.200   3.621E+00
   18.300   3.600E+00
   18.400   3.575E+00
   18.500   3.549E+00
   18.600   3.519E+00
   18.700   3.488E+00
   18.800   3.455E+00
   18.900   3.420E+00
   19.000   3.384E+00
   19.100   3.346E+00
   19.200   3.307E+00
   19.300   3.267E+00
   19.400   3.225E+00
   19.500   3.183E+00
   19.600   3.139E+00
   19.700   3.094E+00
   19.800   3.048E+00
   19.900   3.001E+00
   20.000   2.953E+00
   20.100   2.904E+00
   20.200   2.854E+00
   20.300   2.804E+00
   20.400   2.752E+00
   20.500   2.700E+00
   20.600   2.648E+00
   20.700   2.595E+00
   20.800   2.541E+00
   20.900   2.488E+00
   21.000   2.435E+00
   21.100   2.381E+00
   21.200   2.328E+00
   21.300   2.276E+00
   21.400   2.223E+00
   21.500   2.172E+00
   21.600   2.120E+00
   21.700   2.070E+00
   21.800   2.020E+00
   21.900   1.971E+00
   22.000   1.923E+00
   22.100   1.875E+00
   22.200   1.829E+00
   22.300   1.783E+00
   22.400   1.738E+00
   22.500   1.694E+00
   22.600   1.652E+00
   22.700   1.610E+00
   22.800   1.569E+00
   22.900   1.529E+00
   23.000   1.491E+00
   23.100   1.453E+00
   23.200   1.417E+00
   23.300   1.381E+00
   23.400   1.347E+00
   23.500   1.313E+00
   23.600   1.281E+00
   23.700   1.250E+00
   23.800   1.220E+00
   23.900   1.190E+00
   24.000   1.162E+00
   24.100   1.134E+00
   24.200   1.108E+00
   24.300   1.082E+00
   24.400   1.057E+00
   24.500   1.033E+00
   24.600   1.010E+00
   24.700   9.869E-01
   24.800   9.650E-01
   24.900   9.437E-01
   25.000   9.231E-01
   25.100   9.030E-01
   25.200   8.836E-01
   25.300   8.648E-01
   25.400   8.464E-01
   25.500   8.287E-01
   25.600   8.114E-01
   25.700   7.946E-01
   25.800   7.783E-01
   25.900   7.624E-01
   26.000   7.469E-01
   26.100   7.319E-01
   26.200   7.172E-01
   26.300   7.029E-01
   26.400   6.889E-01
   26.500   6.753E-01
   26.600   6.620E-01
   26.700   6.490E-01
   26.800   6.363E-01
   26.900   6.239E-01
   27.000   6.118E-01
   27.100   6.000E-01
   27.200   5.885E-01
   27.300   5.774E-01
   27.400   5.665E-01
   27.500   5.560E-01
   27.600   5.458E-01
   27.700   5.359E-01
   27.800   5.263E-01
   27.900   5.171E-01
   28.000   5.082E-01
   28.100   4.996E-01
   28.200   4.913E-01
   28.300   4.833E-01
   28.400   4.757E-01
   28.500   4.683E-01
   28.600   4.612E-01
   28.700   4.543E-01
   28.800   4.477E-01
   28.900   4.414E-01
   29.000   4.352E-01
   29.100   4.292E-01
   29.200   4.234E-01
   29.300   4.177E-01
   29.400   4.122E-01
   29.500   4.067E-01
   29.600   4.013E-01
   29.700   3.960E-01
   29.800   3.906E-01
   29.900   3.854E-01
   30.000   3.801E-01
 
