 Z=  35 A=  83  D1M-QRPA-Inter
 E[MeV]  fQRPA[mb/MeV]
    0.100   3.080E-05
    0.200   1.232E-04
    0.300   2.774E-04
    0.400   4.935E-04
    0.500   7.717E-04
    0.600   1.112E-03
    0.700   1.516E-03
    0.800   1.983E-03
    0.900   2.514E-03
    1.000   3.109E-03
    1.100   3.769E-03
    1.200   4.495E-03
    1.300   5.287E-03
    1.400   6.146E-03
    1.500   7.073E-03
    1.600   8.068E-03
    1.700   9.133E-03
    1.800   1.027E-02
    1.900   1.147E-02
    2.000   1.275E-02
    2.100   1.410E-02
    2.200   1.552E-02
    2.300   1.701E-02
    2.400   1.859E-02
    2.500   2.023E-02
    2.600   2.196E-02
    2.700   2.377E-02
    2.800   2.566E-02
    2.900   2.764E-02
    3.000   2.970E-02
    3.100   3.185E-02
    3.200   3.410E-02
    3.300   3.645E-02
    3.400   3.889E-02
    3.500   4.144E-02
    3.600   4.410E-02
    3.700   4.686E-02
    3.800   4.975E-02
    3.900   5.275E-02
    4.000   5.588E-02
    4.100   5.913E-02
    4.200   6.252E-02
    4.300   6.605E-02
    4.400   6.972E-02
    4.500   7.354E-02
    4.600   7.752E-02
    4.700   8.165E-02
    4.800   8.596E-02
    4.900   9.044E-02
    5.000   9.510E-02
    5.100   9.994E-02
    5.200   1.050E-01
    5.300   1.102E-01
    5.400   1.157E-01
    5.500   1.214E-01
    5.600   1.273E-01
    5.700   1.334E-01
    5.800   1.398E-01
    5.900   1.465E-01
    6.000   1.534E-01
    6.100   1.606E-01
    6.200   1.681E-01
    6.300   1.759E-01
    6.400   1.840E-01
    6.500   1.924E-01
    6.600   2.012E-01
    6.700   2.103E-01
    6.800   2.198E-01
    6.900   2.297E-01
    7.000   2.400E-01
    7.100   2.507E-01
    7.200   2.619E-01
    7.300   2.735E-01
    7.400   2.857E-01
    7.500   2.983E-01
    7.600   3.115E-01
    7.700   3.253E-01
    7.800   3.397E-01
    7.900   3.547E-01
    8.000   3.704E-01
    8.100   3.868E-01
    8.200   4.039E-01
    8.300   4.218E-01
    8.400   4.405E-01
    8.500   4.601E-01
    8.600   4.806E-01
    8.700   5.021E-01
    8.800   5.245E-01
    8.900   5.480E-01
    9.000   5.727E-01
    9.100   5.985E-01
    9.200   6.256E-01
    9.300   6.540E-01
    9.400   6.838E-01
    9.500   7.150E-01
    9.600   7.478E-01
    9.700   7.822E-01
    9.800   8.182E-01
    9.900   8.561E-01
   10.000   8.957E-01
   10.100   9.372E-01
   10.200   9.808E-01
   10.300   1.026E+00
   10.400   1.074E+00
   10.500   1.124E+00
   10.600   1.177E+00
   10.700   1.232E+00
   10.800   1.289E+00
   10.900   1.350E+00
   11.000   1.413E+00
   11.100   1.479E+00
   11.200   1.548E+00
   11.300   1.620E+00
   11.400   1.696E+00
   11.500   1.776E+00
   11.600   1.859E+00
   11.700   1.946E+00
   11.800   2.036E+00
   11.900   2.131E+00
   12.000   2.230E+00
   12.100   2.333E+00
   12.200   2.440E+00
   12.300   2.551E+00
   12.400   2.668E+00
   12.500   2.788E+00
   12.600   2.914E+00
   12.700   3.045E+00
   12.800   3.180E+00
   12.900   3.322E+00
   13.000   3.468E+00
   13.100   3.621E+00
   13.200   3.779E+00
   13.300   3.944E+00
   13.400   4.114E+00
   13.500   4.292E+00
   13.600   4.475E+00
   13.700   4.666E+00
   13.800   4.862E+00
   13.900   5.066E+00
   14.000   5.277E+00
   14.100   5.494E+00
   14.200   5.717E+00
   14.300   5.948E+00
   14.400   6.184E+00
   14.500   6.426E+00
   14.600   6.672E+00
   14.700   6.923E+00
   14.800   7.176E+00
   14.900   7.431E+00
   15.000   7.686E+00
   15.100   7.940E+00
   15.200   8.189E+00
   15.300   8.431E+00
   15.400   8.666E+00
   15.500   8.889E+00
   15.600   9.098E+00
   15.700   9.290E+00
   15.800   9.464E+00
   15.900   9.615E+00
   16.000   9.743E+00
   16.100   9.844E+00
   16.200   9.917E+00
   16.300   9.960E+00
   16.400   9.973E+00
   16.500   9.954E+00
   16.600   9.904E+00
   16.700   9.824E+00
   16.800   9.714E+00
   16.900   9.576E+00
   17.000   9.412E+00
   17.100   9.226E+00
   17.200   9.020E+00
   17.300   8.797E+00
   17.400   8.561E+00
   17.500   8.315E+00
   17.600   8.062E+00
   17.700   7.806E+00
   17.800   7.549E+00
   17.900   7.294E+00
   18.000   7.042E+00
   18.100   6.796E+00
   18.200   6.557E+00
   18.300   6.326E+00
   18.400   6.104E+00
   18.500   5.891E+00
   18.600   5.688E+00
   18.700   5.495E+00
   18.800   5.311E+00
   18.900   5.137E+00
   19.000   4.972E+00
   19.100   4.815E+00
   19.200   4.667E+00
   19.300   4.526E+00
   19.400   4.392E+00
   19.500   4.265E+00
   19.600   4.143E+00
   19.700   4.027E+00
   19.800   3.915E+00
   19.900   3.808E+00
   20.000   3.704E+00
   20.100   3.604E+00
   20.200   3.507E+00
   20.300   3.413E+00
   20.400   3.321E+00
   20.500   3.232E+00
   20.600   3.145E+00
   20.700   3.060E+00
   20.800   2.977E+00
   20.900   2.896E+00
   21.000   2.817E+00
   21.100   2.740E+00
   21.200   2.665E+00
   21.300   2.592E+00
   21.400   2.520E+00
   21.500   2.451E+00
   21.600   2.383E+00
   21.700   2.317E+00
   21.800   2.253E+00
   21.900   2.191E+00
   22.000   2.130E+00
   22.100   2.071E+00
   22.200   2.014E+00
   22.300   1.958E+00
   22.400   1.904E+00
   22.500   1.851E+00
   22.600   1.799E+00
   22.700   1.750E+00
   22.800   1.701E+00
   22.900   1.654E+00
   23.000   1.608E+00
   23.100   1.564E+00
   23.200   1.521E+00
   23.300   1.479E+00
   23.400   1.439E+00
   23.500   1.400E+00
   23.600   1.362E+00
   23.700   1.326E+00
   23.800   1.291E+00
   23.900   1.257E+00
   24.000   1.225E+00
   24.100   1.194E+00
   24.200   1.164E+00
   24.300   1.135E+00
   24.400   1.107E+00
   24.500   1.080E+00
   24.600   1.055E+00
   24.700   1.030E+00
   24.800   1.006E+00
   24.900   9.836E-01
   25.000   9.617E-01
   25.100   9.405E-01
   25.200   9.201E-01
   25.300   9.005E-01
   25.400   8.816E-01
   25.500   8.633E-01
   25.600   8.456E-01
   25.700   8.286E-01
   25.800   8.122E-01
   25.900   7.963E-01
   26.000   7.809E-01
   26.100   7.660E-01
   26.200   7.516E-01
   26.300   7.377E-01
   26.400   7.242E-01
   26.500   7.111E-01
   26.600   6.984E-01
   26.700   6.861E-01
   26.800   6.741E-01
   26.900   6.626E-01
   27.000   6.513E-01
   27.100   6.404E-01
   27.200   6.297E-01
   27.300   6.194E-01
   27.400   6.094E-01
   27.500   5.996E-01
   27.600   5.901E-01
   27.700   5.808E-01
   27.800   5.718E-01
   27.900   5.631E-01
   28.000   5.545E-01
   28.100   5.462E-01
   28.200   5.380E-01
   28.300   5.301E-01
   28.400   5.224E-01
   28.500   5.148E-01
   28.600   5.075E-01
   28.700   5.003E-01
   28.800   4.933E-01
   28.900   4.864E-01
   29.000   4.797E-01
   29.100   4.732E-01
   29.200   4.668E-01
   29.300   4.605E-01
   29.400   4.544E-01
   29.500   4.485E-01
   29.600   4.426E-01
   29.700   4.369E-01
   29.800   4.313E-01
   29.900   4.258E-01
   30.000   4.204E-01
 
 Z=  35 A=  84  D1M-QRPA-Inter
 E[MeV]  fQRPA[mb/MeV]
    0.100   3.341E-05
    0.200   1.337E-04
    0.300   3.009E-04
    0.400   5.354E-04
    0.500   8.372E-04
    0.600   1.207E-03
    0.700   1.645E-03
    0.800   2.151E-03
    0.900   2.727E-03
    1.000   3.372E-03
    1.100   4.088E-03
    1.200   4.875E-03
    1.300   5.735E-03
    1.400   6.667E-03
    1.500   7.673E-03
    1.600   8.754E-03
    1.700   9.910E-03
    1.800   1.114E-02
    1.900   1.245E-02
    2.000   1.384E-02
    2.100   1.531E-02
    2.200   1.687E-02
    2.300   1.850E-02
    2.400   2.022E-02
    2.500   2.203E-02
    2.600   2.393E-02
    2.700   2.591E-02
    2.800   2.799E-02
    2.900   3.017E-02
    3.000   3.244E-02
    3.100   3.482E-02
    3.200   3.730E-02
    3.300   3.988E-02
    3.400   4.258E-02
    3.500   4.540E-02
    3.600   4.833E-02
    3.700   5.139E-02
    3.800   5.458E-02
    3.900   5.789E-02
    4.000   6.135E-02
    4.100   6.494E-02
    4.200   6.868E-02
    4.300   7.258E-02
    4.400   7.663E-02
    4.500   8.085E-02
    4.600   8.523E-02
    4.700   8.979E-02
    4.800   9.454E-02
    4.900   9.948E-02
    5.000   1.046E-01
    5.100   1.100E-01
    5.200   1.155E-01
    5.300   1.213E-01
    5.400   1.273E-01
    5.500   1.336E-01
    5.600   1.401E-01
    5.700   1.469E-01
    5.800   1.539E-01
    5.900   1.613E-01
    6.000   1.689E-01
    6.100   1.769E-01
    6.200   1.851E-01
    6.300   1.938E-01
    6.400   2.027E-01
    6.500   2.121E-01
    6.600   2.218E-01
    6.700   2.320E-01
    6.800   2.426E-01
    6.900   2.536E-01
    7.000   2.651E-01
    7.100   2.771E-01
    7.200   2.896E-01
    7.300   3.027E-01
    7.400   3.164E-01
    7.500   3.306E-01
    7.600   3.456E-01
    7.700   3.612E-01
    7.800   3.775E-01
    7.900   3.945E-01
    8.000   4.124E-01
    8.100   4.311E-01
    8.200   4.508E-01
    8.300   4.713E-01
    8.400   4.929E-01
    8.500   5.155E-01
    8.600   5.392E-01
    8.700   5.642E-01
    8.800   5.904E-01
    8.900   6.179E-01
    9.000   6.469E-01
    9.100   6.774E-01
    9.200   7.095E-01
    9.300   7.433E-01
    9.400   7.789E-01
    9.500   8.165E-01
    9.600   8.560E-01
    9.700   8.978E-01
    9.800   9.418E-01
    9.900   9.883E-01
   10.000   1.037E+00
   10.100   1.089E+00
   10.200   1.144E+00
   10.300   1.202E+00
   10.400   1.263E+00
   10.500   1.327E+00
   10.600   1.396E+00
   10.700   1.468E+00
   10.800   1.544E+00
   10.900   1.625E+00
   11.000   1.710E+00
   11.100   1.800E+00
   11.200   1.895E+00
   11.300   1.996E+00
   11.400   2.103E+00
   11.500   2.215E+00
   11.600   2.334E+00
   11.700   2.459E+00
   11.800   2.591E+00
   11.900   2.730E+00
   12.000   2.875E+00
   12.100   3.028E+00
   12.200   3.189E+00
   12.300   3.357E+00
   12.400   3.533E+00
   12.500   3.716E+00
   12.600   3.907E+00
   12.700   4.106E+00
   12.800   4.312E+00
   12.900   4.526E+00
   13.000   4.747E+00
   13.100   4.976E+00
   13.200   5.211E+00
   13.300   5.452E+00
   13.400   5.699E+00
   13.500   5.950E+00
   13.600   6.204E+00
   13.700   6.459E+00
   13.800   6.715E+00
   13.900   6.970E+00
   14.000   7.222E+00
   14.100   7.469E+00
   14.200   7.709E+00
   14.300   7.941E+00
   14.400   8.164E+00
   14.500   8.375E+00
   14.600   8.573E+00
   14.700   8.758E+00
   14.800   8.928E+00
   14.900   9.083E+00
   15.000   9.223E+00
   15.100   9.345E+00
   15.200   9.450E+00
   15.300   9.538E+00
   15.400   9.607E+00
   15.500   9.657E+00
   15.600   9.687E+00
   15.700   9.698E+00
   15.800   9.690E+00
   15.900   9.664E+00
   16.000   9.620E+00
   16.100   9.559E+00
   16.200   9.483E+00
   16.300   9.394E+00
   16.400   9.292E+00
   16.500   9.179E+00
   16.600   9.057E+00
   16.700   8.926E+00
   16.800   8.787E+00
   16.900   8.641E+00
   17.000   8.489E+00
   17.100   8.330E+00
   17.200   8.165E+00
   17.300   7.993E+00
   17.400   7.816E+00
   17.500   7.632E+00
   17.600   7.444E+00
   17.700   7.250E+00
   17.800   7.052E+00
   17.900   6.850E+00
   18.000   6.646E+00
   18.100   6.442E+00
   18.200   6.237E+00
   18.300   6.035E+00
   18.400   5.835E+00
   18.500   5.640E+00
   18.600   5.450E+00
   18.700   5.266E+00
   18.800   5.089E+00
   18.900   4.919E+00
   19.000   4.757E+00
   19.100   4.602E+00
   19.200   4.454E+00
   19.300   4.314E+00
   19.400   4.180E+00
   19.500   4.052E+00
   19.600   3.930E+00
   19.700   3.814E+00
   19.800   3.702E+00
   19.900   3.596E+00
   20.000   3.493E+00
   20.100   3.395E+00
   20.200   3.300E+00
   20.300   3.209E+00
   20.400   3.122E+00
   20.500   3.037E+00
   20.600   2.956E+00
   20.700   2.878E+00
   20.800   2.803E+00
   20.900   2.731E+00
   21.000   2.662E+00
   21.100   2.595E+00
   21.200   2.530E+00
   21.300   2.468E+00
   21.400   2.407E+00
   21.500   2.349E+00
   21.600   2.292E+00
   21.700   2.237E+00
   21.800   2.183E+00
   21.900   2.131E+00
   22.000   2.079E+00
   22.100   2.029E+00
   22.200   1.980E+00
   22.300   1.931E+00
   22.400   1.884E+00
   22.500   1.837E+00
   22.600   1.791E+00
   22.700   1.746E+00
   22.800   1.702E+00
   22.900   1.658E+00
   23.000   1.615E+00
   23.100   1.573E+00
   23.200   1.532E+00
   23.300   1.491E+00
   23.400   1.452E+00
   23.500   1.414E+00
   23.600   1.376E+00
   23.700   1.340E+00
   23.800   1.306E+00
   23.900   1.272E+00
   24.000   1.240E+00
   24.100   1.209E+00
   24.200   1.179E+00
   24.300   1.150E+00
   24.400   1.123E+00
   24.500   1.097E+00
   24.600   1.072E+00
   24.700   1.048E+00
   24.800   1.025E+00
   24.900   1.003E+00
   25.000   9.821E-01
   25.100   9.619E-01
   25.200   9.426E-01
   25.300   9.240E-01
   25.400   9.060E-01
   25.500   8.885E-01
   25.600   8.716E-01
   25.700   8.552E-01
   25.800   8.391E-01
   25.900   8.235E-01
   26.000   8.081E-01
   26.100   7.931E-01
   26.200   7.784E-01
   26.300   7.640E-01
   26.400   7.498E-01
   26.500   7.360E-01
   26.600   7.224E-01
   26.700   7.092E-01
   26.800   6.963E-01
   26.900   6.836E-01
   27.000   6.713E-01
   27.100   6.593E-01
   27.200   6.475E-01
   27.300   6.361E-01
   27.400   6.250E-01
   27.500   6.143E-01
   27.600   6.038E-01
   27.700   5.936E-01
   27.800   5.837E-01
   27.900   5.740E-01
   28.000   5.647E-01
   28.100   5.556E-01
   28.200   5.468E-01
   28.300   5.382E-01
   28.400   5.298E-01
   28.500   5.217E-01
   28.600   5.138E-01
   28.700   5.061E-01
   28.800   4.987E-01
   28.900   4.914E-01
   29.000   4.843E-01
   29.100   4.774E-01
   29.200   4.707E-01
   29.300   4.641E-01
   29.400   4.578E-01
   29.500   4.515E-01
   29.600   4.454E-01
   29.700   4.395E-01
   29.800   4.337E-01
   29.900   4.280E-01
   30.000   4.225E-01
 
 Z=  35 A=  85  D1M-QRPA-Inter
 E[MeV]  fQRPA[mb/MeV]
    0.100   2.272E-05
    0.200   9.090E-05
    0.300   2.046E-04
    0.400   3.640E-04
    0.500   5.692E-04
    0.600   8.204E-04
    0.700   1.118E-03
    0.800   1.462E-03
    0.900   1.854E-03
    1.000   2.292E-03
    1.100   2.779E-03
    1.200   3.314E-03
    1.300   3.898E-03
    1.400   4.532E-03
    1.500   5.216E-03
    1.600   5.952E-03
    1.700   6.739E-03
    1.800   7.579E-03
    1.900   8.474E-03
    2.000   9.423E-03
    2.100   1.043E-02
    2.200   1.149E-02
    2.300   1.261E-02
    2.400   1.379E-02
    2.500   1.503E-02
    2.600   1.633E-02
    2.700   1.770E-02
    2.800   1.914E-02
    2.900   2.064E-02
    3.000   2.221E-02
    3.100   2.385E-02
    3.200   2.556E-02
    3.300   2.735E-02
    3.400   2.922E-02
    3.500   3.117E-02
    3.600   3.320E-02
    3.700   3.532E-02
    3.800   3.752E-02
    3.900   3.982E-02
    4.000   4.221E-02
    4.100   4.470E-02
    4.200   4.729E-02
    4.300   4.998E-02
    4.400   5.278E-02
    4.500   5.570E-02
    4.600   5.873E-02
    4.700   6.188E-02
    4.800   6.516E-02
    4.900   6.858E-02
    5.000   7.212E-02
    5.100   7.582E-02
    5.200   7.965E-02
    5.300   8.365E-02
    5.400   8.780E-02
    5.500   9.213E-02
    5.600   9.663E-02
    5.700   1.013E-01
    5.800   1.062E-01
    5.900   1.113E-01
    6.000   1.166E-01
    6.100   1.221E-01
    6.200   1.278E-01
    6.300   1.338E-01
    6.400   1.400E-01
    6.500   1.465E-01
    6.600   1.533E-01
    6.700   1.604E-01
    6.800   1.678E-01
    6.900   1.755E-01
    7.000   1.835E-01
    7.100   1.919E-01
    7.200   2.007E-01
    7.300   2.099E-01
    7.400   2.196E-01
    7.500   2.296E-01
    7.600   2.402E-01
    7.700   2.513E-01
    7.800   2.629E-01
    7.900   2.750E-01
    8.000   2.878E-01
    8.100   3.012E-01
    8.200   3.152E-01
    8.300   3.300E-01
    8.400   3.456E-01
    8.500   3.619E-01
    8.600   3.792E-01
    8.700   3.973E-01
    8.800   4.165E-01
    8.900   4.366E-01
    9.000   4.580E-01
    9.100   4.805E-01
    9.200   5.043E-01
    9.300   5.294E-01
    9.400   5.560E-01
    9.500   5.842E-01
    9.600   6.141E-01
    9.700   6.458E-01
    9.800   6.794E-01
    9.900   7.151E-01
   10.000   7.530E-01
   10.100   7.933E-01
   10.200   8.361E-01
   10.300   8.817E-01
   10.400   9.303E-01
   10.500   9.821E-01
   10.600   1.037E+00
   10.700   1.096E+00
   10.800   1.159E+00
   10.900   1.226E+00
   11.000   1.297E+00
   11.100   1.373E+00
   11.200   1.454E+00
   11.300   1.541E+00
   11.400   1.633E+00
   11.500   1.732E+00
   11.600   1.836E+00
   11.700   1.948E+00
   11.800   2.066E+00
   11.900   2.191E+00
   12.000   2.324E+00
   12.100   2.464E+00
   12.200   2.612E+00
   12.300   2.768E+00
   12.400   2.932E+00
   12.500   3.103E+00
   12.600   3.282E+00
   12.700   3.469E+00
   12.800   3.664E+00
   12.900   3.865E+00
   13.000   4.073E+00
   13.100   4.286E+00
   13.200   4.503E+00
   13.300   4.724E+00
   13.400   4.947E+00
   13.500   5.169E+00
   13.600   5.389E+00
   13.700   5.604E+00
   13.800   5.812E+00
   13.900   6.010E+00
   14.000   6.195E+00
   14.100   6.364E+00
   14.200   6.514E+00
   14.300   6.645E+00
   14.400   6.754E+00
   14.500   6.840E+00
   14.600   6.903E+00
   14.700   6.943E+00
   14.800   6.961E+00
   14.900   6.958E+00
   15.000   6.935E+00
   15.100   6.893E+00
   15.200   6.835E+00
   15.300   6.762E+00
   15.400   6.674E+00
   15.500   6.574E+00
   15.600   6.464E+00
   15.700   6.345E+00
   15.800   6.218E+00
   15.900   6.087E+00
   16.000   5.953E+00
   16.100   5.817E+00
   16.200   5.683E+00
   16.300   5.552E+00
   16.400   5.425E+00
   16.500   5.305E+00
   16.600   5.190E+00
   16.700   5.082E+00
   16.800   4.981E+00
   16.900   4.887E+00
   17.000   4.798E+00
   17.100   4.713E+00
   17.200   4.631E+00
   17.300   4.551E+00
   17.400   4.472E+00
   17.500   4.390E+00
   17.600   4.307E+00
   17.700   4.219E+00
   17.800   4.128E+00
   17.900   4.032E+00
   18.000   3.931E+00
   18.100   3.827E+00
   18.200   3.719E+00
   18.300   3.608E+00
   18.400   3.496E+00
   18.500   3.384E+00
   18.600   3.273E+00
   18.700   3.163E+00
   18.800   3.056E+00
   18.900   2.953E+00
   19.000   2.852E+00
   19.100   2.756E+00
   19.200   2.664E+00
   19.300   2.576E+00
   19.400   2.493E+00
   19.500   2.413E+00
   19.600   2.336E+00
   19.700   2.264E+00
   19.800   2.194E+00
   19.900   2.128E+00
   20.000   2.064E+00
   20.100   2.004E+00
   20.200   1.946E+00
   20.300   1.891E+00
   20.400   1.839E+00
   20.500   1.789E+00
   20.600   1.742E+00
   20.700   1.697E+00
   20.800   1.654E+00
   20.900   1.614E+00
   21.000   1.576E+00
   21.100   1.540E+00
   21.200   1.505E+00
   21.300   1.472E+00
   21.400   1.441E+00
   21.500   1.411E+00
   21.600   1.381E+00
   21.700   1.353E+00
   21.800   1.326E+00
   21.900   1.299E+00
   22.000   1.272E+00
   22.100   1.246E+00
   22.200   1.220E+00
   22.300   1.194E+00
   22.400   1.168E+00
   22.500   1.143E+00
   22.600   1.117E+00
   22.700   1.092E+00
   22.800   1.067E+00
   22.900   1.042E+00
   23.000   1.017E+00
   23.100   9.917E-01
   23.200   9.669E-01
   23.300   9.425E-01
   23.400   9.184E-01
   23.500   8.948E-01
   23.600   8.717E-01
   23.700   8.493E-01
   23.800   8.275E-01
   23.900   8.065E-01
   24.000   7.863E-01
   24.100   7.669E-01
   24.200   7.483E-01
   24.300   7.306E-01
   24.400   7.137E-01
   24.500   6.977E-01
   24.600   6.824E-01
   24.700   6.679E-01
   24.800   6.541E-01
   24.900   6.410E-01
   25.000   6.285E-01
   25.100   6.166E-01
   25.200   6.051E-01
   25.300   5.941E-01
   25.400   5.835E-01
   25.500   5.731E-01
   25.600   5.630E-01
   25.700   5.531E-01
   25.800   5.434E-01
   25.900   5.337E-01
   26.000   5.241E-01
   26.100   5.146E-01
   26.200   5.052E-01
   26.300   4.958E-01
   26.400   4.866E-01
   26.500   4.774E-01
   26.600   4.683E-01
   26.700   4.594E-01
   26.800   4.506E-01
   26.900   4.420E-01
   27.000   4.336E-01
   27.100   4.253E-01
   27.200   4.173E-01
   27.300   4.094E-01
   27.400   4.018E-01
   27.500   3.944E-01
   27.600   3.871E-01
   27.700   3.801E-01
   27.800   3.733E-01
   27.900   3.668E-01
   28.000   3.604E-01
   28.100   3.542E-01
   28.200   3.482E-01
   28.300   3.424E-01
   28.400   3.368E-01
   28.500   3.313E-01
   28.600   3.260E-01
   28.700   3.209E-01
   28.800   3.159E-01
   28.900   3.111E-01
   29.000   3.064E-01
   29.100   3.019E-01
   29.200   2.974E-01
   29.300   2.931E-01
   29.400   2.890E-01
   29.500   2.849E-01
   29.600   2.809E-01
   29.700   2.771E-01
   29.800   2.733E-01
   29.900   2.696E-01
   30.000   2.661E-01
 
 Z=  35 A=  86  D1M-QRPA-Inter
 E[MeV]  fQRPA[mb/MeV]
    0.100   1.092E-04
    0.200   4.354E-04
    0.300   9.740E-04
    0.400   1.718E-03
    0.500   2.656E-03
    0.600   3.778E-03
    0.700   5.070E-03
    0.800   6.517E-03
    0.900   8.104E-03
    1.000   9.816E-03
    1.100   1.164E-02
    1.200   1.356E-02
    1.300   1.556E-02
    1.400   1.763E-02
    1.500   1.976E-02
    1.600   2.195E-02
    1.700   2.418E-02
    1.800   2.646E-02
    1.900   2.877E-02
    2.000   3.112E-02
    2.100   3.351E-02
    2.200   3.593E-02
    2.300   3.840E-02
    2.400   4.091E-02
    2.500   4.348E-02
    2.600   4.609E-02
    2.700   4.877E-02
    2.800   5.152E-02
    2.900   5.434E-02
    3.000   5.725E-02
    3.100   6.024E-02
    3.200   6.334E-02
    3.300   6.654E-02
    3.400   6.986E-02
    3.500   7.329E-02
    3.600   7.686E-02
    3.700   8.057E-02
    3.800   8.443E-02
    3.900   8.844E-02
    4.000   9.262E-02
    4.100   9.697E-02
    4.200   1.015E-01
    4.300   1.062E-01
    4.400   1.112E-01
    4.500   1.163E-01
    4.600   1.217E-01
    4.700   1.272E-01
    4.800   1.331E-01
    4.900   1.391E-01
    5.000   1.455E-01
    5.100   1.521E-01
    5.200   1.590E-01
    5.300   1.662E-01
    5.400   1.737E-01
    5.500   1.815E-01
    5.600   1.896E-01
    5.700   1.982E-01
    5.800   2.070E-01
    5.900   2.163E-01
    6.000   2.260E-01
    6.100   2.361E-01
    6.200   2.466E-01
    6.300   2.576E-01
    6.400   2.691E-01
    6.500   2.810E-01
    6.600   2.935E-01
    6.700   3.066E-01
    6.800   3.202E-01
    6.900   3.344E-01
    7.000   3.493E-01
    7.100   3.648E-01
    7.200   3.810E-01
    7.300   3.979E-01
    7.400   4.155E-01
    7.500   4.340E-01
    7.600   4.532E-01
    7.700   4.733E-01
    7.800   4.943E-01
    7.900   5.162E-01
    8.000   5.391E-01
    8.100   5.631E-01
    8.200   5.881E-01
    8.300   6.142E-01
    8.400   6.415E-01
    8.500   6.701E-01
    8.600   7.000E-01
    8.700   7.313E-01
    8.800   7.641E-01
    8.900   7.983E-01
    9.000   8.343E-01
    9.100   8.719E-01
    9.200   9.113E-01
    9.300   9.527E-01
    9.400   9.961E-01
    9.500   1.042E+00
    9.600   1.089E+00
    9.700   1.140E+00
    9.800   1.192E+00
    9.900   1.248E+00
   10.000   1.306E+00
   10.100   1.367E+00
   10.200   1.431E+00
   10.300   1.499E+00
   10.400   1.570E+00
   10.500   1.645E+00
   10.600   1.724E+00
   10.700   1.807E+00
   10.800   1.895E+00
   10.900   1.987E+00
   11.000   2.084E+00
   11.100   2.186E+00
   11.200   2.294E+00
   11.300   2.407E+00
   11.400   2.527E+00
   11.500   2.653E+00
   11.600   2.785E+00
   11.700   2.925E+00
   11.800   3.071E+00
   11.900   3.226E+00
   12.000   3.388E+00
   12.100   3.558E+00
   12.200   3.736E+00
   12.300   3.923E+00
   12.400   4.118E+00
   12.500   4.323E+00
   12.600   4.536E+00
   12.700   4.758E+00
   12.800   4.988E+00
   12.900   5.228E+00
   13.000   5.475E+00
   13.100   5.731E+00
   13.200   5.993E+00
   13.300   6.262E+00
   13.400   6.535E+00
   13.500   6.812E+00
   13.600   7.091E+00
   13.700   7.369E+00
   13.800   7.645E+00
   13.900   7.916E+00
   14.000   8.179E+00
   14.100   8.432E+00
   14.200   8.672E+00
   14.300   8.896E+00
   14.400   9.103E+00
   14.500   9.289E+00
   14.600   9.454E+00
   14.700   9.596E+00
   14.800   9.713E+00
   14.900   9.807E+00
   15.000   9.876E+00
   15.100   9.920E+00
   15.200   9.940E+00
   15.300   9.935E+00
   15.400   9.908E+00
   15.500   9.859E+00
   15.600   9.788E+00
   15.700   9.697E+00
   15.800   9.589E+00
   15.900   9.466E+00
   16.000   9.328E+00
   16.100   9.180E+00
   16.200   9.024E+00
   16.300   8.862E+00
   16.400   8.696E+00
   16.500   8.528E+00
   16.600   8.360E+00
   16.700   8.194E+00
   16.800   8.029E+00
   16.900   7.867E+00
   17.000   7.708E+00
   17.100   7.550E+00
   17.200   7.395E+00
   17.300   7.241E+00
   17.400   7.087E+00
   17.500   6.933E+00
   17.600   6.779E+00
   17.700   6.622E+00
   17.800   6.465E+00
   17.900   6.305E+00
   18.000   6.144E+00
   18.100   5.982E+00
   18.200   5.819E+00
   18.300   5.656E+00
   18.400   5.494E+00
   18.500   5.334E+00
   18.600   5.175E+00
   18.700   5.020E+00
   18.800   4.869E+00
   18.900   4.721E+00
   19.000   4.578E+00
   19.100   4.439E+00
   19.200   4.304E+00
   19.300   4.174E+00
   19.400   4.049E+00
   19.500   3.928E+00
   19.600   3.811E+00
   19.700   3.698E+00
   19.800   3.589E+00
   19.900   3.483E+00
   20.000   3.382E+00
   20.100   3.283E+00
   20.200   3.189E+00
   20.300   3.098E+00
   20.400   3.010E+00
   20.500   2.926E+00
   20.600   2.846E+00
   20.700   2.769E+00
   20.800   2.695E+00
   20.900   2.624E+00
   21.000   2.556E+00
   21.100   2.491E+00
   21.200   2.428E+00
   21.300   2.368E+00
   21.400   2.311E+00
   21.500   2.256E+00
   21.600   2.202E+00
   21.700   2.151E+00
   21.800   2.101E+00
   21.900   2.052E+00
   22.000   2.005E+00
   22.100   1.959E+00
   22.200   1.915E+00
   22.300   1.871E+00
   22.400   1.828E+00
   22.500   1.786E+00
   22.600   1.745E+00
   22.700   1.705E+00
   22.800   1.666E+00
   22.900   1.627E+00
   23.000   1.589E+00
   23.100   1.552E+00
   23.200   1.516E+00
   23.300   1.480E+00
   23.400   1.446E+00
   23.500   1.412E+00
   23.600   1.379E+00
   23.700   1.347E+00
   23.800   1.316E+00
   23.900   1.286E+00
   24.000   1.257E+00
   24.100   1.229E+00
   24.200   1.203E+00
   24.300   1.177E+00
   24.400   1.152E+00
   24.500   1.128E+00
   24.600   1.105E+00
   24.700   1.084E+00
   24.800   1.063E+00
   24.900   1.042E+00
   25.000   1.023E+00
   25.100   1.004E+00
   25.200   9.864E-01
   25.300   9.689E-01
   25.400   9.521E-01
   25.500   9.356E-01
   25.600   9.196E-01
   25.700   9.039E-01
   25.800   8.886E-01
   25.900   8.735E-01
   26.000   8.587E-01
   26.100   8.442E-01
   26.200   8.298E-01
   26.300   8.157E-01
   26.400   8.018E-01
   26.500   7.882E-01
   26.600   7.748E-01
   26.700   7.616E-01
   26.800   7.487E-01
   26.900   7.361E-01
   27.000   7.237E-01
   27.100   7.116E-01
   27.200   6.998E-01
   27.300   6.883E-01
   27.400   6.770E-01
   27.500   6.661E-01
   27.600   6.554E-01
   27.700   6.450E-01
   27.800   6.349E-01
   27.900   6.250E-01
   28.000   6.154E-01
   28.100   6.061E-01
   28.200   5.970E-01
   28.300   5.881E-01
   28.400   5.795E-01
   28.500   5.711E-01
   28.600   5.629E-01
   28.700   5.550E-01
   28.800   5.472E-01
   28.900   5.397E-01
   29.000   5.323E-01
   29.100   5.251E-01
   29.200   5.181E-01
   29.300   5.112E-01
   29.400   5.045E-01
   29.500   4.980E-01
   29.600   4.916E-01
   29.700   4.853E-01
   29.800   4.792E-01
   29.900   4.733E-01
   30.000   4.674E-01
 
 Z=  35 A=  87  D1M-QRPA-Inter
 E[MeV]  fQRPA[mb/MeV]
    0.100   3.423E-04
    0.200   1.359E-03
    0.300   3.021E-03
    0.400   5.282E-03
    0.500   8.079E-03
    0.600   1.134E-02
    0.700   1.498E-02
    0.800   1.893E-02
    0.900   2.309E-02
    1.000   2.739E-02
    1.100   3.176E-02
    1.200   3.613E-02
    1.300   4.046E-02
    1.400   4.469E-02
    1.500   4.879E-02
    1.600   5.275E-02
    1.700   5.655E-02
    1.800   6.018E-02
    1.900   6.366E-02
    2.000   6.699E-02
    2.100   7.017E-02
    2.200   7.324E-02
    2.300   7.622E-02
    2.400   7.911E-02
    2.500   8.195E-02
    2.600   8.477E-02
    2.700   8.757E-02
    2.800   9.040E-02
    2.900   9.326E-02
    3.000   9.618E-02
    3.100   9.918E-02
    3.200   1.023E-01
    3.300   1.055E-01
    3.400   1.088E-01
    3.500   1.123E-01
    3.600   1.160E-01
    3.700   1.198E-01
    3.800   1.238E-01
    3.900   1.280E-01
    4.000   1.325E-01
    4.100   1.371E-01
    4.200   1.420E-01
    4.300   1.472E-01
    4.400   1.526E-01
    4.500   1.582E-01
    4.600   1.642E-01
    4.700   1.705E-01
    4.800   1.771E-01
    4.900   1.840E-01
    5.000   1.912E-01
    5.100   1.988E-01
    5.200   2.067E-01
    5.300   2.151E-01
    5.400   2.238E-01
    5.500   2.330E-01
    5.600   2.425E-01
    5.700   2.526E-01
    5.800   2.631E-01
    5.900   2.740E-01
    6.000   2.855E-01
    6.100   2.976E-01
    6.200   3.101E-01
    6.300   3.233E-01
    6.400   3.370E-01
    6.500   3.513E-01
    6.600   3.663E-01
    6.700   3.820E-01
    6.800   3.984E-01
    6.900   4.154E-01
    7.000   4.332E-01
    7.100   4.518E-01
    7.200   4.712E-01
    7.300   4.914E-01
    7.400   5.125E-01
    7.500   5.344E-01
    7.600   5.573E-01
    7.700   5.810E-01
    7.800   6.058E-01
    7.900   6.315E-01
    8.000   6.583E-01
    8.100   6.861E-01
    8.200   7.150E-01
    8.300   7.450E-01
    8.400   7.762E-01
    8.500   8.086E-01
    8.600   8.422E-01
    8.700   8.772E-01
    8.800   9.135E-01
    8.900   9.512E-01
    9.000   9.904E-01
    9.100   1.031E+00
    9.200   1.073E+00
    9.300   1.117E+00
    9.400   1.163E+00
    9.500   1.210E+00
    9.600   1.259E+00
    9.700   1.311E+00
    9.800   1.364E+00
    9.900   1.419E+00
   10.000   1.476E+00
   10.100   1.535E+00
   10.200   1.597E+00
   10.300   1.661E+00
   10.400   1.727E+00
   10.500   1.796E+00
   10.600   1.868E+00
   10.700   1.942E+00
   10.800   2.019E+00
   10.900   2.099E+00
   11.000   2.182E+00
   11.100   2.268E+00
   11.200   2.358E+00
   11.300   2.451E+00
   11.400   2.548E+00
   11.500   2.648E+00
   11.600   2.753E+00
   11.700   2.862E+00
   11.800   2.976E+00
   11.900   3.095E+00
   12.000   3.218E+00
   12.100   3.348E+00
   12.200   3.482E+00
   12.300   3.623E+00
   12.400   3.770E+00
   12.500   3.924E+00
   12.600   4.084E+00
   12.700   4.252E+00
   12.800   4.426E+00
   12.900   4.608E+00
   13.000   4.797E+00
   13.100   4.994E+00
   13.200   5.198E+00
   13.300   5.409E+00
   13.400   5.626E+00
   13.500   5.850E+00
   13.600   6.080E+00
   13.700   6.314E+00
   13.800   6.553E+00
   13.900   6.795E+00
   14.000   7.038E+00
   14.100   7.281E+00
   14.200   7.523E+00
   14.300   7.762E+00
   14.400   7.995E+00
   14.500   8.221E+00
   14.600   8.437E+00
   14.700   8.642E+00
   14.800   8.833E+00
   14.900   9.008E+00
   15.000   9.165E+00
   15.100   9.303E+00
   15.200   9.420E+00
   15.300   9.514E+00
   15.400   9.586E+00
   15.500   9.634E+00
   15.600   9.658E+00
   15.700   9.659E+00
   15.800   9.637E+00
   15.900   9.593E+00
   16.000   9.527E+00
   16.100   9.442E+00
   16.200   9.338E+00
   16.300   9.218E+00
   16.400   9.083E+00
   16.500   8.935E+00
   16.600   8.777E+00
   16.700   8.609E+00
   16.800   8.434E+00
   16.900   8.254E+00
   17.000   8.069E+00
   17.100   7.883E+00
   17.200   7.695E+00
   17.300   7.507E+00
   17.400   7.320E+00
   17.500   7.135E+00
   17.600   6.953E+00
   17.700   6.774E+00
   17.800   6.598E+00
   17.900   6.426E+00
   18.000   6.258E+00
   18.100   6.094E+00
   18.200   5.934E+00
   18.300   5.778E+00
   18.400   5.626E+00
   18.500   5.478E+00
   18.600   5.333E+00
   18.700   5.192E+00
   18.800   5.054E+00
   18.900   4.919E+00
   19.000   4.787E+00
   19.100   4.658E+00
   19.200   4.531E+00
   19.300   4.407E+00
   19.400   4.286E+00
   19.500   4.167E+00
   19.600   4.050E+00
   19.700   3.936E+00
   19.800   3.825E+00
   19.900   3.716E+00
   20.000   3.610E+00
   20.100   3.506E+00
   20.200   3.405E+00
   20.300   3.307E+00
   20.400   3.212E+00
   20.500   3.120E+00
   20.600   3.030E+00
   20.700   2.944E+00
   20.800   2.860E+00
   20.900   2.779E+00
   21.000   2.701E+00
   21.100   2.626E+00
   21.200   2.553E+00
   21.300   2.483E+00
   21.400   2.416E+00
   21.500   2.351E+00
   21.600   2.288E+00
   21.700   2.228E+00
   21.800   2.170E+00
   21.900   2.114E+00
   22.000   2.060E+00
   22.100   2.008E+00
   22.200   1.959E+00
   22.300   1.911E+00
   22.400   1.864E+00
   22.500   1.820E+00
   22.600   1.777E+00
   22.700   1.735E+00
   22.800   1.695E+00
   22.900   1.657E+00
   23.000   1.620E+00
   23.100   1.584E+00
   23.200   1.549E+00
   23.300   1.515E+00
   23.400   1.483E+00
   23.500   1.452E+00
   23.600   1.422E+00
   23.700   1.392E+00
   23.800   1.364E+00
   23.900   1.337E+00
   24.000   1.310E+00
   24.100   1.284E+00
   24.200   1.259E+00
   24.300   1.235E+00
   24.400   1.212E+00
   24.500   1.189E+00
   24.600   1.167E+00
   24.700   1.146E+00
   24.800   1.125E+00
   24.900   1.105E+00
   25.000   1.085E+00
   25.100   1.066E+00
   25.200   1.048E+00
   25.300   1.030E+00
   25.400   1.012E+00
   25.500   9.954E-01
   25.600   9.788E-01
   25.700   9.627E-01
   25.800   9.471E-01
   25.900   9.318E-01
   26.000   9.169E-01
   26.100   9.024E-01
   26.200   8.883E-01
   26.300   8.745E-01
   26.400   8.611E-01
   26.500   8.480E-01
   26.600   8.353E-01
   26.700   8.228E-01
   26.800   8.107E-01
   26.900   7.988E-01
   27.000   7.872E-01
   27.100   7.759E-01
   27.200   7.648E-01
   27.300   7.540E-01
   27.400   7.435E-01
   27.500   7.331E-01
   27.600   7.231E-01
   27.700   7.132E-01
   27.800   7.035E-01
   27.900   6.941E-01
   28.000   6.849E-01
   28.100   6.758E-01
   28.200   6.670E-01
   28.300   6.583E-01
   28.400   6.499E-01
   28.500   6.416E-01
   28.600   6.334E-01
   28.700   6.255E-01
   28.800   6.177E-01
   28.900   6.100E-01
   29.000   6.026E-01
   29.100   5.952E-01
   29.200   5.880E-01
   29.300   5.810E-01
   29.400   5.740E-01
   29.500   5.673E-01
   29.600   5.606E-01
   29.700   5.541E-01
   29.800   5.477E-01
   29.900   5.414E-01
   30.000   5.352E-01
 
 Z=  35 A=  88  D1M-QRPA-Inter
 E[MeV]  fQRPA[mb/MeV]
    0.100   1.485E-04
    0.200   5.920E-04
    0.300   1.324E-03
    0.400   2.336E-03
    0.500   3.613E-03
    0.600   5.139E-03
    0.700   6.898E-03
    0.800   8.869E-03
    0.900   1.103E-02
    1.000   1.337E-02
    1.100   1.585E-02
    1.200   1.847E-02
    1.300   2.121E-02
    1.400   2.405E-02
    1.500   2.697E-02
    1.600   2.997E-02
    1.700   3.305E-02
    1.800   3.618E-02
    1.900   3.938E-02
    2.000   4.263E-02
    2.100   4.594E-02
    2.200   4.932E-02
    2.300   5.276E-02
    2.400   5.628E-02
    2.500   5.988E-02
    2.600   6.357E-02
    2.700   6.736E-02
    2.800   7.125E-02
    2.900   7.528E-02
    3.000   7.943E-02
    3.100   8.373E-02
    3.200   8.819E-02
    3.300   9.282E-02
    3.400   9.763E-02
    3.500   1.026E-01
    3.600   1.079E-01
    3.700   1.133E-01
    3.800   1.190E-01
    3.900   1.249E-01
    4.000   1.311E-01
    4.100   1.376E-01
    4.200   1.444E-01
    4.300   1.514E-01
    4.400   1.588E-01
    4.500   1.665E-01
    4.600   1.746E-01
    4.700   1.830E-01
    4.800   1.918E-01
    4.900   2.010E-01
    5.000   2.106E-01
    5.100   2.206E-01
    5.200   2.310E-01
    5.300   2.418E-01
    5.400   2.531E-01
    5.500   2.648E-01
    5.600   2.771E-01
    5.700   2.897E-01
    5.800   3.029E-01
    5.900   3.165E-01
    6.000   3.307E-01
    6.100   3.454E-01
    6.200   3.606E-01
    6.300   3.763E-01
    6.400   3.927E-01
    6.500   4.095E-01
    6.600   4.270E-01
    6.700   4.451E-01
    6.800   4.639E-01
    6.900   4.833E-01
    7.000   5.034E-01
    7.100   5.242E-01
    7.200   5.458E-01
    7.300   5.681E-01
    7.400   5.913E-01
    7.500   6.153E-01
    7.600   6.401E-01
    7.700   6.659E-01
    7.800   6.925E-01
    7.900   7.202E-01
    8.000   7.488E-01
    8.100   7.784E-01
    8.200   8.090E-01
    8.300   8.407E-01
    8.400   8.735E-01
    8.500   9.075E-01
    8.600   9.426E-01
    8.700   9.790E-01
    8.800   1.017E+00
    8.900   1.056E+00
    9.000   1.096E+00
    9.100   1.138E+00
    9.200   1.181E+00
    9.300   1.225E+00
    9.400   1.272E+00
    9.500   1.320E+00
    9.600   1.370E+00
    9.700   1.421E+00
    9.800   1.475E+00
    9.900   1.530E+00
   10.000   1.588E+00
   10.100   1.647E+00
   10.200   1.709E+00
   10.300   1.774E+00
   10.400   1.841E+00
   10.500   1.910E+00
   10.600   1.982E+00
   10.700   2.057E+00
   10.800   2.134E+00
   10.900   2.215E+00
   11.000   2.299E+00
   11.100   2.386E+00
   11.200   2.477E+00
   11.300   2.572E+00
   11.400   2.670E+00
   11.500   2.773E+00
   11.600   2.880E+00
   11.700   2.991E+00
   11.800   3.108E+00
   11.900   3.229E+00
   12.000   3.355E+00
   12.100   3.487E+00
   12.200   3.624E+00
   12.300   3.767E+00
   12.400   3.915E+00
   12.500   4.070E+00
   12.600   4.230E+00
   12.700   4.396E+00
   12.800   4.567E+00
   12.900   4.744E+00
   13.000   4.927E+00
   13.100   5.114E+00
   13.200   5.305E+00
   13.300   5.500E+00
   13.400   5.698E+00
   13.500   5.898E+00
   13.600   6.100E+00
   13.700   6.302E+00
   13.800   6.503E+00
   13.900   6.703E+00
   14.000   6.900E+00
   14.100   7.093E+00
   14.200   7.281E+00
   14.300   7.463E+00
   14.400   7.638E+00
   14.500   7.804E+00
   14.600   7.961E+00
   14.700   8.107E+00
   14.800   8.242E+00
   14.900   8.364E+00
   15.000   8.474E+00
   15.100   8.570E+00
   15.200   8.652E+00
   15.300   8.719E+00
   15.400   8.772E+00
   15.500   8.810E+00
   15.600   8.832E+00
   15.700   8.840E+00
   15.800   8.832E+00
   15.900   8.810E+00
   16.000   8.774E+00
   16.100   8.724E+00
   16.200   8.661E+00
   16.300   8.586E+00
   16.400   8.498E+00
   16.500   8.400E+00
   16.600   8.292E+00
   16.700   8.174E+00
   16.800   8.048E+00
   16.900   7.915E+00
   17.000   7.775E+00
   17.100   7.630E+00
   17.200   7.481E+00
   17.300   7.329E+00
   17.400   7.174E+00
   17.500   7.017E+00
   17.600   6.860E+00
   17.700   6.702E+00
   17.800   6.545E+00
   17.900   6.389E+00
   18.000   6.235E+00
   18.100   6.083E+00
   18.200   5.933E+00
   18.300   5.786E+00
   18.400   5.642E+00
   18.500   5.501E+00
   18.600   5.363E+00
   18.700   5.229E+00
   18.800   5.098E+00
   18.900   4.970E+00
   19.000   4.845E+00
   19.100   4.724E+00
   19.200   4.605E+00
   19.300   4.490E+00
   19.400   4.378E+00
   19.500   4.269E+00
   19.600   4.163E+00
   19.700   4.060E+00
   19.800   3.959E+00
   19.900   3.862E+00
   20.000   3.767E+00
   20.100   3.675E+00
   20.200   3.585E+00
   20.300   3.498E+00
   20.400   3.413E+00
   20.500   3.331E+00
   20.600   3.251E+00
   20.700   3.173E+00
   20.800   3.097E+00
   20.900   3.024E+00
   21.000   2.952E+00
   21.100   2.883E+00
   21.200   2.815E+00
   21.300   2.750E+00
   21.400   2.686E+00
   21.500   2.624E+00
   21.600   2.563E+00
   21.700   2.504E+00
   21.800   2.447E+00
   21.900   2.391E+00
   22.000   2.336E+00
   22.100   2.283E+00
   22.200   2.232E+00
   22.300   2.182E+00
   22.400   2.133E+00
   22.500   2.085E+00
   22.600   2.039E+00
   22.700   1.993E+00
   22.800   1.949E+00
   22.900   1.907E+00
   23.000   1.865E+00
   23.100   1.824E+00
   23.200   1.785E+00
   23.300   1.746E+00
   23.400   1.709E+00
   23.500   1.673E+00
   23.600   1.637E+00
   23.700   1.603E+00
   23.800   1.569E+00
   23.900   1.536E+00
   24.000   1.504E+00
   24.100   1.473E+00
   24.200   1.443E+00
   24.300   1.413E+00
   24.400   1.384E+00
   24.500   1.356E+00
   24.600   1.329E+00
   24.700   1.302E+00
   24.800   1.276E+00
   24.900   1.250E+00
   25.000   1.226E+00
   25.100   1.202E+00
   25.200   1.178E+00
   25.300   1.155E+00
   25.400   1.133E+00
   25.500   1.111E+00
   25.600   1.090E+00
   25.700   1.069E+00
   25.800   1.049E+00
   25.900   1.030E+00
   26.000   1.011E+00
   26.100   9.927E-01
   26.200   9.748E-01
   26.300   9.575E-01
   26.400   9.406E-01
   26.500   9.242E-01
   26.600   9.083E-01
   26.700   8.928E-01
   26.800   8.777E-01
   26.900   8.631E-01
   27.000   8.488E-01
   27.100   8.350E-01
   27.200   8.215E-01
   27.300   8.084E-01
   27.400   7.957E-01
   27.500   7.832E-01
   27.600   7.712E-01
   27.700   7.594E-01
   27.800   7.479E-01
   27.900   7.367E-01
   28.000   7.258E-01
   28.100   7.152E-01
   28.200   7.048E-01
   28.300   6.947E-01
   28.400   6.849E-01
   28.500   6.752E-01
   28.600   6.659E-01
   28.700   6.567E-01
   28.800   6.477E-01
   28.900   6.390E-01
   29.000   6.304E-01
   29.100   6.221E-01
   29.200   6.139E-01
   29.300   6.059E-01
   29.400   5.981E-01
   29.500   5.904E-01
   29.600   5.829E-01
   29.700   5.756E-01
   29.800   5.685E-01
   29.900   5.614E-01
   30.000   5.546E-01
 
 Z=  35 A=  89  D1M-QRPA-Inter
 E[MeV]  fQRPA[mb/MeV]
    0.100   6.890E-05
    0.200   2.757E-04
    0.300   6.207E-04
    0.400   1.104E-03
    0.500   1.728E-03
    0.600   2.491E-03
    0.700   3.396E-03
    0.800   4.444E-03
    0.900   5.636E-03
    1.000   6.975E-03
    1.100   8.462E-03
    1.200   1.010E-02
    1.300   1.189E-02
    1.400   1.384E-02
    1.500   1.595E-02
    1.600   1.822E-02
    1.700   2.065E-02
    1.800   2.326E-02
    1.900   2.605E-02
    2.000   2.902E-02
    2.100   3.217E-02
    2.200   3.552E-02
    2.300   3.906E-02
    2.400   4.282E-02
    2.500   4.679E-02
    2.600   5.098E-02
    2.700   5.540E-02
    2.800   6.007E-02
    2.900   6.498E-02
    3.000   7.015E-02
    3.100   7.560E-02
    3.200   8.132E-02
    3.300   8.734E-02
    3.400   9.367E-02
    3.500   1.003E-01
    3.600   1.073E-01
    3.700   1.146E-01
    3.800   1.223E-01
    3.900   1.303E-01
    4.000   1.388E-01
    4.100   1.476E-01
    4.200   1.569E-01
    4.300   1.666E-01
    4.400   1.768E-01
    4.500   1.874E-01
    4.600   1.985E-01
    4.700   2.101E-01
    4.800   2.222E-01
    4.900   2.349E-01
    5.000   2.480E-01
    5.100   2.617E-01
    5.200   2.760E-01
    5.300   2.908E-01
    5.400   3.061E-01
    5.500   3.220E-01
    5.600   3.384E-01
    5.700   3.554E-01
    5.800   3.730E-01
    5.900   3.910E-01
    6.000   4.096E-01
    6.100   4.287E-01
    6.200   4.484E-01
    6.300   4.686E-01
    6.400   4.893E-01
    6.500   5.105E-01
    6.600   5.323E-01
    6.700   5.547E-01
    6.800   5.777E-01
    6.900   6.013E-01
    7.000   6.255E-01
    7.100   6.504E-01
    7.200   6.761E-01
    7.300   7.024E-01
    7.400   7.296E-01
    7.500   7.576E-01
    7.600   7.864E-01
    7.700   8.161E-01
    7.800   8.467E-01
    7.900   8.783E-01
    8.000   9.108E-01
    8.100   9.444E-01
    8.200   9.790E-01
    8.300   1.015E+00
    8.400   1.051E+00
    8.500   1.089E+00
    8.600   1.128E+00
    8.700   1.168E+00
    8.800   1.210E+00
    8.900   1.253E+00
    9.000   1.297E+00
    9.100   1.342E+00
    9.200   1.389E+00
    9.300   1.437E+00
    9.400   1.487E+00
    9.500   1.539E+00
    9.600   1.593E+00
    9.700   1.648E+00
    9.800   1.706E+00
    9.900   1.765E+00
   10.000   1.827E+00
   10.100   1.891E+00
   10.200   1.957E+00
   10.300   2.026E+00
   10.400   2.097E+00
   10.500   2.172E+00
   10.600   2.249E+00
   10.700   2.329E+00
   10.800   2.413E+00
   10.900   2.500E+00
   11.000   2.591E+00
   11.100   2.685E+00
   11.200   2.783E+00
   11.300   2.886E+00
   11.400   2.993E+00
   11.500   3.105E+00
   11.600   3.222E+00
   11.700   3.343E+00
   11.800   3.470E+00
   11.900   3.602E+00
   12.000   3.740E+00
   12.100   3.884E+00
   12.200   4.033E+00
   12.300   4.188E+00
   12.400   4.348E+00
   12.500   4.514E+00
   12.600   4.684E+00
   12.700   4.860E+00
   12.800   5.040E+00
   12.900   5.224E+00
   13.000   5.411E+00
   13.100   5.600E+00
   13.200   5.790E+00
   13.300   5.981E+00
   13.400   6.171E+00
   13.500   6.359E+00
   13.600   6.545E+00
   13.700   6.726E+00
   13.800   6.902E+00
   13.900   7.072E+00
   14.000   7.235E+00
   14.100   7.390E+00
   14.200   7.537E+00
   14.300   7.674E+00
   14.400   7.803E+00
   14.500   7.923E+00
   14.600   8.032E+00
   14.700   8.133E+00
   14.800   8.224E+00
   14.900   8.306E+00
   15.000   8.379E+00
   15.100   8.443E+00
   15.200   8.499E+00
   15.300   8.546E+00
   15.400   8.585E+00
   15.500   8.615E+00
   15.600   8.638E+00
   15.700   8.652E+00
   15.800   8.657E+00
   15.900   8.654E+00
   16.000   8.642E+00
   16.100   8.622E+00
   16.200   8.592E+00
   16.300   8.552E+00
   16.400   8.504E+00
   16.500   8.445E+00
   16.600   8.377E+00
   16.700   8.300E+00
   16.800   8.213E+00
   16.900   8.117E+00
   17.000   8.012E+00
   17.100   7.899E+00
   17.200   7.779E+00
   17.300   7.652E+00
   17.400   7.519E+00
   17.500   7.380E+00
   17.600   7.238E+00
   17.700   7.092E+00
   17.800   6.944E+00
   17.900   6.794E+00
   18.000   6.644E+00
   18.100   6.494E+00
   18.200   6.345E+00
   18.300   6.197E+00
   18.400   6.051E+00
   18.500   5.908E+00
   18.600   5.768E+00
   18.700   5.632E+00
   18.800   5.498E+00
   18.900   5.369E+00
   19.000   5.244E+00
   19.100   5.123E+00
   19.200   5.006E+00
   19.300   4.892E+00
   19.400   4.783E+00
   19.500   4.678E+00
   19.600   4.576E+00
   19.700   4.478E+00
   19.800   4.383E+00
   19.900   4.292E+00
   20.000   4.204E+00
   20.100   4.119E+00
   20.200   4.036E+00
   20.300   3.956E+00
   20.400   3.878E+00
   20.500   3.803E+00
   20.600   3.729E+00
   20.700   3.657E+00
   20.800   3.587E+00
   20.900   3.519E+00
   21.000   3.451E+00
   21.100   3.385E+00
   21.200   3.320E+00
   21.300   3.257E+00
   21.400   3.194E+00
   21.500   3.132E+00
   21.600   3.070E+00
   21.700   3.010E+00
   21.800   2.950E+00
   21.900   2.892E+00
   22.000   2.834E+00
   22.100   2.776E+00
   22.200   2.720E+00
   22.300   2.664E+00
   22.400   2.609E+00
   22.500   2.555E+00
   22.600   2.501E+00
   22.700   2.449E+00
   22.800   2.397E+00
   22.900   2.347E+00
   23.000   2.297E+00
   23.100   2.248E+00
   23.200   2.200E+00
   23.300   2.153E+00
   23.400   2.106E+00
   23.500   2.061E+00
   23.600   2.016E+00
   23.700   1.973E+00
   23.800   1.930E+00
   23.900   1.888E+00
   24.000   1.847E+00
   24.100   1.807E+00
   24.200   1.768E+00
   24.300   1.729E+00
   24.400   1.691E+00
   24.500   1.654E+00
   24.600   1.618E+00
   24.700   1.582E+00
   24.800   1.547E+00
   24.900   1.513E+00
   25.000   1.480E+00
   25.100   1.448E+00
   25.200   1.416E+00
   25.300   1.385E+00
   25.400   1.355E+00
   25.500   1.326E+00
   25.600   1.298E+00
   25.700   1.270E+00
   25.800   1.244E+00
   25.900   1.217E+00
   26.000   1.192E+00
   26.100   1.168E+00
   26.200   1.144E+00
   26.300   1.121E+00
   26.400   1.099E+00
   26.500   1.077E+00
   26.600   1.056E+00
   26.700   1.036E+00
   26.800   1.016E+00
   26.900   9.973E-01
   27.000   9.789E-01
   27.100   9.610E-01
   27.200   9.437E-01
   27.300   9.269E-01
   27.400   9.107E-01
   27.500   8.949E-01
   27.600   8.796E-01
   27.700   8.647E-01
   27.800   8.503E-01
   27.900   8.363E-01
   28.000   8.226E-01
   28.100   8.094E-01
   28.200   7.965E-01
   28.300   7.840E-01
   28.400   7.719E-01
   28.500   7.600E-01
   28.600   7.485E-01
   28.700   7.373E-01
   28.800   7.264E-01
   28.900   7.157E-01
   29.000   7.054E-01
   29.100   6.952E-01
   29.200   6.854E-01
   29.300   6.758E-01
   29.400   6.664E-01
   29.500   6.572E-01
   29.600   6.483E-01
   29.700   6.396E-01
   29.800   6.310E-01
   29.900   6.227E-01
   30.000   6.146E-01
 
 Z=  35 A=  90  D1M-QRPA-Inter
 E[MeV]  fQRPA[mb/MeV]
    0.100   1.236E-04
    0.200   4.899E-04
    0.300   1.087E-03
    0.400   1.897E-03
    0.500   2.902E-03
    0.600   4.086E-03
    0.700   5.434E-03
    0.800   6.933E-03
    0.900   8.574E-03
    1.000   1.035E-02
    1.100   1.225E-02
    1.200   1.428E-02
    1.300   1.643E-02
    1.400   1.870E-02
    1.500   2.110E-02
    1.600   2.362E-02
    1.700   2.626E-02
    1.800   2.904E-02
    1.900   3.195E-02
    2.000   3.501E-02
    2.100   3.822E-02
    2.200   4.158E-02
    2.300   4.511E-02
    2.400   4.881E-02
    2.500   5.270E-02
    2.600   5.678E-02
    2.700   6.107E-02
    2.800   6.557E-02
    2.900   7.030E-02
    3.000   7.527E-02
    3.100   8.050E-02
    3.200   8.600E-02
    3.300   9.177E-02
    3.400   9.784E-02
    3.500   1.042E-01
    3.600   1.109E-01
    3.700   1.180E-01
    3.800   1.254E-01
    3.900   1.332E-01
    4.000   1.413E-01
    4.100   1.499E-01
    4.200   1.589E-01
    4.300   1.683E-01
    4.400   1.782E-01
    4.500   1.886E-01
    4.600   1.995E-01
    4.700   2.109E-01
    4.800   2.228E-01
    4.900   2.352E-01
    5.000   2.482E-01
    5.100   2.618E-01
    5.200   2.760E-01
    5.300   2.907E-01
    5.400   3.060E-01
    5.500   3.219E-01
    5.600   3.384E-01
    5.700   3.554E-01
    5.800   3.731E-01
    5.900   3.913E-01
    6.000   4.101E-01
    6.100   4.294E-01
    6.200   4.493E-01
    6.300   4.696E-01
    6.400   4.906E-01
    6.500   5.120E-01
    6.600   5.339E-01
    6.700   5.564E-01
    6.800   5.794E-01
    6.900   6.029E-01
    7.000   6.270E-01
    7.100   6.516E-01
    7.200   6.769E-01
    7.300   7.028E-01
    7.400   7.294E-01
    7.500   7.567E-01
    7.600   7.848E-01
    7.700   8.138E-01
    7.800   8.436E-01
    7.900   8.743E-01
    8.000   9.061E-01
    8.100   9.389E-01
    8.200   9.727E-01
    8.300   1.008E+00
    8.400   1.044E+00
    8.500   1.082E+00
    8.600   1.120E+00
    8.700   1.161E+00
    8.800   1.202E+00
    8.900   1.245E+00
    9.000   1.290E+00
    9.100   1.336E+00
    9.200   1.384E+00
    9.300   1.434E+00
    9.400   1.486E+00
    9.500   1.539E+00
    9.600   1.595E+00
    9.700   1.653E+00
    9.800   1.713E+00
    9.900   1.775E+00
   10.000   1.840E+00
   10.100   1.908E+00
   10.200   1.978E+00
   10.300   2.051E+00
   10.400   2.126E+00
   10.500   2.205E+00
   10.600   2.288E+00
   10.700   2.373E+00
   10.800   2.463E+00
   10.900   2.556E+00
   11.000   2.653E+00
   11.100   2.755E+00
   11.200   2.861E+00
   11.300   2.971E+00
   11.400   3.087E+00
   11.500   3.208E+00
   11.600   3.334E+00
   11.700   3.465E+00
   11.800   3.603E+00
   11.900   3.746E+00
   12.000   3.895E+00
   12.100   4.050E+00
   12.200   4.211E+00
   12.300   4.377E+00
   12.400   4.550E+00
   12.500   4.727E+00
   12.600   4.909E+00
   12.700   5.095E+00
   12.800   5.285E+00
   12.900   5.478E+00
   13.000   5.672E+00
   13.100   5.868E+00
   13.200   6.063E+00
   13.300   6.258E+00
   13.400   6.449E+00
   13.500   6.638E+00
   13.600   6.821E+00
   13.700   6.999E+00
   13.800   7.169E+00
   13.900   7.332E+00
   14.000   7.486E+00
   14.100   7.630E+00
   14.200   7.765E+00
   14.300   7.888E+00
   14.400   8.001E+00
   14.500   8.102E+00
   14.600   8.192E+00
   14.700   8.271E+00
   14.800   8.339E+00
   14.900   8.395E+00
   15.000   8.441E+00
   15.100   8.477E+00
   15.200   8.502E+00
   15.300   8.517E+00
   15.400   8.523E+00
   15.500   8.519E+00
   15.600   8.506E+00
   15.700   8.484E+00
   15.800   8.453E+00
   15.900   8.413E+00
   16.000   8.365E+00
   16.100   8.309E+00
   16.200   8.245E+00
   16.300   8.173E+00
   16.400   8.094E+00
   16.500   8.008E+00
   16.600   7.915E+00
   16.700   7.816E+00
   16.800   7.711E+00
   16.900   7.601E+00
   17.000   7.486E+00
   17.100   7.367E+00
   17.200   7.245E+00
   17.300   7.120E+00
   17.400   6.992E+00
   17.500   6.863E+00
   17.600   6.732E+00
   17.700   6.601E+00
   17.800   6.468E+00
   17.900   6.336E+00
   18.000   6.204E+00
   18.100   6.073E+00
   18.200   5.942E+00
   18.300   5.812E+00
   18.400   5.683E+00
   18.500   5.555E+00
   18.600   5.429E+00
   18.700   5.304E+00
   18.800   5.181E+00
   18.900   5.059E+00
   19.000   4.939E+00
   19.100   4.821E+00
   19.200   4.704E+00
   19.300   4.590E+00
   19.400   4.477E+00
   19.500   4.367E+00
   19.600   4.258E+00
   19.700   4.152E+00
   19.800   4.048E+00
   19.900   3.946E+00
   20.000   3.846E+00
   20.100   3.749E+00
   20.200   3.654E+00
   20.300   3.561E+00
   20.400   3.470E+00
   20.500   3.382E+00
   20.600   3.295E+00
   20.700   3.212E+00
   20.800   3.130E+00
   20.900   3.050E+00
   21.000   2.973E+00
   21.100   2.898E+00
   21.200   2.825E+00
   21.300   2.754E+00
   21.400   2.686E+00
   21.500   2.619E+00
   21.600   2.554E+00
   21.700   2.491E+00
   21.800   2.430E+00
   21.900   2.370E+00
   22.000   2.313E+00
   22.100   2.257E+00
   22.200   2.202E+00
   22.300   2.150E+00
   22.400   2.099E+00
   22.500   2.049E+00
   22.600   2.001E+00
   22.700   1.954E+00
   22.800   1.909E+00
   22.900   1.865E+00
   23.000   1.822E+00
   23.100   1.780E+00
   23.200   1.740E+00
   23.300   1.701E+00
   23.400   1.663E+00
   23.500   1.626E+00
   23.600   1.590E+00
   23.700   1.555E+00
   23.800   1.521E+00
   23.900   1.488E+00
   24.000   1.456E+00
   24.100   1.425E+00
   24.200   1.395E+00
   24.300   1.366E+00
   24.400   1.337E+00
   24.500   1.309E+00
   24.600   1.282E+00
   24.700   1.255E+00
   24.800   1.229E+00
   24.900   1.204E+00
   25.000   1.180E+00
   25.100   1.156E+00
   25.200   1.133E+00
   25.300   1.110E+00
   25.400   1.089E+00
   25.500   1.067E+00
   25.600   1.047E+00
   25.700   1.026E+00
   25.800   1.007E+00
   25.900   9.880E-01
   26.000   9.695E-01
   26.100   9.516E-01
   26.200   9.342E-01
   26.300   9.174E-01
   26.400   9.009E-01
   26.500   8.850E-01
   26.600   8.695E-01
   26.700   8.545E-01
   26.800   8.399E-01
   26.900   8.257E-01
   27.000   8.119E-01
   27.100   7.985E-01
   27.200   7.855E-01
   27.300   7.728E-01
   27.400   7.604E-01
   27.500   7.484E-01
   27.600   7.368E-01
   27.700   7.254E-01
   27.800   7.143E-01
   27.900   7.035E-01
   28.000   6.930E-01
   28.100   6.828E-01
   28.200   6.728E-01
   28.300   6.631E-01
   28.400   6.536E-01
   28.500   6.443E-01
   28.600   6.353E-01
   28.700   6.264E-01
   28.800   6.178E-01
   28.900   6.094E-01
   29.000   6.012E-01
   29.100   5.932E-01
   29.200   5.853E-01
   29.300   5.776E-01
   29.400   5.701E-01
   29.500   5.628E-01
   29.600   5.556E-01
   29.700   5.486E-01
   29.800   5.417E-01
   29.900   5.350E-01
   30.000   5.284E-01
 
 Z=  35 A=  91  D1M-QRPA-Inter
 E[MeV]  fQRPA[mb/MeV]
    0.100   2.444E-04
    0.200   9.592E-04
    0.300   2.096E-03
    0.400   3.590E-03
    0.500   5.374E-03
    0.600   7.388E-03
    0.700   9.583E-03
    0.800   1.192E-02
    0.900   1.437E-02
    1.000   1.692E-02
    1.100   1.955E-02
    1.200   2.225E-02
    1.300   2.502E-02
    1.400   2.786E-02
    1.500   3.076E-02
    1.600   3.374E-02
    1.700   3.680E-02
    1.800   3.995E-02
    1.900   4.320E-02
    2.000   4.656E-02
    2.100   5.004E-02
    2.200   5.365E-02
    2.300   5.741E-02
    2.400   6.132E-02
    2.500   6.542E-02
    2.600   6.970E-02
    2.700   7.418E-02
    2.800   7.889E-02
    2.900   8.383E-02
    3.000   8.902E-02
    3.100   9.448E-02
    3.200   1.002E-01
    3.300   1.063E-01
    3.400   1.126E-01
    3.500   1.193E-01
    3.600   1.264E-01
    3.700   1.338E-01
    3.800   1.417E-01
    3.900   1.499E-01
    4.000   1.586E-01
    4.100   1.677E-01
    4.200   1.774E-01
    4.300   1.875E-01
    4.400   1.981E-01
    4.500   2.092E-01
    4.600   2.210E-01
    4.700   2.333E-01
    4.800   2.462E-01
    4.900   2.597E-01
    5.000   2.738E-01
    5.100   2.886E-01
    5.200   3.041E-01
    5.300   3.203E-01
    5.400   3.371E-01
    5.500   3.546E-01
    5.600   3.728E-01
    5.700   3.917E-01
    5.800   4.113E-01
    5.900   4.315E-01
    6.000   4.524E-01
    6.100   4.740E-01
    6.200   4.961E-01
    6.300   5.188E-01
    6.400   5.421E-01
    6.500   5.659E-01
    6.600   5.902E-01
    6.700   6.151E-01
    6.800   6.404E-01
    6.900   6.663E-01
    7.000   6.926E-01
    7.100   7.195E-01
    7.200   7.470E-01
    7.300   7.750E-01
    7.400   8.037E-01
    7.500   8.331E-01
    7.600   8.633E-01
    7.700   8.943E-01
    7.800   9.263E-01
    7.900   9.593E-01
    8.000   9.934E-01
    8.100   1.029E+00
    8.200   1.065E+00
    8.300   1.103E+00
    8.400   1.143E+00
    8.500   1.184E+00
    8.600   1.226E+00
    8.700   1.270E+00
    8.800   1.317E+00
    8.900   1.365E+00
    9.000   1.415E+00
    9.100   1.467E+00
    9.200   1.521E+00
    9.300   1.577E+00
    9.400   1.636E+00
    9.500   1.697E+00
    9.600   1.761E+00
    9.700   1.827E+00
    9.800   1.896E+00
    9.900   1.968E+00
   10.000   2.043E+00
   10.100   2.121E+00
   10.200   2.203E+00
   10.300   2.288E+00
   10.400   2.376E+00
   10.500   2.468E+00
   10.600   2.565E+00
   10.700   2.665E+00
   10.800   2.770E+00
   10.900   2.880E+00
   11.000   2.995E+00
   11.100   3.115E+00
   11.200   3.240E+00
   11.300   3.371E+00
   11.400   3.508E+00
   11.500   3.652E+00
   11.600   3.802E+00
   11.700   3.959E+00
   11.800   4.122E+00
   11.900   4.293E+00
   12.000   4.470E+00
   12.100   4.655E+00
   12.200   4.846E+00
   12.300   5.043E+00
   12.400   5.247E+00
   12.500   5.456E+00
   12.600   5.670E+00
   12.700   5.887E+00
   12.800   6.108E+00
   12.900   6.331E+00
   13.000   6.554E+00
   13.100   6.777E+00
   13.200   6.998E+00
   13.300   7.216E+00
   13.400   7.429E+00
   13.500   7.636E+00
   13.600   7.836E+00
   13.700   8.027E+00
   13.800   8.208E+00
   13.900   8.379E+00
   14.000   8.537E+00
   14.100   8.683E+00
   14.200   8.816E+00
   14.300   8.936E+00
   14.400   9.041E+00
   14.500   9.132E+00
   14.600   9.208E+00
   14.700   9.270E+00
   14.800   9.318E+00
   14.900   9.352E+00
   15.000   9.372E+00
   15.100   9.379E+00
   15.200   9.374E+00
   15.300   9.355E+00
   15.400   9.325E+00
   15.500   9.284E+00
   15.600   9.231E+00
   15.700   9.168E+00
   15.800   9.096E+00
   15.900   9.014E+00
   16.000   8.924E+00
   16.100   8.826E+00
   16.200   8.720E+00
   16.300   8.609E+00
   16.400   8.491E+00
   16.500   8.368E+00
   16.600   8.242E+00
   16.700   8.112E+00
   16.800   7.979E+00
   16.900   7.845E+00
   17.000   7.709E+00
   17.100   7.573E+00
   17.200   7.437E+00
   17.300   7.302E+00
   17.400   7.167E+00
   17.500   7.034E+00
   17.600   6.901E+00
   17.700   6.771E+00
   17.800   6.641E+00
   17.900   6.513E+00
   18.000   6.385E+00
   18.100   6.259E+00
   18.200   6.133E+00
   18.300   6.007E+00
   18.400   5.882E+00
   18.500   5.757E+00
   18.600   5.631E+00
   18.700   5.506E+00
   18.800   5.380E+00
   18.900   5.253E+00
   19.000   5.127E+00
   19.100   5.000E+00
   19.200   4.873E+00
   19.300   4.746E+00
   19.400   4.619E+00
   19.500   4.493E+00
   19.600   4.368E+00
   19.700   4.243E+00
   19.800   4.120E+00
   19.900   3.999E+00
   20.000   3.879E+00
   20.100   3.761E+00
   20.200   3.645E+00
   20.300   3.532E+00
   20.400   3.422E+00
   20.500   3.314E+00
   20.600   3.210E+00
   20.700   3.108E+00
   20.800   3.010E+00
   20.900   2.915E+00
   21.000   2.823E+00
   21.100   2.735E+00
   21.200   2.649E+00
   21.300   2.568E+00
   21.400   2.489E+00
   21.500   2.414E+00
   21.600   2.341E+00
   21.700   2.272E+00
   21.800   2.205E+00
   21.900   2.141E+00
   22.000   2.080E+00
   22.100   2.022E+00
   22.200   1.966E+00
   22.300   1.912E+00
   22.400   1.860E+00
   22.500   1.811E+00
   22.600   1.764E+00
   22.700   1.718E+00
   22.800   1.675E+00
   22.900   1.633E+00
   23.000   1.593E+00
   23.100   1.554E+00
   23.200   1.517E+00
   23.300   1.481E+00
   23.400   1.447E+00
   23.500   1.414E+00
   23.600   1.382E+00
   23.700   1.351E+00
   23.800   1.322E+00
   23.900   1.293E+00
   24.000   1.266E+00
   24.100   1.239E+00
   24.200   1.213E+00
   24.300   1.189E+00
   24.400   1.165E+00
   24.500   1.142E+00
   24.600   1.119E+00
   24.700   1.097E+00
   24.800   1.077E+00
   24.900   1.056E+00
   25.000   1.036E+00
   25.100   1.017E+00
   25.200   9.989E-01
   25.300   9.809E-01
   25.400   9.635E-01
   25.500   9.466E-01
   25.600   9.302E-01
   25.700   9.142E-01
   25.800   8.987E-01
   25.900   8.836E-01
   26.000   8.690E-01
   26.100   8.547E-01
   26.200   8.408E-01
   26.300   8.274E-01
   26.400   8.142E-01
   26.500   8.014E-01
   26.600   7.890E-01
   26.700   7.768E-01
   26.800   7.650E-01
   26.900   7.534E-01
   27.000   7.422E-01
   27.100   7.312E-01
   27.200   7.205E-01
   27.300   7.101E-01
   27.400   6.999E-01
   27.500   6.899E-01
   27.600   6.802E-01
   27.700   6.707E-01
   27.800   6.614E-01
   27.900   6.523E-01
   28.000   6.435E-01
   28.100   6.348E-01
   28.200   6.263E-01
   28.300   6.180E-01
   28.400   6.099E-01
   28.500   6.020E-01
   28.600   5.942E-01
   28.700   5.866E-01
   28.800   5.792E-01
   28.900   5.719E-01
   29.000   5.647E-01
   29.100   5.578E-01
   29.200   5.509E-01
   29.300   5.442E-01
   29.400   5.376E-01
   29.500   5.312E-01
   29.600   5.249E-01
   29.700   5.187E-01
   29.800   5.126E-01
   29.900   5.066E-01
   30.000   5.008E-01
 
 Z=  35 A=  92  D1M-QRPA-Inter
 E[MeV]  fQRPA[mb/MeV]
    0.100   1.754E-04
    0.200   6.947E-04
    0.300   1.539E-03
    0.400   2.681E-03
    0.500   4.094E-03
    0.600   5.748E-03
    0.700   7.620E-03
    0.800   9.688E-03
    0.900   1.193E-02
    1.000   1.434E-02
    1.100   1.691E-02
    1.200   1.961E-02
    1.300   2.246E-02
    1.400   2.543E-02
    1.500   2.854E-02
    1.600   3.178E-02
    1.700   3.515E-02
    1.800   3.866E-02
    1.900   4.231E-02
    2.000   4.610E-02
    2.100   5.004E-02
    2.200   5.415E-02
    2.300   5.842E-02
    2.400   6.287E-02
    2.500   6.751E-02
    2.600   7.235E-02
    2.700   7.740E-02
    2.800   8.267E-02
    2.900   8.818E-02
    3.000   9.394E-02
    3.100   9.996E-02
    3.200   1.063E-01
    3.300   1.128E-01
    3.400   1.197E-01
    3.500   1.269E-01
    3.600   1.345E-01
    3.700   1.424E-01
    3.800   1.506E-01
    3.900   1.593E-01
    4.000   1.683E-01
    4.100   1.778E-01
    4.200   1.877E-01
    4.300   1.980E-01
    4.400   2.088E-01
    4.500   2.201E-01
    4.600   2.319E-01
    4.700   2.443E-01
    4.800   2.571E-01
    4.900   2.705E-01
    5.000   2.845E-01
    5.100   2.991E-01
    5.200   3.143E-01
    5.300   3.300E-01
    5.400   3.464E-01
    5.500   3.635E-01
    5.600   3.811E-01
    5.700   3.995E-01
    5.800   4.184E-01
    5.900   4.380E-01
    6.000   4.583E-01
    6.100   4.792E-01
    6.200   5.007E-01
    6.300   5.229E-01
    6.400   5.457E-01
    6.500   5.691E-01
    6.600   5.931E-01
    6.700   6.177E-01
    6.800   6.430E-01
    6.900   6.688E-01
    7.000   6.953E-01
    7.100   7.224E-01
    7.200   7.502E-01
    7.300   7.787E-01
    7.400   8.079E-01
    7.500   8.378E-01
    7.600   8.686E-01
    7.700   9.002E-01
    7.800   9.327E-01
    7.900   9.662E-01
    8.000   1.001E+00
    8.100   1.036E+00
    8.200   1.073E+00
    8.300   1.111E+00
    8.400   1.150E+00
    8.500   1.191E+00
    8.600   1.233E+00
    8.700   1.276E+00
    8.800   1.321E+00
    8.900   1.368E+00
    9.000   1.416E+00
    9.100   1.467E+00
    9.200   1.519E+00
    9.300   1.573E+00
    9.400   1.629E+00
    9.500   1.688E+00
    9.600   1.748E+00
    9.700   1.811E+00
    9.800   1.877E+00
    9.900   1.945E+00
   10.000   2.016E+00
   10.100   2.089E+00
   10.200   2.166E+00
   10.300   2.246E+00
   10.400   2.328E+00
   10.500   2.414E+00
   10.600   2.504E+00
   10.700   2.597E+00
   10.800   2.694E+00
   10.900   2.795E+00
   11.000   2.900E+00
   11.100   3.008E+00
   11.200   3.122E+00
   11.300   3.240E+00
   11.400   3.362E+00
   11.500   3.489E+00
   11.600   3.621E+00
   11.700   3.758E+00
   11.800   3.900E+00
   11.900   4.047E+00
   12.000   4.199E+00
   12.100   4.355E+00
   12.200   4.517E+00
   12.300   4.682E+00
   12.400   4.852E+00
   12.500   5.026E+00
   12.600   5.203E+00
   12.700   5.383E+00
   12.800   5.565E+00
   12.900   5.748E+00
   13.000   5.932E+00
   13.100   6.116E+00
   13.200   6.300E+00
   13.300   6.481E+00
   13.400   6.660E+00
   13.500   6.835E+00
   13.600   7.006E+00
   13.700   7.171E+00
   13.800   7.330E+00
   13.900   7.482E+00
   14.000   7.626E+00
   14.100   7.762E+00
   14.200   7.889E+00
   14.300   8.006E+00
   14.400   8.112E+00
   14.500   8.208E+00
   14.600   8.294E+00
   14.700   8.368E+00
   14.800   8.431E+00
   14.900   8.483E+00
   15.000   8.524E+00
   15.100   8.554E+00
   15.200   8.572E+00
   15.300   8.580E+00
   15.400   8.577E+00
   15.500   8.564E+00
   15.600   8.542E+00
   15.700   8.509E+00
   15.800   8.467E+00
   15.900   8.417E+00
   16.000   8.358E+00
   16.100   8.291E+00
   16.200   8.217E+00
   16.300   8.135E+00
   16.400   8.048E+00
   16.500   7.954E+00
   16.600   7.855E+00
   16.700   7.751E+00
   16.800   7.643E+00
   16.900   7.531E+00
   17.000   7.417E+00
   17.100   7.299E+00
   17.200   7.179E+00
   17.300   7.058E+00
   17.400   6.935E+00
   17.500   6.812E+00
   17.600   6.687E+00
   17.700   6.562E+00
   17.800   6.437E+00
   17.900   6.311E+00
   18.000   6.186E+00
   18.100   6.060E+00
   18.200   5.935E+00
   18.300   5.810E+00
   18.400   5.685E+00
   18.500   5.561E+00
   18.600   5.437E+00
   18.700   5.314E+00
   18.800   5.191E+00
   18.900   5.069E+00
   19.000   4.947E+00
   19.100   4.827E+00
   19.200   4.708E+00
   19.300   4.590E+00
   19.400   4.473E+00
   19.500   4.358E+00
   19.600   4.244E+00
   19.700   4.132E+00
   19.800   4.022E+00
   19.900   3.914E+00
   20.000   3.808E+00
   20.100   3.705E+00
   20.200   3.603E+00
   20.300   3.505E+00
   20.400   3.408E+00
   20.500   3.315E+00
   20.600   3.223E+00
   20.700   3.135E+00
   20.800   3.049E+00
   20.900   2.966E+00
   21.000   2.886E+00
   21.100   2.808E+00
   21.200   2.733E+00
   21.300   2.660E+00
   21.400   2.590E+00
   21.500   2.522E+00
   21.600   2.457E+00
   21.700   2.395E+00
   21.800   2.334E+00
   21.900   2.276E+00
   22.000   2.219E+00
   22.100   2.165E+00
   22.200   2.113E+00
   22.300   2.063E+00
   22.400   2.014E+00
   22.500   1.968E+00
   22.600   1.922E+00
   22.700   1.879E+00
   22.800   1.837E+00
   22.900   1.796E+00
   23.000   1.757E+00
   23.100   1.719E+00
   23.200   1.683E+00
   23.300   1.648E+00
   23.400   1.613E+00
   23.500   1.580E+00
   23.600   1.549E+00
   23.700   1.518E+00
   23.800   1.488E+00
   23.900   1.459E+00
   24.000   1.431E+00
   24.100   1.403E+00
   24.200   1.377E+00
   24.300   1.351E+00
   24.400   1.327E+00
   24.500   1.303E+00
   24.600   1.279E+00
   24.700   1.256E+00
   24.800   1.234E+00
   24.900   1.213E+00
   25.000   1.192E+00
   25.100   1.172E+00
   25.200   1.152E+00
   25.300   1.133E+00
   25.400   1.114E+00
   25.500   1.096E+00
   25.600   1.078E+00
   25.700   1.061E+00
   25.800   1.044E+00
   25.900   1.028E+00
   26.000   1.012E+00
   26.100   9.967E-01
   26.200   9.815E-01
   26.300   9.668E-01
   26.400   9.524E-01
   26.500   9.383E-01
   26.600   9.246E-01
   26.700   9.112E-01
   26.800   8.981E-01
   26.900   8.853E-01
   27.000   8.728E-01
   27.100   8.606E-01
   27.200   8.487E-01
   27.300   8.370E-01
   27.400   8.256E-01
   27.500   8.145E-01
   27.600   8.036E-01
   27.700   7.929E-01
   27.800   7.824E-01
   27.900   7.722E-01
   28.000   7.622E-01
   28.100   7.524E-01
   28.200   7.429E-01
   28.300   7.335E-01
   28.400   7.243E-01
   28.500   7.153E-01
   28.600   7.064E-01
   28.700   6.978E-01
   28.800   6.893E-01
   28.900   6.810E-01
   29.000   6.728E-01
   29.100   6.648E-01
   29.200   6.570E-01
   29.300   6.493E-01
   29.400   6.418E-01
   29.500   6.344E-01
   29.600   6.271E-01
   29.700   6.200E-01
   29.800   6.130E-01
   29.900   6.061E-01
   30.000   5.993E-01
 
 Z=  35 A=  93  D1M-QRPA-Inter
 E[MeV]  fQRPA[mb/MeV]
    0.100   1.547E-04
    0.200   6.182E-04
    0.300   1.388E-03
    0.400   2.461E-03
    0.500   3.832E-03
    0.600   5.496E-03
    0.700   7.445E-03
    0.800   9.674E-03
    0.900   1.218E-02
    1.000   1.494E-02
    1.100   1.797E-02
    1.200   2.124E-02
    1.300   2.477E-02
    1.400   2.854E-02
    1.500   3.254E-02
    1.600   3.678E-02
    1.700   4.126E-02
    1.800   4.597E-02
    1.900   5.091E-02
    2.000   5.608E-02
    2.100   6.150E-02
    2.200   6.715E-02
    2.300   7.305E-02
    2.400   7.920E-02
    2.500   8.561E-02
    2.600   9.228E-02
    2.700   9.923E-02
    2.800   1.065E-01
    2.900   1.140E-01
    3.000   1.218E-01
    3.100   1.299E-01
    3.200   1.384E-01
    3.300   1.472E-01
    3.400   1.564E-01
    3.500   1.659E-01
    3.600   1.758E-01
    3.700   1.861E-01
    3.800   1.968E-01
    3.900   2.079E-01
    4.000   2.195E-01
    4.100   2.316E-01
    4.200   2.441E-01
    4.300   2.571E-01
    4.400   2.706E-01
    4.500   2.846E-01
    4.600   2.992E-01
    4.700   3.143E-01
    4.800   3.300E-01
    4.900   3.463E-01
    5.000   3.633E-01
    5.100   3.808E-01
    5.200   3.990E-01
    5.300   4.179E-01
    5.400   4.375E-01
    5.500   4.578E-01
    5.600   4.788E-01
    5.700   5.005E-01
    5.800   5.230E-01
    5.900   5.463E-01
    6.000   5.704E-01
    6.100   5.953E-01
    6.200   6.210E-01
    6.300   6.475E-01
    6.400   6.749E-01
    6.500   7.031E-01
    6.600   7.323E-01
    6.700   7.623E-01
    6.800   7.932E-01
    6.900   8.249E-01
    7.000   8.577E-01
    7.100   8.913E-01
    7.200   9.259E-01
    7.300   9.614E-01
    7.400   9.979E-01
    7.500   1.035E+00
    7.600   1.074E+00
    7.700   1.113E+00
    7.800   1.154E+00
    7.900   1.196E+00
    8.000   1.239E+00
    8.100   1.283E+00
    8.200   1.328E+00
    8.300   1.374E+00
    8.400   1.422E+00
    8.500   1.472E+00
    8.600   1.523E+00
    8.700   1.575E+00
    8.800   1.629E+00
    8.900   1.685E+00
    9.000   1.743E+00
    9.100   1.802E+00
    9.200   1.864E+00
    9.300   1.928E+00
    9.400   1.994E+00
    9.500   2.062E+00
    9.600   2.133E+00
    9.700   2.207E+00
    9.800   2.283E+00
    9.900   2.362E+00
   10.000   2.444E+00
   10.100   2.529E+00
   10.200   2.617E+00
   10.300   2.709E+00
   10.400   2.804E+00
   10.500   2.902E+00
   10.600   3.004E+00
   10.700   3.110E+00
   10.800   3.219E+00
   10.900   3.332E+00
   11.000   3.449E+00
   11.100   3.571E+00
   11.200   3.696E+00
   11.300   3.825E+00
   11.400   3.959E+00
   11.500   4.096E+00
   11.600   4.238E+00
   11.700   4.384E+00
   11.800   4.534E+00
   11.900   4.688E+00
   12.000   4.846E+00
   12.100   5.008E+00
   12.200   5.173E+00
   12.300   5.342E+00
   12.400   5.514E+00
   12.500   5.689E+00
   12.600   5.867E+00
   12.700   6.047E+00
   12.800   6.229E+00
   12.900   6.413E+00
   13.000   6.597E+00
   13.100   6.783E+00
   13.200   6.968E+00
   13.300   7.153E+00
   13.400   7.336E+00
   13.500   7.518E+00
   13.600   7.696E+00
   13.700   7.872E+00
   13.800   8.043E+00
   13.900   8.210E+00
   14.000   8.371E+00
   14.100   8.526E+00
   14.200   8.673E+00
   14.300   8.813E+00
   14.400   8.944E+00
   14.500   9.067E+00
   14.600   9.179E+00
   14.700   9.282E+00
   14.800   9.374E+00
   14.900   9.456E+00
   15.000   9.526E+00
   15.100   9.585E+00
   15.200   9.633E+00
   15.300   9.669E+00
   15.400   9.695E+00
   15.500   9.709E+00
   15.600   9.712E+00
   15.700   9.704E+00
   15.800   9.686E+00
   15.900   9.657E+00
   16.000   9.619E+00
   16.100   9.571E+00
   16.200   9.514E+00
   16.300   9.447E+00
   16.400   9.373E+00
   16.500   9.290E+00
   16.600   9.199E+00
   16.700   9.101E+00
   16.800   8.996E+00
   16.900   8.885E+00
   17.000   8.768E+00
   17.100   8.645E+00
   17.200   8.516E+00
   17.300   8.384E+00
   17.400   8.246E+00
   17.500   8.106E+00
   17.600   7.962E+00
   17.700   7.815E+00
   17.800   7.666E+00
   17.900   7.515E+00
   18.000   7.364E+00
   18.100   7.211E+00
   18.200   7.058E+00
   18.300   6.905E+00
   18.400   6.753E+00
   18.500   6.601E+00
   18.600   6.451E+00
   18.700   6.302E+00
   18.800   6.155E+00
   18.900   6.010E+00
   19.000   5.867E+00
   19.100   5.727E+00
   19.200   5.589E+00
   19.300   5.454E+00
   19.400   5.322E+00
   19.500   5.193E+00
   19.600   5.067E+00
   19.700   4.944E+00
   19.800   4.825E+00
   19.900   4.708E+00
   20.000   4.595E+00
   20.100   4.484E+00
   20.200   4.377E+00
   20.300   4.273E+00
   20.400   4.172E+00
   20.500   4.073E+00
   20.600   3.978E+00
   20.700   3.885E+00
   20.800   3.796E+00
   20.900   3.709E+00
   21.000   3.624E+00
   21.100   3.543E+00
   21.200   3.463E+00
   21.300   3.386E+00
   21.400   3.312E+00
   21.500   3.239E+00
   21.600   3.169E+00
   21.700   3.101E+00
   21.800   3.036E+00
   21.900   2.972E+00
   22.000   2.910E+00
   22.100   2.850E+00
   22.200   2.791E+00
   22.300   2.735E+00
   22.400   2.680E+00
   22.500   2.626E+00
   22.600   2.575E+00
   22.700   2.525E+00
   22.800   2.476E+00
   22.900   2.428E+00
   23.000   2.382E+00
   23.100   2.338E+00
   23.200   2.294E+00
   23.300   2.252E+00
   23.400   2.211E+00
   23.500   2.171E+00
   23.600   2.132E+00
   23.700   2.094E+00
   23.800   2.058E+00
   23.900   2.022E+00
   24.000   1.987E+00
   24.100   1.953E+00
   24.200   1.920E+00
   24.300   1.888E+00
   24.400   1.857E+00
   24.500   1.826E+00
   24.600   1.796E+00
   24.700   1.767E+00
   24.800   1.739E+00
   24.900   1.712E+00
   25.000   1.685E+00
   25.100   1.659E+00
   25.200   1.633E+00
   25.300   1.608E+00
   25.400   1.584E+00
   25.500   1.560E+00
   25.600   1.537E+00
   25.700   1.514E+00
   25.800   1.492E+00
   25.900   1.470E+00
   26.000   1.449E+00
   26.100   1.428E+00
   26.200   1.408E+00
   26.300   1.388E+00
   26.400   1.369E+00
   26.500   1.350E+00
   26.600   1.331E+00
   26.700   1.313E+00
   26.800   1.296E+00
   26.900   1.278E+00
   27.000   1.261E+00
   27.100   1.245E+00
   27.200   1.228E+00
   27.300   1.212E+00
   27.400   1.197E+00
   27.500   1.181E+00
   27.600   1.166E+00
   27.700   1.152E+00
   27.800   1.137E+00
   27.900   1.123E+00
   28.000   1.109E+00
   28.100   1.096E+00
   28.200   1.083E+00
   28.300   1.070E+00
   28.400   1.057E+00
   28.500   1.044E+00
   28.600   1.032E+00
   28.700   1.020E+00
   28.800   1.008E+00
   28.900   9.964E-01
   29.000   9.850E-01
   29.100   9.738E-01
   29.200   9.628E-01
   29.300   9.519E-01
   29.400   9.413E-01
   29.500   9.309E-01
   29.600   9.207E-01
   29.700   9.106E-01
   29.800   9.007E-01
   29.900   8.910E-01
   30.000   8.814E-01
 
