 Z=  37 A=  87  D1M-QRPA-Inter
 E[MeV]  fQRPA[mb/MeV]
    0.100   1.747E-05
    0.200   6.991E-05
    0.300   1.574E-04
    0.400   2.799E-04
    0.500   4.377E-04
    0.600   6.308E-04
    0.700   8.594E-04
    0.800   1.124E-03
    0.900   1.424E-03
    1.000   1.761E-03
    1.100   2.134E-03
    1.200   2.545E-03
    1.300   2.993E-03
    1.400   3.478E-03
    1.500   4.002E-03
    1.600   4.565E-03
    1.700   5.167E-03
    1.800   5.809E-03
    1.900   6.492E-03
    2.000   7.216E-03
    2.100   7.982E-03
    2.200   8.791E-03
    2.300   9.643E-03
    2.400   1.054E-02
    2.500   1.148E-02
    2.600   1.247E-02
    2.700   1.351E-02
    2.800   1.459E-02
    2.900   1.573E-02
    3.000   1.691E-02
    3.100   1.815E-02
    3.200   1.944E-02
    3.300   2.079E-02
    3.400   2.219E-02
    3.500   2.365E-02
    3.600   2.517E-02
    3.700   2.675E-02
    3.800   2.840E-02
    3.900   3.011E-02
    4.000   3.189E-02
    4.100   3.373E-02
    4.200   3.565E-02
    4.300   3.765E-02
    4.400   3.972E-02
    4.500   4.187E-02
    4.600   4.410E-02
    4.700   4.641E-02
    4.800   4.881E-02
    4.900   5.131E-02
    5.000   5.390E-02
    5.100   5.659E-02
    5.200   5.938E-02
    5.300   6.227E-02
    5.400   6.528E-02
    5.500   6.839E-02
    5.600   7.163E-02
    5.700   7.500E-02
    5.800   7.849E-02
    5.900   8.211E-02
    6.000   8.588E-02
    6.100   8.980E-02
    6.200   9.386E-02
    6.300   9.809E-02
    6.400   1.025E-01
    6.500   1.071E-01
    6.600   1.118E-01
    6.700   1.168E-01
    6.800   1.219E-01
    6.900   1.273E-01
    7.000   1.328E-01
    7.100   1.387E-01
    7.200   1.447E-01
    7.300   1.510E-01
    7.400   1.576E-01
    7.500   1.645E-01
    7.600   1.717E-01
    7.700   1.792E-01
    7.800   1.870E-01
    7.900   1.952E-01
    8.000   2.037E-01
    8.100   2.127E-01
    8.200   2.220E-01
    8.300   2.318E-01
    8.400   2.421E-01
    8.500   2.529E-01
    8.600   2.641E-01
    8.700   2.759E-01
    8.800   2.883E-01
    8.900   3.013E-01
    9.000   3.150E-01
    9.100   3.293E-01
    9.200   3.444E-01
    9.300   3.602E-01
    9.400   3.769E-01
    9.500   3.945E-01
    9.600   4.129E-01
    9.700   4.324E-01
    9.800   4.530E-01
    9.900   4.747E-01
   10.000   4.977E-01
   10.100   5.219E-01
   10.200   5.476E-01
   10.300   5.747E-01
   10.400   6.035E-01
   10.500   6.339E-01
   10.600   6.661E-01
   10.700   7.003E-01
   10.800   7.365E-01
   10.900   7.747E-01
   11.000   8.153E-01
   11.100   8.582E-01
   11.200   9.035E-01
   11.300   9.514E-01
   11.400   1.002E+00
   11.500   1.055E+00
   11.600   1.111E+00
   11.700   1.170E+00
   11.800   1.232E+00
   11.900   1.297E+00
   12.000   1.365E+00
   12.100   1.436E+00
   12.200   1.511E+00
   12.300   1.588E+00
   12.400   1.669E+00
   12.500   1.753E+00
   12.600   1.841E+00
   12.700   1.932E+00
   12.800   2.027E+00
   12.900   2.126E+00
   13.000   2.229E+00
   13.100   2.336E+00
   13.200   2.448E+00
   13.300   2.564E+00
   13.400   2.685E+00
   13.500   2.811E+00
   13.600   2.941E+00
   13.700   3.076E+00
   13.800   3.215E+00
   13.900   3.358E+00
   14.000   3.503E+00
   14.100   3.652E+00
   14.200   3.801E+00
   14.300   3.951E+00
   14.400   4.101E+00
   14.500   4.250E+00
   14.600   4.396E+00
   14.700   4.539E+00
   14.800   4.678E+00
   14.900   4.814E+00
   15.000   4.946E+00
   15.100   5.074E+00
   15.200   5.198E+00
   15.300   5.318E+00
   15.400   5.435E+00
   15.500   5.548E+00
   15.600   5.658E+00
   15.700   5.763E+00
   15.800   5.865E+00
   15.900   5.962E+00
   16.000   6.054E+00
   16.100   6.141E+00
   16.200   6.223E+00
   16.300   6.299E+00
   16.400   6.371E+00
   16.500   6.437E+00
   16.600   6.498E+00
   16.700   6.555E+00
   16.800   6.608E+00
   16.900   6.655E+00
   17.000   6.698E+00
   17.100   6.734E+00
   17.200   6.763E+00
   17.300   6.782E+00
   17.400   6.790E+00
   17.500   6.785E+00
   17.600   6.764E+00
   17.700   6.725E+00
   17.800   6.668E+00
   17.900   6.591E+00
   18.000   6.494E+00
   18.100   6.379E+00
   18.200   6.247E+00
   18.300   6.099E+00
   18.400   5.939E+00
   18.500   5.769E+00
   18.600   5.593E+00
   18.700   5.412E+00
   18.800   5.229E+00
   18.900   5.047E+00
   19.000   4.868E+00
   19.100   4.693E+00
   19.200   4.523E+00
   19.300   4.358E+00
   19.400   4.200E+00
   19.500   4.048E+00
   19.600   3.902E+00
   19.700   3.763E+00
   19.800   3.628E+00
   19.900   3.499E+00
   20.000   3.375E+00
   20.100   3.255E+00
   20.200   3.138E+00
   20.300   3.026E+00
   20.400   2.917E+00
   20.500   2.812E+00
   20.600   2.710E+00
   20.700   2.611E+00
   20.800   2.516E+00
   20.900   2.424E+00
   21.000   2.335E+00
   21.100   2.249E+00
   21.200   2.168E+00
   21.300   2.089E+00
   21.400   2.015E+00
   21.500   1.943E+00
   21.600   1.875E+00
   21.700   1.811E+00
   21.800   1.750E+00
   21.900   1.691E+00
   22.000   1.636E+00
   22.100   1.584E+00
   22.200   1.534E+00
   22.300   1.487E+00
   22.400   1.443E+00
   22.500   1.400E+00
   22.600   1.360E+00
   22.700   1.321E+00
   22.800   1.284E+00
   22.900   1.249E+00
   23.000   1.215E+00
   23.100   1.183E+00
   23.200   1.152E+00
   23.300   1.122E+00
   23.400   1.094E+00
   23.500   1.067E+00
   23.600   1.041E+00
   23.700   1.016E+00
   23.800   9.920E-01
   23.900   9.694E-01
   24.000   9.477E-01
   24.100   9.271E-01
   24.200   9.074E-01
   24.300   8.886E-01
   24.400   8.707E-01
   24.500   8.536E-01
   24.600   8.372E-01
   24.700   8.216E-01
   24.800   8.067E-01
   24.900   7.924E-01
   25.000   7.787E-01
   25.100   7.655E-01
   25.200   7.527E-01
   25.300   7.404E-01
   25.400   7.284E-01
   25.500   7.166E-01
   25.600   7.051E-01
   25.700   6.938E-01
   25.800   6.826E-01
   25.900   6.714E-01
   26.000   6.603E-01
   26.100   6.492E-01
   26.200   6.380E-01
   26.300   6.268E-01
   26.400   6.155E-01
   26.500   6.041E-01
   26.600   5.927E-01
   26.700   5.813E-01
   26.800   5.698E-01
   26.900   5.583E-01
   27.000   5.469E-01
   27.100   5.356E-01
   27.200   5.244E-01
   27.300   5.134E-01
   27.400   5.025E-01
   27.500   4.919E-01
   27.600   4.816E-01
   27.700   4.715E-01
   27.800   4.617E-01
   27.900   4.522E-01
   28.000   4.431E-01
   28.100   4.342E-01
   28.200   4.256E-01
   28.300   4.173E-01
   28.400   4.094E-01
   28.500   4.017E-01
   28.600   3.942E-01
   28.700   3.870E-01
   28.800   3.801E-01
   28.900   3.734E-01
   29.000   3.670E-01
   29.100   3.607E-01
   29.200   3.547E-01
   29.300   3.488E-01
   29.400   3.431E-01
   29.500   3.377E-01
   29.600   3.323E-01
   29.700   3.272E-01
   29.800   3.222E-01
   29.900   3.173E-01
   30.000   3.126E-01
 
 Z=  37 A=  88  D1M-QRPA-Inter
 E[MeV]  fQRPA[mb/MeV]
    0.100   6.128E-05
    0.200   2.446E-04
    0.300   5.486E-04
    0.400   9.710E-04
    0.500   1.508E-03
    0.600   2.157E-03
    0.700   2.914E-03
    0.800   3.772E-03
    0.900   4.729E-03
    1.000   5.779E-03
    1.100   6.916E-03
    1.200   8.138E-03
    1.300   9.440E-03
    1.400   1.082E-02
    1.500   1.227E-02
    1.600   1.379E-02
    1.700   1.538E-02
    1.800   1.703E-02
    1.900   1.876E-02
    2.000   2.054E-02
    2.100   2.240E-02
    2.200   2.432E-02
    2.300   2.631E-02
    2.400   2.837E-02
    2.500   3.050E-02
    2.600   3.271E-02
    2.700   3.500E-02
    2.800   3.737E-02
    2.900   3.982E-02
    3.000   4.237E-02
    3.100   4.501E-02
    3.200   4.775E-02
    3.300   5.060E-02
    3.400   5.355E-02
    3.500   5.662E-02
    3.600   5.980E-02
    3.700   6.312E-02
    3.800   6.656E-02
    3.900   7.014E-02
    4.000   7.386E-02
    4.100   7.773E-02
    4.200   8.175E-02
    4.300   8.594E-02
    4.400   9.030E-02
    4.500   9.483E-02
    4.600   9.955E-02
    4.700   1.045E-01
    4.800   1.096E-01
    4.900   1.149E-01
    5.000   1.204E-01
    5.100   1.262E-01
    5.200   1.322E-01
    5.300   1.384E-01
    5.400   1.449E-01
    5.500   1.516E-01
    5.600   1.587E-01
    5.700   1.660E-01
    5.800   1.736E-01
    5.900   1.816E-01
    6.000   1.899E-01
    6.100   1.985E-01
    6.200   2.075E-01
    6.300   2.168E-01
    6.400   2.266E-01
    6.500   2.368E-01
    6.600   2.474E-01
    6.700   2.584E-01
    6.800   2.700E-01
    6.900   2.820E-01
    7.000   2.945E-01
    7.100   3.075E-01
    7.200   3.212E-01
    7.300   3.354E-01
    7.400   3.502E-01
    7.500   3.656E-01
    7.600   3.817E-01
    7.700   3.985E-01
    7.800   4.161E-01
    7.900   4.344E-01
    8.000   4.534E-01
    8.100   4.733E-01
    8.200   4.941E-01
    8.300   5.157E-01
    8.400   5.383E-01
    8.500   5.618E-01
    8.600   5.864E-01
    8.700   6.120E-01
    8.800   6.387E-01
    8.900   6.665E-01
    9.000   6.955E-01
    9.100   7.257E-01
    9.200   7.572E-01
    9.300   7.900E-01
    9.400   8.241E-01
    9.500   8.597E-01
    9.600   8.967E-01
    9.700   9.353E-01
    9.800   9.754E-01
    9.900   1.017E+00
   10.000   1.061E+00
   10.100   1.106E+00
   10.200   1.154E+00
   10.300   1.203E+00
   10.400   1.254E+00
   10.500   1.308E+00
   10.600   1.364E+00
   10.700   1.423E+00
   10.800   1.485E+00
   10.900   1.549E+00
   11.000   1.616E+00
   11.100   1.687E+00
   11.200   1.760E+00
   11.300   1.838E+00
   11.400   1.919E+00
   11.500   2.004E+00
   11.600   2.093E+00
   11.700   2.186E+00
   11.800   2.284E+00
   11.900   2.386E+00
   12.000   2.493E+00
   12.100   2.606E+00
   12.200   2.723E+00
   12.300   2.846E+00
   12.400   2.975E+00
   12.500   3.110E+00
   12.600   3.250E+00
   12.700   3.398E+00
   12.800   3.552E+00
   12.900   3.713E+00
   13.000   3.882E+00
   13.100   4.058E+00
   13.200   4.242E+00
   13.300   4.433E+00
   13.400   4.633E+00
   13.500   4.841E+00
   13.600   5.056E+00
   13.700   5.279E+00
   13.800   5.509E+00
   13.900   5.745E+00
   14.000   5.986E+00
   14.100   6.231E+00
   14.200   6.479E+00
   14.300   6.727E+00
   14.400   6.975E+00
   14.500   7.220E+00
   14.600   7.461E+00
   14.700   7.696E+00
   14.800   7.922E+00
   14.900   8.140E+00
   15.000   8.347E+00
   15.100   8.542E+00
   15.200   8.724E+00
   15.300   8.892E+00
   15.400   9.046E+00
   15.500   9.185E+00
   15.600   9.308E+00
   15.700   9.414E+00
   15.800   9.503E+00
   15.900   9.575E+00
   16.000   9.630E+00
   16.100   9.668E+00
   16.200   9.688E+00
   16.300   9.692E+00
   16.400   9.681E+00
   16.500   9.655E+00
   16.600   9.615E+00
   16.700   9.563E+00
   16.800   9.500E+00
   16.900   9.426E+00
   17.000   9.342E+00
   17.100   9.249E+00
   17.200   9.147E+00
   17.300   9.034E+00
   17.400   8.912E+00
   17.500   8.780E+00
   17.600   8.636E+00
   17.700   8.482E+00
   17.800   8.316E+00
   17.900   8.140E+00
   18.000   7.954E+00
   18.100   7.759E+00
   18.200   7.556E+00
   18.300   7.348E+00
   18.400   7.135E+00
   18.500   6.919E+00
   18.600   6.703E+00
   18.700   6.489E+00
   18.800   6.276E+00
   18.900   6.068E+00
   19.000   5.865E+00
   19.100   5.667E+00
   19.200   5.475E+00
   19.300   5.291E+00
   19.400   5.113E+00
   19.500   4.942E+00
   19.600   4.777E+00
   19.700   4.619E+00
   19.800   4.467E+00
   19.900   4.321E+00
   20.000   4.180E+00
   20.100   4.044E+00
   20.200   3.914E+00
   20.300   3.787E+00
   20.400   3.666E+00
   20.500   3.548E+00
   20.600   3.434E+00
   20.700   3.325E+00
   20.800   3.219E+00
   20.900   3.117E+00
   21.000   3.019E+00
   21.100   2.925E+00
   21.200   2.834E+00
   21.300   2.747E+00
   21.400   2.663E+00
   21.500   2.583E+00
   21.600   2.506E+00
   21.700   2.432E+00
   21.800   2.362E+00
   21.900   2.294E+00
   22.000   2.230E+00
   22.100   2.168E+00
   22.200   2.109E+00
   22.300   2.053E+00
   22.400   1.998E+00
   22.500   1.946E+00
   22.600   1.896E+00
   22.700   1.848E+00
   22.800   1.802E+00
   22.900   1.758E+00
   23.000   1.715E+00
   23.100   1.674E+00
   23.200   1.634E+00
   23.300   1.596E+00
   23.400   1.559E+00
   23.500   1.524E+00
   23.600   1.490E+00
   23.700   1.457E+00
   23.800   1.425E+00
   23.900   1.395E+00
   24.000   1.366E+00
   24.100   1.338E+00
   24.200   1.311E+00
   24.300   1.285E+00
   24.400   1.260E+00
   24.500   1.235E+00
   24.600   1.212E+00
   24.700   1.190E+00
   24.800   1.169E+00
   24.900   1.148E+00
   25.000   1.128E+00
   25.100   1.108E+00
   25.200   1.090E+00
   25.300   1.071E+00
   25.400   1.054E+00
   25.500   1.036E+00
   25.600   1.019E+00
   25.700   1.003E+00
   25.800   9.867E-01
   25.900   9.707E-01
   26.000   9.550E-01
   26.100   9.394E-01
   26.200   9.240E-01
   26.300   9.088E-01
   26.400   8.936E-01
   26.500   8.786E-01
   26.600   8.637E-01
   26.700   8.490E-01
   26.800   8.344E-01
   26.900   8.199E-01
   27.000   8.056E-01
   27.100   7.915E-01
   27.200   7.776E-01
   27.300   7.639E-01
   27.400   7.505E-01
   27.500   7.374E-01
   27.600   7.246E-01
   27.700   7.121E-01
   27.800   6.999E-01
   27.900   6.881E-01
   28.000   6.765E-01
   28.100   6.653E-01
   28.200   6.544E-01
   28.300   6.438E-01
   28.400   6.335E-01
   28.500   6.235E-01
   28.600   6.138E-01
   28.700   6.044E-01
   28.800   5.952E-01
   28.900   5.863E-01
   29.000   5.776E-01
   29.100   5.692E-01
   29.200   5.610E-01
   29.300   5.530E-01
   29.400   5.453E-01
   29.500   5.377E-01
   29.600   5.303E-01
   29.700   5.231E-01
   29.800   5.161E-01
   29.900   5.092E-01
   30.000   5.026E-01
 
 Z=  37 A=  89  D1M-QRPA-Inter
 E[MeV]  fQRPA[mb/MeV]
    0.100   1.467E-04
    0.200   5.845E-04
    0.300   1.306E-03
    0.400   2.300E-03
    0.500   3.550E-03
    0.600   5.038E-03
    0.700   6.744E-03
    0.800   8.645E-03
    0.900   1.072E-02
    1.000   1.295E-02
    1.100   1.530E-02
    1.200   1.777E-02
    1.300   2.033E-02
    1.400   2.297E-02
    1.500   2.567E-02
    1.600   2.844E-02
    1.700   3.125E-02
    1.800   3.410E-02
    1.900   3.700E-02
    2.000   3.993E-02
    2.100   4.291E-02
    2.200   4.593E-02
    2.300   4.900E-02
    2.400   5.213E-02
    2.500   5.532E-02
    2.600   5.858E-02
    2.700   6.191E-02
    2.800   6.533E-02
    2.900   6.885E-02
    3.000   7.247E-02
    3.100   7.621E-02
    3.200   8.008E-02
    3.300   8.408E-02
    3.400   8.823E-02
    3.500   9.253E-02
    3.600   9.701E-02
    3.700   1.017E-01
    3.800   1.065E-01
    3.900   1.115E-01
    4.000   1.168E-01
    4.100   1.223E-01
    4.200   1.280E-01
    4.300   1.340E-01
    4.400   1.402E-01
    4.500   1.467E-01
    4.600   1.534E-01
    4.700   1.605E-01
    4.800   1.679E-01
    4.900   1.756E-01
    5.000   1.836E-01
    5.100   1.920E-01
    5.200   2.008E-01
    5.300   2.100E-01
    5.400   2.195E-01
    5.500   2.295E-01
    5.600   2.400E-01
    5.700   2.509E-01
    5.800   2.623E-01
    5.900   2.742E-01
    6.000   2.866E-01
    6.100   2.996E-01
    6.200   3.131E-01
    6.300   3.273E-01
    6.400   3.421E-01
    6.500   3.575E-01
    6.600   3.737E-01
    6.700   3.905E-01
    6.800   4.081E-01
    6.900   4.265E-01
    7.000   4.457E-01
    7.100   4.657E-01
    7.200   4.866E-01
    7.300   5.084E-01
    7.400   5.311E-01
    7.500   5.548E-01
    7.600   5.795E-01
    7.700   6.052E-01
    7.800   6.320E-01
    7.900   6.599E-01
    8.000   6.890E-01
    8.100   7.192E-01
    8.200   7.506E-01
    8.300   7.832E-01
    8.400   8.171E-01
    8.500   8.523E-01
    8.600   8.889E-01
    8.700   9.267E-01
    8.800   9.660E-01
    8.900   1.007E+00
    9.000   1.049E+00
    9.100   1.092E+00
    9.200   1.137E+00
    9.300   1.183E+00
    9.400   1.230E+00
    9.500   1.279E+00
    9.600   1.329E+00
    9.700   1.381E+00
    9.800   1.434E+00
    9.900   1.488E+00
   10.000   1.544E+00
   10.100   1.601E+00
   10.200   1.659E+00
   10.300   1.719E+00
   10.400   1.780E+00
   10.500   1.843E+00
   10.600   1.908E+00
   10.700   1.975E+00
   10.800   2.043E+00
   10.900   2.114E+00
   11.000   2.187E+00
   11.100   2.263E+00
   11.200   2.342E+00
   11.300   2.424E+00
   11.400   2.509E+00
   11.500   2.597E+00
   11.600   2.690E+00
   11.700   2.788E+00
   11.800   2.889E+00
   11.900   2.996E+00
   12.000   3.109E+00
   12.100   3.227E+00
   12.200   3.351E+00
   12.300   3.482E+00
   12.400   3.620E+00
   12.500   3.765E+00
   12.600   3.918E+00
   12.700   4.080E+00
   12.800   4.249E+00
   12.900   4.428E+00
   13.000   4.615E+00
   13.100   4.812E+00
   13.200   5.018E+00
   13.300   5.233E+00
   13.400   5.458E+00
   13.500   5.692E+00
   13.600   5.935E+00
   13.700   6.186E+00
   13.800   6.445E+00
   13.900   6.711E+00
   14.000   6.983E+00
   14.100   7.260E+00
   14.200   7.539E+00
   14.300   7.820E+00
   14.400   8.099E+00
   14.500   8.376E+00
   14.600   8.647E+00
   14.700   8.909E+00
   14.800   9.160E+00
   14.900   9.397E+00
   15.000   9.617E+00
   15.100   9.818E+00
   15.200   9.997E+00
   15.300   1.015E+01
   15.400   1.028E+01
   15.500   1.038E+01
   15.600   1.045E+01
   15.700   1.050E+01
   15.800   1.051E+01
   15.900   1.050E+01
   16.000   1.046E+01
   16.100   1.039E+01
   16.200   1.030E+01
   16.300   1.018E+01
   16.400   1.004E+01
   16.500   9.887E+00
   16.600   9.713E+00
   16.700   9.525E+00
   16.800   9.325E+00
   16.900   9.115E+00
   17.000   8.897E+00
   17.100   8.674E+00
   17.200   8.446E+00
   17.300   8.216E+00
   17.400   7.986E+00
   17.500   7.756E+00
   17.600   7.528E+00
   17.700   7.303E+00
   17.800   7.081E+00
   17.900   6.864E+00
   18.000   6.651E+00
   18.100   6.443E+00
   18.200   6.240E+00
   18.300   6.043E+00
   18.400   5.851E+00
   18.500   5.666E+00
   18.600   5.486E+00
   18.700   5.312E+00
   18.800   5.143E+00
   18.900   4.981E+00
   19.000   4.824E+00
   19.100   4.672E+00
   19.200   4.526E+00
   19.300   4.385E+00
   19.400   4.249E+00
   19.500   4.118E+00
   19.600   3.992E+00
   19.700   3.871E+00
   19.800   3.755E+00
   19.900   3.643E+00
   20.000   3.535E+00
   20.100   3.431E+00
   20.200   3.332E+00
   20.300   3.236E+00
   20.400   3.145E+00
   20.500   3.056E+00
   20.600   2.972E+00
   20.700   2.891E+00
   20.800   2.812E+00
   20.900   2.737E+00
   21.000   2.665E+00
   21.100   2.596E+00
   21.200   2.529E+00
   21.300   2.465E+00
   21.400   2.403E+00
   21.500   2.344E+00
   21.600   2.286E+00
   21.700   2.230E+00
   21.800   2.177E+00
   21.900   2.125E+00
   22.000   2.075E+00
   22.100   2.026E+00
   22.200   1.979E+00
   22.300   1.934E+00
   22.400   1.890E+00
   22.500   1.847E+00
   22.600   1.806E+00
   22.700   1.766E+00
   22.800   1.727E+00
   22.900   1.689E+00
   23.000   1.653E+00
   23.100   1.617E+00
   23.200   1.583E+00
   23.300   1.550E+00
   23.400   1.517E+00
   23.500   1.486E+00
   23.600   1.456E+00
   23.700   1.426E+00
   23.800   1.398E+00
   23.900   1.370E+00
   24.000   1.344E+00
   24.100   1.318E+00
   24.200   1.292E+00
   24.300   1.268E+00
   24.400   1.244E+00
   24.500   1.221E+00
   24.600   1.199E+00
   24.700   1.177E+00
   24.800   1.156E+00
   24.900   1.135E+00
   25.000   1.115E+00
   25.100   1.096E+00
   25.200   1.077E+00
   25.300   1.058E+00
   25.400   1.041E+00
   25.500   1.023E+00
   25.600   1.006E+00
   25.700   9.898E-01
   25.800   9.738E-01
   25.900   9.582E-01
   26.000   9.430E-01
   26.100   9.281E-01
   26.200   9.137E-01
   26.300   8.996E-01
   26.400   8.858E-01
   26.500   8.724E-01
   26.600   8.594E-01
   26.700   8.466E-01
   26.800   8.341E-01
   26.900   8.220E-01
   27.000   8.101E-01
   27.100   7.985E-01
   27.200   7.872E-01
   27.300   7.761E-01
   27.400   7.653E-01
   27.500   7.547E-01
   27.600   7.444E-01
   27.700   7.343E-01
   27.800   7.244E-01
   27.900   7.147E-01
   28.000   7.052E-01
   28.100   6.960E-01
   28.200   6.869E-01
   28.300   6.780E-01
   28.400   6.694E-01
   28.500   6.608E-01
   28.600   6.525E-01
   28.700   6.443E-01
   28.800   6.363E-01
   28.900   6.285E-01
   29.000   6.208E-01
   29.100   6.133E-01
   29.200   6.059E-01
   29.300   5.987E-01
   29.400   5.916E-01
   29.500   5.846E-01
   29.600   5.777E-01
   29.700   5.710E-01
   29.800   5.645E-01
   29.900   5.580E-01
   30.000   5.517E-01
 
 Z=  37 A=  90  D1M-QRPA-Inter
 E[MeV]  fQRPA[mb/MeV]
    0.100   3.924E-04
    0.200   1.338E-03
    0.300   2.605E-03
    0.400   4.101E-03
    0.500   5.779E-03
    0.600   7.611E-03
    0.700   9.573E-03
    0.800   1.165E-02
    0.900   1.382E-02
    1.000   1.608E-02
    1.100   1.841E-02
    1.200   2.082E-02
    1.300   2.328E-02
    1.400   2.580E-02
    1.500   2.838E-02
    1.600   3.101E-02
    1.700   3.370E-02
    1.800   3.644E-02
    1.900   3.925E-02
    2.000   4.212E-02
    2.100   4.506E-02
    2.200   4.808E-02
    2.300   5.118E-02
    2.400   5.437E-02
    2.500   5.766E-02
    2.600   6.106E-02
    2.700   6.458E-02
    2.800   6.822E-02
    2.900   7.200E-02
    3.000   7.592E-02
    3.100   8.001E-02
    3.200   8.426E-02
    3.300   8.869E-02
    3.400   9.330E-02
    3.500   9.812E-02
    3.600   1.032E-01
    3.700   1.084E-01
    3.800   1.139E-01
    3.900   1.197E-01
    4.000   1.257E-01
    4.100   1.319E-01
    4.200   1.385E-01
    4.300   1.454E-01
    4.400   1.526E-01
    4.500   1.601E-01
    4.600   1.680E-01
    4.700   1.762E-01
    4.800   1.848E-01
    4.900   1.938E-01
    5.000   2.032E-01
    5.100   2.130E-01
    5.200   2.233E-01
    5.300   2.340E-01
    5.400   2.452E-01
    5.500   2.568E-01
    5.600   2.690E-01
    5.700   2.817E-01
    5.800   2.949E-01
    5.900   3.087E-01
    6.000   3.230E-01
    6.100   3.379E-01
    6.200   3.534E-01
    6.300   3.695E-01
    6.400   3.863E-01
    6.500   4.037E-01
    6.600   4.217E-01
    6.700   4.405E-01
    6.800   4.600E-01
    6.900   4.802E-01
    7.000   5.012E-01
    7.100   5.230E-01
    7.200   5.456E-01
    7.300   5.691E-01
    7.400   5.935E-01
    7.500   6.187E-01
    7.600   6.450E-01
    7.700   6.721E-01
    7.800   7.003E-01
    7.900   7.295E-01
    8.000   7.598E-01
    8.100   7.911E-01
    8.200   8.235E-01
    8.300   8.571E-01
    8.400   8.918E-01
    8.500   9.276E-01
    8.600   9.647E-01
    8.700   1.003E+00
    8.800   1.042E+00
    8.900   1.083E+00
    9.000   1.125E+00
    9.100   1.168E+00
    9.200   1.213E+00
    9.300   1.258E+00
    9.400   1.305E+00
    9.500   1.354E+00
    9.600   1.404E+00
    9.700   1.455E+00
    9.800   1.507E+00
    9.900   1.561E+00
   10.000   1.616E+00
   10.100   1.673E+00
   10.200   1.732E+00
   10.300   1.792E+00
   10.400   1.854E+00
   10.500   1.918E+00
   10.600   1.984E+00
   10.700   2.052E+00
   10.800   2.122E+00
   10.900   2.195E+00
   11.000   2.270E+00
   11.100   2.349E+00
   11.200   2.430E+00
   11.300   2.515E+00
   11.400   2.604E+00
   11.500   2.697E+00
   11.600   2.793E+00
   11.700   2.895E+00
   11.800   3.001E+00
   11.900   3.112E+00
   12.000   3.229E+00
   12.100   3.351E+00
   12.200   3.480E+00
   12.300   3.615E+00
   12.400   3.756E+00
   12.500   3.905E+00
   12.600   4.060E+00
   12.700   4.223E+00
   12.800   4.393E+00
   12.900   4.571E+00
   13.000   4.756E+00
   13.100   4.948E+00
   13.200   5.148E+00
   13.300   5.354E+00
   13.400   5.567E+00
   13.500   5.785E+00
   13.600   6.009E+00
   13.700   6.238E+00
   13.800   6.470E+00
   13.900   6.704E+00
   14.000   6.940E+00
   14.100   7.176E+00
   14.200   7.411E+00
   14.300   7.642E+00
   14.400   7.869E+00
   14.500   8.090E+00
   14.600   8.302E+00
   14.700   8.506E+00
   14.800   8.698E+00
   14.900   8.877E+00
   15.000   9.042E+00
   15.100   9.192E+00
   15.200   9.325E+00
   15.300   9.440E+00
   15.400   9.537E+00
   15.500   9.615E+00
   15.600   9.674E+00
   15.700   9.712E+00
   15.800   9.731E+00
   15.900   9.730E+00
   16.000   9.709E+00
   16.100   9.669E+00
   16.200   9.611E+00
   16.300   9.535E+00
   16.400   9.442E+00
   16.500   9.333E+00
   16.600   9.209E+00
   16.700   9.072E+00
   16.800   8.922E+00
   16.900   8.762E+00
   17.000   8.592E+00
   17.100   8.415E+00
   17.200   8.231E+00
   17.300   8.042E+00
   17.400   7.849E+00
   17.500   7.653E+00
   17.600   7.457E+00
   17.700   7.260E+00
   17.800   7.063E+00
   17.900   6.868E+00
   18.000   6.675E+00
   18.100   6.486E+00
   18.200   6.299E+00
   18.300   6.117E+00
   18.400   5.938E+00
   18.500   5.764E+00
   18.600   5.595E+00
   18.700   5.430E+00
   18.800   5.270E+00
   18.900   5.116E+00
   19.000   4.966E+00
   19.100   4.821E+00
   19.200   4.681E+00
   19.300   4.546E+00
   19.400   4.416E+00
   19.500   4.290E+00
   19.600   4.169E+00
   19.700   4.052E+00
   19.800   3.940E+00
   19.900   3.833E+00
   20.000   3.729E+00
   20.100   3.629E+00
   20.200   3.534E+00
   20.300   3.442E+00
   20.400   3.354E+00
   20.500   3.269E+00
   20.600   3.187E+00
   20.700   3.109E+00
   20.800   3.034E+00
   20.900   2.961E+00
   21.000   2.891E+00
   21.100   2.823E+00
   21.200   2.758E+00
   21.300   2.695E+00
   21.400   2.634E+00
   21.500   2.574E+00
   21.600   2.516E+00
   21.700   2.460E+00
   21.800   2.406E+00
   21.900   2.352E+00
   22.000   2.300E+00
   22.100   2.249E+00
   22.200   2.200E+00
   22.300   2.151E+00
   22.400   2.104E+00
   22.500   2.058E+00
   22.600   2.013E+00
   22.700   1.969E+00
   22.800   1.926E+00
   22.900   1.884E+00
   23.000   1.843E+00
   23.100   1.804E+00
   23.200   1.765E+00
   23.300   1.728E+00
   23.400   1.691E+00
   23.500   1.656E+00
   23.600   1.621E+00
   23.700   1.588E+00
   23.800   1.555E+00
   23.900   1.524E+00
   24.000   1.493E+00
   24.100   1.463E+00
   24.200   1.434E+00
   24.300   1.406E+00
   24.400   1.378E+00
   24.500   1.352E+00
   24.600   1.325E+00
   24.700   1.300E+00
   24.800   1.275E+00
   24.900   1.251E+00
   25.000   1.227E+00
   25.100   1.204E+00
   25.200   1.182E+00
   25.300   1.160E+00
   25.400   1.139E+00
   25.500   1.118E+00
   25.600   1.097E+00
   25.700   1.077E+00
   25.800   1.058E+00
   25.900   1.039E+00
   26.000   1.021E+00
   26.100   1.003E+00
   26.200   9.855E-01
   26.300   9.684E-01
   26.400   9.519E-01
   26.500   9.358E-01
   26.600   9.200E-01
   26.700   9.048E-01
   26.800   8.899E-01
   26.900   8.754E-01
   27.000   8.612E-01
   27.100   8.475E-01
   27.200   8.341E-01
   27.300   8.211E-01
   27.400   8.084E-01
   27.500   7.960E-01
   27.600   7.839E-01
   27.700   7.722E-01
   27.800   7.607E-01
   27.900   7.496E-01
   28.000   7.387E-01
   28.100   7.280E-01
   28.200   7.177E-01
   28.300   7.075E-01
   28.400   6.977E-01
   28.500   6.880E-01
   28.600   6.786E-01
   28.700   6.694E-01
   28.800   6.604E-01
   28.900   6.516E-01
   29.000   6.430E-01
   29.100   6.346E-01
   29.200   6.264E-01
   29.300   6.184E-01
   29.400   6.105E-01
   29.500   6.028E-01
   29.600   5.953E-01
   29.700   5.879E-01
   29.800   5.807E-01
   29.900   5.736E-01
   30.000   5.667E-01
 
 Z=  37 A=  91  D1M-QRPA-Inter
 E[MeV]  fQRPA[mb/MeV]
    0.100   1.128E-03
    0.200   3.290E-03
    0.300   5.584E-03
    0.400   7.859E-03
    0.500   1.011E-02
    0.600   1.236E-02
    0.700   1.461E-02
    0.800   1.687E-02
    0.900   1.915E-02
    1.000   2.147E-02
    1.100   2.382E-02
    1.200   2.621E-02
    1.300   2.865E-02
    1.400   3.115E-02
    1.500   3.371E-02
    1.600   3.635E-02
    1.700   3.906E-02
    1.800   4.186E-02
    1.900   4.475E-02
    2.000   4.775E-02
    2.100   5.086E-02
    2.200   5.409E-02
    2.300   5.745E-02
    2.400   6.095E-02
    2.500   6.460E-02
    2.600   6.841E-02
    2.700   7.240E-02
    2.800   7.656E-02
    2.900   8.092E-02
    3.000   8.549E-02
    3.100   9.027E-02
    3.200   9.529E-02
    3.300   1.005E-01
    3.400   1.061E-01
    3.500   1.118E-01
    3.600   1.179E-01
    3.700   1.243E-01
    3.800   1.310E-01
    3.900   1.380E-01
    4.000   1.453E-01
    4.100   1.530E-01
    4.200   1.611E-01
    4.300   1.696E-01
    4.400   1.785E-01
    4.500   1.879E-01
    4.600   1.976E-01
    4.700   2.079E-01
    4.800   2.186E-01
    4.900   2.299E-01
    5.000   2.416E-01
    5.100   2.540E-01
    5.200   2.668E-01
    5.300   2.802E-01
    5.400   2.943E-01
    5.500   3.089E-01
    5.600   3.241E-01
    5.700   3.399E-01
    5.800   3.564E-01
    5.900   3.735E-01
    6.000   3.913E-01
    6.100   4.097E-01
    6.200   4.287E-01
    6.300   4.484E-01
    6.400   4.688E-01
    6.500   4.899E-01
    6.600   5.116E-01
    6.700   5.341E-01
    6.800   5.573E-01
    6.900   5.812E-01
    7.000   6.059E-01
    7.100   6.314E-01
    7.200   6.576E-01
    7.300   6.848E-01
    7.400   7.128E-01
    7.500   7.417E-01
    7.600   7.715E-01
    7.700   8.023E-01
    7.800   8.341E-01
    7.900   8.668E-01
    8.000   9.006E-01
    8.100   9.353E-01
    8.200   9.712E-01
    8.300   1.008E+00
    8.400   1.046E+00
    8.500   1.085E+00
    8.600   1.125E+00
    8.700   1.167E+00
    8.800   1.209E+00
    8.900   1.253E+00
    9.000   1.297E+00
    9.100   1.343E+00
    9.200   1.391E+00
    9.300   1.439E+00
    9.400   1.489E+00
    9.500   1.540E+00
    9.600   1.593E+00
    9.700   1.647E+00
    9.800   1.703E+00
    9.900   1.760E+00
   10.000   1.819E+00
   10.100   1.880E+00
   10.200   1.943E+00
   10.300   2.008E+00
   10.400   2.075E+00
   10.500   2.145E+00
   10.600   2.217E+00
   10.700   2.291E+00
   10.800   2.369E+00
   10.900   2.449E+00
   11.000   2.533E+00
   11.100   2.620E+00
   11.200   2.711E+00
   11.300   2.806E+00
   11.400   2.905E+00
   11.500   3.009E+00
   11.600   3.118E+00
   11.700   3.231E+00
   11.800   3.350E+00
   11.900   3.475E+00
   12.000   3.605E+00
   12.100   3.741E+00
   12.200   3.884E+00
   12.300   4.034E+00
   12.400   4.190E+00
   12.500   4.352E+00
   12.600   4.522E+00
   12.700   4.699E+00
   12.800   4.882E+00
   12.900   5.072E+00
   13.000   5.268E+00
   13.100   5.469E+00
   13.200   5.676E+00
   13.300   5.887E+00
   13.400   6.103E+00
   13.500   6.321E+00
   13.600   6.540E+00
   13.700   6.761E+00
   13.800   6.981E+00
   13.900   7.199E+00
   14.000   7.414E+00
   14.100   7.625E+00
   14.200   7.829E+00
   14.300   8.027E+00
   14.400   8.217E+00
   14.500   8.398E+00
   14.600   8.569E+00
   14.700   8.728E+00
   14.800   8.877E+00
   14.900   9.014E+00
   15.000   9.138E+00
   15.100   9.250E+00
   15.200   9.349E+00
   15.300   9.436E+00
   15.400   9.511E+00
   15.500   9.572E+00
   15.600   9.621E+00
   15.700   9.657E+00
   15.800   9.680E+00
   15.900   9.690E+00
   16.000   9.687E+00
   16.100   9.671E+00
   16.200   9.641E+00
   16.300   9.597E+00
   16.400   9.540E+00
   16.500   9.469E+00
   16.600   9.384E+00
   16.700   9.286E+00
   16.800   9.176E+00
   16.900   9.053E+00
   17.000   8.919E+00
   17.100   8.775E+00
   17.200   8.622E+00
   17.300   8.460E+00
   17.400   8.291E+00
   17.500   8.117E+00
   17.600   7.938E+00
   17.700   7.756E+00
   17.800   7.572E+00
   17.900   7.387E+00
   18.000   7.202E+00
   18.100   7.018E+00
   18.200   6.835E+00
   18.300   6.655E+00
   18.400   6.477E+00
   18.500   6.303E+00
   18.600   6.133E+00
   18.700   5.967E+00
   18.800   5.805E+00
   18.900   5.648E+00
   19.000   5.495E+00
   19.100   5.347E+00
   19.200   5.204E+00
   19.300   5.066E+00
   19.400   4.932E+00
   19.500   4.803E+00
   19.600   4.679E+00
   19.700   4.560E+00
   19.800   4.445E+00
   19.900   4.334E+00
   20.000   4.228E+00
   20.100   4.126E+00
   20.200   4.028E+00
   20.300   3.934E+00
   20.400   3.844E+00
   20.500   3.758E+00
   20.600   3.674E+00
   20.700   3.594E+00
   20.800   3.517E+00
   20.900   3.442E+00
   21.000   3.370E+00
   21.100   3.301E+00
   21.200   3.233E+00
   21.300   3.167E+00
   21.400   3.102E+00
   21.500   3.039E+00
   21.600   2.978E+00
   21.700   2.917E+00
   21.800   2.857E+00
   21.900   2.799E+00
   22.000   2.741E+00
   22.100   2.684E+00
   22.200   2.628E+00
   22.300   2.572E+00
   22.400   2.518E+00
   22.500   2.464E+00
   22.600   2.411E+00
   22.700   2.359E+00
   22.800   2.309E+00
   22.900   2.259E+00
   23.000   2.210E+00
   23.100   2.162E+00
   23.200   2.116E+00
   23.300   2.070E+00
   23.400   2.026E+00
   23.500   1.983E+00
   23.600   1.941E+00
   23.700   1.900E+00
   23.800   1.860E+00
   23.900   1.821E+00
   24.000   1.784E+00
   24.100   1.747E+00
   24.200   1.711E+00
   24.300   1.676E+00
   24.400   1.642E+00
   24.500   1.608E+00
   24.600   1.576E+00
   24.700   1.544E+00
   24.800   1.512E+00
   24.900   1.482E+00
   25.000   1.452E+00
   25.100   1.423E+00
   25.200   1.394E+00
   25.300   1.366E+00
   25.400   1.339E+00
   25.500   1.312E+00
   25.600   1.286E+00
   25.700   1.261E+00
   25.800   1.236E+00
   25.900   1.212E+00
   26.000   1.188E+00
   26.100   1.165E+00
   26.200   1.142E+00
   26.300   1.121E+00
   26.400   1.099E+00
   26.500   1.079E+00
   26.600   1.059E+00
   26.700   1.039E+00
   26.800   1.020E+00
   26.900   1.002E+00
   27.000   9.841E-01
   27.100   9.668E-01
   27.200   9.500E-01
   27.300   9.337E-01
   27.400   9.178E-01
   27.500   9.024E-01
   27.600   8.874E-01
   27.700   8.728E-01
   27.800   8.587E-01
   27.900   8.449E-01
   28.000   8.316E-01
   28.100   8.186E-01
   28.200   8.059E-01
   28.300   7.936E-01
   28.400   7.816E-01
   28.500   7.699E-01
   28.600   7.586E-01
   28.700   7.475E-01
   28.800   7.367E-01
   28.900   7.261E-01
   29.000   7.159E-01
   29.100   7.059E-01
   29.200   6.961E-01
   29.300   6.865E-01
   29.400   6.772E-01
   29.500   6.681E-01
   29.600   6.592E-01
   29.700   6.506E-01
   29.800   6.421E-01
   29.900   6.338E-01
   30.000   6.257E-01
 
 Z=  37 A=  92  D1M-QRPA-Inter
 E[MeV]  fQRPA[mb/MeV]
    0.100   1.666E-03
    0.200   5.449E-03
    0.300   1.002E-02
    0.400   1.476E-02
    0.500   1.940E-02
    0.600   2.385E-02
    0.700   2.806E-02
    0.800   3.203E-02
    0.900   3.580E-02
    1.000   3.937E-02
    1.100   4.277E-02
    1.200   4.604E-02
    1.300   4.920E-02
    1.400   5.226E-02
    1.500   5.526E-02
    1.600   5.822E-02
    1.700   6.115E-02
    1.800   6.408E-02
    1.900   6.702E-02
    2.000   7.000E-02
    2.100   7.302E-02
    2.200   7.611E-02
    2.300   7.928E-02
    2.400   8.255E-02
    2.500   8.593E-02
    2.600   8.943E-02
    2.700   9.308E-02
    2.800   9.688E-02
    2.900   1.008E-01
    3.000   1.050E-01
    3.100   1.093E-01
    3.200   1.139E-01
    3.300   1.187E-01
    3.400   1.237E-01
    3.500   1.289E-01
    3.600   1.345E-01
    3.700   1.403E-01
    3.800   1.464E-01
    3.900   1.529E-01
    4.000   1.597E-01
    4.100   1.668E-01
    4.200   1.743E-01
    4.300   1.822E-01
    4.400   1.905E-01
    4.500   1.993E-01
    4.600   2.085E-01
    4.700   2.182E-01
    4.800   2.283E-01
    4.900   2.390E-01
    5.000   2.502E-01
    5.100   2.620E-01
    5.200   2.743E-01
    5.300   2.872E-01
    5.400   3.007E-01
    5.500   3.149E-01
    5.600   3.296E-01
    5.700   3.450E-01
    5.800   3.611E-01
    5.900   3.778E-01
    6.000   3.952E-01
    6.100   4.132E-01
    6.200   4.319E-01
    6.300   4.513E-01
    6.400   4.713E-01
    6.500   4.920E-01
    6.600   5.133E-01
    6.700   5.353E-01
    6.800   5.579E-01
    6.900   5.812E-01
    7.000   6.051E-01
    7.100   6.297E-01
    7.200   6.550E-01
    7.300   6.811E-01
    7.400   7.079E-01
    7.500   7.355E-01
    7.600   7.639E-01
    7.700   7.932E-01
    7.800   8.235E-01
    7.900   8.547E-01
    8.000   8.870E-01
    8.100   9.204E-01
    8.200   9.548E-01
    8.300   9.905E-01
    8.400   1.027E+00
    8.500   1.065E+00
    8.600   1.105E+00
    8.700   1.146E+00
    8.800   1.188E+00
    8.900   1.231E+00
    9.000   1.276E+00
    9.100   1.323E+00
    9.200   1.371E+00
    9.300   1.421E+00
    9.400   1.472E+00
    9.500   1.525E+00
    9.600   1.580E+00
    9.700   1.636E+00
    9.800   1.695E+00
    9.900   1.755E+00
   10.000   1.817E+00
   10.100   1.882E+00
   10.200   1.949E+00
   10.300   2.018E+00
   10.400   2.090E+00
   10.500   2.164E+00
   10.600   2.242E+00
   10.700   2.322E+00
   10.800   2.406E+00
   10.900   2.493E+00
   11.000   2.584E+00
   11.100   2.679E+00
   11.200   2.778E+00
   11.300   2.882E+00
   11.400   2.990E+00
   11.500   3.104E+00
   11.600   3.223E+00
   11.700   3.347E+00
   11.800   3.478E+00
   11.900   3.615E+00
   12.000   3.759E+00
   12.100   3.909E+00
   12.200   4.066E+00
   12.300   4.231E+00
   12.400   4.402E+00
   12.500   4.581E+00
   12.600   4.767E+00
   12.700   4.961E+00
   12.800   5.160E+00
   12.900   5.367E+00
   13.000   5.579E+00
   13.100   5.796E+00
   13.200   6.017E+00
   13.300   6.242E+00
   13.400   6.469E+00
   13.500   6.696E+00
   13.600   6.923E+00
   13.700   7.148E+00
   13.800   7.368E+00
   13.900   7.583E+00
   14.000   7.791E+00
   14.100   7.990E+00
   14.200   8.179E+00
   14.300   8.357E+00
   14.400   8.521E+00
   14.500   8.672E+00
   14.600   8.809E+00
   14.700   8.931E+00
   14.800   9.038E+00
   14.900   9.131E+00
   15.000   9.208E+00
   15.100   9.271E+00
   15.200   9.320E+00
   15.300   9.355E+00
   15.400   9.377E+00
   15.500   9.385E+00
   15.600   9.382E+00
   15.700   9.366E+00
   15.800   9.338E+00
   15.900   9.298E+00
   16.000   9.247E+00
   16.100   9.185E+00
   16.200   9.111E+00
   16.300   9.026E+00
   16.400   8.931E+00
   16.500   8.826E+00
   16.600   8.710E+00
   16.700   8.586E+00
   16.800   8.453E+00
   16.900   8.313E+00
   17.000   8.165E+00
   17.100   8.012E+00
   17.200   7.855E+00
   17.300   7.693E+00
   17.400   7.528E+00
   17.500   7.362E+00
   17.600   7.195E+00
   17.700   7.027E+00
   17.800   6.860E+00
   17.900   6.694E+00
   18.000   6.530E+00
   18.100   6.368E+00
   18.200   6.208E+00
   18.300   6.051E+00
   18.400   5.897E+00
   18.500   5.746E+00
   18.600   5.598E+00
   18.700   5.453E+00
   18.800   5.311E+00
   18.900   5.172E+00
   19.000   5.036E+00
   19.100   4.904E+00
   19.200   4.774E+00
   19.300   4.647E+00
   19.400   4.523E+00
   19.500   4.402E+00
   19.600   4.284E+00
   19.700   4.168E+00
   19.800   4.056E+00
   19.900   3.946E+00
   20.000   3.840E+00
   20.100   3.736E+00
   20.200   3.635E+00
   20.300   3.537E+00
   20.400   3.443E+00
   20.500   3.351E+00
   20.600   3.262E+00
   20.700   3.176E+00
   20.800   3.092E+00
   20.900   3.012E+00
   21.000   2.934E+00
   21.100   2.859E+00
   21.200   2.786E+00
   21.300   2.715E+00
   21.400   2.647E+00
   21.500   2.581E+00
   21.600   2.517E+00
   21.700   2.455E+00
   21.800   2.394E+00
   21.900   2.336E+00
   22.000   2.279E+00
   22.100   2.224E+00
   22.200   2.171E+00
   22.300   2.119E+00
   22.400   2.069E+00
   22.500   2.020E+00
   22.600   1.972E+00
   22.700   1.926E+00
   22.800   1.882E+00
   22.900   1.838E+00
   23.000   1.796E+00
   23.100   1.756E+00
   23.200   1.716E+00
   23.300   1.678E+00
   23.400   1.641E+00
   23.500   1.605E+00
   23.600   1.570E+00
   23.700   1.537E+00
   23.800   1.504E+00
   23.900   1.473E+00
   24.000   1.442E+00
   24.100   1.412E+00
   24.200   1.383E+00
   24.300   1.355E+00
   24.400   1.328E+00
   24.500   1.301E+00
   24.600   1.276E+00
   24.700   1.251E+00
   24.800   1.226E+00
   24.900   1.202E+00
   25.000   1.179E+00
   25.100   1.157E+00
   25.200   1.135E+00
   25.300   1.113E+00
   25.400   1.092E+00
   25.500   1.072E+00
   25.600   1.052E+00
   25.700   1.033E+00
   25.800   1.014E+00
   25.900   9.958E-01
   26.000   9.779E-01
   26.100   9.605E-01
   26.200   9.436E-01
   26.300   9.271E-01
   26.400   9.110E-01
   26.500   8.954E-01
   26.600   8.802E-01
   26.700   8.654E-01
   26.800   8.511E-01
   26.900   8.370E-01
   27.000   8.234E-01
   27.100   8.101E-01
   27.200   7.972E-01
   27.300   7.847E-01
   27.400   7.724E-01
   27.500   7.605E-01
   27.600   7.489E-01
   27.700   7.375E-01
   27.800   7.265E-01
   27.900   7.158E-01
   28.000   7.053E-01
   28.100   6.951E-01
   28.200   6.851E-01
   28.300   6.754E-01
   28.400   6.659E-01
   28.500   6.566E-01
   28.600   6.476E-01
   28.700   6.387E-01
   28.800   6.301E-01
   28.900   6.217E-01
   29.000   6.134E-01
   29.100   6.054E-01
   29.200   5.975E-01
   29.300   5.898E-01
   29.400   5.822E-01
   29.500   5.749E-01
   29.600   5.677E-01
   29.700   5.606E-01
   29.800   5.537E-01
   29.900   5.469E-01
   30.000   5.403E-01
 
 Z=  37 A=  93  D1M-QRPA-Inter
 E[MeV]  fQRPA[mb/MeV]
    0.100   2.730E-03
    0.200   1.001E-02
    0.300   1.993E-02
    0.400   3.074E-02
    0.500   4.130E-02
    0.600   5.106E-02
    0.700   5.980E-02
    0.800   6.750E-02
    0.900   7.423E-02
    1.000   8.010E-02
    1.100   8.524E-02
    1.200   8.975E-02
    1.300   9.373E-02
    1.400   9.730E-02
    1.500   1.005E-01
    1.600   1.035E-01
    1.700   1.062E-01
    1.800   1.089E-01
    1.900   1.114E-01
    2.000   1.139E-01
    2.100   1.163E-01
    2.200   1.189E-01
    2.300   1.214E-01
    2.400   1.241E-01
    2.500   1.268E-01
    2.600   1.297E-01
    2.700   1.328E-01
    2.800   1.360E-01
    2.900   1.394E-01
    3.000   1.431E-01
    3.100   1.469E-01
    3.200   1.510E-01
    3.300   1.554E-01
    3.400   1.600E-01
    3.500   1.649E-01
    3.600   1.702E-01
    3.700   1.758E-01
    3.800   1.817E-01
    3.900   1.880E-01
    4.000   1.947E-01
    4.100   2.017E-01
    4.200   2.093E-01
    4.300   2.172E-01
    4.400   2.257E-01
    4.500   2.346E-01
    4.600   2.440E-01
    4.700   2.540E-01
    4.800   2.646E-01
    4.900   2.757E-01
    5.000   2.875E-01
    5.100   2.999E-01
    5.200   3.129E-01
    5.300   3.266E-01
    5.400   3.410E-01
    5.500   3.561E-01
    5.600   3.720E-01
    5.700   3.886E-01
    5.800   4.059E-01
    5.900   4.240E-01
    6.000   4.429E-01
    6.100   4.625E-01
    6.200   4.828E-01
    6.300   5.039E-01
    6.400   5.257E-01
    6.500   5.482E-01
    6.600   5.714E-01
    6.700   5.953E-01
    6.800   6.197E-01
    6.900   6.448E-01
    7.000   6.706E-01
    7.100   6.969E-01
    7.200   7.240E-01
    7.300   7.517E-01
    7.400   7.801E-01
    7.500   8.093E-01
    7.600   8.393E-01
    7.700   8.703E-01
    7.800   9.022E-01
    7.900   9.352E-01
    8.000   9.694E-01
    8.100   1.005E+00
    8.200   1.042E+00
    8.300   1.080E+00
    8.400   1.120E+00
    8.500   1.161E+00
    8.600   1.204E+00
    8.700   1.249E+00
    8.800   1.295E+00
    8.900   1.343E+00
    9.000   1.393E+00
    9.100   1.446E+00
    9.200   1.500E+00
    9.300   1.556E+00
    9.400   1.615E+00
    9.500   1.675E+00
    9.600   1.738E+00
    9.700   1.804E+00
    9.800   1.871E+00
    9.900   1.942E+00
   10.000   2.015E+00
   10.100   2.091E+00
   10.200   2.169E+00
   10.300   2.251E+00
   10.400   2.336E+00
   10.500   2.424E+00
   10.600   2.516E+00
   10.700   2.612E+00
   10.800   2.712E+00
   10.900   2.816E+00
   11.000   2.925E+00
   11.100   3.039E+00
   11.200   3.158E+00
   11.300   3.283E+00
   11.400   3.415E+00
   11.500   3.552E+00
   11.600   3.697E+00
   11.700   3.848E+00
   11.800   4.007E+00
   11.900   4.174E+00
   12.000   4.349E+00
   12.100   4.532E+00
   12.200   4.724E+00
   12.300   4.924E+00
   12.400   5.133E+00
   12.500   5.351E+00
   12.600   5.577E+00
   12.700   5.811E+00
   12.800   6.053E+00
   12.900   6.302E+00
   13.000   6.556E+00
   13.100   6.816E+00
   13.200   7.079E+00
   13.300   7.344E+00
   13.400   7.609E+00
   13.500   7.872E+00
   13.600   8.132E+00
   13.700   8.385E+00
   13.800   8.630E+00
   13.900   8.864E+00
   14.000   9.085E+00
   14.100   9.292E+00
   14.200   9.481E+00
   14.300   9.653E+00
   14.400   9.805E+00
   14.500   9.938E+00
   14.600   1.005E+01
   14.700   1.014E+01
   14.800   1.021E+01
   14.900   1.026E+01
   15.000   1.030E+01
   15.100   1.031E+01
   15.200   1.031E+01
   15.300   1.029E+01
   15.400   1.026E+01
   15.500   1.021E+01
   15.600   1.015E+01
   15.700   1.008E+01
   15.800   9.995E+00
   15.900   9.900E+00
   16.000   9.795E+00
   16.100   9.679E+00
   16.200   9.554E+00
   16.300   9.420E+00
   16.400   9.278E+00
   16.500   9.128E+00
   16.600   8.971E+00
   16.700   8.809E+00
   16.800   8.641E+00
   16.900   8.470E+00
   17.000   8.295E+00
   17.100   8.118E+00
   17.200   7.940E+00
   17.300   7.762E+00
   17.400   7.585E+00
   17.500   7.409E+00
   17.600   7.236E+00
   17.700   7.064E+00
   17.800   6.896E+00
   17.900   6.731E+00
   18.000   6.569E+00
   18.100   6.411E+00
   18.200   6.257E+00
   18.300   6.105E+00
   18.400   5.957E+00
   18.500   5.812E+00
   18.600   5.669E+00
   18.700   5.529E+00
   18.800   5.392E+00
   18.900   5.256E+00
   19.000   5.122E+00
   19.100   4.990E+00
   19.200   4.859E+00
   19.300   4.730E+00
   19.400   4.603E+00
   19.500   4.476E+00
   19.600   4.351E+00
   19.700   4.228E+00
   19.800   4.107E+00
   19.900   3.987E+00
   20.000   3.869E+00
   20.100   3.753E+00
   20.200   3.640E+00
   20.300   3.529E+00
   20.400   3.421E+00
   20.500   3.316E+00
   20.600   3.213E+00
   20.700   3.113E+00
   20.800   3.017E+00
   20.900   2.924E+00
   21.000   2.834E+00
   21.100   2.747E+00
   21.200   2.664E+00
   21.300   2.583E+00
   21.400   2.506E+00
   21.500   2.432E+00
   21.600   2.360E+00
   21.700   2.292E+00
   21.800   2.227E+00
   21.900   2.164E+00
   22.000   2.103E+00
   22.100   2.046E+00
   22.200   1.990E+00
   22.300   1.937E+00
   22.400   1.886E+00
   22.500   1.837E+00
   22.600   1.790E+00
   22.700   1.745E+00
   22.800   1.702E+00
   22.900   1.660E+00
   23.000   1.620E+00
   23.100   1.582E+00
   23.200   1.545E+00
   23.300   1.509E+00
   23.400   1.475E+00
   23.500   1.442E+00
   23.600   1.410E+00
   23.700   1.379E+00
   23.800   1.350E+00
   23.900   1.321E+00
   24.000   1.293E+00
   24.100   1.267E+00
   24.200   1.241E+00
   24.300   1.216E+00
   24.400   1.192E+00
   24.500   1.169E+00
   24.600   1.146E+00
   24.700   1.124E+00
   24.800   1.103E+00
   24.900   1.083E+00
   25.000   1.063E+00
   25.100   1.044E+00
   25.200   1.025E+00
   25.300   1.007E+00
   25.400   9.890E-01
   25.500   9.719E-01
   25.600   9.553E-01
   25.700   9.391E-01
   25.800   9.234E-01
   25.900   9.082E-01
   26.000   8.933E-01
   26.100   8.788E-01
   26.200   8.648E-01
   26.300   8.511E-01
   26.400   8.377E-01
   26.500   8.247E-01
   26.600   8.120E-01
   26.700   7.997E-01
   26.800   7.877E-01
   26.900   7.759E-01
   27.000   7.645E-01
   27.100   7.533E-01
   27.200   7.424E-01
   27.300   7.317E-01
   27.400   7.213E-01
   27.500   7.112E-01
   27.600   7.012E-01
   27.700   6.915E-01
   27.800   6.821E-01
   27.900   6.728E-01
   28.000   6.638E-01
   28.100   6.549E-01
   28.200   6.462E-01
   28.300   6.378E-01
   28.400   6.295E-01
   28.500   6.214E-01
   28.600   6.134E-01
   28.700   6.056E-01
   28.800   5.980E-01
   28.900   5.906E-01
   29.000   5.833E-01
   29.100   5.761E-01
   29.200   5.691E-01
   29.300   5.622E-01
   29.400   5.555E-01
   29.500   5.489E-01
   29.600   5.424E-01
   29.700   5.360E-01
   29.800   5.298E-01
   29.900   5.237E-01
   30.000   5.177E-01
 
 Z=  37 A=  94  D1M-QRPA-Inter
 E[MeV]  fQRPA[mb/MeV]
    0.100   1.142E-03
    0.200   4.359E-03
    0.300   9.175E-03
    0.400   1.508E-02
    0.500   2.164E-02
    0.600   2.855E-02
    0.700   3.558E-02
    0.800   4.258E-02
    0.900   4.946E-02
    1.000   5.616E-02
    1.100   6.262E-02
    1.200   6.884E-02
    1.300   7.481E-02
    1.400   8.053E-02
    1.500   8.603E-02
    1.600   9.132E-02
    1.700   9.642E-02
    1.800   1.014E-01
    1.900   1.062E-01
    2.000   1.109E-01
    2.100   1.155E-01
    2.200   1.201E-01
    2.300   1.246E-01
    2.400   1.291E-01
    2.500   1.337E-01
    2.600   1.383E-01
    2.700   1.430E-01
    2.800   1.478E-01
    2.900   1.527E-01
    3.000   1.577E-01
    3.100   1.629E-01
    3.200   1.683E-01
    3.300   1.738E-01
    3.400   1.796E-01
    3.500   1.856E-01
    3.600   1.918E-01
    3.700   1.983E-01
    3.800   2.051E-01
    3.900   2.122E-01
    4.000   2.197E-01
    4.100   2.275E-01
    4.200   2.356E-01
    4.300   2.442E-01
    4.400   2.531E-01
    4.500   2.625E-01
    4.600   2.723E-01
    4.700   2.826E-01
    4.800   2.934E-01
    4.900   3.047E-01
    5.000   3.166E-01
    5.100   3.290E-01
    5.200   3.419E-01
    5.300   3.555E-01
    5.400   3.697E-01
    5.500   3.845E-01
    5.600   3.999E-01
    5.700   4.160E-01
    5.800   4.328E-01
    5.900   4.503E-01
    6.000   4.685E-01
    6.100   4.873E-01
    6.200   5.069E-01
    6.300   5.272E-01
    6.400   5.482E-01
    6.500   5.699E-01
    6.600   5.924E-01
    6.700   6.155E-01
    6.800   6.394E-01
    6.900   6.639E-01
    7.000   6.892E-01
    7.100   7.152E-01
    7.200   7.420E-01
    7.300   7.695E-01
    7.400   7.979E-01
    7.500   8.271E-01
    7.600   8.572E-01
    7.700   8.883E-01
    7.800   9.203E-01
    7.900   9.534E-01
    8.000   9.876E-01
    8.100   1.023E+00
    8.200   1.060E+00
    8.300   1.097E+00
    8.400   1.137E+00
    8.500   1.177E+00
    8.600   1.220E+00
    8.700   1.263E+00
    8.800   1.309E+00
    8.900   1.356E+00
    9.000   1.404E+00
    9.100   1.455E+00
    9.200   1.507E+00
    9.300   1.561E+00
    9.400   1.618E+00
    9.500   1.676E+00
    9.600   1.737E+00
    9.700   1.799E+00
    9.800   1.864E+00
    9.900   1.932E+00
   10.000   2.002E+00
   10.100   2.074E+00
   10.200   2.149E+00
   10.300   2.228E+00
   10.400   2.309E+00
   10.500   2.393E+00
   10.600   2.480E+00
   10.700   2.571E+00
   10.800   2.665E+00
   10.900   2.763E+00
   11.000   2.865E+00
   11.100   2.971E+00
   11.200   3.082E+00
   11.300   3.197E+00
   11.400   3.316E+00
   11.500   3.440E+00
   11.600   3.570E+00
   11.700   3.705E+00
   11.800   3.845E+00
   11.900   3.990E+00
   12.000   4.141E+00
   12.100   4.298E+00
   12.200   4.460E+00
   12.300   4.629E+00
   12.400   4.802E+00
   12.500   4.982E+00
   12.600   5.166E+00
   12.700   5.355E+00
   12.800   5.549E+00
   12.900   5.747E+00
   13.000   5.948E+00
   13.100   6.152E+00
   13.200   6.358E+00
   13.300   6.565E+00
   13.400   6.771E+00
   13.500   6.976E+00
   13.600   7.178E+00
   13.700   7.376E+00
   13.800   7.569E+00
   13.900   7.754E+00
   14.000   7.932E+00
   14.100   8.101E+00
   14.200   8.259E+00
   14.300   8.405E+00
   14.400   8.539E+00
   14.500   8.660E+00
   14.600   8.768E+00
   14.700   8.862E+00
   14.800   8.942E+00
   14.900   9.008E+00
   15.000   9.061E+00
   15.100   9.100E+00
   15.200   9.126E+00
   15.300   9.139E+00
   15.400   9.140E+00
   15.500   9.130E+00
   15.600   9.108E+00
   15.700   9.075E+00
   15.800   9.031E+00
   15.900   8.978E+00
   16.000   8.915E+00
   16.100   8.842E+00
   16.200   8.760E+00
   16.300   8.670E+00
   16.400   8.572E+00
   16.500   8.466E+00
   16.600   8.354E+00
   16.700   8.235E+00
   16.800   8.110E+00
   16.900   7.980E+00
   17.000   7.846E+00
   17.100   7.708E+00
   17.200   7.568E+00
   17.300   7.425E+00
   17.400   7.280E+00
   17.500   7.134E+00
   17.600   6.988E+00
   17.700   6.842E+00
   17.800   6.696E+00
   17.900   6.551E+00
   18.000   6.407E+00
   18.100   6.264E+00
   18.200   6.123E+00
   18.300   5.983E+00
   18.400   5.845E+00
   18.500   5.709E+00
   18.600   5.574E+00
   18.700   5.441E+00
   18.800   5.310E+00
   18.900   5.181E+00
   19.000   5.054E+00
   19.100   4.929E+00
   19.200   4.805E+00
   19.300   4.684E+00
   19.400   4.564E+00
   19.500   4.446E+00
   19.600   4.330E+00
   19.700   4.216E+00
   19.800   4.105E+00
   19.900   3.995E+00
   20.000   3.888E+00
   20.100   3.783E+00
   20.200   3.681E+00
   20.300   3.581E+00
   20.400   3.483E+00
   20.500   3.388E+00
   20.600   3.296E+00
   20.700   3.206E+00
   20.800   3.120E+00
   20.900   3.036E+00
   21.000   2.954E+00
   21.100   2.875E+00
   21.200   2.799E+00
   21.300   2.726E+00
   21.400   2.655E+00
   21.500   2.586E+00
   21.600   2.520E+00
   21.700   2.457E+00
   21.800   2.395E+00
   21.900   2.336E+00
   22.000   2.279E+00
   22.100   2.224E+00
   22.200   2.171E+00
   22.300   2.120E+00
   22.400   2.070E+00
   22.500   2.023E+00
   22.600   1.977E+00
   22.700   1.933E+00
   22.800   1.890E+00
   22.900   1.849E+00
   23.000   1.809E+00
   23.100   1.770E+00
   23.200   1.733E+00
   23.300   1.697E+00
   23.400   1.662E+00
   23.500   1.628E+00
   23.600   1.596E+00
   23.700   1.564E+00
   23.800   1.534E+00
   23.900   1.504E+00
   24.000   1.475E+00
   24.100   1.447E+00
   24.200   1.420E+00
   24.300   1.394E+00
   24.400   1.369E+00
   24.500   1.344E+00
   24.600   1.320E+00
   24.700   1.297E+00
   24.800   1.274E+00
   24.900   1.252E+00
   25.000   1.231E+00
   25.100   1.210E+00
   25.200   1.190E+00
   25.300   1.170E+00
   25.400   1.151E+00
   25.500   1.132E+00
   25.600   1.114E+00
   25.700   1.096E+00
   25.800   1.079E+00
   25.900   1.062E+00
   26.000   1.046E+00
   26.100   1.030E+00
   26.200   1.014E+00
   26.300   9.992E-01
   26.400   9.844E-01
   26.500   9.699E-01
   26.600   9.558E-01
   26.700   9.420E-01
   26.800   9.285E-01
   26.900   9.154E-01
   27.000   9.025E-01
   27.100   8.899E-01
   27.200   8.776E-01
   27.300   8.656E-01
   27.400   8.539E-01
   27.500   8.424E-01
   27.600   8.311E-01
   27.700   8.202E-01
   27.800   8.094E-01
   27.900   7.989E-01
   28.000   7.885E-01
   28.100   7.784E-01
   28.200   7.686E-01
   28.300   7.589E-01
   28.400   7.494E-01
   28.500   7.401E-01
   28.600   7.310E-01
   28.700   7.221E-01
   28.800   7.133E-01
   28.900   7.047E-01
   29.000   6.963E-01
   29.100   6.881E-01
   29.200   6.800E-01
   29.300   6.720E-01
   29.400   6.642E-01
   29.500   6.566E-01
   29.600   6.491E-01
   29.700   6.417E-01
   29.800   6.345E-01
   29.900   6.274E-01
   30.000   6.204E-01
 
 Z=  37 A=  95  D1M-QRPA-Inter
 E[MeV]  fQRPA[mb/MeV]
    0.100   5.930E-04
    0.200   2.356E-03
    0.300   5.243E-03
    0.400   9.181E-03
    0.500   1.407E-02
    0.600   1.981E-02
    0.700   2.628E-02
    0.800   3.336E-02
    0.900   4.093E-02
    1.000   4.888E-02
    1.100   5.712E-02
    1.200   6.556E-02
    1.300   7.413E-02
    1.400   8.276E-02
    1.500   9.142E-02
    1.600   1.001E-01
    1.700   1.086E-01
    1.800   1.172E-01
    1.900   1.256E-01
    2.000   1.340E-01
    2.100   1.423E-01
    2.200   1.506E-01
    2.300   1.588E-01
    2.400   1.669E-01
    2.500   1.750E-01
    2.600   1.831E-01
    2.700   1.913E-01
    2.800   1.994E-01
    2.900   2.076E-01
    3.000   2.159E-01
    3.100   2.243E-01
    3.200   2.328E-01
    3.300   2.414E-01
    3.400   2.502E-01
    3.500   2.592E-01
    3.600   2.684E-01
    3.700   2.778E-01
    3.800   2.875E-01
    3.900   2.975E-01
    4.000   3.078E-01
    4.100   3.184E-01
    4.200   3.294E-01
    4.300   3.408E-01
    4.400   3.525E-01
    4.500   3.647E-01
    4.600   3.774E-01
    4.700   3.905E-01
    4.800   4.041E-01
    4.900   4.182E-01
    5.000   4.329E-01
    5.100   4.481E-01
    5.200   4.640E-01
    5.300   4.805E-01
    5.400   4.976E-01
    5.500   5.154E-01
    5.600   5.339E-01
    5.700   5.531E-01
    5.800   5.730E-01
    5.900   5.937E-01
    6.000   6.153E-01
    6.100   6.376E-01
    6.200   6.608E-01
    6.300   6.848E-01
    6.400   7.098E-01
    6.500   7.356E-01
    6.600   7.624E-01
    6.700   7.902E-01
    6.800   8.189E-01
    6.900   8.487E-01
    7.000   8.795E-01
    7.100   9.113E-01
    7.200   9.442E-01
    7.300   9.782E-01
    7.400   1.013E+00
    7.500   1.050E+00
    7.600   1.087E+00
    7.700   1.126E+00
    7.800   1.166E+00
    7.900   1.207E+00
    8.000   1.249E+00
    8.100   1.293E+00
    8.200   1.338E+00
    8.300   1.385E+00
    8.400   1.433E+00
    8.500   1.483E+00
    8.600   1.534E+00
    8.700   1.587E+00
    8.800   1.642E+00
    8.900   1.698E+00
    9.000   1.757E+00
    9.100   1.818E+00
    9.200   1.880E+00
    9.300   1.945E+00
    9.400   2.012E+00
    9.500   2.082E+00
    9.600   2.154E+00
    9.700   2.229E+00
    9.800   2.306E+00
    9.900   2.386E+00
   10.000   2.469E+00
   10.100   2.555E+00
   10.200   2.645E+00
   10.300   2.737E+00
   10.400   2.833E+00
   10.500   2.932E+00
   10.600   3.035E+00
   10.700   3.142E+00
   10.800   3.252E+00
   10.900   3.367E+00
   11.000   3.485E+00
   11.100   3.607E+00
   11.200   3.733E+00
   11.300   3.864E+00
   11.400   3.998E+00
   11.500   4.137E+00
   11.600   4.281E+00
   11.700   4.428E+00
   11.800   4.580E+00
   11.900   4.736E+00
   12.000   4.896E+00
   12.100   5.061E+00
   12.200   5.229E+00
   12.300   5.402E+00
   12.400   5.578E+00
   12.500   5.758E+00
   12.600   5.941E+00
   12.700   6.128E+00
   12.800   6.316E+00
   12.900   6.508E+00
   13.000   6.701E+00
   13.100   6.895E+00
   13.200   7.090E+00
   13.300   7.286E+00
   13.400   7.481E+00
   13.500   7.675E+00
   13.600   7.867E+00
   13.700   8.056E+00
   13.800   8.241E+00
   13.900   8.423E+00
   14.000   8.598E+00
   14.100   8.768E+00
   14.200   8.931E+00
   14.300   9.086E+00
   14.400   9.233E+00
   14.500   9.371E+00
   14.600   9.498E+00
   14.700   9.615E+00
   14.800   9.722E+00
   14.900   9.817E+00
   15.000   9.900E+00
   15.100   9.971E+00
   15.200   1.003E+01
   15.300   1.008E+01
   15.400   1.011E+01
   15.500   1.013E+01
   15.600   1.015E+01
   15.700   1.014E+01
   15.800   1.013E+01
   15.900   1.011E+01
   16.000   1.007E+01
   16.100   1.003E+01
   16.200   9.973E+00
   16.300   9.908E+00
   16.400   9.833E+00
   16.500   9.750E+00
   16.600   9.658E+00
   16.700   9.558E+00
   16.800   9.450E+00
   16.900   9.336E+00
   17.000   9.215E+00
   17.100   9.088E+00
   17.200   8.955E+00
   17.300   8.817E+00
   17.400   8.675E+00
   17.500   8.529E+00
   17.600   8.380E+00
   17.700   8.227E+00
   17.800   8.072E+00
   17.900   7.916E+00
   18.000   7.758E+00
   18.100   7.599E+00
   18.200   7.439E+00
   18.300   7.279E+00
   18.400   7.120E+00
   18.500   6.962E+00
   18.600   6.804E+00
   18.700   6.648E+00
   18.800   6.494E+00
   18.900   6.342E+00
   19.000   6.192E+00
   19.100   6.045E+00
   19.200   5.900E+00
   19.300   5.758E+00
   19.400   5.619E+00
   19.500   5.483E+00
   19.600   5.350E+00
   19.700   5.220E+00
   19.800   5.094E+00
   19.900   4.971E+00
   20.000   4.851E+00
   20.100   4.734E+00
   20.200   4.621E+00
   20.300   4.510E+00
   20.400   4.403E+00
   20.500   4.299E+00
   20.600   4.198E+00
   20.700   4.100E+00
   20.800   4.005E+00
   20.900   3.913E+00
   21.000   3.823E+00
   21.100   3.737E+00
   21.200   3.653E+00
   21.300   3.571E+00
   21.400   3.492E+00
   21.500   3.415E+00
   21.600   3.341E+00
   21.700   3.269E+00
   21.800   3.199E+00
   21.900   3.131E+00
   22.000   3.066E+00
   22.100   3.002E+00
   22.200   2.940E+00
   22.300   2.880E+00
   22.400   2.822E+00
   22.500   2.766E+00
   22.600   2.711E+00
   22.700   2.658E+00
   22.800   2.606E+00
   22.900   2.556E+00
   23.000   2.507E+00
   23.100   2.460E+00
   23.200   2.414E+00
   23.300   2.369E+00
   23.400   2.326E+00
   23.500   2.284E+00
   23.600   2.242E+00
   23.700   2.203E+00
   23.800   2.164E+00
   23.900   2.126E+00
   24.000   2.089E+00
   24.100   2.053E+00
   24.200   2.018E+00
   24.300   1.984E+00
   24.400   1.951E+00
   24.500   1.919E+00
   24.600   1.888E+00
   24.700   1.857E+00
   24.800   1.827E+00
   24.900   1.798E+00
   25.000   1.770E+00
   25.100   1.742E+00
   25.200   1.715E+00
   25.300   1.689E+00
   25.400   1.663E+00
   25.500   1.638E+00
   25.600   1.613E+00
   25.700   1.589E+00
   25.800   1.566E+00
   25.900   1.543E+00
   26.000   1.521E+00
   26.100   1.499E+00
   26.200   1.477E+00
   26.300   1.457E+00
   26.400   1.436E+00
   26.500   1.416E+00
   26.600   1.397E+00
   26.700   1.378E+00
   26.800   1.359E+00
   26.900   1.341E+00
   27.000   1.323E+00
   27.100   1.305E+00
   27.200   1.288E+00
   27.300   1.271E+00
   27.400   1.255E+00
   27.500   1.239E+00
   27.600   1.223E+00
   27.700   1.208E+00
   27.800   1.193E+00
   27.900   1.178E+00
   28.000   1.163E+00
   28.100   1.149E+00
   28.200   1.135E+00
   28.300   1.121E+00
   28.400   1.108E+00
   28.500   1.095E+00
   28.600   1.082E+00
   28.700   1.069E+00
   28.800   1.056E+00
   28.900   1.044E+00
   29.000   1.032E+00
   29.100   1.020E+00
   29.200   1.009E+00
   29.300   9.974E-01
   29.400   9.862E-01
   29.500   9.753E-01
   29.600   9.645E-01
   29.700   9.539E-01
   29.800   9.435E-01
   29.900   9.333E-01
   30.000   9.232E-01
 
 Z=  37 A=  96  D1M-QRPA-Inter
 E[MeV]  fQRPA[mb/MeV]
    0.100   3.391E-04
    0.200   1.350E-03
    0.300   3.016E-03
    0.400   5.306E-03
    0.500   8.183E-03
    0.600   1.160E-02
    0.700   1.551E-02
    0.800   1.987E-02
    0.900   2.460E-02
    1.000   2.967E-02
    1.100   3.503E-02
    1.200   4.063E-02
    1.300   4.642E-02
    1.400   5.237E-02
    1.500   5.846E-02
    1.600   6.464E-02
    1.700   7.091E-02
    1.800   7.724E-02
    1.900   8.362E-02
    2.000   9.005E-02
    2.100   9.651E-02
    2.200   1.030E-01
    2.300   1.096E-01
    2.400   1.161E-01
    2.500   1.228E-01
    2.600   1.295E-01
    2.700   1.362E-01
    2.800   1.431E-01
    2.900   1.500E-01
    3.000   1.571E-01
    3.100   1.643E-01
    3.200   1.716E-01
    3.300   1.791E-01
    3.400   1.867E-01
    3.500   1.946E-01
    3.600   2.027E-01
    3.700   2.110E-01
    3.800   2.195E-01
    3.900   2.284E-01
    4.000   2.375E-01
    4.100   2.469E-01
    4.200   2.567E-01
    4.300   2.667E-01
    4.400   2.772E-01
    4.500   2.880E-01
    4.600   2.993E-01
    4.700   3.109E-01
    4.800   3.231E-01
    4.900   3.356E-01
    5.000   3.487E-01
    5.100   3.623E-01
    5.200   3.764E-01
    5.300   3.911E-01
    5.400   4.063E-01
    5.500   4.221E-01
    5.600   4.386E-01
    5.700   4.557E-01
    5.800   4.734E-01
    5.900   4.919E-01
    6.000   5.110E-01
    6.100   5.309E-01
    6.200   5.516E-01
    6.300   5.730E-01
    6.400   5.952E-01
    6.500   6.183E-01
    6.600   6.422E-01
    6.700   6.669E-01
    6.800   6.926E-01
    6.900   7.192E-01
    7.000   7.467E-01
    7.100   7.751E-01
    7.200   8.045E-01
    7.300   8.350E-01
    7.400   8.664E-01
    7.500   8.989E-01
    7.600   9.325E-01
    7.700   9.672E-01
    7.800   1.003E+00
    7.900   1.040E+00
    8.000   1.078E+00
    8.100   1.118E+00
    8.200   1.159E+00
    8.300   1.201E+00
    8.400   1.244E+00
    8.500   1.289E+00
    8.600   1.336E+00
    8.700   1.384E+00
    8.800   1.434E+00
    8.900   1.486E+00
    9.000   1.539E+00
    9.100   1.595E+00
    9.200   1.652E+00
    9.300   1.712E+00
    9.400   1.774E+00
    9.500   1.838E+00
    9.600   1.904E+00
    9.700   1.973E+00
    9.800   2.045E+00
    9.900   2.120E+00
   10.000   2.197E+00
   10.100   2.277E+00
   10.200   2.361E+00
   10.300   2.447E+00
   10.400   2.537E+00
   10.500   2.630E+00
   10.600   2.727E+00
   10.700   2.827E+00
   10.800   2.931E+00
   10.900   3.038E+00
   11.000   3.149E+00
   11.100   3.264E+00
   11.200   3.382E+00
   11.300   3.504E+00
   11.400   3.630E+00
   11.500   3.759E+00
   11.600   3.892E+00
   11.700   4.029E+00
   11.800   4.168E+00
   11.900   4.311E+00
   12.000   4.457E+00
   12.100   4.606E+00
   12.200   4.758E+00
   12.300   4.911E+00
   12.400   5.067E+00
   12.500   5.224E+00
   12.600   5.383E+00
   12.700   5.543E+00
   12.800   5.704E+00
   12.900   5.864E+00
   13.000   6.025E+00
   13.100   6.184E+00
   13.200   6.343E+00
   13.300   6.500E+00
   13.400   6.654E+00
   13.500   6.806E+00
   13.600   6.955E+00
   13.700   7.100E+00
   13.800   7.241E+00
   13.900   7.377E+00
   14.000   7.509E+00
   14.100   7.634E+00
   14.200   7.753E+00
   14.300   7.866E+00
   14.400   7.972E+00
   14.500   8.070E+00
   14.600   8.161E+00
   14.700   8.243E+00
   14.800   8.317E+00
   14.900   8.383E+00
   15.000   8.439E+00
   15.100   8.487E+00
   15.200   8.525E+00
   15.300   8.554E+00
   15.400   8.574E+00
   15.500   8.584E+00
   15.600   8.585E+00
   15.700   8.577E+00
   15.800   8.559E+00
   15.900   8.533E+00
   16.000   8.497E+00
   16.100   8.453E+00
   16.200   8.400E+00
   16.300   8.338E+00
   16.400   8.269E+00
   16.500   8.192E+00
   16.600   8.107E+00
   16.700   8.016E+00
   16.800   7.917E+00
   16.900   7.813E+00
   17.000   7.702E+00
   17.100   7.586E+00
   17.200   7.465E+00
   17.300   7.340E+00
   17.400   7.211E+00
   17.500   7.078E+00
   17.600   6.942E+00
   17.700   6.805E+00
   17.800   6.665E+00
   17.900   6.524E+00
   18.000   6.382E+00
   18.100   6.239E+00
   18.200   6.097E+00
   18.300   5.955E+00
   18.400   5.814E+00
   18.500   5.675E+00
   18.600   5.536E+00
   18.700   5.400E+00
   18.800   5.266E+00
   18.900   5.134E+00
   19.000   5.004E+00
   19.100   4.877E+00
   19.200   4.753E+00
   19.300   4.632E+00
   19.400   4.514E+00
   19.500   4.399E+00
   19.600   4.286E+00
   19.700   4.177E+00
   19.800   4.071E+00
   19.900   3.968E+00
   20.000   3.868E+00
   20.100   3.771E+00
   20.200   3.677E+00
   20.300   3.586E+00
   20.400   3.498E+00
   20.500   3.413E+00
   20.600   3.330E+00
   20.700   3.250E+00
   20.800   3.172E+00
   20.900   3.097E+00
   21.000   3.024E+00
   21.100   2.954E+00
   21.200   2.886E+00
   21.300   2.820E+00
   21.400   2.756E+00
   21.500   2.694E+00
   21.600   2.635E+00
   21.700   2.577E+00
   21.800   2.521E+00
   21.900   2.466E+00
   22.000   2.414E+00
   22.100   2.363E+00
   22.200   2.314E+00
   22.300   2.266E+00
   22.400   2.219E+00
   22.500   2.174E+00
   22.600   2.131E+00
   22.700   2.089E+00
   22.800   2.048E+00
   22.900   2.008E+00
   23.000   1.969E+00
   23.100   1.932E+00
   23.200   1.895E+00
   23.300   1.860E+00
   23.400   1.825E+00
   23.500   1.792E+00
   23.600   1.759E+00
   23.700   1.728E+00
   23.800   1.697E+00
   23.900   1.667E+00
   24.000   1.638E+00
   24.100   1.610E+00
   24.200   1.583E+00
   24.300   1.556E+00
   24.400   1.530E+00
   24.500   1.504E+00
   24.600   1.480E+00
   24.700   1.456E+00
   24.800   1.432E+00
   24.900   1.409E+00
   25.000   1.387E+00
   25.100   1.365E+00
   25.200   1.344E+00
   25.300   1.323E+00
   25.400   1.303E+00
   25.500   1.283E+00
   25.600   1.264E+00
   25.700   1.245E+00
   25.800   1.227E+00
   25.900   1.209E+00
   26.000   1.191E+00
   26.100   1.174E+00
   26.200   1.158E+00
   26.300   1.141E+00
   26.400   1.125E+00
   26.500   1.110E+00
   26.600   1.094E+00
   26.700   1.079E+00
   26.800   1.065E+00
   26.900   1.050E+00
   27.000   1.036E+00
   27.100   1.023E+00
   27.200   1.009E+00
   27.300   9.961E-01
   27.400   9.832E-01
   27.500   9.706E-01
   27.600   9.583E-01
   27.700   9.462E-01
   27.800   9.343E-01
   27.900   9.227E-01
   28.000   9.113E-01
   28.100   9.001E-01
   28.200   8.892E-01
   28.300   8.784E-01
   28.400   8.679E-01
   28.500   8.576E-01
   28.600   8.474E-01
   28.700   8.375E-01
   28.800   8.277E-01
   28.900   8.182E-01
   29.000   8.088E-01
   29.100   7.995E-01
   29.200   7.905E-01
   29.300   7.816E-01
   29.400   7.728E-01
   29.500   7.643E-01
   29.600   7.558E-01
   29.700   7.476E-01
   29.800   7.394E-01
   29.900   7.314E-01
   30.000   7.236E-01
 
 Z=  37 A=  97  D1M-QRPA-Inter
 E[MeV]  fQRPA[mb/MeV]
    0.100   2.423E-04
    0.200   9.668E-04
    0.300   2.167E-03
    0.400   3.831E-03
    0.500   5.945E-03
    0.600   8.489E-03
    0.700   1.144E-02
    0.800   1.478E-02
    0.900   1.848E-02
    1.000   2.251E-02
    1.100   2.684E-02
    1.200   3.145E-02
    1.300   3.631E-02
    1.400   4.140E-02
    1.500   4.670E-02
    1.600   5.217E-02
    1.700   5.782E-02
    1.800   6.360E-02
    1.900   6.953E-02
    2.000   7.558E-02
    2.100   8.175E-02
    2.200   8.803E-02
    2.300   9.443E-02
    2.400   1.009E-01
    2.500   1.076E-01
    2.600   1.143E-01
    2.700   1.212E-01
    2.800   1.282E-01
    2.900   1.354E-01
    3.000   1.428E-01
    3.100   1.503E-01
    3.200   1.580E-01
    3.300   1.660E-01
    3.400   1.741E-01
    3.500   1.825E-01
    3.600   1.912E-01
    3.700   2.002E-01
    3.800   2.094E-01
    3.900   2.190E-01
    4.000   2.289E-01
    4.100   2.392E-01
    4.200   2.498E-01
    4.300   2.608E-01
    4.400   2.723E-01
    4.500   2.842E-01
    4.600   2.965E-01
    4.700   3.094E-01
    4.800   3.227E-01
    4.900   3.365E-01
    5.000   3.509E-01
    5.100   3.659E-01
    5.200   3.814E-01
    5.300   3.976E-01
    5.400   4.144E-01
    5.500   4.319E-01
    5.600   4.501E-01
    5.700   4.690E-01
    5.800   4.886E-01
    5.900   5.090E-01
    6.000   5.303E-01
    6.100   5.523E-01
    6.200   5.752E-01
    6.300   5.989E-01
    6.400   6.236E-01
    6.500   6.492E-01
    6.600   6.757E-01
    6.700   7.032E-01
    6.800   7.317E-01
    6.900   7.613E-01
    7.000   7.919E-01
    7.100   8.236E-01
    7.200   8.564E-01
    7.300   8.903E-01
    7.400   9.255E-01
    7.500   9.618E-01
    7.600   9.993E-01
    7.700   1.038E+00
    7.800   1.078E+00
    7.900   1.120E+00
    8.000   1.163E+00
    8.100   1.207E+00
    8.200   1.253E+00
    8.300   1.301E+00
    8.400   1.350E+00
    8.500   1.401E+00
    8.600   1.453E+00
    8.700   1.508E+00
    8.800   1.565E+00
    8.900   1.623E+00
    9.000   1.684E+00
    9.100   1.748E+00
    9.200   1.813E+00
    9.300   1.882E+00
    9.400   1.953E+00
    9.500   2.027E+00
    9.600   2.103E+00
    9.700   2.183E+00
    9.800   2.266E+00
    9.900   2.352E+00
   10.000   2.442E+00
   10.100   2.536E+00
   10.200   2.633E+00
   10.300   2.734E+00
   10.400   2.838E+00
   10.500   2.947E+00
   10.600   3.060E+00
   10.700   3.178E+00
   10.800   3.299E+00
   10.900   3.425E+00
   11.000   3.555E+00
   11.100   3.689E+00
   11.200   3.827E+00
   11.300   3.970E+00
   11.400   4.117E+00
   11.500   4.267E+00
   11.600   4.421E+00
   11.700   4.579E+00
   11.800   4.739E+00
   11.900   4.903E+00
   12.000   5.069E+00
   12.100   5.237E+00
   12.200   5.407E+00
   12.300   5.578E+00
   12.400   5.750E+00
   12.500   5.922E+00
   12.600   6.094E+00
   12.700   6.265E+00
   12.800   6.434E+00
   12.900   6.602E+00
   13.000   6.767E+00
   13.100   6.929E+00
   13.200   7.088E+00
   13.300   7.244E+00
   13.400   7.394E+00
   13.500   7.541E+00
   13.600   7.682E+00
   13.700   7.818E+00
   13.800   7.948E+00
   13.900   8.073E+00
   14.000   8.191E+00
   14.100   8.303E+00
   14.200   8.408E+00
   14.300   8.507E+00
   14.400   8.598E+00
   14.500   8.682E+00
   14.600   8.759E+00
   14.700   8.828E+00
   14.800   8.889E+00
   14.900   8.943E+00
   15.000   8.988E+00
   15.100   9.024E+00
   15.200   9.052E+00
   15.300   9.071E+00
   15.400   9.082E+00
   15.500   9.083E+00
   15.600   9.076E+00
   15.700   9.059E+00
   15.800   9.033E+00
   15.900   8.998E+00
   16.000   8.954E+00
   16.100   8.900E+00
   16.200   8.838E+00
   16.300   8.767E+00
   16.400   8.687E+00
   16.500   8.599E+00
   16.600   8.502E+00
   16.700   8.398E+00
   16.800   8.286E+00
   16.900   8.168E+00
   17.000   8.043E+00
   17.100   7.911E+00
   17.200   7.775E+00
   17.300   7.633E+00
   17.400   7.487E+00
   17.500   7.338E+00
   17.600   7.185E+00
   17.700   7.031E+00
   17.800   6.874E+00
   17.900   6.717E+00
   18.000   6.558E+00
   18.100   6.400E+00
   18.200   6.243E+00
   18.300   6.086E+00
   18.400   5.932E+00
   18.500   5.778E+00
   18.600   5.628E+00
   18.700   5.479E+00
   18.800   5.334E+00
   18.900   5.192E+00
   19.000   5.052E+00
   19.100   4.916E+00
   19.200   4.784E+00
   19.300   4.655E+00
   19.400   4.530E+00
   19.500   4.408E+00
   19.600   4.290E+00
   19.700   4.176E+00
   19.800   4.065E+00
   19.900   3.958E+00
   20.000   3.854E+00
   20.100   3.754E+00
   20.200   3.656E+00
   20.300   3.563E+00
   20.400   3.472E+00
   20.500   3.384E+00
   20.600   3.300E+00
   20.700   3.218E+00
   20.800   3.139E+00
   20.900   3.062E+00
   21.000   2.989E+00
   21.100   2.917E+00
   21.200   2.848E+00
   21.300   2.782E+00
   21.400   2.718E+00
   21.500   2.656E+00
   21.600   2.595E+00
   21.700   2.537E+00
   21.800   2.481E+00
   21.900   2.427E+00
   22.000   2.374E+00
   22.100   2.323E+00
   22.200   2.274E+00
   22.300   2.227E+00
   22.400   2.180E+00
   22.500   2.136E+00
   22.600   2.092E+00
   22.700   2.050E+00
   22.800   2.010E+00
   22.900   1.970E+00
   23.000   1.932E+00
   23.100   1.895E+00
   23.200   1.859E+00
   23.300   1.824E+00
   23.400   1.790E+00
   23.500   1.757E+00
   23.600   1.725E+00
   23.700   1.694E+00
   23.800   1.663E+00
   23.900   1.634E+00
   24.000   1.605E+00
   24.100   1.577E+00
   24.200   1.550E+00
   24.300   1.524E+00
   24.400   1.498E+00
   24.500   1.473E+00
   24.600   1.449E+00
   24.700   1.425E+00
   24.800   1.402E+00
   24.900   1.380E+00
   25.000   1.358E+00
   25.100   1.336E+00
   25.200   1.316E+00
   25.300   1.295E+00
   25.400   1.275E+00
   25.500   1.256E+00
   25.600   1.237E+00
   25.700   1.219E+00
   25.800   1.201E+00
   25.900   1.183E+00
   26.000   1.166E+00
   26.100   1.149E+00
   26.200   1.133E+00
   26.300   1.117E+00
   26.400   1.101E+00
   26.500   1.086E+00
   26.600   1.071E+00
   26.700   1.056E+00
   26.800   1.042E+00
   26.900   1.028E+00
   27.000   1.014E+00
   27.100   1.001E+00
   27.200   9.877E-01
   27.300   9.749E-01
   27.400   9.623E-01
   27.500   9.500E-01
   27.600   9.379E-01
   27.700   9.260E-01
   27.800   9.144E-01
   27.900   9.031E-01
   28.000   8.919E-01
   28.100   8.810E-01
   28.200   8.703E-01
   28.300   8.598E-01
   28.400   8.495E-01
   28.500   8.394E-01
   28.600   8.295E-01
   28.700   8.198E-01
   28.800   8.102E-01
   28.900   8.009E-01
   29.000   7.917E-01
   29.100   7.827E-01
   29.200   7.738E-01
   29.300   7.651E-01
   29.400   7.566E-01
   29.500   7.482E-01
   29.600   7.400E-01
   29.700   7.319E-01
   29.800   7.239E-01
   29.900   7.161E-01
   30.000   7.084E-01
 
 Z=  37 A=  98  D1M-QRPA-Inter
 E[MeV]  fQRPA[mb/MeV]
    0.100   2.421E-04
    0.200   9.667E-04
    0.300   2.169E-03
    0.400   3.840E-03
    0.500   5.968E-03
    0.600   8.538E-03
    0.700   1.153E-02
    0.800   1.493E-02
    0.900   1.871E-02
    1.000   2.284E-02
    1.100   2.731E-02
    1.200   3.207E-02
    1.300   3.710E-02
    1.400   4.236E-02
    1.500   4.784E-02
    1.600   5.349E-02
    1.700   5.930E-02
    1.800   6.523E-02
    1.900   7.126E-02
    2.000   7.736E-02
    2.100   8.353E-02
    2.200   8.974E-02
    2.300   9.599E-02
    2.400   1.023E-01
    2.500   1.086E-01
    2.600   1.149E-01
    2.700   1.213E-01
    2.800   1.277E-01
    2.900   1.341E-01
    3.000   1.407E-01
    3.100   1.473E-01
    3.200   1.540E-01
    3.300   1.608E-01
    3.400   1.678E-01
    3.500   1.750E-01
    3.600   1.823E-01
    3.700   1.898E-01
    3.800   1.976E-01
    3.900   2.056E-01
    4.000   2.139E-01
    4.100   2.225E-01
    4.200   2.314E-01
    4.300   2.407E-01
    4.400   2.503E-01
    4.500   2.604E-01
    4.600   2.708E-01
    4.700   2.817E-01
    4.800   2.930E-01
    4.900   3.048E-01
    5.000   3.171E-01
    5.100   3.299E-01
    5.200   3.432E-01
    5.300   3.572E-01
    5.400   3.717E-01
    5.500   3.868E-01
    5.600   4.026E-01
    5.700   4.190E-01
    5.800   4.361E-01
    5.900   4.539E-01
    6.000   4.725E-01
    6.100   4.918E-01
    6.200   5.118E-01
    6.300   5.327E-01
    6.400   5.544E-01
    6.500   5.769E-01
    6.600   6.003E-01
    6.700   6.246E-01
    6.800   6.498E-01
    6.900   6.759E-01
    7.000   7.030E-01
    7.100   7.310E-01
    7.200   7.601E-01
    7.300   7.901E-01
    7.400   8.211E-01
    7.500   8.532E-01
    7.600   8.864E-01
    7.700   9.206E-01
    7.800   9.560E-01
    7.900   9.925E-01
    8.000   1.030E+00
    8.100   1.069E+00
    8.200   1.109E+00
    8.300   1.150E+00
    8.400   1.193E+00
    8.500   1.237E+00
    8.600   1.283E+00
    8.700   1.330E+00
    8.800   1.379E+00
    8.900   1.429E+00
    9.000   1.481E+00
    9.100   1.535E+00
    9.200   1.591E+00
    9.300   1.649E+00
    9.400   1.710E+00
    9.500   1.772E+00
    9.600   1.838E+00
    9.700   1.905E+00
    9.800   1.976E+00
    9.900   2.049E+00
   10.000   2.125E+00
   10.100   2.205E+00
   10.200   2.288E+00
   10.300   2.374E+00
   10.400   2.463E+00
   10.500   2.557E+00
   10.600   2.654E+00
   10.700   2.754E+00
   10.800   2.859E+00
   10.900   2.968E+00
   11.000   3.081E+00
   11.100   3.199E+00
   11.200   3.320E+00
   11.300   3.446E+00
   11.400   3.576E+00
   11.500   3.710E+00
   11.600   3.848E+00
   11.700   3.990E+00
   11.800   4.135E+00
   11.900   4.285E+00
   12.000   4.437E+00
   12.100   4.593E+00
   12.200   4.751E+00
   12.300   4.912E+00
   12.400   5.075E+00
   12.500   5.239E+00
   12.600   5.405E+00
   12.700   5.571E+00
   12.800   5.738E+00
   12.900   5.903E+00
   13.000   6.069E+00
   13.100   6.232E+00
   13.200   6.394E+00
   13.300   6.554E+00
   13.400   6.710E+00
   13.500   6.864E+00
   13.600   7.013E+00
   13.700   7.159E+00
   13.800   7.300E+00
   13.900   7.436E+00
   14.000   7.568E+00
   14.100   7.694E+00
   14.200   7.814E+00
   14.300   7.928E+00
   14.400   8.037E+00
   14.500   8.139E+00
   14.600   8.234E+00
   14.700   8.323E+00
   14.800   8.404E+00
   14.900   8.478E+00
   15.000   8.545E+00
   15.100   8.604E+00
   15.200   8.655E+00
   15.300   8.698E+00
   15.400   8.733E+00
   15.500   8.760E+00
   15.600   8.778E+00
   15.700   8.787E+00
   15.800   8.788E+00
   15.900   8.780E+00
   16.000   8.763E+00
   16.100   8.738E+00
   16.200   8.704E+00
   16.300   8.662E+00
   16.400   8.611E+00
   16.500   8.553E+00
   16.600   8.486E+00
   16.700   8.412E+00
   16.800   8.330E+00
   16.900   8.241E+00
   17.000   8.144E+00
   17.100   8.042E+00
   17.200   7.932E+00
   17.300   7.817E+00
   17.400   7.696E+00
   17.500   7.571E+00
   17.600   7.440E+00
   17.700   7.305E+00
   17.800   7.165E+00
   17.900   7.023E+00
   18.000   6.877E+00
   18.100   6.729E+00
   18.200   6.579E+00
   18.300   6.428E+00
   18.400   6.275E+00
   18.500   6.123E+00
   18.600   5.970E+00
   18.700   5.818E+00
   18.800   5.666E+00
   18.900   5.517E+00
   19.000   5.368E+00
   19.100   5.223E+00
   19.200   5.079E+00
   19.300   4.938E+00
   19.400   4.801E+00
   19.500   4.666E+00
   19.600   4.535E+00
   19.700   4.407E+00
   19.800   4.283E+00
   19.900   4.163E+00
   20.000   4.046E+00
   20.100   3.932E+00
   20.200   3.823E+00
   20.300   3.717E+00
   20.400   3.614E+00
   20.500   3.515E+00
   20.600   3.420E+00
   20.700   3.328E+00
   20.800   3.239E+00
   20.900   3.153E+00
   21.000   3.070E+00
   21.100   2.990E+00
   21.200   2.913E+00
   21.300   2.839E+00
   21.400   2.768E+00
   21.500   2.699E+00
   21.600   2.632E+00
   21.700   2.568E+00
   21.800   2.506E+00
   21.900   2.447E+00
   22.000   2.389E+00
   22.100   2.333E+00
   22.200   2.280E+00
   22.300   2.228E+00
   22.400   2.178E+00
   22.500   2.130E+00
   22.600   2.083E+00
   22.700   2.038E+00
   22.800   1.994E+00
   22.900   1.952E+00
   23.000   1.911E+00
   23.100   1.871E+00
   23.200   1.833E+00
   23.300   1.796E+00
   23.400   1.760E+00
   23.500   1.725E+00
   23.600   1.692E+00
   23.700   1.659E+00
   23.800   1.627E+00
   23.900   1.596E+00
   24.000   1.566E+00
   24.100   1.537E+00
   24.200   1.509E+00
   24.300   1.482E+00
   24.400   1.455E+00
   24.500   1.430E+00
   24.600   1.405E+00
   24.700   1.380E+00
   24.800   1.356E+00
   24.900   1.333E+00
   25.000   1.311E+00
   25.100   1.289E+00
   25.200   1.268E+00
   25.300   1.247E+00
   25.400   1.227E+00
   25.500   1.207E+00
   25.600   1.188E+00
   25.700   1.169E+00
   25.800   1.151E+00
   25.900   1.134E+00
   26.000   1.116E+00
   26.100   1.099E+00
   26.200   1.083E+00
   26.300   1.067E+00
   26.400   1.051E+00
   26.500   1.036E+00
   26.600   1.021E+00
   26.700   1.006E+00
   26.800   9.918E-01
   26.900   9.778E-01
   27.000   9.642E-01
   27.100   9.508E-01
   27.200   9.378E-01
   27.300   9.250E-01
   27.400   9.125E-01
   27.500   9.003E-01
   27.600   8.884E-01
   27.700   8.767E-01
   27.800   8.652E-01
   27.900   8.540E-01
   28.000   8.430E-01
   28.100   8.323E-01
   28.200   8.218E-01
   28.300   8.114E-01
   28.400   8.013E-01
   28.500   7.914E-01
   28.600   7.817E-01
   28.700   7.722E-01
   28.800   7.629E-01
   28.900   7.537E-01
   29.000   7.447E-01
   29.100   7.359E-01
   29.200   7.273E-01
   29.300   7.188E-01
   29.400   7.105E-01
   29.500   7.024E-01
   29.600   6.944E-01
   29.700   6.865E-01
   29.800   6.788E-01
   29.900   6.712E-01
   30.000   6.638E-01
 
 Z=  37 A=  99  D1M-QRPA-Inter
 E[MeV]  fQRPA[mb/MeV]
    0.100   2.857E-04
    0.200   1.141E-03
    0.300   2.563E-03
    0.400   4.544E-03
    0.500   7.074E-03
    0.600   1.014E-02
    0.700   1.373E-02
    0.800   1.781E-02
    0.900   2.237E-02
    1.000   2.738E-02
    1.100   3.280E-02
    1.200   3.860E-02
    1.300   4.474E-02
    1.400   5.118E-02
    1.500   5.787E-02
    1.600   6.476E-02
    1.700   7.181E-02
    1.800   7.898E-02
    1.900   8.622E-02
    2.000   9.350E-02
    2.100   1.008E-01
    2.200   1.080E-01
    2.300   1.152E-01
    2.400   1.223E-01
    2.500   1.294E-01
    2.600   1.364E-01
    2.700   1.433E-01
    2.800   1.501E-01
    2.900   1.569E-01
    3.000   1.636E-01
    3.100   1.704E-01
    3.200   1.772E-01
    3.300   1.840E-01
    3.400   1.910E-01
    3.500   1.980E-01
    3.600   2.052E-01
    3.700   2.126E-01
    3.800   2.201E-01
    3.900   2.280E-01
    4.000   2.361E-01
    4.100   2.445E-01
    4.200   2.532E-01
    4.300   2.623E-01
    4.400   2.718E-01
    4.500   2.817E-01
    4.600   2.920E-01
    4.700   3.028E-01
    4.800   3.141E-01
    4.900   3.259E-01
    5.000   3.382E-01
    5.100   3.512E-01
    5.200   3.647E-01
    5.300   3.788E-01
    5.400   3.936E-01
    5.500   4.090E-01
    5.600   4.251E-01
    5.700   4.420E-01
    5.800   4.596E-01
    5.900   4.779E-01
    6.000   4.971E-01
    6.100   5.170E-01
    6.200   5.378E-01
    6.300   5.595E-01
    6.400   5.820E-01
    6.500   6.054E-01
    6.600   6.298E-01
    6.700   6.551E-01
    6.800   6.814E-01
    6.900   7.086E-01
    7.000   7.369E-01
    7.100   7.662E-01
    7.200   7.965E-01
    7.300   8.279E-01
    7.400   8.603E-01
    7.500   8.938E-01
    7.600   9.283E-01
    7.700   9.640E-01
    7.800   1.001E+00
    7.900   1.039E+00
    8.000   1.078E+00
    8.100   1.118E+00
    8.200   1.159E+00
    8.300   1.202E+00
    8.400   1.245E+00
    8.500   1.290E+00
    8.600   1.337E+00
    8.700   1.385E+00
    8.800   1.434E+00
    8.900   1.485E+00
    9.000   1.538E+00
    9.100   1.592E+00
    9.200   1.649E+00
    9.300   1.707E+00
    9.400   1.768E+00
    9.500   1.830E+00
    9.600   1.896E+00
    9.700   1.964E+00
    9.800   2.034E+00
    9.900   2.108E+00
   10.000   2.184E+00
   10.100   2.264E+00
   10.200   2.347E+00
   10.300   2.434E+00
   10.400   2.524E+00
   10.500   2.618E+00
   10.600   2.717E+00
   10.700   2.819E+00
   10.800   2.926E+00
   10.900   3.038E+00
   11.000   3.154E+00
   11.100   3.275E+00
   11.200   3.401E+00
   11.300   3.531E+00
   11.400   3.667E+00
   11.500   3.808E+00
   11.600   3.954E+00
   11.700   4.105E+00
   11.800   4.260E+00
   11.900   4.421E+00
   12.000   4.586E+00
   12.100   4.756E+00
   12.200   4.930E+00
   12.300   5.108E+00
   12.400   5.289E+00
   12.500   5.474E+00
   12.600   5.661E+00
   12.700   5.850E+00
   12.800   6.041E+00
   12.900   6.233E+00
   13.000   6.426E+00
   13.100   6.618E+00
   13.200   6.810E+00
   13.300   7.001E+00
   13.400   7.190E+00
   13.500   7.376E+00
   13.600   7.560E+00
   13.700   7.740E+00
   13.800   7.916E+00
   13.900   8.088E+00
   14.000   8.255E+00
   14.100   8.417E+00
   14.200   8.574E+00
   14.300   8.725E+00
   14.400   8.869E+00
   14.500   9.008E+00
   14.600   9.139E+00
   14.700   9.264E+00
   14.800   9.381E+00
   14.900   9.491E+00
   15.000   9.593E+00
   15.100   9.687E+00
   15.200   9.772E+00
   15.300   9.848E+00
   15.400   9.916E+00
   15.500   9.975E+00
   15.600   1.002E+01
   15.700   1.006E+01
   15.800   1.009E+01
   15.900   1.012E+01
   16.000   1.013E+01
   16.100   1.013E+01
   16.200   1.012E+01
   16.300   1.011E+01
   16.400   1.008E+01
   16.500   1.004E+01
   16.600   1.000E+01
   16.700   9.948E+00
   16.800   9.887E+00
   16.900   9.817E+00
   17.000   9.738E+00
   17.100   9.651E+00
   17.200   9.556E+00
   17.300   9.453E+00
   17.400   9.342E+00
   17.500   9.222E+00
   17.600   9.095E+00
   17.700   8.961E+00
   17.800   8.819E+00
   17.900   8.670E+00
   18.000   8.515E+00
   18.100   8.354E+00
   18.200   8.187E+00
   18.300   8.015E+00
   18.400   7.839E+00
   18.500   7.660E+00
   18.600   7.477E+00
   18.700   7.293E+00
   18.800   7.108E+00
   18.900   6.921E+00
   19.000   6.736E+00
   19.100   6.551E+00
   19.200   6.367E+00
   19.300   6.186E+00
   19.400   6.007E+00
   19.500   5.832E+00
   19.600   5.660E+00
   19.700   5.492E+00
   19.800   5.328E+00
   19.900   5.169E+00
   20.000   5.014E+00
   20.100   4.864E+00
   20.200   4.719E+00
   20.300   4.578E+00
   20.400   4.443E+00
   20.500   4.311E+00
   20.600   4.185E+00
   20.700   4.063E+00
   20.800   3.946E+00
   20.900   3.833E+00
   21.000   3.724E+00
   21.100   3.619E+00
   21.200   3.518E+00
   21.300   3.421E+00
   21.400   3.328E+00
   21.500   3.238E+00
   21.600   3.152E+00
   21.700   3.069E+00
   21.800   2.989E+00
   21.900   2.912E+00
   22.000   2.838E+00
   22.100   2.767E+00
   22.200   2.699E+00
   22.300   2.632E+00
   22.400   2.569E+00
   22.500   2.507E+00
   22.600   2.448E+00
   22.700   2.391E+00
   22.800   2.336E+00
   22.900   2.283E+00
   23.000   2.232E+00
   23.100   2.182E+00
   23.200   2.135E+00
   23.300   2.088E+00
   23.400   2.044E+00
   23.500   2.001E+00
   23.600   1.959E+00
   23.700   1.919E+00
   23.800   1.879E+00
   23.900   1.842E+00
   24.000   1.805E+00
   24.100   1.769E+00
   24.200   1.735E+00
   24.300   1.702E+00
   24.400   1.669E+00
   24.500   1.638E+00
   24.600   1.608E+00
   24.700   1.578E+00
   24.800   1.549E+00
   24.900   1.521E+00
   25.000   1.494E+00
   25.100   1.468E+00
   25.200   1.443E+00
   25.300   1.418E+00
   25.400   1.394E+00
   25.500   1.370E+00
   25.600   1.347E+00
   25.700   1.325E+00
   25.800   1.303E+00
   25.900   1.282E+00
   26.000   1.262E+00
   26.100   1.242E+00
   26.200   1.222E+00
   26.300   1.203E+00
   26.400   1.184E+00
   26.500   1.166E+00
   26.600   1.149E+00
   26.700   1.131E+00
   26.800   1.115E+00
   26.900   1.098E+00
   27.000   1.082E+00
   27.100   1.067E+00
   27.200   1.051E+00
   27.300   1.036E+00
   27.400   1.022E+00
   27.500   1.007E+00
   27.600   9.936E-01
   27.700   9.799E-01
   27.800   9.666E-01
   27.900   9.536E-01
   28.000   9.408E-01
   28.100   9.284E-01
   28.200   9.161E-01
   28.300   9.042E-01
   28.400   8.925E-01
   28.500   8.810E-01
   28.600   8.698E-01
   28.700   8.588E-01
   28.800   8.481E-01
   28.900   8.375E-01
   29.000   8.272E-01
   29.100   8.171E-01
   29.200   8.071E-01
   29.300   7.974E-01
   29.400   7.879E-01
   29.500   7.785E-01
   29.600   7.693E-01
   29.700   7.603E-01
   29.800   7.515E-01
   29.900   7.428E-01
   30.000   7.343E-01
 
