 Z=  39 A=  89  D1M-QRPA-Inter
 E[MeV]  fQRPA[mb/MeV]
    0.100   1.498E-05
    0.200   5.992E-05
    0.300   1.349E-04
    0.400   2.399E-04
    0.500   3.751E-04
    0.600   5.405E-04
    0.700   7.364E-04
    0.800   9.630E-04
    0.900   1.220E-03
    1.000   1.509E-03
    1.100   1.828E-03
    1.200   2.179E-03
    1.300   2.563E-03
    1.400   2.978E-03
    1.500   3.426E-03
    1.600   3.907E-03
    1.700   4.421E-03
    1.800   4.970E-03
    1.900   5.552E-03
    2.000   6.170E-03
    2.100   6.824E-03
    2.200   7.513E-03
    2.300   8.239E-03
    2.400   9.003E-03
    2.500   9.805E-03
    2.600   1.065E-02
    2.700   1.153E-02
    2.800   1.245E-02
    2.900   1.341E-02
    3.000   1.442E-02
    3.100   1.547E-02
    3.200   1.656E-02
    3.300   1.770E-02
    3.400   1.889E-02
    3.500   2.012E-02
    3.600   2.141E-02
    3.700   2.274E-02
    3.800   2.413E-02
    3.900   2.557E-02
    4.000   2.707E-02
    4.100   2.862E-02
    4.200   3.023E-02
    4.300   3.190E-02
    4.400   3.364E-02
    4.500   3.544E-02
    4.600   3.731E-02
    4.700   3.924E-02
    4.800   4.125E-02
    4.900   4.333E-02
    5.000   4.549E-02
    5.100   4.773E-02
    5.200   5.005E-02
    5.300   5.245E-02
    5.400   5.495E-02
    5.500   5.753E-02
    5.600   6.021E-02
    5.700   6.299E-02
    5.800   6.588E-02
    5.900   6.887E-02
    6.000   7.198E-02
    6.100   7.520E-02
    6.200   7.854E-02
    6.300   8.202E-02
    6.400   8.562E-02
    6.500   8.937E-02
    6.600   9.326E-02
    6.700   9.731E-02
    6.800   1.015E-01
    6.900   1.059E-01
    7.000   1.104E-01
    7.100   1.152E-01
    7.200   1.201E-01
    7.300   1.252E-01
    7.400   1.306E-01
    7.500   1.361E-01
    7.600   1.419E-01
    7.700   1.480E-01
    7.800   1.543E-01
    7.900   1.609E-01
    8.000   1.678E-01
    8.100   1.750E-01
    8.200   1.825E-01
    8.300   1.903E-01
    8.400   1.985E-01
    8.500   2.070E-01
    8.600   2.159E-01
    8.700   2.252E-01
    8.800   2.349E-01
    8.900   2.451E-01
    9.000   2.557E-01
    9.100   2.667E-01
    9.200   2.783E-01
    9.300   2.904E-01
    9.400   3.031E-01
    9.500   3.163E-01
    9.600   3.302E-01
    9.700   3.448E-01
    9.800   3.601E-01
    9.900   3.763E-01
   10.000   3.932E-01
   10.100   4.111E-01
   10.200   4.300E-01
   10.300   4.499E-01
   10.400   4.709E-01
   10.500   4.931E-01
   10.600   5.165E-01
   10.700   5.412E-01
   10.800   5.673E-01
   10.900   5.948E-01
   11.000   6.237E-01
   11.100   6.541E-01
   11.200   6.861E-01
   11.300   7.196E-01
   11.400   7.547E-01
   11.500   7.913E-01
   11.600   8.294E-01
   11.700   8.689E-01
   11.800   9.099E-01
   11.900   9.521E-01
   12.000   9.956E-01
   12.100   1.040E+00
   12.200   1.086E+00
   12.300   1.132E+00
   12.400   1.180E+00
   12.500   1.228E+00
   12.600   1.277E+00
   12.700   1.327E+00
   12.800   1.378E+00
   12.900   1.430E+00
   13.000   1.484E+00
   13.100   1.539E+00
   13.200   1.596E+00
   13.300   1.656E+00
   13.400   1.718E+00
   13.500   1.784E+00
   13.600   1.854E+00
   13.700   1.929E+00
   13.800   2.008E+00
   13.900   2.093E+00
   14.000   2.185E+00
   14.100   2.283E+00
   14.200   2.389E+00
   14.300   2.503E+00
   14.400   2.625E+00
   14.500   2.757E+00
   14.600   2.899E+00
   14.700   3.051E+00
   14.800   3.215E+00
   14.900   3.390E+00
   15.000   3.577E+00
   15.100   3.776E+00
   15.200   3.989E+00
   15.300   4.214E+00
   15.400   4.452E+00
   15.500   4.701E+00
   15.600   4.962E+00
   15.700   5.232E+00
   15.800   5.510E+00
   15.900   5.793E+00
   16.000   6.077E+00
   16.100   6.360E+00
   16.200   6.636E+00
   16.300   6.902E+00
   16.400   7.155E+00
   16.500   7.389E+00
   16.600   7.603E+00
   16.700   7.793E+00
   16.800   7.959E+00
   16.900   8.098E+00
   17.000   8.212E+00
   17.100   8.300E+00
   17.200   8.363E+00
   17.300   8.401E+00
   17.400   8.416E+00
   17.500   8.407E+00
   17.600   8.374E+00
   17.700   8.319E+00
   17.800   8.241E+00
   17.900   8.140E+00
   18.000   8.017E+00
   18.100   7.874E+00
   18.200   7.710E+00
   18.300   7.528E+00
   18.400   7.331E+00
   18.500   7.120E+00
   18.600   6.898E+00
   18.700   6.669E+00
   18.800   6.435E+00
   18.900   6.201E+00
   19.000   5.967E+00
   19.100   5.738E+00
   19.200   5.514E+00
   19.300   5.298E+00
   19.400   5.090E+00
   19.500   4.891E+00
   19.600   4.702E+00
   19.700   4.522E+00
   19.800   4.351E+00
   19.900   4.189E+00
   20.000   4.034E+00
   20.100   3.886E+00
   20.200   3.744E+00
   20.300   3.608E+00
   20.400   3.477E+00
   20.500   3.349E+00
   20.600   3.226E+00
   20.700   3.107E+00
   20.800   2.992E+00
   20.900   2.881E+00
   21.000   2.773E+00
   21.100   2.670E+00
   21.200   2.571E+00
   21.300   2.475E+00
   21.400   2.384E+00
   21.500   2.298E+00
   21.600   2.215E+00
   21.700   2.136E+00
   21.800   2.062E+00
   21.900   1.991E+00
   22.000   1.923E+00
   22.100   1.860E+00
   22.200   1.799E+00
   22.300   1.742E+00
   22.400   1.687E+00
   22.500   1.635E+00
   22.600   1.586E+00
   22.700   1.540E+00
   22.800   1.495E+00
   22.900   1.453E+00
   23.000   1.412E+00
   23.100   1.374E+00
   23.200   1.336E+00
   23.300   1.301E+00
   23.400   1.267E+00
   23.500   1.233E+00
   23.600   1.201E+00
   23.700   1.171E+00
   23.800   1.141E+00
   23.900   1.112E+00
   24.000   1.084E+00
   24.100   1.057E+00
   24.200   1.031E+00
   24.300   1.006E+00
   24.400   9.813E-01
   24.500   9.578E-01
   24.600   9.351E-01
   24.700   9.132E-01
   24.800   8.920E-01
   24.900   8.716E-01
   25.000   8.520E-01
   25.100   8.331E-01
   25.200   8.149E-01
   25.300   7.975E-01
   25.400   7.808E-01
   25.500   7.647E-01
   25.600   7.494E-01
   25.700   7.347E-01
   25.800   7.207E-01
   25.900   7.072E-01
   26.000   6.943E-01
   26.100   6.820E-01
   26.200   6.701E-01
   26.300   6.586E-01
   26.400   6.474E-01
   26.500   6.366E-01
   26.600   6.261E-01
   26.700   6.158E-01
   26.800   6.056E-01
   26.900   5.957E-01
   27.000   5.858E-01
   27.100   5.762E-01
   27.200   5.666E-01
   27.300   5.571E-01
   27.400   5.477E-01
   27.500   5.383E-01
   27.600   5.290E-01
   27.700   5.197E-01
   27.800   5.105E-01
   27.900   5.013E-01
   28.000   4.922E-01
   28.100   4.831E-01
   28.200   4.741E-01
   28.300   4.651E-01
   28.400   4.564E-01
   28.500   4.477E-01
   28.600   4.392E-01
   28.700   4.309E-01
   28.800   4.228E-01
   28.900   4.149E-01
   29.000   4.073E-01
   29.100   3.998E-01
   29.200   3.926E-01
   29.300   3.856E-01
   29.400   3.788E-01
   29.500   3.722E-01
   29.600   3.658E-01
   29.700   3.597E-01
   29.800   3.537E-01
   29.900   3.479E-01
   30.000   3.423E-01
 
 Z=  39 A=  90  D1M-QRPA-Inter
 E[MeV]  fQRPA[mb/MeV]
    0.100   3.209E-05
    0.200   1.284E-04
    0.300   2.890E-04
    0.400   5.140E-04
    0.500   8.037E-04
    0.600   1.158E-03
    0.700   1.578E-03
    0.800   2.064E-03
    0.900   2.616E-03
    1.000   3.235E-03
    1.100   3.921E-03
    1.200   4.676E-03
    1.300   5.499E-03
    1.400   6.392E-03
    1.500   7.355E-03
    1.600   8.390E-03
    1.700   9.498E-03
    1.800   1.068E-02
    1.900   1.194E-02
    2.000   1.327E-02
    2.100   1.468E-02
    2.200   1.617E-02
    2.300   1.774E-02
    2.400   1.940E-02
    2.500   2.114E-02
    2.600   2.296E-02
    2.700   2.487E-02
    2.800   2.688E-02
    2.900   2.898E-02
    3.000   3.117E-02
    3.100   3.346E-02
    3.200   3.585E-02
    3.300   3.834E-02
    3.400   4.094E-02
    3.500   4.365E-02
    3.600   4.647E-02
    3.700   4.941E-02
    3.800   5.247E-02
    3.900   5.565E-02
    4.000   5.896E-02
    4.100   6.240E-02
    4.200   6.598E-02
    4.300   6.970E-02
    4.400   7.357E-02
    4.500   7.759E-02
    4.600   8.176E-02
    4.700   8.610E-02
    4.800   9.061E-02
    4.900   9.530E-02
    5.000   1.002E-01
    5.100   1.052E-01
    5.200   1.105E-01
    5.300   1.159E-01
    5.400   1.216E-01
    5.500   1.275E-01
    5.600   1.337E-01
    5.700   1.400E-01
    5.800   1.467E-01
    5.900   1.536E-01
    6.000   1.607E-01
    6.100   1.682E-01
    6.200   1.760E-01
    6.300   1.840E-01
    6.400   1.924E-01
    6.500   2.012E-01
    6.600   2.103E-01
    6.700   2.198E-01
    6.800   2.297E-01
    6.900   2.400E-01
    7.000   2.507E-01
    7.100   2.619E-01
    7.200   2.735E-01
    7.300   2.856E-01
    7.400   2.983E-01
    7.500   3.115E-01
    7.600   3.252E-01
    7.700   3.395E-01
    7.800   3.545E-01
    7.900   3.700E-01
    8.000   3.863E-01
    8.100   4.032E-01
    8.200   4.208E-01
    8.300   4.392E-01
    8.400   4.583E-01
    8.500   4.783E-01
    8.600   4.990E-01
    8.700   5.206E-01
    8.800   5.430E-01
    8.900   5.663E-01
    9.000   5.905E-01
    9.100   6.156E-01
    9.200   6.417E-01
    9.300   6.687E-01
    9.400   6.967E-01
    9.500   7.257E-01
    9.600   7.557E-01
    9.700   7.869E-01
    9.800   8.191E-01
    9.900   8.526E-01
   10.000   8.872E-01
   10.100   9.232E-01
   10.200   9.605E-01
   10.300   9.992E-01
   10.400   1.039E+00
   10.500   1.081E+00
   10.600   1.125E+00
   10.700   1.170E+00
   10.800   1.217E+00
   10.900   1.266E+00
   11.000   1.317E+00
   11.100   1.370E+00
   11.200   1.425E+00
   11.300   1.482E+00
   11.400   1.542E+00
   11.500   1.604E+00
   11.600   1.669E+00
   11.700   1.736E+00
   11.800   1.806E+00
   11.900   1.878E+00
   12.000   1.953E+00
   12.100   2.031E+00
   12.200   2.111E+00
   12.300   2.195E+00
   12.400   2.281E+00
   12.500   2.370E+00
   12.600   2.463E+00
   12.700   2.559E+00
   12.800   2.658E+00
   12.900   2.762E+00
   13.000   2.870E+00
   13.100   2.982E+00
   13.200   3.100E+00
   13.300   3.224E+00
   13.400   3.354E+00
   13.500   3.491E+00
   13.600   3.635E+00
   13.700   3.787E+00
   13.800   3.948E+00
   13.900   4.118E+00
   14.000   4.297E+00
   14.100   4.486E+00
   14.200   4.686E+00
   14.300   4.897E+00
   14.400   5.118E+00
   14.500   5.350E+00
   14.600   5.593E+00
   14.700   5.847E+00
   14.800   6.112E+00
   14.900   6.386E+00
   15.000   6.669E+00
   15.100   6.961E+00
   15.200   7.260E+00
   15.300   7.564E+00
   15.400   7.872E+00
   15.500   8.181E+00
   15.600   8.489E+00
   15.700   8.793E+00
   15.800   9.090E+00
   15.900   9.375E+00
   16.000   9.646E+00
   16.100   9.897E+00
   16.200   1.013E+01
   16.300   1.033E+01
   16.400   1.050E+01
   16.500   1.065E+01
   16.600   1.075E+01
   16.700   1.083E+01
   16.800   1.087E+01
   16.900   1.088E+01
   17.000   1.086E+01
   17.100   1.081E+01
   17.200   1.074E+01
   17.300   1.063E+01
   17.400   1.051E+01
   17.500   1.037E+01
   17.600   1.020E+01
   17.700   1.002E+01
   17.800   9.827E+00
   17.900   9.617E+00
   18.000   9.395E+00
   18.100   9.161E+00
   18.200   8.918E+00
   18.300   8.668E+00
   18.400   8.411E+00
   18.500   8.150E+00
   18.600   7.887E+00
   18.700   7.625E+00
   18.800   7.364E+00
   18.900   7.106E+00
   19.000   6.854E+00
   19.100   6.608E+00
   19.200   6.370E+00
   19.300   6.140E+00
   19.400   5.919E+00
   19.500   5.708E+00
   19.600   5.506E+00
   19.700   5.313E+00
   19.800   5.129E+00
   19.900   4.954E+00
   20.000   4.786E+00
   20.100   4.626E+00
   20.200   4.472E+00
   20.300   4.325E+00
   20.400   4.183E+00
   20.500   4.047E+00
   20.600   3.915E+00
   20.700   3.788E+00
   20.800   3.666E+00
   20.900   3.548E+00
   21.000   3.434E+00
   21.100   3.325E+00
   21.200   3.220E+00
   21.300   3.119E+00
   21.400   3.022E+00
   21.500   2.930E+00
   21.600   2.841E+00
   21.700   2.756E+00
   21.800   2.674E+00
   21.900   2.597E+00
   22.000   2.522E+00
   22.100   2.451E+00
   22.200   2.382E+00
   22.300   2.317E+00
   22.400   2.254E+00
   22.500   2.194E+00
   22.600   2.137E+00
   22.700   2.081E+00
   22.800   2.028E+00
   22.900   1.977E+00
   23.000   1.928E+00
   23.100   1.881E+00
   23.200   1.835E+00
   23.300   1.791E+00
   23.400   1.748E+00
   23.500   1.707E+00
   23.600   1.666E+00
   23.700   1.628E+00
   23.800   1.590E+00
   23.900   1.554E+00
   24.000   1.518E+00
   24.100   1.484E+00
   24.200   1.451E+00
   24.300   1.419E+00
   24.400   1.387E+00
   24.500   1.357E+00
   24.600   1.328E+00
   24.700   1.300E+00
   24.800   1.272E+00
   24.900   1.246E+00
   25.000   1.220E+00
   25.100   1.196E+00
   25.200   1.172E+00
   25.300   1.149E+00
   25.400   1.126E+00
   25.500   1.105E+00
   25.600   1.084E+00
   25.700   1.064E+00
   25.800   1.045E+00
   25.900   1.026E+00
   26.000   1.009E+00
   26.100   9.913E-01
   26.200   9.746E-01
   26.300   9.583E-01
   26.400   9.426E-01
   26.500   9.273E-01
   26.600   9.124E-01
   26.700   8.978E-01
   26.800   8.835E-01
   26.900   8.696E-01
   27.000   8.559E-01
   27.100   8.424E-01
   27.200   8.292E-01
   27.300   8.162E-01
   27.400   8.034E-01
   27.500   7.908E-01
   27.600   7.783E-01
   27.700   7.660E-01
   27.800   7.538E-01
   27.900   7.418E-01
   28.000   7.299E-01
   28.100   7.182E-01
   28.200   7.066E-01
   28.300   6.953E-01
   28.400   6.840E-01
   28.500   6.730E-01
   28.600   6.622E-01
   28.700   6.516E-01
   28.800   6.413E-01
   28.900   6.312E-01
   29.000   6.213E-01
   29.100   6.117E-01
   29.200   6.023E-01
   29.300   5.932E-01
   29.400   5.843E-01
   29.500   5.756E-01
   29.600   5.672E-01
   29.700   5.590E-01
   29.800   5.510E-01
   29.900   5.432E-01
   30.000   5.356E-01
 
 Z=  39 A=  91  D1M-QRPA-Inter
 E[MeV]  fQRPA[mb/MeV]
    0.100   4.885E-05
    0.200   1.954E-04
    0.300   4.399E-04
    0.400   7.826E-04
    0.500   1.224E-03
    0.600   1.764E-03
    0.700   2.404E-03
    0.800   3.145E-03
    0.900   3.986E-03
    1.000   4.930E-03
    1.100   5.977E-03
    1.200   7.128E-03
    1.300   8.385E-03
    1.400   9.749E-03
    1.500   1.122E-02
    1.600   1.281E-02
    1.700   1.450E-02
    1.800   1.631E-02
    1.900   1.824E-02
    2.000   2.028E-02
    2.100   2.245E-02
    2.200   2.474E-02
    2.300   2.715E-02
    2.400   2.970E-02
    2.500   3.238E-02
    2.600   3.519E-02
    2.700   3.814E-02
    2.800   4.124E-02
    2.900   4.448E-02
    3.000   4.788E-02
    3.100   5.143E-02
    3.200   5.514E-02
    3.300   5.902E-02
    3.400   6.307E-02
    3.500   6.729E-02
    3.600   7.170E-02
    3.700   7.629E-02
    3.800   8.108E-02
    3.900   8.608E-02
    4.000   9.128E-02
    4.100   9.669E-02
    4.200   1.023E-01
    4.300   1.082E-01
    4.400   1.143E-01
    4.500   1.207E-01
    4.600   1.273E-01
    4.700   1.343E-01
    4.800   1.414E-01
    4.900   1.489E-01
    5.000   1.567E-01
    5.100   1.649E-01
    5.200   1.733E-01
    5.300   1.821E-01
    5.400   1.913E-01
    5.500   2.009E-01
    5.600   2.108E-01
    5.700   2.212E-01
    5.800   2.320E-01
    5.900   2.433E-01
    6.000   2.551E-01
    6.100   2.674E-01
    6.200   2.801E-01
    6.300   2.935E-01
    6.400   3.074E-01
    6.500   3.219E-01
    6.600   3.370E-01
    6.700   3.528E-01
    6.800   3.693E-01
    6.900   3.865E-01
    7.000   4.044E-01
    7.100   4.231E-01
    7.200   4.427E-01
    7.300   4.630E-01
    7.400   4.843E-01
    7.500   5.064E-01
    7.600   5.295E-01
    7.700   5.536E-01
    7.800   5.786E-01
    7.900   6.048E-01
    8.000   6.320E-01
    8.100   6.603E-01
    8.200   6.898E-01
    8.300   7.204E-01
    8.400   7.523E-01
    8.500   7.853E-01
    8.600   8.196E-01
    8.700   8.552E-01
    8.800   8.920E-01
    8.900   9.300E-01
    9.000   9.692E-01
    9.100   1.010E+00
    9.200   1.051E+00
    9.300   1.094E+00
    9.400   1.138E+00
    9.500   1.183E+00
    9.600   1.229E+00
    9.700   1.276E+00
    9.800   1.324E+00
    9.900   1.373E+00
   10.000   1.423E+00
   10.100   1.473E+00
   10.200   1.525E+00
   10.300   1.577E+00
   10.400   1.630E+00
   10.500   1.685E+00
   10.600   1.740E+00
   10.700   1.797E+00
   10.800   1.855E+00
   10.900   1.914E+00
   11.000   1.975E+00
   11.100   2.038E+00
   11.200   2.103E+00
   11.300   2.170E+00
   11.400   2.240E+00
   11.500   2.312E+00
   11.600   2.387E+00
   11.700   2.466E+00
   11.800   2.548E+00
   11.900   2.633E+00
   12.000   2.723E+00
   12.100   2.818E+00
   12.200   2.918E+00
   12.300   3.023E+00
   12.400   3.134E+00
   12.500   3.251E+00
   12.600   3.375E+00
   12.700   3.506E+00
   12.800   3.644E+00
   12.900   3.790E+00
   13.000   3.945E+00
   13.100   4.108E+00
   13.200   4.280E+00
   13.300   4.461E+00
   13.400   4.652E+00
   13.500   4.853E+00
   13.600   5.064E+00
   13.700   5.284E+00
   13.800   5.515E+00
   13.900   5.755E+00
   14.000   6.006E+00
   14.100   6.265E+00
   14.200   6.532E+00
   14.300   6.808E+00
   14.400   7.090E+00
   14.500   7.378E+00
   14.600   7.669E+00
   14.700   7.963E+00
   14.800   8.257E+00
   14.900   8.549E+00
   15.000   8.837E+00
   15.100   9.118E+00
   15.200   9.389E+00
   15.300   9.648E+00
   15.400   9.891E+00
   15.500   1.012E+01
   15.600   1.032E+01
   15.700   1.050E+01
   15.800   1.066E+01
   15.900   1.078E+01
   16.000   1.088E+01
   16.100   1.095E+01
   16.200   1.098E+01
   16.300   1.098E+01
   16.400   1.096E+01
   16.500   1.090E+01
   16.600   1.081E+01
   16.700   1.070E+01
   16.800   1.056E+01
   16.900   1.039E+01
   17.000   1.021E+01
   17.100   1.001E+01
   17.200   9.795E+00
   17.300   9.567E+00
   17.400   9.329E+00
   17.500   9.084E+00
   17.600   8.834E+00
   17.700   8.582E+00
   17.800   8.328E+00
   17.900   8.074E+00
   18.000   7.823E+00
   18.100   7.575E+00
   18.200   7.331E+00
   18.300   7.091E+00
   18.400   6.858E+00
   18.500   6.630E+00
   18.600   6.409E+00
   18.700   6.195E+00
   18.800   5.987E+00
   18.900   5.787E+00
   19.000   5.594E+00
   19.100   5.408E+00
   19.200   5.229E+00
   19.300   5.057E+00
   19.400   4.892E+00
   19.500   4.733E+00
   19.600   4.582E+00
   19.700   4.436E+00
   19.800   4.297E+00
   19.900   4.163E+00
   20.000   4.035E+00
   20.100   3.913E+00
   20.200   3.796E+00
   20.300   3.684E+00
   20.400   3.577E+00
   20.500   3.474E+00
   20.600   3.376E+00
   20.700   3.282E+00
   20.800   3.192E+00
   20.900   3.105E+00
   21.000   3.022E+00
   21.100   2.943E+00
   21.200   2.866E+00
   21.300   2.793E+00
   21.400   2.723E+00
   21.500   2.655E+00
   21.600   2.589E+00
   21.700   2.526E+00
   21.800   2.465E+00
   21.900   2.407E+00
   22.000   2.350E+00
   22.100   2.295E+00
   22.200   2.242E+00
   22.300   2.190E+00
   22.400   2.141E+00
   22.500   2.092E+00
   22.600   2.045E+00
   22.700   1.999E+00
   22.800   1.955E+00
   22.900   1.912E+00
   23.000   1.870E+00
   23.100   1.830E+00
   23.200   1.790E+00
   23.300   1.752E+00
   23.400   1.714E+00
   23.500   1.678E+00
   23.600   1.643E+00
   23.700   1.608E+00
   23.800   1.575E+00
   23.900   1.542E+00
   24.000   1.511E+00
   24.100   1.480E+00
   24.200   1.451E+00
   24.300   1.422E+00
   24.400   1.394E+00
   24.500   1.367E+00
   24.600   1.340E+00
   24.700   1.315E+00
   24.800   1.290E+00
   24.900   1.265E+00
   25.000   1.242E+00
   25.100   1.219E+00
   25.200   1.197E+00
   25.300   1.176E+00
   25.400   1.155E+00
   25.500   1.134E+00
   25.600   1.115E+00
   25.700   1.095E+00
   25.800   1.077E+00
   25.900   1.059E+00
   26.000   1.041E+00
   26.100   1.024E+00
   26.200   1.007E+00
   26.300   9.910E-01
   26.400   9.752E-01
   26.500   9.598E-01
   26.600   9.448E-01
   26.700   9.302E-01
   26.800   9.159E-01
   26.900   9.021E-01
   27.000   8.885E-01
   27.100   8.753E-01
   27.200   8.624E-01
   27.300   8.498E-01
   27.400   8.375E-01
   27.500   8.255E-01
   27.600   8.138E-01
   27.700   8.023E-01
   27.800   7.911E-01
   27.900   7.801E-01
   28.000   7.693E-01
   28.100   7.588E-01
   28.200   7.485E-01
   28.300   7.385E-01
   28.400   7.286E-01
   28.500   7.190E-01
   28.600   7.095E-01
   28.700   7.002E-01
   28.800   6.912E-01
   28.900   6.823E-01
   29.000   6.736E-01
   29.100   6.651E-01
   29.200   6.567E-01
   29.300   6.485E-01
   29.400   6.405E-01
   29.500   6.326E-01
   29.600   6.249E-01
   29.700   6.173E-01
   29.800   6.099E-01
   29.900   6.026E-01
   30.000   5.955E-01
 
 Z=  39 A=  92  D1M-QRPA-Inter
 E[MeV]  fQRPA[mb/MeV]
    0.100   2.213E-04
    0.200   7.559E-04
    0.300   1.478E-03
    0.400   2.338E-03
    0.500   3.316E-03
    0.600   4.401E-03
    0.700   5.586E-03
    0.800   6.865E-03
    0.900   8.235E-03
    1.000   9.695E-03
    1.100   1.124E-02
    1.200   1.288E-02
    1.300   1.460E-02
    1.400   1.642E-02
    1.500   1.832E-02
    1.600   2.032E-02
    1.700   2.241E-02
    1.800   2.460E-02
    1.900   2.689E-02
    2.000   2.929E-02
    2.100   3.180E-02
    2.200   3.442E-02
    2.300   3.715E-02
    2.400   4.001E-02
    2.500   4.300E-02
    2.600   4.613E-02
    2.700   4.939E-02
    2.800   5.280E-02
    2.900   5.636E-02
    3.000   6.008E-02
    3.100   6.397E-02
    3.200   6.803E-02
    3.300   7.227E-02
    3.400   7.670E-02
    3.500   8.133E-02
    3.600   8.617E-02
    3.700   9.122E-02
    3.800   9.649E-02
    3.900   1.020E-01
    4.000   1.078E-01
    4.100   1.138E-01
    4.200   1.201E-01
    4.300   1.266E-01
    4.400   1.335E-01
    4.500   1.406E-01
    4.600   1.481E-01
    4.700   1.559E-01
    4.800   1.641E-01
    4.900   1.726E-01
    5.000   1.815E-01
    5.100   1.908E-01
    5.200   2.005E-01
    5.300   2.106E-01
    5.400   2.212E-01
    5.500   2.322E-01
    5.600   2.438E-01
    5.700   2.558E-01
    5.800   2.683E-01
    5.900   2.814E-01
    6.000   2.951E-01
    6.100   3.093E-01
    6.200   3.241E-01
    6.300   3.396E-01
    6.400   3.557E-01
    6.500   3.724E-01
    6.600   3.899E-01
    6.700   4.080E-01
    6.800   4.269E-01
    6.900   4.465E-01
    7.000   4.670E-01
    7.100   4.882E-01
    7.200   5.103E-01
    7.300   5.332E-01
    7.400   5.570E-01
    7.500   5.818E-01
    7.600   6.075E-01
    7.700   6.341E-01
    7.800   6.618E-01
    7.900   6.905E-01
    8.000   7.202E-01
    8.100   7.511E-01
    8.200   7.830E-01
    8.300   8.160E-01
    8.400   8.501E-01
    8.500   8.853E-01
    8.600   9.217E-01
    8.700   9.593E-01
    8.800   9.980E-01
    8.900   1.038E+00
    9.000   1.079E+00
    9.100   1.121E+00
    9.200   1.164E+00
    9.300   1.208E+00
    9.400   1.254E+00
    9.500   1.300E+00
    9.600   1.348E+00
    9.700   1.396E+00
    9.800   1.446E+00
    9.900   1.496E+00
   10.000   1.548E+00
   10.100   1.600E+00
   10.200   1.654E+00
   10.300   1.709E+00
   10.400   1.765E+00
   10.500   1.822E+00
   10.600   1.880E+00
   10.700   1.940E+00
   10.800   2.002E+00
   10.900   2.065E+00
   11.000   2.131E+00
   11.100   2.198E+00
   11.200   2.269E+00
   11.300   2.341E+00
   11.400   2.417E+00
   11.500   2.496E+00
   11.600   2.579E+00
   11.700   2.666E+00
   11.800   2.757E+00
   11.900   2.852E+00
   12.000   2.952E+00
   12.100   3.058E+00
   12.200   3.170E+00
   12.300   3.287E+00
   12.400   3.411E+00
   12.500   3.541E+00
   12.600   3.679E+00
   12.700   3.824E+00
   12.800   3.977E+00
   12.900   4.138E+00
   13.000   4.307E+00
   13.100   4.484E+00
   13.200   4.669E+00
   13.300   4.863E+00
   13.400   5.066E+00
   13.500   5.276E+00
   13.600   5.495E+00
   13.700   5.721E+00
   13.800   5.954E+00
   13.900   6.194E+00
   14.000   6.439E+00
   14.100   6.689E+00
   14.200   6.943E+00
   14.300   7.199E+00
   14.400   7.455E+00
   14.500   7.712E+00
   14.600   7.966E+00
   14.700   8.216E+00
   14.800   8.461E+00
   14.900   8.698E+00
   15.000   8.926E+00
   15.100   9.144E+00
   15.200   9.348E+00
   15.300   9.538E+00
   15.400   9.712E+00
   15.500   9.867E+00
   15.600   1.000E+01
   15.700   1.012E+01
   15.800   1.021E+01
   15.900   1.029E+01
   16.000   1.033E+01
   16.100   1.036E+01
   16.200   1.036E+01
   16.300   1.033E+01
   16.400   1.028E+01
   16.500   1.020E+01
   16.600   1.011E+01
   16.700   9.990E+00
   16.800   9.852E+00
   16.900   9.695E+00
   17.000   9.523E+00
   17.100   9.337E+00
   17.200   9.139E+00
   17.300   8.931E+00
   17.400   8.715E+00
   17.500   8.494E+00
   17.600   8.269E+00
   17.700   8.042E+00
   17.800   7.814E+00
   17.900   7.587E+00
   18.000   7.361E+00
   18.100   7.139E+00
   18.200   6.921E+00
   18.300   6.706E+00
   18.400   6.497E+00
   18.500   6.293E+00
   18.600   6.094E+00
   18.700   5.902E+00
   18.800   5.715E+00
   18.900   5.534E+00
   19.000   5.360E+00
   19.100   5.191E+00
   19.200   5.029E+00
   19.300   4.873E+00
   19.400   4.722E+00
   19.500   4.578E+00
   19.600   4.439E+00
   19.700   4.306E+00
   19.800   4.178E+00
   19.900   4.055E+00
   20.000   3.938E+00
   20.100   3.826E+00
   20.200   3.718E+00
   20.300   3.615E+00
   20.400   3.516E+00
   20.500   3.422E+00
   20.600   3.332E+00
   20.700   3.246E+00
   20.800   3.163E+00
   20.900   3.083E+00
   21.000   3.007E+00
   21.100   2.934E+00
   21.200   2.864E+00
   21.300   2.796E+00
   21.400   2.731E+00
   21.500   2.668E+00
   21.600   2.607E+00
   21.700   2.548E+00
   21.800   2.491E+00
   21.900   2.435E+00
   22.000   2.381E+00
   22.100   2.328E+00
   22.200   2.277E+00
   22.300   2.227E+00
   22.400   2.178E+00
   22.500   2.131E+00
   22.600   2.084E+00
   22.700   2.039E+00
   22.800   1.995E+00
   22.900   1.952E+00
   23.000   1.910E+00
   23.100   1.869E+00
   23.200   1.829E+00
   23.300   1.790E+00
   23.400   1.753E+00
   23.500   1.716E+00
   23.600   1.680E+00
   23.700   1.646E+00
   23.800   1.612E+00
   23.900   1.579E+00
   24.000   1.548E+00
   24.100   1.517E+00
   24.200   1.487E+00
   24.300   1.458E+00
   24.400   1.429E+00
   24.500   1.402E+00
   24.600   1.375E+00
   24.700   1.349E+00
   24.800   1.323E+00
   24.900   1.299E+00
   25.000   1.275E+00
   25.100   1.251E+00
   25.200   1.228E+00
   25.300   1.206E+00
   25.400   1.184E+00
   25.500   1.163E+00
   25.600   1.142E+00
   25.700   1.122E+00
   25.800   1.102E+00
   25.900   1.083E+00
   26.000   1.064E+00
   26.100   1.046E+00
   26.200   1.028E+00
   26.300   1.010E+00
   26.400   9.933E-01
   26.500   9.766E-01
   26.600   9.604E-01
   26.700   9.445E-01
   26.800   9.291E-01
   26.900   9.140E-01
   27.000   8.992E-01
   27.100   8.849E-01
   27.200   8.709E-01
   27.300   8.572E-01
   27.400   8.439E-01
   27.500   8.309E-01
   27.600   8.182E-01
   27.700   8.059E-01
   27.800   7.938E-01
   27.900   7.820E-01
   28.000   7.705E-01
   28.100   7.593E-01
   28.200   7.484E-01
   28.300   7.377E-01
   28.400   7.272E-01
   28.500   7.170E-01
   28.600   7.071E-01
   28.700   6.973E-01
   28.800   6.878E-01
   28.900   6.785E-01
   29.000   6.694E-01
   29.100   6.606E-01
   29.200   6.519E-01
   29.300   6.434E-01
   29.400   6.351E-01
   29.500   6.269E-01
   29.600   6.190E-01
   29.700   6.112E-01
   29.800   6.036E-01
   29.900   5.961E-01
   30.000   5.888E-01
 
 Z=  39 A=  93  D1M-QRPA-Inter
 E[MeV]  fQRPA[mb/MeV]
    0.100   1.099E-03
    0.200   3.206E-03
    0.300   5.442E-03
    0.400   7.659E-03
    0.500   9.855E-03
    0.600   1.204E-02
    0.700   1.423E-02
    0.800   1.643E-02
    0.900   1.866E-02
    1.000   2.091E-02
    1.100   2.319E-02
    1.200   2.552E-02
    1.300   2.789E-02
    1.400   3.031E-02
    1.500   3.280E-02
    1.600   3.535E-02
    1.700   3.798E-02
    1.800   4.069E-02
    1.900   4.349E-02
    2.000   4.639E-02
    2.100   4.939E-02
    2.200   5.251E-02
    2.300   5.575E-02
    2.400   5.912E-02
    2.500   6.263E-02
    2.600   6.630E-02
    2.700   7.012E-02
    2.800   7.412E-02
    2.900   7.830E-02
    3.000   8.267E-02
    3.100   8.724E-02
    3.200   9.203E-02
    3.300   9.704E-02
    3.400   1.023E-01
    3.500   1.078E-01
    3.600   1.136E-01
    3.700   1.196E-01
    3.800   1.259E-01
    3.900   1.326E-01
    4.000   1.395E-01
    4.100   1.468E-01
    4.200   1.544E-01
    4.300   1.625E-01
    4.400   1.709E-01
    4.500   1.797E-01
    4.600   1.889E-01
    4.700   1.986E-01
    4.800   2.087E-01
    4.900   2.193E-01
    5.000   2.304E-01
    5.100   2.421E-01
    5.200   2.543E-01
    5.300   2.671E-01
    5.400   2.804E-01
    5.500   2.944E-01
    5.600   3.090E-01
    5.700   3.243E-01
    5.800   3.403E-01
    5.900   3.569E-01
    6.000   3.743E-01
    6.100   3.924E-01
    6.200   4.113E-01
    6.300   4.309E-01
    6.400   4.513E-01
    6.500   4.725E-01
    6.600   4.945E-01
    6.700   5.174E-01
    6.800   5.411E-01
    6.900   5.657E-01
    7.000   5.912E-01
    7.100   6.177E-01
    7.200   6.450E-01
    7.300   6.733E-01
    7.400   7.026E-01
    7.500   7.329E-01
    7.600   7.642E-01
    7.700   7.966E-01
    7.800   8.300E-01
    7.900   8.645E-01
    8.000   9.001E-01
    8.100   9.368E-01
    8.200   9.745E-01
    8.300   1.013E+00
    8.400   1.053E+00
    8.500   1.094E+00
    8.600   1.137E+00
    8.700   1.180E+00
    8.800   1.224E+00
    8.900   1.270E+00
    9.000   1.317E+00
    9.100   1.364E+00
    9.200   1.413E+00
    9.300   1.463E+00
    9.400   1.515E+00
    9.500   1.567E+00
    9.600   1.621E+00
    9.700   1.675E+00
    9.800   1.731E+00
    9.900   1.788E+00
   10.000   1.847E+00
   10.100   1.907E+00
   10.200   1.968E+00
   10.300   2.030E+00
   10.400   2.095E+00
   10.500   2.160E+00
   10.600   2.228E+00
   10.700   2.298E+00
   10.800   2.369E+00
   10.900   2.444E+00
   11.000   2.520E+00
   11.100   2.600E+00
   11.200   2.683E+00
   11.300   2.770E+00
   11.400   2.861E+00
   11.500   2.956E+00
   11.600   3.055E+00
   11.700   3.160E+00
   11.800   3.271E+00
   11.900   3.387E+00
   12.000   3.510E+00
   12.100   3.639E+00
   12.200   3.775E+00
   12.300   3.919E+00
   12.400   4.071E+00
   12.500   4.230E+00
   12.600   4.398E+00
   12.700   4.574E+00
   12.800   4.759E+00
   12.900   4.953E+00
   13.000   5.156E+00
   13.100   5.367E+00
   13.200   5.586E+00
   13.300   5.814E+00
   13.400   6.049E+00
   13.500   6.290E+00
   13.600   6.539E+00
   13.700   6.792E+00
   13.800   7.049E+00
   13.900   7.309E+00
   14.000   7.571E+00
   14.100   7.832E+00
   14.200   8.091E+00
   14.300   8.347E+00
   14.400   8.597E+00
   14.500   8.840E+00
   14.600   9.073E+00
   14.700   9.296E+00
   14.800   9.507E+00
   14.900   9.705E+00
   15.000   9.888E+00
   15.100   1.005E+01
   15.200   1.021E+01
   15.300   1.034E+01
   15.400   1.046E+01
   15.500   1.055E+01
   15.600   1.063E+01
   15.700   1.069E+01
   15.800   1.074E+01
   15.900   1.076E+01
   16.000   1.076E+01
   16.100   1.075E+01
   16.200   1.071E+01
   16.300   1.065E+01
   16.400   1.057E+01
   16.500   1.048E+01
   16.600   1.036E+01
   16.700   1.023E+01
   16.800   1.008E+01
   16.900   9.917E+00
   17.000   9.739E+00
   17.100   9.550E+00
   17.200   9.350E+00
   17.300   9.142E+00
   17.400   8.928E+00
   17.500   8.709E+00
   17.600   8.487E+00
   17.700   8.263E+00
   17.800   8.039E+00
   17.900   7.817E+00
   18.000   7.596E+00
   18.100   7.378E+00
   18.200   7.164E+00
   18.300   6.955E+00
   18.400   6.749E+00
   18.500   6.549E+00
   18.600   6.355E+00
   18.700   6.165E+00
   18.800   5.982E+00
   18.900   5.804E+00
   19.000   5.631E+00
   19.100   5.465E+00
   19.200   5.304E+00
   19.300   5.149E+00
   19.400   4.999E+00
   19.500   4.855E+00
   19.600   4.716E+00
   19.700   4.583E+00
   19.800   4.455E+00
   19.900   4.332E+00
   20.000   4.214E+00
   20.100   4.101E+00
   20.200   3.993E+00
   20.300   3.890E+00
   20.400   3.791E+00
   20.500   3.697E+00
   20.600   3.606E+00
   20.700   3.520E+00
   20.800   3.437E+00
   20.900   3.357E+00
   21.000   3.281E+00
   21.100   3.208E+00
   21.200   3.137E+00
   21.300   3.069E+00
   21.400   3.004E+00
   21.500   2.940E+00
   21.600   2.878E+00
   21.700   2.818E+00
   21.800   2.759E+00
   21.900   2.701E+00
   22.000   2.645E+00
   22.100   2.590E+00
   22.200   2.536E+00
   22.300   2.483E+00
   22.400   2.431E+00
   22.500   2.379E+00
   22.600   2.329E+00
   22.700   2.280E+00
   22.800   2.231E+00
   22.900   2.184E+00
   23.000   2.138E+00
   23.100   2.093E+00
   23.200   2.049E+00
   23.300   2.006E+00
   23.400   1.965E+00
   23.500   1.924E+00
   23.600   1.885E+00
   23.700   1.847E+00
   23.800   1.809E+00
   23.900   1.773E+00
   24.000   1.738E+00
   24.100   1.704E+00
   24.200   1.671E+00
   24.300   1.639E+00
   24.400   1.607E+00
   24.500   1.577E+00
   24.600   1.547E+00
   24.700   1.518E+00
   24.800   1.489E+00
   24.900   1.462E+00
   25.000   1.434E+00
   25.100   1.408E+00
   25.200   1.382E+00
   25.300   1.357E+00
   25.400   1.332E+00
   25.500   1.307E+00
   25.600   1.283E+00
   25.700   1.260E+00
   25.800   1.237E+00
   25.900   1.215E+00
   26.000   1.193E+00
   26.100   1.171E+00
   26.200   1.150E+00
   26.300   1.130E+00
   26.400   1.109E+00
   26.500   1.090E+00
   26.600   1.071E+00
   26.700   1.052E+00
   26.800   1.033E+00
   26.900   1.015E+00
   27.000   9.980E-01
   27.100   9.810E-01
   27.200   9.644E-01
   27.300   9.482E-01
   27.400   9.325E-01
   27.500   9.171E-01
   27.600   9.022E-01
   27.700   8.876E-01
   27.800   8.735E-01
   27.900   8.597E-01
   28.000   8.463E-01
   28.100   8.332E-01
   28.200   8.204E-01
   28.300   8.080E-01
   28.400   7.959E-01
   28.500   7.842E-01
   28.600   7.727E-01
   28.700   7.615E-01
   28.800   7.506E-01
   28.900   7.400E-01
   29.000   7.296E-01
   29.100   7.195E-01
   29.200   7.096E-01
   29.300   7.000E-01
   29.400   6.905E-01
   29.500   6.813E-01
   29.600   6.724E-01
   29.700   6.636E-01
   29.800   6.550E-01
   29.900   6.466E-01
   30.000   6.384E-01
 
 Z=  39 A=  94  D1M-QRPA-Inter
 E[MeV]  fQRPA[mb/MeV]
    0.100   9.029E-04
    0.200   2.981E-03
    0.300   5.558E-03
    0.400   8.339E-03
    0.500   1.120E-02
    0.600   1.408E-02
    0.700   1.697E-02
    0.800   1.985E-02
    0.900   2.273E-02
    1.000   2.560E-02
    1.100   2.847E-02
    1.200   3.136E-02
    1.300   3.425E-02
    1.400   3.717E-02
    1.500   4.011E-02
    1.600   4.308E-02
    1.700   4.609E-02
    1.800   4.915E-02
    1.900   5.226E-02
    2.000   5.543E-02
    2.100   5.867E-02
    2.200   6.199E-02
    2.300   6.540E-02
    2.400   6.890E-02
    2.500   7.250E-02
    2.600   7.622E-02
    2.700   8.007E-02
    2.800   8.405E-02
    2.900   8.818E-02
    3.000   9.246E-02
    3.100   9.692E-02
    3.200   1.016E-01
    3.300   1.064E-01
    3.400   1.114E-01
    3.500   1.167E-01
    3.600   1.222E-01
    3.700   1.279E-01
    3.800   1.339E-01
    3.900   1.402E-01
    4.000   1.468E-01
    4.100   1.537E-01
    4.200   1.610E-01
    4.300   1.685E-01
    4.400   1.765E-01
    4.500   1.849E-01
    4.600   1.936E-01
    4.700   2.028E-01
    4.800   2.125E-01
    4.900   2.226E-01
    5.000   2.332E-01
    5.100   2.444E-01
    5.200   2.561E-01
    5.300   2.683E-01
    5.400   2.812E-01
    5.500   2.947E-01
    5.600   3.089E-01
    5.700   3.237E-01
    5.800   3.392E-01
    5.900   3.554E-01
    6.000   3.723E-01
    6.100   3.900E-01
    6.200   4.085E-01
    6.300   4.277E-01
    6.400   4.478E-01
    6.500   4.686E-01
    6.600   4.903E-01
    6.700   5.128E-01
    6.800   5.361E-01
    6.900   5.604E-01
    7.000   5.855E-01
    7.100   6.115E-01
    7.200   6.384E-01
    7.300   6.663E-01
    7.400   6.952E-01
    7.500   7.251E-01
    7.600   7.561E-01
    7.700   7.882E-01
    7.800   8.214E-01
    7.900   8.558E-01
    8.000   8.915E-01
    8.100   9.284E-01
    8.200   9.667E-01
    8.300   1.006E+00
    8.400   1.047E+00
    8.500   1.090E+00
    8.600   1.133E+00
    8.700   1.179E+00
    8.800   1.225E+00
    8.900   1.273E+00
    9.000   1.323E+00
    9.100   1.373E+00
    9.200   1.426E+00
    9.300   1.479E+00
    9.400   1.534E+00
    9.500   1.590E+00
    9.600   1.647E+00
    9.700   1.706E+00
    9.800   1.766E+00
    9.900   1.827E+00
   10.000   1.889E+00
   10.100   1.952E+00
   10.200   2.016E+00
   10.300   2.082E+00
   10.400   2.149E+00
   10.500   2.218E+00
   10.600   2.288E+00
   10.700   2.361E+00
   10.800   2.435E+00
   10.900   2.512E+00
   11.000   2.592E+00
   11.100   2.676E+00
   11.200   2.763E+00
   11.300   2.854E+00
   11.400   2.949E+00
   11.500   3.049E+00
   11.600   3.155E+00
   11.700   3.266E+00
   11.800   3.384E+00
   11.900   3.508E+00
   12.000   3.640E+00
   12.100   3.779E+00
   12.200   3.927E+00
   12.300   4.082E+00
   12.400   4.247E+00
   12.500   4.420E+00
   12.600   4.603E+00
   12.700   4.795E+00
   12.800   4.996E+00
   12.900   5.207E+00
   13.000   5.428E+00
   13.100   5.657E+00
   13.200   5.895E+00
   13.300   6.141E+00
   13.400   6.394E+00
   13.500   6.653E+00
   13.600   6.917E+00
   13.700   7.185E+00
   13.800   7.455E+00
   13.900   7.726E+00
   14.000   7.995E+00
   14.100   8.261E+00
   14.200   8.521E+00
   14.300   8.774E+00
   14.400   9.018E+00
   14.500   9.250E+00
   14.600   9.468E+00
   14.700   9.670E+00
   14.800   9.855E+00
   14.900   1.002E+01
   15.000   1.017E+01
   15.100   1.029E+01
   15.200   1.039E+01
   15.300   1.047E+01
   15.400   1.053E+01
   15.500   1.057E+01
   15.600   1.058E+01
   15.700   1.056E+01
   15.800   1.053E+01
   15.900   1.047E+01
   16.000   1.040E+01
   16.100   1.030E+01
   16.200   1.019E+01
   16.300   1.005E+01
   16.400   9.906E+00
   16.500   9.743E+00
   16.600   9.567E+00
   16.700   9.380E+00
   16.800   9.183E+00
   16.900   8.978E+00
   17.000   8.767E+00
   17.100   8.552E+00
   17.200   8.333E+00
   17.300   8.112E+00
   17.400   7.891E+00
   17.500   7.671E+00
   17.600   7.452E+00
   17.700   7.237E+00
   17.800   7.025E+00
   17.900   6.818E+00
   18.000   6.615E+00
   18.100   6.418E+00
   18.200   6.226E+00
   18.300   6.040E+00
   18.400   5.860E+00
   18.500   5.686E+00
   18.600   5.518E+00
   18.700   5.355E+00
   18.800   5.199E+00
   18.900   5.048E+00
   19.000   4.902E+00
   19.100   4.762E+00
   19.200   4.626E+00
   19.300   4.496E+00
   19.400   4.370E+00
   19.500   4.249E+00
   19.600   4.131E+00
   19.700   4.018E+00
   19.800   3.909E+00
   19.900   3.804E+00
   20.000   3.703E+00
   20.100   3.605E+00
   20.200   3.511E+00
   20.300   3.419E+00
   20.400   3.332E+00
   20.500   3.247E+00
   20.600   3.165E+00
   20.700   3.087E+00
   20.800   3.011E+00
   20.900   2.938E+00
   21.000   2.867E+00
   21.100   2.799E+00
   21.200   2.733E+00
   21.300   2.669E+00
   21.400   2.607E+00
   21.500   2.547E+00
   21.600   2.489E+00
   21.700   2.432E+00
   21.800   2.377E+00
   21.900   2.323E+00
   22.000   2.271E+00
   22.100   2.220E+00
   22.200   2.170E+00
   22.300   2.122E+00
   22.400   2.074E+00
   22.500   2.028E+00
   22.600   1.983E+00
   22.700   1.939E+00
   22.800   1.896E+00
   22.900   1.854E+00
   23.000   1.814E+00
   23.100   1.774E+00
   23.200   1.736E+00
   23.300   1.698E+00
   23.400   1.662E+00
   23.500   1.627E+00
   23.600   1.593E+00
   23.700   1.559E+00
   23.800   1.527E+00
   23.900   1.496E+00
   24.000   1.465E+00
   24.100   1.435E+00
   24.200   1.407E+00
   24.300   1.379E+00
   24.400   1.351E+00
   24.500   1.325E+00
   24.600   1.299E+00
   24.700   1.274E+00
   24.800   1.250E+00
   24.900   1.226E+00
   25.000   1.203E+00
   25.100   1.181E+00
   25.200   1.159E+00
   25.300   1.137E+00
   25.400   1.117E+00
   25.500   1.096E+00
   25.600   1.077E+00
   25.700   1.057E+00
   25.800   1.038E+00
   25.900   1.020E+00
   26.000   1.002E+00
   26.100   9.848E-01
   26.200   9.677E-01
   26.300   9.511E-01
   26.400   9.349E-01
   26.500   9.191E-01
   26.600   9.037E-01
   26.700   8.887E-01
   26.800   8.740E-01
   26.900   8.598E-01
   27.000   8.458E-01
   27.100   8.323E-01
   27.200   8.190E-01
   27.300   8.061E-01
   27.400   7.936E-01
   27.500   7.813E-01
   27.600   7.694E-01
   27.700   7.577E-01
   27.800   7.464E-01
   27.900   7.353E-01
   28.000   7.245E-01
   28.100   7.140E-01
   28.200   7.038E-01
   28.300   6.937E-01
   28.400   6.840E-01
   28.500   6.744E-01
   28.600   6.651E-01
   28.700   6.560E-01
   28.800   6.471E-01
   28.900   6.385E-01
   29.000   6.300E-01
   29.100   6.217E-01
   29.200   6.136E-01
   29.300   6.057E-01
   29.400   5.979E-01
   29.500   5.904E-01
   29.600   5.829E-01
   29.700   5.757E-01
   29.800   5.686E-01
   29.900   5.616E-01
   30.000   5.548E-01
 
 Z=  39 A=  95  D1M-QRPA-Inter
 E[MeV]  fQRPA[mb/MeV]
    0.100   8.230E-04
    0.200   3.075E-03
    0.300   6.299E-03
    0.400   1.008E-02
    0.500   1.412E-02
    0.600   1.828E-02
    0.700   2.245E-02
    0.800   2.661E-02
    0.900   3.072E-02
    1.000   3.478E-02
    1.100   3.880E-02
    1.200   4.276E-02
    1.300   4.669E-02
    1.400   5.057E-02
    1.500   5.443E-02
    1.600   5.826E-02
    1.700   6.208E-02
    1.800   6.589E-02
    1.900   6.969E-02
    2.000   7.351E-02
    2.100   7.735E-02
    2.200   8.123E-02
    2.300   8.514E-02
    2.400   8.911E-02
    2.500   9.314E-02
    2.600   9.725E-02
    2.700   1.015E-01
    2.800   1.058E-01
    2.900   1.102E-01
    3.000   1.148E-01
    3.100   1.195E-01
    3.200   1.244E-01
    3.300   1.294E-01
    3.400   1.347E-01
    3.500   1.402E-01
    3.600   1.459E-01
    3.700   1.519E-01
    3.800   1.581E-01
    3.900   1.646E-01
    4.000   1.715E-01
    4.100   1.786E-01
    4.200   1.861E-01
    4.300   1.940E-01
    4.400   2.023E-01
    4.500   2.111E-01
    4.600   2.202E-01
    4.700   2.299E-01
    4.800   2.400E-01
    4.900   2.507E-01
    5.000   2.619E-01
    5.100   2.737E-01
    5.200   2.862E-01
    5.300   2.992E-01
    5.400   3.130E-01
    5.500   3.274E-01
    5.600   3.426E-01
    5.700   3.585E-01
    5.800   3.752E-01
    5.900   3.927E-01
    6.000   4.110E-01
    6.100   4.302E-01
    6.200   4.503E-01
    6.300   4.712E-01
    6.400   4.930E-01
    6.500   5.158E-01
    6.600   5.394E-01
    6.700   5.640E-01
    6.800   5.895E-01
    6.900   6.159E-01
    7.000   6.434E-01
    7.100   6.718E-01
    7.200   7.012E-01
    7.300   7.317E-01
    7.400   7.633E-01
    7.500   7.961E-01
    7.600   8.301E-01
    7.700   8.654E-01
    7.800   9.021E-01
    7.900   9.402E-01
    8.000   9.799E-01
    8.100   1.021E+00
    8.200   1.064E+00
    8.300   1.109E+00
    8.400   1.155E+00
    8.500   1.204E+00
    8.600   1.254E+00
    8.700   1.306E+00
    8.800   1.360E+00
    8.900   1.416E+00
    9.000   1.474E+00
    9.100   1.534E+00
    9.200   1.596E+00
    9.300   1.659E+00
    9.400   1.724E+00
    9.500   1.790E+00
    9.600   1.858E+00
    9.700   1.928E+00
    9.800   1.998E+00
    9.900   2.070E+00
   10.000   2.143E+00
   10.100   2.217E+00
   10.200   2.292E+00
   10.300   2.369E+00
   10.400   2.447E+00
   10.500   2.526E+00
   10.600   2.608E+00
   10.700   2.692E+00
   10.800   2.778E+00
   10.900   2.867E+00
   11.000   2.959E+00
   11.100   3.056E+00
   11.200   3.157E+00
   11.300   3.262E+00
   11.400   3.374E+00
   11.500   3.491E+00
   11.600   3.615E+00
   11.700   3.747E+00
   11.800   3.886E+00
   11.900   4.033E+00
   12.000   4.190E+00
   12.100   4.356E+00
   12.200   4.532E+00
   12.300   4.719E+00
   12.400   4.916E+00
   12.500   5.125E+00
   12.600   5.345E+00
   12.700   5.577E+00
   12.800   5.821E+00
   12.900   6.075E+00
   13.000   6.341E+00
   13.100   6.618E+00
   13.200   6.904E+00
   13.300   7.198E+00
   13.400   7.500E+00
   13.500   7.808E+00
   13.600   8.121E+00
   13.700   8.435E+00
   13.800   8.750E+00
   13.900   9.062E+00
   14.000   9.369E+00
   14.100   9.670E+00
   14.200   9.959E+00
   14.300   1.024E+01
   14.400   1.050E+01
   14.500   1.074E+01
   14.600   1.096E+01
   14.700   1.116E+01
   14.800   1.134E+01
   14.900   1.148E+01
   15.000   1.160E+01
   15.100   1.169E+01
   15.200   1.175E+01
   15.300   1.178E+01
   15.400   1.177E+01
   15.500   1.174E+01
   15.600   1.167E+01
   15.700   1.158E+01
   15.800   1.146E+01
   15.900   1.132E+01
   16.000   1.115E+01
   16.100   1.096E+01
   16.200   1.075E+01
   16.300   1.053E+01
   16.400   1.030E+01
   16.500   1.005E+01
   16.600   9.802E+00
   16.700   9.545E+00
   16.800   9.284E+00
   16.900   9.021E+00
   17.000   8.759E+00
   17.100   8.499E+00
   17.200   8.241E+00
   17.300   7.988E+00
   17.400   7.740E+00
   17.500   7.498E+00
   17.600   7.263E+00
   17.700   7.034E+00
   17.800   6.813E+00
   17.900   6.599E+00
   18.000   6.393E+00
   18.100   6.195E+00
   18.200   6.004E+00
   18.300   5.821E+00
   18.400   5.646E+00
   18.500   5.478E+00
   18.600   5.316E+00
   18.700   5.162E+00
   18.800   5.014E+00
   18.900   4.872E+00
   19.000   4.735E+00
   19.100   4.604E+00
   19.200   4.478E+00
   19.300   4.357E+00
   19.400   4.239E+00
   19.500   4.126E+00
   19.600   4.017E+00
   19.700   3.911E+00
   19.800   3.808E+00
   19.900   3.708E+00
   20.000   3.611E+00
   20.100   3.516E+00
   20.200   3.425E+00
   20.300   3.336E+00
   20.400   3.249E+00
   20.500   3.165E+00
   20.600   3.084E+00
   20.700   3.004E+00
   20.800   2.927E+00
   20.900   2.853E+00
   21.000   2.780E+00
   21.100   2.710E+00
   21.200   2.642E+00
   21.300   2.576E+00
   21.400   2.511E+00
   21.500   2.449E+00
   21.600   2.389E+00
   21.700   2.330E+00
   21.800   2.273E+00
   21.900   2.218E+00
   22.000   2.164E+00
   22.100   2.112E+00
   22.200   2.061E+00
   22.300   2.012E+00
   22.400   1.964E+00
   22.500   1.918E+00
   22.600   1.873E+00
   22.700   1.830E+00
   22.800   1.788E+00
   22.900   1.747E+00
   23.000   1.707E+00
   23.100   1.669E+00
   23.200   1.632E+00
   23.300   1.596E+00
   23.400   1.561E+00
   23.500   1.527E+00
   23.600   1.494E+00
   23.700   1.461E+00
   23.800   1.430E+00
   23.900   1.400E+00
   24.000   1.371E+00
   24.100   1.342E+00
   24.200   1.314E+00
   24.300   1.287E+00
   24.400   1.261E+00
   24.500   1.236E+00
   24.600   1.211E+00
   24.700   1.187E+00
   24.800   1.164E+00
   24.900   1.142E+00
   25.000   1.120E+00
   25.100   1.099E+00
   25.200   1.078E+00
   25.300   1.058E+00
   25.400   1.039E+00
   25.500   1.020E+00
   25.600   1.002E+00
   25.700   9.844E-01
   25.800   9.673E-01
   25.900   9.507E-01
   26.000   9.345E-01
   26.100   9.188E-01
   26.200   9.036E-01
   26.300   8.888E-01
   26.400   8.743E-01
   26.500   8.603E-01
   26.600   8.467E-01
   26.700   8.334E-01
   26.800   8.204E-01
   26.900   8.078E-01
   27.000   7.956E-01
   27.100   7.836E-01
   27.200   7.719E-01
   27.300   7.606E-01
   27.400   7.495E-01
   27.500   7.387E-01
   27.600   7.281E-01
   27.700   7.179E-01
   27.800   7.078E-01
   27.900   6.980E-01
   28.000   6.884E-01
   28.100   6.791E-01
   28.200   6.699E-01
   28.300   6.610E-01
   28.400   6.522E-01
   28.500   6.437E-01
   28.600   6.353E-01
   28.700   6.272E-01
   28.800   6.192E-01
   28.900   6.113E-01
   29.000   6.037E-01
   29.100   5.962E-01
   29.200   5.888E-01
   29.300   5.816E-01
   29.400   5.746E-01
   29.500   5.677E-01
   29.600   5.609E-01
   29.700   5.543E-01
   29.800   5.478E-01
   29.900   5.414E-01
   30.000   5.351E-01
 
 Z=  39 A=  96  D1M-QRPA-Inter
 E[MeV]  fQRPA[mb/MeV]
    0.100   1.618E-03
    0.200   6.215E-03
    0.300   1.320E-02
    0.400   2.194E-02
    0.500   3.187E-02
    0.600   4.258E-02
    0.700   5.372E-02
    0.800   6.506E-02
    0.900   7.638E-02
    1.000   8.756E-02
    1.100   9.850E-02
    1.200   1.091E-01
    1.300   1.194E-01
    1.400   1.292E-01
    1.500   1.387E-01
    1.600   1.477E-01
    1.700   1.564E-01
    1.800   1.647E-01
    1.900   1.727E-01
    2.000   1.803E-01
    2.100   1.876E-01
    2.200   1.947E-01
    2.300   2.016E-01
    2.400   2.082E-01
    2.500   2.147E-01
    2.600   2.211E-01
    2.700   2.273E-01
    2.800   2.335E-01
    2.900   2.397E-01
    3.000   2.458E-01
    3.100   2.520E-01
    3.200   2.582E-01
    3.300   2.645E-01
    3.400   2.709E-01
    3.500   2.774E-01
    3.600   2.841E-01
    3.700   2.909E-01
    3.800   2.980E-01
    3.900   3.053E-01
    4.000   3.128E-01
    4.100   3.206E-01
    4.200   3.287E-01
    4.300   3.372E-01
    4.400   3.460E-01
    4.500   3.552E-01
    4.600   3.647E-01
    4.700   3.747E-01
    4.800   3.852E-01
    4.900   3.961E-01
    5.000   4.075E-01
    5.100   4.195E-01
    5.200   4.320E-01
    5.300   4.451E-01
    5.400   4.588E-01
    5.500   4.731E-01
    5.600   4.880E-01
    5.700   5.037E-01
    5.800   5.200E-01
    5.900   5.371E-01
    6.000   5.549E-01
    6.100   5.735E-01
    6.200   5.929E-01
    6.300   6.131E-01
    6.400   6.341E-01
    6.500   6.559E-01
    6.600   6.786E-01
    6.700   7.022E-01
    6.800   7.267E-01
    6.900   7.521E-01
    7.000   7.784E-01
    7.100   8.057E-01
    7.200   8.340E-01
    7.300   8.633E-01
    7.400   8.937E-01
    7.500   9.253E-01
    7.600   9.580E-01
    7.700   9.919E-01
    7.800   1.027E+00
    7.900   1.064E+00
    8.000   1.102E+00
    8.100   1.141E+00
    8.200   1.182E+00
    8.300   1.225E+00
    8.400   1.269E+00
    8.500   1.316E+00
    8.600   1.363E+00
    8.700   1.413E+00
    8.800   1.464E+00
    8.900   1.518E+00
    9.000   1.573E+00
    9.100   1.630E+00
    9.200   1.689E+00
    9.300   1.749E+00
    9.400   1.812E+00
    9.500   1.877E+00
    9.600   1.943E+00
    9.700   2.012E+00
    9.800   2.082E+00
    9.900   2.154E+00
   10.000   2.228E+00
   10.100   2.304E+00
   10.200   2.382E+00
   10.300   2.462E+00
   10.400   2.544E+00
   10.500   2.628E+00
   10.600   2.715E+00
   10.700   2.805E+00
   10.800   2.898E+00
   10.900   2.993E+00
   11.000   3.093E+00
   11.100   3.196E+00
   11.200   3.303E+00
   11.300   3.414E+00
   11.400   3.529E+00
   11.500   3.650E+00
   11.600   3.776E+00
   11.700   3.907E+00
   11.800   4.044E+00
   11.900   4.188E+00
   12.000   4.337E+00
   12.100   4.493E+00
   12.200   4.655E+00
   12.300   4.825E+00
   12.400   5.001E+00
   12.500   5.184E+00
   12.600   5.373E+00
   12.700   5.570E+00
   12.800   5.772E+00
   12.900   5.981E+00
   13.000   6.195E+00
   13.100   6.413E+00
   13.200   6.636E+00
   13.300   6.862E+00
   13.400   7.091E+00
   13.500   7.320E+00
   13.600   7.549E+00
   13.700   7.777E+00
   13.800   8.002E+00
   13.900   8.223E+00
   14.000   8.437E+00
   14.100   8.645E+00
   14.200   8.843E+00
   14.300   9.030E+00
   14.400   9.206E+00
   14.500   9.368E+00
   14.600   9.515E+00
   14.700   9.647E+00
   14.800   9.761E+00
   14.900   9.857E+00
   15.000   9.935E+00
   15.100   9.994E+00
   15.200   1.003E+01
   15.300   1.005E+01
   15.400   1.005E+01
   15.500   1.003E+01
   15.600   9.997E+00
   15.700   9.941E+00
   15.800   9.868E+00
   15.900   9.778E+00
   16.000   9.673E+00
   16.100   9.554E+00
   16.200   9.423E+00
   16.300   9.279E+00
   16.400   9.126E+00
   16.500   8.964E+00
   16.600   8.795E+00
   16.700   8.619E+00
   16.800   8.439E+00
   16.900   8.255E+00
   17.000   8.068E+00
   17.100   7.880E+00
   17.200   7.692E+00
   17.300   7.503E+00
   17.400   7.316E+00
   17.500   7.130E+00
   17.600   6.946E+00
   17.700   6.765E+00
   17.800   6.587E+00
   17.900   6.413E+00
   18.000   6.243E+00
   18.100   6.076E+00
   18.200   5.914E+00
   18.300   5.756E+00
   18.400   5.602E+00
   18.500   5.453E+00
   18.600   5.308E+00
   18.700   5.168E+00
   18.800   5.032E+00
   18.900   4.900E+00
   19.000   4.772E+00
   19.100   4.649E+00
   19.200   4.529E+00
   19.300   4.412E+00
   19.400   4.300E+00
   19.500   4.190E+00
   19.600   4.084E+00
   19.700   3.981E+00
   19.800   3.881E+00
   19.900   3.784E+00
   20.000   3.690E+00
   20.100   3.598E+00
   20.200   3.509E+00
   20.300   3.423E+00
   20.400   3.339E+00
   20.500   3.257E+00
   20.600   3.178E+00
   20.700   3.101E+00
   20.800   3.027E+00
   20.900   2.954E+00
   21.000   2.884E+00
   21.100   2.816E+00
   21.200   2.750E+00
   21.300   2.686E+00
   21.400   2.624E+00
   21.500   2.564E+00
   21.600   2.505E+00
   21.700   2.449E+00
   21.800   2.394E+00
   21.900   2.340E+00
   22.000   2.288E+00
   22.100   2.238E+00
   22.200   2.189E+00
   22.300   2.141E+00
   22.400   2.095E+00
   22.500   2.050E+00
   22.600   2.007E+00
   22.700   1.965E+00
   22.800   1.924E+00
   22.900   1.884E+00
   23.000   1.846E+00
   23.100   1.808E+00
   23.200   1.772E+00
   23.300   1.737E+00
   23.400   1.702E+00
   23.500   1.669E+00
   23.600   1.636E+00
   23.700   1.605E+00
   23.800   1.574E+00
   23.900   1.544E+00
   24.000   1.515E+00
   24.100   1.487E+00
   24.200   1.459E+00
   24.300   1.432E+00
   24.400   1.406E+00
   24.500   1.381E+00
   24.600   1.356E+00
   24.700   1.333E+00
   24.800   1.309E+00
   24.900   1.287E+00
   25.000   1.265E+00
   25.100   1.243E+00
   25.200   1.222E+00
   25.300   1.202E+00
   25.400   1.182E+00
   25.500   1.163E+00
   25.600   1.144E+00
   25.700   1.126E+00
   25.800   1.108E+00
   25.900   1.091E+00
   26.000   1.074E+00
   26.100   1.057E+00
   26.200   1.041E+00
   26.300   1.026E+00
   26.400   1.011E+00
   26.500   9.956E-01
   26.600   9.811E-01
   26.700   9.670E-01
   26.800   9.531E-01
   26.900   9.396E-01
   27.000   9.264E-01
   27.100   9.135E-01
   27.200   9.010E-01
   27.300   8.887E-01
   27.400   8.766E-01
   27.500   8.649E-01
   27.600   8.534E-01
   27.700   8.421E-01
   27.800   8.311E-01
   27.900   8.204E-01
   28.000   8.098E-01
   28.100   7.995E-01
   28.200   7.894E-01
   28.300   7.795E-01
   28.400   7.699E-01
   28.500   7.604E-01
   28.600   7.511E-01
   28.700   7.420E-01
   28.800   7.330E-01
   28.900   7.243E-01
   29.000   7.157E-01
   29.100   7.073E-01
   29.200   6.990E-01
   29.300   6.910E-01
   29.400   6.830E-01
   29.500   6.752E-01
   29.600   6.676E-01
   29.700   6.601E-01
   29.800   6.527E-01
   29.900   6.455E-01
   30.000   6.384E-01
 
 Z=  39 A=  97  D1M-QRPA-Inter
 E[MeV]  fQRPA[mb/MeV]
    0.100   3.967E-03
    0.200   1.566E-02
    0.300   3.449E-02
    0.400   5.953E-02
    0.500   8.967E-02
    0.600   1.237E-01
    0.700   1.603E-01
    0.800   1.983E-01
    0.900   2.368E-01
    1.000   2.748E-01
    1.100   3.118E-01
    1.200   3.471E-01
    1.300   3.804E-01
    1.400   4.116E-01
    1.500   4.405E-01
    1.600   4.670E-01
    1.700   4.912E-01
    1.800   5.133E-01
    1.900   5.332E-01
    2.000   5.512E-01
    2.100   5.674E-01
    2.200   5.819E-01
    2.300   5.949E-01
    2.400   6.066E-01
    2.500   6.170E-01
    2.600   6.265E-01
    2.700   6.350E-01
    2.800   6.428E-01
    2.900   6.499E-01
    3.000   6.564E-01
    3.100   6.625E-01
    3.200   6.683E-01
    3.300   6.738E-01
    3.400   6.791E-01
    3.500   6.843E-01
    3.600   6.895E-01
    3.700   6.948E-01
    3.800   7.002E-01
    3.900   7.057E-01
    4.000   7.114E-01
    4.100   7.174E-01
    4.200   7.237E-01
    4.300   7.304E-01
    4.400   7.375E-01
    4.500   7.450E-01
    4.600   7.530E-01
    4.700   7.615E-01
    4.800   7.706E-01
    4.900   7.802E-01
    5.000   7.905E-01
    5.100   8.014E-01
    5.200   8.130E-01
    5.300   8.253E-01
    5.400   8.383E-01
    5.500   8.522E-01
    5.600   8.668E-01
    5.700   8.823E-01
    5.800   8.986E-01
    5.900   9.158E-01
    6.000   9.340E-01
    6.100   9.531E-01
    6.200   9.733E-01
    6.300   9.944E-01
    6.400   1.017E+00
    6.500   1.040E+00
    6.600   1.064E+00
    6.700   1.090E+00
    6.800   1.117E+00
    6.900   1.145E+00
    7.000   1.174E+00
    7.100   1.205E+00
    7.200   1.237E+00
    7.300   1.270E+00
    7.400   1.305E+00
    7.500   1.341E+00
    7.600   1.378E+00
    7.700   1.417E+00
    7.800   1.458E+00
    7.900   1.501E+00
    8.000   1.545E+00
    8.100   1.591E+00
    8.200   1.638E+00
    8.300   1.688E+00
    8.400   1.739E+00
    8.500   1.792E+00
    8.600   1.848E+00
    8.700   1.905E+00
    8.800   1.965E+00
    8.900   2.027E+00
    9.000   2.091E+00
    9.100   2.158E+00
    9.200   2.228E+00
    9.300   2.300E+00
    9.400   2.375E+00
    9.500   2.452E+00
    9.600   2.533E+00
    9.700   2.617E+00
    9.800   2.703E+00
    9.900   2.794E+00
   10.000   2.887E+00
   10.100   2.984E+00
   10.200   3.085E+00
   10.300   3.189E+00
   10.400   3.297E+00
   10.500   3.409E+00
   10.600   3.525E+00
   10.700   3.644E+00
   10.800   3.768E+00
   10.900   3.897E+00
   11.000   4.029E+00
   11.100   4.166E+00
   11.200   4.307E+00
   11.300   4.453E+00
   11.400   4.603E+00
   11.500   4.758E+00
   11.600   4.917E+00
   11.700   5.080E+00
   11.800   5.248E+00
   11.900   5.420E+00
   12.000   5.597E+00
   12.100   5.777E+00
   12.200   5.962E+00
   12.300   6.150E+00
   12.400   6.341E+00
   12.500   6.536E+00
   12.600   6.734E+00
   12.700   6.934E+00
   12.800   7.136E+00
   12.900   7.339E+00
   13.000   7.544E+00
   13.100   7.748E+00
   13.200   7.953E+00
   13.300   8.156E+00
   13.400   8.357E+00
   13.500   8.555E+00
   13.600   8.749E+00
   13.700   8.939E+00
   13.800   9.124E+00
   13.900   9.302E+00
   14.000   9.472E+00
   14.100   9.635E+00
   14.200   9.788E+00
   14.300   9.931E+00
   14.400   1.006E+01
   14.500   1.019E+01
   14.600   1.030E+01
   14.700   1.039E+01
   14.800   1.048E+01
   14.900   1.055E+01
   15.000   1.061E+01
   15.100   1.065E+01
   15.200   1.068E+01
   15.300   1.070E+01
   15.400   1.070E+01
   15.500   1.069E+01
   15.600   1.067E+01
   15.700   1.064E+01
   15.800   1.059E+01
   15.900   1.053E+01
   16.000   1.046E+01
   16.100   1.038E+01
   16.200   1.029E+01
   16.300   1.019E+01
   16.400   1.008E+01
   16.500   9.963E+00
   16.600   9.837E+00
   16.700   9.703E+00
   16.800   9.563E+00
   16.900   9.417E+00
   17.000   9.265E+00
   17.100   9.109E+00
   17.200   8.949E+00
   17.300   8.786E+00
   17.400   8.620E+00
   17.500   8.452E+00
   17.600   8.282E+00
   17.700   8.112E+00
   17.800   7.941E+00
   17.900   7.770E+00
   18.000   7.599E+00
   18.100   7.430E+00
   18.200   7.261E+00
   18.300   7.095E+00
   18.400   6.930E+00
   18.500   6.767E+00
   18.600   6.607E+00
   18.700   6.450E+00
   18.800   6.296E+00
   18.900   6.144E+00
   19.000   5.996E+00
   19.100   5.851E+00
   19.200   5.709E+00
   19.300   5.571E+00
   19.400   5.436E+00
   19.500   5.305E+00
   19.600   5.177E+00
   19.700   5.053E+00
   19.800   4.932E+00
   19.900   4.815E+00
   20.000   4.701E+00
   20.100   4.590E+00
   20.200   4.482E+00
   20.300   4.378E+00
   20.400   4.277E+00
   20.500   4.178E+00
   20.600   4.083E+00
   20.700   3.991E+00
   20.800   3.901E+00
   20.900   3.814E+00
   21.000   3.730E+00
   21.100   3.649E+00
   21.200   3.569E+00
   21.300   3.493E+00
   21.400   3.418E+00
   21.500   3.346E+00
   21.600   3.276E+00
   21.700   3.208E+00
   21.800   3.142E+00
   21.900   3.078E+00
   22.000   3.017E+00
   22.100   2.956E+00
   22.200   2.898E+00
   22.300   2.841E+00
   22.400   2.786E+00
   22.500   2.733E+00
   22.600   2.681E+00
   22.700   2.630E+00
   22.800   2.581E+00
   22.900   2.534E+00
   23.000   2.487E+00
   23.100   2.442E+00
   23.200   2.399E+00
   23.300   2.356E+00
   23.400   2.314E+00
   23.500   2.274E+00
   23.600   2.235E+00
   23.700   2.197E+00
   23.800   2.159E+00
   23.900   2.123E+00
   24.000   2.088E+00
   24.100   2.054E+00
   24.200   2.020E+00
   24.300   1.987E+00
   24.400   1.956E+00
   24.500   1.924E+00
   24.600   1.894E+00
   24.700   1.865E+00
   24.800   1.836E+00
   24.900   1.808E+00
   25.000   1.780E+00
   25.100   1.753E+00
   25.200   1.727E+00
   25.300   1.702E+00
   25.400   1.677E+00
   25.500   1.652E+00
   25.600   1.628E+00
   25.700   1.605E+00
   25.800   1.582E+00
   25.900   1.560E+00
   26.000   1.538E+00
   26.100   1.517E+00
   26.200   1.496E+00
   26.300   1.476E+00
   26.400   1.456E+00
   26.500   1.437E+00
   26.600   1.417E+00
   26.700   1.399E+00
   26.800   1.380E+00
   26.900   1.363E+00
   27.000   1.345E+00
   27.100   1.328E+00
   27.200   1.311E+00
   27.300   1.294E+00
   27.400   1.278E+00
   27.500   1.262E+00
   27.600   1.247E+00
   27.700   1.232E+00
   27.800   1.217E+00
   27.900   1.202E+00
   28.000   1.188E+00
   28.100   1.174E+00
   28.200   1.160E+00
   28.300   1.146E+00
   28.400   1.133E+00
   28.500   1.120E+00
   28.600   1.107E+00
   28.700   1.094E+00
   28.800   1.082E+00
   28.900   1.070E+00
   29.000   1.058E+00
   29.100   1.046E+00
   29.200   1.035E+00
   29.300   1.023E+00
   29.400   1.012E+00
   29.500   1.001E+00
   29.600   9.905E-01
   29.700   9.800E-01
   29.800   9.696E-01
   29.900   9.594E-01
   30.000   9.494E-01
 
 Z=  39 A=  98  D1M-QRPA-Inter
 E[MeV]  fQRPA[mb/MeV]
    0.100   8.017E-04
    0.200   3.182E-03
    0.300   7.071E-03
    0.400   1.236E-02
    0.500   1.889E-02
    0.600   2.652E-02
    0.700   3.506E-02
    0.800   4.435E-02
    0.900   5.421E-02
    1.000   6.449E-02
    1.100   7.505E-02
    1.200   8.577E-02
    1.300   9.656E-02
    1.400   1.073E-01
    1.500   1.180E-01
    1.600   1.285E-01
    1.700   1.389E-01
    1.800   1.490E-01
    1.900   1.589E-01
    2.000   1.686E-01
    2.100   1.781E-01
    2.200   1.873E-01
    2.300   1.963E-01
    2.400   2.051E-01
    2.500   2.138E-01
    2.600   2.223E-01
    2.700   2.306E-01
    2.800   2.389E-01
    2.900   2.470E-01
    3.000   2.551E-01
    3.100   2.632E-01
    3.200   2.712E-01
    3.300   2.793E-01
    3.400   2.874E-01
    3.500   2.956E-01
    3.600   3.038E-01
    3.700   3.122E-01
    3.800   3.208E-01
    3.900   3.295E-01
    4.000   3.384E-01
    4.100   3.475E-01
    4.200   3.569E-01
    4.300   3.665E-01
    4.400   3.764E-01
    4.500   3.866E-01
    4.600   3.972E-01
    4.700   4.081E-01
    4.800   4.194E-01
    4.900   4.311E-01
    5.000   4.432E-01
    5.100   4.558E-01
    5.200   4.689E-01
    5.300   4.825E-01
    5.400   4.966E-01
    5.500   5.113E-01
    5.600   5.265E-01
    5.700   5.424E-01
    5.800   5.588E-01
    5.900   5.760E-01
    6.000   5.938E-01
    6.100   6.124E-01
    6.200   6.317E-01
    6.300   6.517E-01
    6.400   6.726E-01
    6.500   6.943E-01
    6.600   7.168E-01
    6.700   7.403E-01
    6.800   7.646E-01
    6.900   7.900E-01
    7.000   8.163E-01
    7.100   8.436E-01
    7.200   8.719E-01
    7.300   9.014E-01
    7.400   9.320E-01
    7.500   9.637E-01
    7.600   9.966E-01
    7.700   1.031E+00
    7.800   1.066E+00
    7.900   1.103E+00
    8.000   1.141E+00
    8.100   1.181E+00
    8.200   1.221E+00
    8.300   1.264E+00
    8.400   1.308E+00
    8.500   1.354E+00
    8.600   1.401E+00
    8.700   1.450E+00
    8.800   1.501E+00
    8.900   1.554E+00
    9.000   1.609E+00
    9.100   1.666E+00
    9.200   1.725E+00
    9.300   1.786E+00
    9.400   1.849E+00
    9.500   1.915E+00
    9.600   1.984E+00
    9.700   2.055E+00
    9.800   2.129E+00
    9.900   2.205E+00
   10.000   2.285E+00
   10.100   2.367E+00
   10.200   2.453E+00
   10.300   2.541E+00
   10.400   2.633E+00
   10.500   2.729E+00
   10.600   2.828E+00
   10.700   2.930E+00
   10.800   3.036E+00
   10.900   3.145E+00
   11.000   3.259E+00
   11.100   3.376E+00
   11.200   3.496E+00
   11.300   3.621E+00
   11.400   3.749E+00
   11.500   3.881E+00
   11.600   4.017E+00
   11.700   4.156E+00
   11.800   4.299E+00
   11.900   4.445E+00
   12.000   4.595E+00
   12.100   4.748E+00
   12.200   4.903E+00
   12.300   5.062E+00
   12.400   5.222E+00
   12.500   5.385E+00
   12.600   5.550E+00
   12.700   5.716E+00
   12.800   5.883E+00
   12.900   6.051E+00
   13.000   6.219E+00
   13.100   6.386E+00
   13.200   6.553E+00
   13.300   6.718E+00
   13.400   6.882E+00
   13.500   7.042E+00
   13.600   7.200E+00
   13.700   7.354E+00
   13.800   7.504E+00
   13.900   7.649E+00
   14.000   7.789E+00
   14.100   7.923E+00
   14.200   8.050E+00
   14.300   8.170E+00
   14.400   8.282E+00
   14.500   8.387E+00
   14.600   8.483E+00
   14.700   8.570E+00
   14.800   8.648E+00
   14.900   8.717E+00
   15.000   8.776E+00
   15.100   8.825E+00
   15.200   8.864E+00
   15.300   8.893E+00
   15.400   8.912E+00
   15.500   8.921E+00
   15.600   8.920E+00
   15.700   8.908E+00
   15.800   8.887E+00
   15.900   8.856E+00
   16.000   8.815E+00
   16.100   8.765E+00
   16.200   8.706E+00
   16.300   8.638E+00
   16.400   8.561E+00
   16.500   8.476E+00
   16.600   8.383E+00
   16.700   8.283E+00
   16.800   8.175E+00
   16.900   8.062E+00
   17.000   7.942E+00
   17.100   7.817E+00
   17.200   7.687E+00
   17.300   7.553E+00
   17.400   7.415E+00
   17.500   7.273E+00
   17.600   7.130E+00
   17.700   6.984E+00
   17.800   6.837E+00
   17.900   6.689E+00
   18.000   6.540E+00
   18.100   6.391E+00
   18.200   6.243E+00
   18.300   6.096E+00
   18.400   5.950E+00
   18.500   5.806E+00
   18.600   5.663E+00
   18.700   5.522E+00
   18.800   5.384E+00
   18.900   5.249E+00
   19.000   5.116E+00
   19.100   4.986E+00
   19.200   4.858E+00
   19.300   4.734E+00
   19.400   4.614E+00
   19.500   4.496E+00
   19.600   4.381E+00
   19.700   4.270E+00
   19.800   4.162E+00
   19.900   4.057E+00
   20.000   3.955E+00
   20.100   3.856E+00
   20.200   3.760E+00
   20.300   3.667E+00
   20.400   3.577E+00
   20.500   3.490E+00
   20.600   3.406E+00
   20.700   3.324E+00
   20.800   3.245E+00
   20.900   3.169E+00
   21.000   3.095E+00
   21.100   3.023E+00
   21.200   2.954E+00
   21.300   2.887E+00
   21.400   2.822E+00
   21.500   2.759E+00
   21.600   2.698E+00
   21.700   2.639E+00
   21.800   2.582E+00
   21.900   2.527E+00
   22.000   2.474E+00
   22.100   2.422E+00
   22.200   2.372E+00
   22.300   2.323E+00
   22.400   2.276E+00
   22.500   2.230E+00
   22.600   2.185E+00
   22.700   2.142E+00
   22.800   2.101E+00
   22.900   2.060E+00
   23.000   2.021E+00
   23.100   1.982E+00
   23.200   1.945E+00
   23.300   1.909E+00
   23.400   1.874E+00
   23.500   1.840E+00
   23.600   1.807E+00
   23.700   1.775E+00
   23.800   1.744E+00
   23.900   1.713E+00
   24.000   1.684E+00
   24.100   1.655E+00
   24.200   1.627E+00
   24.300   1.599E+00
   24.400   1.573E+00
   24.500   1.547E+00
   24.600   1.522E+00
   24.700   1.497E+00
   24.800   1.473E+00
   24.900   1.450E+00
   25.000   1.427E+00
   25.100   1.405E+00
   25.200   1.383E+00
   25.300   1.362E+00
   25.400   1.341E+00
   25.500   1.321E+00
   25.600   1.301E+00
   25.700   1.282E+00
   25.800   1.263E+00
   25.900   1.245E+00
   26.000   1.227E+00
   26.100   1.210E+00
   26.200   1.192E+00
   26.300   1.176E+00
   26.400   1.159E+00
   26.500   1.143E+00
   26.600   1.128E+00
   26.700   1.112E+00
   26.800   1.097E+00
   26.900   1.083E+00
   27.000   1.068E+00
   27.100   1.054E+00
   27.200   1.041E+00
   27.300   1.027E+00
   27.400   1.014E+00
   27.500   1.001E+00
   27.600   9.884E-01
   27.700   9.760E-01
   27.800   9.639E-01
   27.900   9.520E-01
   28.000   9.403E-01
   28.100   9.288E-01
   28.200   9.176E-01
   28.300   9.066E-01
   28.400   8.958E-01
   28.500   8.852E-01
   28.600   8.748E-01
   28.700   8.646E-01
   28.800   8.546E-01
   28.900   8.448E-01
   29.000   8.351E-01
   29.100   8.257E-01
   29.200   8.164E-01
   29.300   8.073E-01
   29.400   7.983E-01
   29.500   7.895E-01
   29.600   7.808E-01
   29.700   7.723E-01
   29.800   7.640E-01
   29.900   7.558E-01
   30.000   7.477E-01
 
 Z=  39 A=  99  D1M-QRPA-Inter
 E[MeV]  fQRPA[mb/MeV]
    0.100   2.049E-04
    0.200   8.180E-04
    0.300   1.834E-03
    0.400   3.243E-03
    0.500   5.035E-03
    0.600   7.194E-03
    0.700   9.704E-03
    0.800   1.254E-02
    0.900   1.570E-02
    1.000   1.914E-02
    1.100   2.285E-02
    1.200   2.681E-02
    1.300   3.100E-02
    1.400   3.539E-02
    1.500   3.997E-02
    1.600   4.473E-02
    1.700   4.964E-02
    1.800   5.470E-02
    1.900   5.990E-02
    2.000   6.523E-02
    2.100   7.068E-02
    2.200   7.625E-02
    2.300   8.194E-02
    2.400   8.775E-02
    2.500   9.368E-02
    2.600   9.974E-02
    2.700   1.059E-01
    2.800   1.123E-01
    2.900   1.187E-01
    3.000   1.254E-01
    3.100   1.322E-01
    3.200   1.392E-01
    3.300   1.464E-01
    3.400   1.538E-01
    3.500   1.615E-01
    3.600   1.693E-01
    3.700   1.775E-01
    3.800   1.859E-01
    3.900   1.946E-01
    4.000   2.036E-01
    4.100   2.129E-01
    4.200   2.225E-01
    4.300   2.326E-01
    4.400   2.430E-01
    4.500   2.537E-01
    4.600   2.650E-01
    4.700   2.766E-01
    4.800   2.887E-01
    4.900   3.013E-01
    5.000   3.143E-01
    5.100   3.279E-01
    5.200   3.421E-01
    5.300   3.568E-01
    5.400   3.720E-01
    5.500   3.879E-01
    5.600   4.045E-01
    5.700   4.217E-01
    5.800   4.396E-01
    5.900   4.581E-01
    6.000   4.775E-01
    6.100   4.976E-01
    6.200   5.185E-01
    6.300   5.402E-01
    6.400   5.628E-01
    6.500   5.862E-01
    6.600   6.106E-01
    6.700   6.359E-01
    6.800   6.622E-01
    6.900   6.894E-01
    7.000   7.178E-01
    7.100   7.472E-01
    7.200   7.776E-01
    7.300   8.093E-01
    7.400   8.421E-01
    7.500   8.761E-01
    7.600   9.114E-01
    7.700   9.480E-01
    7.800   9.859E-01
    7.900   1.025E+00
    8.000   1.066E+00
    8.100   1.108E+00
    8.200   1.152E+00
    8.300   1.197E+00
    8.400   1.244E+00
    8.500   1.293E+00
    8.600   1.344E+00
    8.700   1.396E+00
    8.800   1.450E+00
    8.900   1.507E+00
    9.000   1.565E+00
    9.100   1.626E+00
    9.200   1.689E+00
    9.300   1.754E+00
    9.400   1.822E+00
    9.500   1.892E+00
    9.600   1.965E+00
    9.700   2.041E+00
    9.800   2.120E+00
    9.900   2.202E+00
   10.000   2.287E+00
   10.100   2.375E+00
   10.200   2.467E+00
   10.300   2.562E+00
   10.400   2.660E+00
   10.500   2.763E+00
   10.600   2.869E+00
   10.700   2.979E+00
   10.800   3.093E+00
   10.900   3.211E+00
   11.000   3.333E+00
   11.100   3.459E+00
   11.200   3.589E+00
   11.300   3.724E+00
   11.400   3.862E+00
   11.500   4.004E+00
   11.600   4.150E+00
   11.700   4.300E+00
   11.800   4.454E+00
   11.900   4.611E+00
   12.000   4.771E+00
   12.100   4.935E+00
   12.200   5.101E+00
   12.300   5.269E+00
   12.400   5.439E+00
   12.500   5.611E+00
   12.600   5.785E+00
   12.700   5.959E+00
   12.800   6.134E+00
   12.900   6.309E+00
   13.000   6.483E+00
   13.100   6.657E+00
   13.200   6.829E+00
   13.300   6.999E+00
   13.400   7.167E+00
   13.500   7.332E+00
   13.600   7.494E+00
   13.700   7.652E+00
   13.800   7.806E+00
   13.900   7.956E+00
   14.000   8.100E+00
   14.100   8.239E+00
   14.200   8.373E+00
   14.300   8.500E+00
   14.400   8.620E+00
   14.500   8.733E+00
   14.600   8.839E+00
   14.700   8.938E+00
   14.800   9.028E+00
   14.900   9.110E+00
   15.000   9.183E+00
   15.100   9.247E+00
   15.200   9.303E+00
   15.300   9.348E+00
   15.400   9.385E+00
   15.500   9.411E+00
   15.600   9.428E+00
   15.700   9.434E+00
   15.800   9.431E+00
   15.900   9.417E+00
   16.000   9.393E+00
   16.100   9.358E+00
   16.200   9.314E+00
   16.300   9.259E+00
   16.400   9.194E+00
   16.500   9.120E+00
   16.600   9.035E+00
   16.700   8.942E+00
   16.800   8.840E+00
   16.900   8.729E+00
   17.000   8.610E+00
   17.100   8.483E+00
   17.200   8.350E+00
   17.300   8.211E+00
   17.400   8.066E+00
   17.500   7.916E+00
   17.600   7.762E+00
   17.700   7.605E+00
   17.800   7.445E+00
   17.900   7.282E+00
   18.000   7.119E+00
   18.100   6.954E+00
   18.200   6.789E+00
   18.300   6.625E+00
   18.400   6.461E+00
   18.500   6.299E+00
   18.600   6.138E+00
   18.700   5.980E+00
   18.800   5.824E+00
   18.900   5.670E+00
   19.000   5.520E+00
   19.100   5.373E+00
   19.200   5.229E+00
   19.300   5.089E+00
   19.400   4.952E+00
   19.500   4.818E+00
   19.600   4.689E+00
   19.700   4.563E+00
   19.800   4.441E+00
   19.900   4.323E+00
   20.000   4.208E+00
   20.100   4.097E+00
   20.200   3.989E+00
   20.300   3.885E+00
   20.400   3.785E+00
   20.500   3.687E+00
   20.600   3.593E+00
   20.700   3.502E+00
   20.800   3.415E+00
   20.900   3.330E+00
   21.000   3.248E+00
   21.100   3.169E+00
   21.200   3.092E+00
   21.300   3.018E+00
   21.400   2.947E+00
   21.500   2.878E+00
   21.600   2.811E+00
   21.700   2.746E+00
   21.800   2.684E+00
   21.900   2.624E+00
   22.000   2.565E+00
   22.100   2.509E+00
   22.200   2.455E+00
   22.300   2.402E+00
   22.400   2.351E+00
   22.500   2.301E+00
   22.600   2.253E+00
   22.700   2.207E+00
   22.800   2.162E+00
   22.900   2.118E+00
   23.000   2.076E+00
   23.100   2.035E+00
   23.200   1.995E+00
   23.300   1.957E+00
   23.400   1.919E+00
   23.500   1.883E+00
   23.600   1.848E+00
   23.700   1.814E+00
   23.800   1.780E+00
   23.900   1.748E+00
   24.000   1.717E+00
   24.100   1.686E+00
   24.200   1.657E+00
   24.300   1.628E+00
   24.400   1.600E+00
   24.500   1.572E+00
   24.600   1.546E+00
   24.700   1.520E+00
   24.800   1.495E+00
   24.900   1.470E+00
   25.000   1.446E+00
   25.100   1.423E+00
   25.200   1.400E+00
   25.300   1.378E+00
   25.400   1.357E+00
   25.500   1.336E+00
   25.600   1.315E+00
   25.700   1.295E+00
   25.800   1.275E+00
   25.900   1.256E+00
   26.000   1.238E+00
   26.100   1.220E+00
   26.200   1.202E+00
   26.300   1.184E+00
   26.400   1.167E+00
   26.500   1.151E+00
   26.600   1.135E+00
   26.700   1.119E+00
   26.800   1.103E+00
   26.900   1.088E+00
   27.000   1.073E+00
   27.100   1.059E+00
   27.200   1.045E+00
   27.300   1.031E+00
   27.400   1.017E+00
   27.500   1.004E+00
   27.600   9.910E-01
   27.700   9.782E-01
   27.800   9.657E-01
   27.900   9.535E-01
   28.000   9.415E-01
   28.100   9.298E-01
   28.200   9.183E-01
   28.300   9.070E-01
   28.400   8.959E-01
   28.500   8.851E-01
   28.600   8.744E-01
   28.700   8.640E-01
   28.800   8.538E-01
   28.900   8.437E-01
   29.000   8.339E-01
   29.100   8.242E-01
   29.200   8.147E-01
   29.300   8.054E-01
   29.400   7.963E-01
   29.500   7.873E-01
   29.600   7.785E-01
   29.700   7.698E-01
   29.800   7.613E-01
   29.900   7.530E-01
   30.000   7.448E-01
 
 Z=  39 A= 100  D1M-QRPA-Inter
 E[MeV]  fQRPA[mb/MeV]
    0.100   1.737E-04
    0.200   6.937E-04
    0.300   1.557E-03
    0.400   2.759E-03
    0.500   4.292E-03
    0.600   6.147E-03
    0.700   8.315E-03
    0.800   1.078E-02
    0.900   1.354E-02
    1.000   1.657E-02
    1.100   1.985E-02
    1.200   2.338E-02
    1.300   2.713E-02
    1.400   3.109E-02
    1.500   3.524E-02
    1.600   3.958E-02
    1.700   4.407E-02
    1.800   4.872E-02
    1.900   5.350E-02
    2.000   5.841E-02
    2.100   6.344E-02
    2.200   6.858E-02
    2.300   7.382E-02
    2.400   7.917E-02
    2.500   8.463E-02
    2.600   9.018E-02
    2.700   9.585E-02
    2.800   1.016E-01
    2.900   1.075E-01
    3.000   1.135E-01
    3.100   1.197E-01
    3.200   1.260E-01
    3.300   1.325E-01
    3.400   1.391E-01
    3.500   1.459E-01
    3.600   1.529E-01
    3.700   1.602E-01
    3.800   1.676E-01
    3.900   1.753E-01
    4.000   1.833E-01
    4.100   1.916E-01
    4.200   2.001E-01
    4.300   2.090E-01
    4.400   2.182E-01
    4.500   2.277E-01
    4.600   2.376E-01
    4.700   2.479E-01
    4.800   2.586E-01
    4.900   2.698E-01
    5.000   2.814E-01
    5.100   2.934E-01
    5.200   3.060E-01
    5.300   3.190E-01
    5.400   3.327E-01
    5.500   3.468E-01
    5.600   3.616E-01
    5.700   3.769E-01
    5.800   3.929E-01
    5.900   4.095E-01
    6.000   4.268E-01
    6.100   4.449E-01
    6.200   4.636E-01
    6.300   4.831E-01
    6.400   5.034E-01
    6.500   5.246E-01
    6.600   5.465E-01
    6.700   5.693E-01
    6.800   5.931E-01
    6.900   6.177E-01
    7.000   6.433E-01
    7.100   6.699E-01
    7.200   6.975E-01
    7.300   7.262E-01
    7.400   7.559E-01
    7.500   7.868E-01
    7.600   8.188E-01
    7.700   8.519E-01
    7.800   8.863E-01
    7.900   9.220E-01
    8.000   9.589E-01
    8.100   9.972E-01
    8.200   1.037E+00
    8.300   1.078E+00
    8.400   1.120E+00
    8.500   1.164E+00
    8.600   1.210E+00
    8.700   1.257E+00
    8.800   1.306E+00
    8.900   1.357E+00
    9.000   1.410E+00
    9.100   1.464E+00
    9.200   1.521E+00
    9.300   1.579E+00
    9.400   1.640E+00
    9.500   1.703E+00
    9.600   1.769E+00
    9.700   1.837E+00
    9.800   1.908E+00
    9.900   1.981E+00
   10.000   2.058E+00
   10.100   2.137E+00
   10.200   2.220E+00
   10.300   2.306E+00
   10.400   2.395E+00
   10.500   2.488E+00
   10.600   2.584E+00
   10.700   2.684E+00
   10.800   2.788E+00
   10.900   2.896E+00
   11.000   3.009E+00
   11.100   3.125E+00
   11.200   3.245E+00
   11.300   3.370E+00
   11.400   3.499E+00
   11.500   3.632E+00
   11.600   3.770E+00
   11.700   3.911E+00
   11.800   4.057E+00
   11.900   4.206E+00
   12.000   4.360E+00
   12.100   4.517E+00
   12.200   4.677E+00
   12.300   4.841E+00
   12.400   5.007E+00
   12.500   5.176E+00
   12.600   5.347E+00
   12.700   5.520E+00
   12.800   5.694E+00
   12.900   5.869E+00
   13.000   6.044E+00
   13.100   6.219E+00
   13.200   6.394E+00
   13.300   6.568E+00
   13.400   6.740E+00
   13.500   6.910E+00
   13.600   7.078E+00
   13.700   7.243E+00
   13.800   7.405E+00
   13.900   7.562E+00
   14.000   7.716E+00
   14.100   7.865E+00
   14.200   8.009E+00
   14.300   8.148E+00
   14.400   8.281E+00
   14.500   8.407E+00
   14.600   8.527E+00
   14.700   8.640E+00
   14.800   8.746E+00
   14.900   8.844E+00
   15.000   8.934E+00
   15.100   9.015E+00
   15.200   9.087E+00
   15.300   9.150E+00
   15.400   9.204E+00
   15.500   9.248E+00
   15.600   9.283E+00
   15.700   9.307E+00
   15.800   9.321E+00
   15.900   9.325E+00
   16.000   9.318E+00
   16.100   9.300E+00
   16.200   9.273E+00
   16.300   9.235E+00
   16.400   9.186E+00
   16.500   9.127E+00
   16.600   9.059E+00
   16.700   8.980E+00
   16.800   8.892E+00
   16.900   8.795E+00
   17.000   8.689E+00
   17.100   8.574E+00
   17.200   8.452E+00
   17.300   8.322E+00
   17.400   8.185E+00
   17.500   8.041E+00
   17.600   7.892E+00
   17.700   7.738E+00
   17.800   7.579E+00
   17.900   7.417E+00
   18.000   7.252E+00
   18.100   7.084E+00
   18.200   6.915E+00
   18.300   6.745E+00
   18.400   6.574E+00
   18.500   6.404E+00
   18.600   6.235E+00
   18.700   6.068E+00
   18.800   5.902E+00
   18.900   5.739E+00
   19.000   5.578E+00
   19.100   5.421E+00
   19.200   5.267E+00
   19.300   5.116E+00
   19.400   4.970E+00
   19.500   4.827E+00
   19.600   4.689E+00
   19.700   4.554E+00
   19.800   4.424E+00
   19.900   4.298E+00
   20.000   4.176E+00
   20.100   4.058E+00
   20.200   3.944E+00
   20.300   3.834E+00
   20.400   3.728E+00
   20.500   3.625E+00
   20.600   3.527E+00
   20.700   3.431E+00
   20.800   3.340E+00
   20.900   3.251E+00
   21.000   3.166E+00
   21.100   3.084E+00
   21.200   3.005E+00
   21.300   2.929E+00
   21.400   2.855E+00
   21.500   2.784E+00
   21.600   2.716E+00
   21.700   2.650E+00
   21.800   2.586E+00
   21.900   2.525E+00
   22.000   2.466E+00
   22.100   2.409E+00
   22.200   2.353E+00
   22.300   2.300E+00
   22.400   2.249E+00
   22.500   2.199E+00
   22.600   2.151E+00
   22.700   2.104E+00
   22.800   2.059E+00
   22.900   2.016E+00
   23.000   1.974E+00
   23.100   1.933E+00
   23.200   1.894E+00
   23.300   1.856E+00
   23.400   1.819E+00
   23.500   1.783E+00
   23.600   1.748E+00
   23.700   1.714E+00
   23.800   1.681E+00
   23.900   1.650E+00
   24.000   1.619E+00
   24.100   1.589E+00
   24.200   1.560E+00
   24.300   1.532E+00
   24.400   1.504E+00
   24.500   1.478E+00
   24.600   1.452E+00
   24.700   1.427E+00
   24.800   1.402E+00
   24.900   1.378E+00
   25.000   1.355E+00
   25.100   1.333E+00
   25.200   1.311E+00
   25.300   1.289E+00
   25.400   1.268E+00
   25.500   1.248E+00
   25.600   1.228E+00
   25.700   1.209E+00
   25.800   1.190E+00
   25.900   1.172E+00
   26.000   1.154E+00
   26.100   1.137E+00
   26.200   1.119E+00
   26.300   1.103E+00
   26.400   1.087E+00
   26.500   1.071E+00
   26.600   1.055E+00
   26.700   1.040E+00
   26.800   1.025E+00
   26.900   1.011E+00
   27.000   9.967E-01
   27.100   9.829E-01
   27.200   9.694E-01
   27.300   9.562E-01
   27.400   9.433E-01
   27.500   9.307E-01
   27.600   9.183E-01
   27.700   9.062E-01
   27.800   8.943E-01
   27.900   8.827E-01
   28.000   8.714E-01
   28.100   8.602E-01
   28.200   8.493E-01
   28.300   8.387E-01
   28.400   8.282E-01
   28.500   8.179E-01
   28.600   8.079E-01
   28.700   7.980E-01
   28.800   7.884E-01
   28.900   7.789E-01
   29.000   7.696E-01
   29.100   7.605E-01
   29.200   7.516E-01
   29.300   7.428E-01
   29.400   7.342E-01
   29.500   7.258E-01
   29.600   7.175E-01
   29.700   7.093E-01
   29.800   7.013E-01
   29.900   6.935E-01
   30.000   6.858E-01
 
 Z=  39 A= 101  D1M-QRPA-Inter
 E[MeV]  fQRPA[mb/MeV]
    0.100   1.737E-04
    0.200   6.944E-04
    0.300   1.560E-03
    0.400   2.769E-03
    0.500   4.317E-03
    0.600   6.199E-03
    0.700   8.409E-03
    0.800   1.094E-02
    0.900   1.378E-02
    1.000   1.692E-02
    1.100   2.035E-02
    1.200   2.406E-02
    1.300   2.802E-02
    1.400   3.224E-02
    1.500   3.668E-02
    1.600   4.133E-02
    1.700   4.618E-02
    1.800   5.121E-02
    1.900   5.640E-02
    2.000   6.173E-02
    2.100   6.720E-02
    2.200   7.280E-02
    2.300   7.850E-02
    2.400   8.431E-02
    2.500   9.023E-02
    2.600   9.624E-02
    2.700   1.024E-01
    2.800   1.086E-01
    2.900   1.149E-01
    3.000   1.213E-01
    3.100   1.279E-01
    3.200   1.346E-01
    3.300   1.414E-01
    3.400   1.484E-01
    3.500   1.556E-01
    3.600   1.630E-01
    3.700   1.706E-01
    3.800   1.784E-01
    3.900   1.865E-01
    4.000   1.948E-01
    4.100   2.034E-01
    4.200   2.124E-01
    4.300   2.216E-01
    4.400   2.312E-01
    4.500   2.412E-01
    4.600   2.515E-01
    4.700   2.623E-01
    4.800   2.735E-01
    4.900   2.851E-01
    5.000   2.973E-01
    5.100   3.099E-01
    5.200   3.230E-01
    5.300   3.367E-01
    5.400   3.510E-01
    5.500   3.659E-01
    5.600   3.814E-01
    5.700   3.976E-01
    5.800   4.145E-01
    5.900   4.320E-01
    6.000   4.503E-01
    6.100   4.694E-01
    6.200   4.893E-01
    6.300   5.100E-01
    6.400   5.315E-01
    6.500   5.540E-01
    6.600   5.773E-01
    6.700   6.016E-01
    6.800   6.269E-01
    6.900   6.532E-01
    7.000   6.805E-01
    7.100   7.089E-01
    7.200   7.384E-01
    7.300   7.690E-01
    7.400   8.008E-01
    7.500   8.338E-01
    7.600   8.681E-01
    7.700   9.036E-01
    7.800   9.404E-01
    7.900   9.785E-01
    8.000   1.018E+00
    8.100   1.059E+00
    8.200   1.101E+00
    8.300   1.145E+00
    8.400   1.191E+00
    8.500   1.238E+00
    8.600   1.286E+00
    8.700   1.336E+00
    8.800   1.389E+00
    8.900   1.442E+00
    9.000   1.498E+00
    9.100   1.556E+00
    9.200   1.616E+00
    9.300   1.678E+00
    9.400   1.743E+00
    9.500   1.810E+00
    9.600   1.879E+00
    9.700   1.951E+00
    9.800   2.026E+00
    9.900   2.104E+00
   10.000   2.185E+00
   10.100   2.270E+00
   10.200   2.358E+00
   10.300   2.449E+00
   10.400   2.544E+00
   10.500   2.644E+00
   10.600   2.747E+00
   10.700   2.855E+00
   10.800   2.967E+00
   10.900   3.084E+00
   11.000   3.205E+00
   11.100   3.331E+00
   11.200   3.463E+00
   11.300   3.599E+00
   11.400   3.741E+00
   11.500   3.888E+00
   11.600   4.040E+00
   11.700   4.198E+00
   11.800   4.361E+00
   11.900   4.529E+00
   12.000   4.702E+00
   12.100   4.880E+00
   12.200   5.062E+00
   12.300   5.249E+00
   12.400   5.440E+00
   12.500   5.635E+00
   12.600   5.833E+00
   12.700   6.034E+00
   12.800   6.237E+00
   12.900   6.443E+00
   13.000   6.650E+00
   13.100   6.857E+00
   13.200   7.065E+00
   13.300   7.273E+00
   13.400   7.480E+00
   13.500   7.686E+00
   13.600   7.890E+00
   13.700   8.091E+00
   13.800   8.289E+00
   13.900   8.484E+00
   14.000   8.675E+00
   14.100   8.861E+00
   14.200   9.043E+00
   14.300   9.219E+00
   14.400   9.389E+00
   14.500   9.552E+00
   14.600   9.709E+00
   14.700   9.859E+00
   14.800   1.000E+01
   14.900   1.013E+01
   15.000   1.026E+01
   15.100   1.037E+01
   15.200   1.048E+01
   15.300   1.057E+01
   15.400   1.065E+01
   15.500   1.073E+01
   15.600   1.079E+01
   15.700   1.084E+01
   15.800   1.087E+01
   15.900   1.090E+01
   16.000   1.091E+01
   16.100   1.091E+01
   16.200   1.090E+01
   16.300   1.087E+01
   16.400   1.083E+01
   16.500   1.078E+01
   16.600   1.072E+01
   16.700   1.064E+01
   16.800   1.056E+01
   16.900   1.046E+01
   17.000   1.035E+01
   17.100   1.023E+01
   17.200   1.010E+01
   17.300   9.953E+00
   17.400   9.801E+00
   17.500   9.640E+00
   17.600   9.470E+00
   17.700   9.292E+00
   17.800   9.107E+00
   17.900   8.916E+00
   18.000   8.719E+00
   18.100   8.517E+00
   18.200   8.312E+00
   18.300   8.105E+00
   18.400   7.895E+00
   18.500   7.685E+00
   18.600   7.475E+00
   18.700   7.266E+00
   18.800   7.059E+00
   18.900   6.854E+00
   19.000   6.653E+00
   19.100   6.455E+00
   19.200   6.261E+00
   19.300   6.071E+00
   19.400   5.887E+00
   19.500   5.707E+00
   19.600   5.533E+00
   19.700   5.364E+00
   19.800   5.201E+00
   19.900   5.043E+00
   20.000   4.890E+00
   20.100   4.743E+00
   20.200   4.601E+00
   20.300   4.465E+00
   20.400   4.333E+00
   20.500   4.207E+00
   20.600   4.085E+00
   20.700   3.968E+00
   20.800   3.855E+00
   20.900   3.747E+00
   21.000   3.643E+00
   21.100   3.543E+00
   21.200   3.446E+00
   21.300   3.354E+00
   21.400   3.265E+00
   21.500   3.179E+00
   21.600   3.097E+00
   21.700   3.018E+00
   21.800   2.941E+00
   21.900   2.868E+00
   22.000   2.797E+00
   22.100   2.729E+00
   22.200   2.663E+00
   22.300   2.600E+00
   22.400   2.539E+00
   22.500   2.480E+00
   22.600   2.423E+00
   22.700   2.368E+00
   22.800   2.316E+00
   22.900   2.264E+00
   23.000   2.215E+00
   23.100   2.167E+00
   23.200   2.121E+00
   23.300   2.077E+00
   23.400   2.033E+00
   23.500   1.992E+00
   23.600   1.951E+00
   23.700   1.912E+00
   23.800   1.874E+00
   23.900   1.837E+00
   24.000   1.802E+00
   24.100   1.767E+00
   24.200   1.734E+00
   24.300   1.701E+00
   24.400   1.670E+00
   24.500   1.639E+00
   24.600   1.609E+00
   24.700   1.581E+00
   24.800   1.552E+00
   24.900   1.525E+00
   25.000   1.499E+00
   25.100   1.473E+00
   25.200   1.448E+00
   25.300   1.423E+00
   25.400   1.400E+00
   25.500   1.377E+00
   25.600   1.354E+00
   25.700   1.332E+00
   25.800   1.311E+00
   25.900   1.290E+00
   26.000   1.270E+00
   26.100   1.250E+00
   26.200   1.231E+00
   26.300   1.212E+00
   26.400   1.194E+00
   26.500   1.176E+00
   26.600   1.158E+00
   26.700   1.141E+00
   26.800   1.124E+00
   26.900   1.108E+00
   27.000   1.092E+00
   27.100   1.077E+00
   27.200   1.062E+00
   27.300   1.047E+00
   27.400   1.032E+00
   27.500   1.018E+00
   27.600   1.004E+00
   27.700   9.907E-01
   27.800   9.774E-01
   27.900   9.645E-01
   28.000   9.518E-01
   28.100   9.393E-01
   28.200   9.272E-01
   28.300   9.152E-01
   28.400   9.036E-01
   28.500   8.921E-01
   28.600   8.809E-01
   28.700   8.700E-01
   28.800   8.592E-01
   28.900   8.487E-01
   29.000   8.383E-01
   29.100   8.282E-01
   29.200   8.183E-01
   29.300   8.085E-01
   29.400   7.990E-01
   29.500   7.896E-01
   29.600   7.804E-01
   29.700   7.714E-01
   29.800   7.625E-01
   29.900   7.538E-01
   30.000   7.453E-01
 
 Z=  39 A= 102  D1M-QRPA-Inter
 E[MeV]  fQRPA[mb/MeV]
    0.100   1.540E-04
    0.200   6.158E-04
    0.300   1.385E-03
    0.400   2.459E-03
    0.500   3.838E-03
    0.600   5.519E-03
    0.700   7.497E-03
    0.800   9.769E-03
    0.900   1.233E-02
    1.000   1.517E-02
    1.100   1.828E-02
    1.200   2.166E-02
    1.300   2.529E-02
    1.400   2.915E-02
    1.500   3.324E-02
    1.600   3.753E-02
    1.700   4.201E-02
    1.800   4.667E-02
    1.900   5.148E-02
    2.000   5.642E-02
    2.100   6.149E-02
    2.200   6.666E-02
    2.300   7.192E-02
    2.400   7.725E-02
    2.500   8.266E-02
    2.600   8.813E-02
    2.700   9.366E-02
    2.800   9.924E-02
    2.900   1.049E-01
    3.000   1.106E-01
    3.100   1.164E-01
    3.200   1.222E-01
    3.300   1.282E-01
    3.400   1.342E-01
    3.500   1.404E-01
    3.600   1.466E-01
    3.700   1.531E-01
    3.800   1.597E-01
    3.900   1.665E-01
    4.000   1.734E-01
    4.100   1.807E-01
    4.200   1.881E-01
    4.300   1.958E-01
    4.400   2.038E-01
    4.500   2.120E-01
    4.600   2.206E-01
    4.700   2.296E-01
    4.800   2.389E-01
    4.900   2.485E-01
    5.000   2.586E-01
    5.100   2.691E-01
    5.200   2.801E-01
    5.300   2.915E-01
    5.400   3.034E-01
    5.500   3.159E-01
    5.600   3.289E-01
    5.700   3.425E-01
    5.800   3.566E-01
    5.900   3.715E-01
    6.000   3.869E-01
    6.100   4.031E-01
    6.200   4.199E-01
    6.300   4.375E-01
    6.400   4.559E-01
    6.500   4.750E-01
    6.600   4.950E-01
    6.700   5.158E-01
    6.800   5.375E-01
    6.900   5.601E-01
    7.000   5.836E-01
    7.100   6.081E-01
    7.200   6.336E-01
    7.300   6.600E-01
    7.400   6.875E-01
    7.500   7.161E-01
    7.600   7.458E-01
    7.700   7.765E-01
    7.800   8.084E-01
    7.900   8.414E-01
    8.000   8.756E-01
    8.100   9.110E-01
    8.200   9.476E-01
    8.300   9.854E-01
    8.400   1.025E+00
    8.500   1.065E+00
    8.600   1.107E+00
    8.700   1.150E+00
    8.800   1.195E+00
    8.900   1.241E+00
    9.000   1.289E+00
    9.100   1.338E+00
    9.200   1.389E+00
    9.300   1.442E+00
    9.400   1.497E+00
    9.500   1.554E+00
    9.600   1.613E+00
    9.700   1.675E+00
    9.800   1.739E+00
    9.900   1.805E+00
   10.000   1.874E+00
   10.100   1.946E+00
   10.200   2.021E+00
   10.300   2.100E+00
   10.400   2.181E+00
   10.500   2.266E+00
   10.600   2.355E+00
   10.700   2.448E+00
   10.800   2.545E+00
   10.900   2.646E+00
   11.000   2.752E+00
   11.100   2.862E+00
   11.200   2.977E+00
   11.300   3.097E+00
   11.400   3.222E+00
   11.500   3.352E+00
   11.600   3.487E+00
   11.700   3.628E+00
   11.800   3.773E+00
   11.900   3.924E+00
   12.000   4.080E+00
   12.100   4.240E+00
   12.200   4.406E+00
   12.300   4.576E+00
   12.400   4.751E+00
   12.500   4.929E+00
   12.600   5.111E+00
   12.700   5.297E+00
   12.800   5.485E+00
   12.900   5.675E+00
   13.000   5.867E+00
   13.100   6.060E+00
   13.200   6.254E+00
   13.300   6.448E+00
   13.400   6.641E+00
   13.500   6.832E+00
   13.600   7.022E+00
   13.700   7.209E+00
   13.800   7.393E+00
   13.900   7.574E+00
   14.000   7.751E+00
   14.100   7.923E+00
   14.200   8.090E+00
   14.300   8.251E+00
   14.400   8.407E+00
   14.500   8.556E+00
   14.600   8.699E+00
   14.700   8.834E+00
   14.800   8.962E+00
   14.900   9.082E+00
   15.000   9.193E+00
   15.100   9.295E+00
   15.200   9.388E+00
   15.300   9.472E+00
   15.400   9.545E+00
   15.500   9.608E+00
   15.600   9.661E+00
   15.700   9.702E+00
   15.800   9.734E+00
   15.900   9.754E+00
   16.000   9.763E+00
   16.100   9.762E+00
   16.200   9.750E+00
   16.300   9.727E+00
   16.400   9.694E+00
   16.500   9.650E+00
   16.600   9.597E+00
   16.700   9.533E+00
   16.800   9.460E+00
   16.900   9.378E+00
   17.000   9.286E+00
   17.100   9.185E+00
   17.200   9.076E+00
   17.300   8.958E+00
   17.400   8.832E+00
   17.500   8.698E+00
   17.600   8.556E+00
   17.700   8.407E+00
   17.800   8.252E+00
   17.900   8.089E+00
   18.000   7.921E+00
   18.100   7.747E+00
   18.200   7.569E+00
   18.300   7.386E+00
   18.400   7.201E+00
   18.500   7.012E+00
   18.600   6.822E+00
   18.700   6.632E+00
   18.800   6.441E+00
   18.900   6.251E+00
   19.000   6.063E+00
   19.100   5.877E+00
   19.200   5.694E+00
   19.300   5.515E+00
   19.400   5.339E+00
   19.500   5.168E+00
   19.600   5.001E+00
   19.700   4.840E+00
   19.800   4.683E+00
   19.900   4.532E+00
   20.000   4.386E+00
   20.100   4.246E+00
   20.200   4.110E+00
   20.300   3.980E+00
   20.400   3.855E+00
   20.500   3.734E+00
   20.600   3.619E+00
   20.700   3.508E+00
   20.800   3.402E+00
   20.900   3.300E+00
   21.000   3.203E+00
   21.100   3.109E+00
   21.200   3.019E+00
   21.300   2.933E+00
   21.400   2.851E+00
   21.500   2.771E+00
   21.600   2.695E+00
   21.700   2.622E+00
   21.800   2.552E+00
   21.900   2.485E+00
   22.000   2.420E+00
   22.100   2.358E+00
   22.200   2.299E+00
   22.300   2.241E+00
   22.400   2.186E+00
   22.500   2.133E+00
   22.600   2.082E+00
   22.700   2.032E+00
   22.800   1.985E+00
   22.900   1.939E+00
   23.000   1.895E+00
   23.100   1.852E+00
   23.200   1.811E+00
   23.300   1.772E+00
   23.400   1.733E+00
   23.500   1.696E+00
   23.600   1.661E+00
   23.700   1.626E+00
   23.800   1.593E+00
   23.900   1.560E+00
   24.000   1.529E+00
   24.100   1.499E+00
   24.200   1.469E+00
   24.300   1.441E+00
   24.400   1.413E+00
   24.500   1.386E+00
   24.600   1.360E+00
   24.700   1.335E+00
   24.800   1.311E+00
   24.900   1.287E+00
   25.000   1.264E+00
   25.100   1.242E+00
   25.200   1.220E+00
   25.300   1.199E+00
   25.400   1.178E+00
   25.500   1.158E+00
   25.600   1.139E+00
   25.700   1.120E+00
   25.800   1.102E+00
   25.900   1.084E+00
   26.000   1.066E+00
   26.100   1.049E+00
   26.200   1.033E+00
   26.300   1.016E+00
   26.400   1.001E+00
   26.500   9.853E-01
   26.600   9.704E-01
   26.700   9.558E-01
   26.800   9.415E-01
   26.900   9.276E-01
   27.000   9.140E-01
   27.100   9.008E-01
   27.200   8.878E-01
   27.300   8.752E-01
   27.400   8.628E-01
   27.500   8.507E-01
   27.600   8.389E-01
   27.700   8.274E-01
   27.800   8.161E-01
   27.900   8.051E-01
   28.000   7.943E-01
   28.100   7.837E-01
   28.200   7.734E-01
   28.300   7.633E-01
   28.400   7.534E-01
   28.500   7.437E-01
   28.600   7.342E-01
   28.700   7.249E-01
   28.800   7.158E-01
   28.900   7.068E-01
   29.000   6.981E-01
   29.100   6.895E-01
   29.200   6.811E-01
   29.300   6.729E-01
   29.400   6.648E-01
   29.500   6.569E-01
   29.600   6.491E-01
   29.700   6.415E-01
   29.800   6.341E-01
   29.900   6.267E-01
   30.000   6.195E-01
 
 Z=  39 A= 103  D1M-QRPA-Inter
 E[MeV]  fQRPA[mb/MeV]
    0.100   1.721E-04
    0.200   6.886E-04
    0.300   1.549E-03
    0.400   2.754E-03
    0.500   4.303E-03
    0.600   6.195E-03
    0.700   8.428E-03
    0.800   1.100E-02
    0.900   1.391E-02
    1.000   1.715E-02
    1.100   2.071E-02
    1.200   2.459E-02
    1.300   2.876E-02
    1.400   3.323E-02
    1.500   3.797E-02
    1.600   4.296E-02
    1.700   4.819E-02
    1.800   5.362E-02
    1.900   5.924E-02
    2.000   6.502E-02
    2.100   7.093E-02
    2.200   7.696E-02
    2.300   8.307E-02
    2.400   8.925E-02
    2.500   9.549E-02
    2.600   1.018E-01
    2.700   1.081E-01
    2.800   1.144E-01
    2.900   1.207E-01
    3.000   1.271E-01
    3.100   1.335E-01
    3.200   1.399E-01
    3.300   1.464E-01
    3.400   1.530E-01
    3.500   1.596E-01
    3.600   1.663E-01
    3.700   1.732E-01
    3.800   1.802E-01
    3.900   1.874E-01
    4.000   1.947E-01
    4.100   2.023E-01
    4.200   2.101E-01
    4.300   2.181E-01
    4.400   2.264E-01
    4.500   2.351E-01
    4.600   2.440E-01
    4.700   2.534E-01
    4.800   2.630E-01
    4.900   2.731E-01
    5.000   2.837E-01
    5.100   2.947E-01
    5.200   3.062E-01
    5.300   3.182E-01
    5.400   3.307E-01
    5.500   3.438E-01
    5.600   3.576E-01
    5.700   3.719E-01
    5.800   3.870E-01
    5.900   4.027E-01
    6.000   4.192E-01
    6.100   4.364E-01
    6.200   4.544E-01
    6.300   4.733E-01
    6.400   4.930E-01
    6.500   5.136E-01
    6.600   5.351E-01
    6.700   5.576E-01
    6.800   5.811E-01
    6.900   6.056E-01
    7.000   6.311E-01
    7.100   6.577E-01
    7.200   6.854E-01
    7.300   7.143E-01
    7.400   7.443E-01
    7.500   7.754E-01
    7.600   8.078E-01
    7.700   8.414E-01
    7.800   8.762E-01
    7.900   9.122E-01
    8.000   9.495E-01
    8.100   9.881E-01
    8.200   1.028E+00
    8.300   1.069E+00
    8.400   1.112E+00
    8.500   1.156E+00
    8.600   1.201E+00
    8.700   1.248E+00
    8.800   1.296E+00
    8.900   1.346E+00
    9.000   1.397E+00
    9.100   1.451E+00
    9.200   1.506E+00
    9.300   1.563E+00
    9.400   1.622E+00
    9.500   1.683E+00
    9.600   1.747E+00
    9.700   1.813E+00
    9.800   1.881E+00
    9.900   1.953E+00
   10.000   2.027E+00
   10.100   2.104E+00
   10.200   2.185E+00
   10.300   2.269E+00
   10.400   2.358E+00
   10.500   2.450E+00
   10.600   2.546E+00
   10.700   2.647E+00
   10.800   2.753E+00
   10.900   2.863E+00
   11.000   2.979E+00
   11.100   3.100E+00
   11.200   3.227E+00
   11.300   3.360E+00
   11.400   3.499E+00
   11.500   3.644E+00
   11.600   3.795E+00
   11.700   3.952E+00
   11.800   4.116E+00
   11.900   4.287E+00
   12.000   4.463E+00
   12.100   4.646E+00
   12.200   4.835E+00
   12.300   5.030E+00
   12.400   5.231E+00
   12.500   5.437E+00
   12.600   5.647E+00
   12.700   5.862E+00
   12.800   6.081E+00
   12.900   6.303E+00
   13.000   6.527E+00
   13.100   6.753E+00
   13.200   6.980E+00
   13.300   7.207E+00
   13.400   7.433E+00
   13.500   7.658E+00
   13.600   7.880E+00
   13.700   8.099E+00
   13.800   8.315E+00
   13.900   8.526E+00
   14.000   8.731E+00
   14.100   8.931E+00
   14.200   9.125E+00
   14.300   9.312E+00
   14.400   9.492E+00
   14.500   9.663E+00
   14.600   9.827E+00
   14.700   9.982E+00
   14.800   1.013E+01
   14.900   1.026E+01
   15.000   1.039E+01
   15.100   1.050E+01
   15.200   1.061E+01
   15.300   1.070E+01
   15.400   1.078E+01
   15.500   1.085E+01
   15.600   1.091E+01
   15.700   1.095E+01
   15.800   1.099E+01
   15.900   1.101E+01
   16.000   1.102E+01
   16.100   1.101E+01
   16.200   1.100E+01
   16.300   1.097E+01
   16.400   1.094E+01
   16.500   1.089E+01
   16.600   1.083E+01
   16.700   1.077E+01
   16.800   1.069E+01
   16.900   1.060E+01
   17.000   1.051E+01
   17.100   1.040E+01
   17.200   1.029E+01
   17.300   1.017E+01
   17.400   1.003E+01
   17.500   9.895E+00
   17.600   9.747E+00
   17.700   9.591E+00
   17.800   9.427E+00
   17.900   9.254E+00
   18.000   9.073E+00
   18.100   8.885E+00
   18.200   8.690E+00
   18.300   8.488E+00
   18.400   8.280E+00
   18.500   8.067E+00
   18.600   7.851E+00
   18.700   7.632E+00
   18.800   7.411E+00
   18.900   7.189E+00
   19.000   6.967E+00
   19.100   6.747E+00
   19.200   6.530E+00
   19.300   6.315E+00
   19.400   6.105E+00
   19.500   5.900E+00
   19.600   5.700E+00
   19.700   5.506E+00
   19.800   5.317E+00
   19.900   5.136E+00
   20.000   4.960E+00
   20.100   4.791E+00
   20.200   4.629E+00
   20.300   4.473E+00
   20.400   4.323E+00
   20.500   4.180E+00
   20.600   4.043E+00
   20.700   3.911E+00
   20.800   3.786E+00
   20.900   3.665E+00
   21.000   3.550E+00
   21.100   3.440E+00
   21.200   3.335E+00
   21.300   3.235E+00
   21.400   3.138E+00
   21.500   3.046E+00
   21.600   2.958E+00
   21.700   2.873E+00
   21.800   2.793E+00
   21.900   2.715E+00
   22.000   2.641E+00
   22.100   2.570E+00
   22.200   2.502E+00
   22.300   2.436E+00
   22.400   2.373E+00
   22.500   2.313E+00
   22.600   2.255E+00
   22.700   2.199E+00
   22.800   2.145E+00
   22.900   2.094E+00
   23.000   2.044E+00
   23.100   1.996E+00
   23.200   1.950E+00
   23.300   1.906E+00
   23.400   1.863E+00
   23.500   1.822E+00
   23.600   1.782E+00
   23.700   1.743E+00
   23.800   1.706E+00
   23.900   1.670E+00
   24.000   1.636E+00
   24.100   1.602E+00
   24.200   1.570E+00
   24.300   1.538E+00
   24.400   1.508E+00
   24.500   1.478E+00
   24.600   1.450E+00
   24.700   1.422E+00
   24.800   1.396E+00
   24.900   1.370E+00
   25.000   1.344E+00
   25.100   1.320E+00
   25.200   1.296E+00
   25.300   1.273E+00
   25.400   1.251E+00
   25.500   1.229E+00
   25.600   1.208E+00
   25.700   1.187E+00
   25.800   1.167E+00
   25.900   1.148E+00
   26.000   1.129E+00
   26.100   1.110E+00
   26.200   1.092E+00
   26.300   1.075E+00
   26.400   1.058E+00
   26.500   1.041E+00
   26.600   1.025E+00
   26.700   1.009E+00
   26.800   9.940E-01
   26.900   9.790E-01
   27.000   9.644E-01
   27.100   9.501E-01
   27.200   9.361E-01
   27.300   9.225E-01
   27.400   9.093E-01
   27.500   8.963E-01
   27.600   8.836E-01
   27.700   8.712E-01
   27.800   8.591E-01
   27.900   8.473E-01
   28.000   8.357E-01
   28.100   8.244E-01
   28.200   8.134E-01
   28.300   8.026E-01
   28.400   7.920E-01
   28.500   7.816E-01
   28.600   7.715E-01
   28.700   7.615E-01
   28.800   7.518E-01
   28.900   7.423E-01
   29.000   7.330E-01
   29.100   7.238E-01
   29.200   7.149E-01
   29.300   7.061E-01
   29.400   6.975E-01
   29.500   6.891E-01
   29.600   6.808E-01
   29.700   6.727E-01
   29.800   6.648E-01
   29.900   6.570E-01
   30.000   6.493E-01
 
