 Z=  68 A= 166  D1M-QRPA
   E[MeV]   fQRPA[mb/MeV]
    0.100   3.131E-03
    0.200   1.083E-02
    0.300   2.078E-02
    0.400   3.155E-02
    0.500   4.242E-02
    0.600   5.313E-02
    0.700   6.364E-02
    0.800   7.399E-02
    0.900   8.424E-02
    1.000   9.446E-02
    1.100   1.047E-01
    1.200   1.149E-01
    1.300   1.251E-01
    1.400   1.354E-01
    1.500   1.458E-01
    1.600   1.562E-01
    1.700   1.667E-01
    1.800   1.772E-01
    1.900   1.878E-01
    2.000   1.986E-01
    2.100   2.096E-01
    2.200   2.208E-01
    2.300   2.323E-01
    2.400   2.441E-01
    2.500   2.563E-01
    2.600   2.689E-01
    2.700   2.820E-01
    2.800   2.956E-01
    2.900   3.097E-01
    3.000   3.245E-01
    3.100   3.399E-01
    3.200   3.561E-01
    3.300   3.732E-01
    3.400   3.913E-01
    3.500   4.105E-01
    3.600   4.309E-01
    3.700   4.526E-01
    3.800   4.758E-01
    3.900   5.005E-01
    4.000   5.268E-01
    4.100   5.547E-01
    4.200   5.844E-01
    4.300   6.159E-01
    4.400   6.492E-01
    4.500   6.844E-01
    4.600   7.217E-01
    4.700   7.611E-01
    4.800   8.027E-01
    4.900   8.466E-01
    5.000   8.929E-01
    5.100   9.415E-01
    5.200   9.926E-01
    5.300   1.046E+00
    5.400   1.102E+00
    5.500   1.161E+00
    5.600   1.222E+00
    5.700   1.285E+00
    5.800   1.352E+00
    5.900   1.421E+00
    6.000   1.493E+00
    6.100   1.569E+00
    6.200   1.649E+00
    6.300   1.733E+00
    6.400   1.821E+00
    6.500   1.913E+00
    6.600   2.011E+00
    6.700   2.114E+00
    6.800   2.222E+00
    6.900   2.336E+00
    7.000   2.456E+00
    7.100   2.582E+00
    7.200   2.714E+00
    7.300   2.852E+00
    7.400   2.996E+00
    7.500   3.146E+00
    7.600   3.302E+00
    7.700   3.463E+00
    7.800   3.630E+00
    7.900   3.802E+00
    8.000   3.980E+00
    8.100   4.165E+00
    8.200   4.356E+00
    8.300   4.555E+00
    8.400   4.762E+00
    8.500   4.979E+00
    8.600   5.206E+00
    8.700   5.445E+00
    8.800   5.698E+00
    8.900   5.967E+00
    9.000   6.252E+00
    9.100   6.558E+00
    9.200   6.885E+00
    9.300   7.238E+00
    9.400   7.620E+00
    9.500   8.033E+00
    9.600   8.482E+00
    9.700   8.970E+00
    9.800   9.502E+00
    9.900   1.008E+01
   10.000   1.071E+01
   10.100   1.139E+01
   10.200   1.213E+01
   10.300   1.294E+01
   10.400   1.380E+01
   10.500   1.473E+01
   10.600   1.571E+01
   10.700   1.675E+01
   10.800   1.784E+01
   10.900   1.895E+01
   11.000   2.008E+01
   11.100   2.121E+01
   11.200   2.230E+01
   11.300   2.332E+01
   11.400   2.425E+01
   11.500   2.506E+01
   11.600   2.573E+01
   11.700   2.624E+01
   11.800   2.659E+01
   11.900   2.678E+01
   12.000   2.684E+01
   12.100   2.678E+01
   12.200   2.663E+01
   12.300   2.643E+01
   12.400   2.620E+01
   12.500   2.596E+01
   12.600   2.575E+01
   12.700   2.557E+01
   12.800   2.543E+01
   12.900   2.535E+01
   13.000   2.532E+01
   13.100   2.533E+01
   13.200   2.539E+01
   13.300   2.549E+01
   13.400   2.562E+01
   13.500   2.577E+01
   13.600   2.592E+01
   13.700   2.607E+01
   13.800   2.621E+01
   13.900   2.633E+01
   14.000   2.642E+01
   14.100   2.648E+01
   14.200   2.650E+01
   14.300   2.650E+01
   14.400   2.646E+01
   14.500   2.640E+01
   14.600   2.633E+01
   14.700   2.624E+01
   14.800   2.614E+01
   14.900   2.604E+01
   15.000   2.594E+01
   15.100   2.583E+01
   15.200   2.572E+01
   15.300   2.559E+01
   15.400   2.543E+01
   15.500   2.524E+01
   15.600   2.501E+01
   15.700   2.472E+01
   15.800   2.438E+01
   15.900   2.399E+01
   16.000   2.355E+01
   16.100   2.306E+01
   16.200   2.254E+01
   16.300   2.199E+01
   16.400   2.143E+01
   16.500   2.085E+01
   16.600   2.027E+01
   16.700   1.970E+01
   16.800   1.913E+01
   16.900   1.857E+01
   17.000   1.801E+01
   17.100   1.747E+01
   17.200   1.694E+01
   17.300   1.642E+01
   17.400   1.591E+01
   17.500   1.540E+01
   17.600   1.491E+01
   17.700   1.442E+01
   17.800   1.394E+01
   17.900   1.346E+01
   18.000   1.299E+01
   18.100   1.253E+01
   18.200   1.208E+01
   18.300   1.163E+01
   18.400   1.119E+01
   18.500   1.077E+01
   18.600   1.035E+01
   18.700   9.949E+00
   18.800   9.559E+00
   18.900   9.182E+00
   19.000   8.820E+00
   19.100   8.474E+00
   19.200   8.142E+00
   19.300   7.826E+00
   19.400   7.524E+00
   19.500   7.237E+00
   19.600   6.963E+00
   19.700   6.702E+00
   19.800   6.454E+00
   19.900   6.217E+00
   20.000   5.990E+00
   20.100   5.774E+00
   20.200   5.566E+00
   20.300   5.367E+00
   20.400   5.176E+00
   20.500   4.992E+00
   20.600   4.815E+00
   20.700   4.644E+00
   20.800   4.480E+00
   20.900   4.323E+00
   21.000   4.172E+00
   21.100   4.027E+00
   21.200   3.888E+00
   21.300   3.757E+00
   21.400   3.631E+00
   21.500   3.512E+00
   21.600   3.398E+00
   21.700   3.291E+00
   21.800   3.189E+00
   21.900   3.092E+00
   22.000   3.001E+00
   22.100   2.914E+00
   22.200   2.831E+00
   22.300   2.753E+00
   22.400   2.678E+00
   22.500   2.607E+00
   22.600   2.540E+00
   22.700   2.475E+00
   22.800   2.414E+00
   22.900   2.355E+00
   23.000   2.299E+00
   23.100   2.245E+00
   23.200   2.194E+00
   23.300   2.144E+00
   23.400   2.097E+00
   23.500   2.051E+00
   23.600   2.008E+00
   23.700   1.966E+00
   23.800   1.925E+00
   23.900   1.886E+00
   24.000   1.848E+00
   24.100   1.812E+00
   24.200   1.777E+00
   24.300   1.743E+00
   24.400   1.710E+00
   24.500   1.679E+00
   24.600   1.648E+00
   24.700   1.618E+00
   24.800   1.590E+00
   24.900   1.562E+00
   25.000   1.535E+00
   25.100   1.508E+00
   25.200   1.483E+00
   25.300   1.458E+00
   25.400   1.434E+00
   25.500   1.411E+00
   25.600   1.388E+00
   25.700   1.366E+00
   25.800   1.345E+00
   25.900   1.324E+00
   26.000   1.304E+00
   26.100   1.284E+00
   26.200   1.265E+00
   26.300   1.246E+00
   26.400   1.227E+00
   26.500   1.210E+00
   26.600   1.192E+00
   26.700   1.175E+00
   26.800   1.159E+00
   26.900   1.142E+00
   27.000   1.127E+00
   27.100   1.111E+00
   27.200   1.096E+00
   27.300   1.081E+00
   27.400   1.067E+00
   27.500   1.053E+00
   27.600   1.039E+00
   27.700   1.026E+00
   27.800   1.013E+00
   27.900   9.997E-01
   28.000   9.871E-01
   28.100   9.747E-01
   28.200   9.626E-01
   28.300   9.508E-01
   28.400   9.392E-01
   28.500   9.278E-01
   28.600   9.167E-01
   28.700   9.058E-01
   28.800   8.951E-01
   28.900   8.846E-01
   29.000   8.743E-01
   29.100   8.642E-01
   29.200   8.543E-01
   29.300   8.446E-01
   29.400   8.351E-01
   29.500   8.258E-01
   29.600   8.166E-01
   29.700   8.076E-01
   29.800   7.988E-01
   29.900   7.901E-01
   30.000   7.816E-01
 
 Z=  68 A= 167  D1M-QRPA-Inter
 E[MeV]  fQRPA[mb/MeV]
    0.100   1.974E-03
    0.200   7.285E-03
    0.300   1.494E-02
    0.400   2.412E-02
    0.500   3.421E-02
    0.600   4.479E-02
    0.700   5.560E-02
    0.800   6.646E-02
    0.900   7.726E-02
    1.000   8.797E-02
    1.100   9.857E-02
    1.200   1.091E-01
    1.300   1.195E-01
    1.400   1.299E-01
    1.500   1.402E-01
    1.600   1.505E-01
    1.700   1.607E-01
    1.800   1.710E-01
    1.900   1.811E-01
    2.000   1.913E-01
    2.100   2.015E-01
    2.200   2.117E-01
    2.300   2.219E-01
    2.400   2.323E-01
    2.500   2.429E-01
    2.600   2.537E-01
    2.700   2.647E-01
    2.800   2.761E-01
    2.900   2.879E-01
    3.000   3.001E-01
    3.100   3.128E-01
    3.200   3.261E-01
    3.300   3.402E-01
    3.400   3.549E-01
    3.500   3.706E-01
    3.600   3.873E-01
    3.700   4.051E-01
    3.800   4.242E-01
    3.900   4.446E-01
    4.000   4.663E-01
    4.100   4.895E-01
    4.200   5.143E-01
    4.300   5.406E-01
    4.400   5.687E-01
    4.500   5.985E-01
    4.600   6.302E-01
    4.700   6.638E-01
    4.800   6.995E-01
    4.900   7.373E-01
    5.000   7.773E-01
    5.100   8.195E-01
    5.200   8.640E-01
    5.300   9.109E-01
    5.400   9.601E-01
    5.500   1.012E+00
    5.600   1.066E+00
    5.700   1.122E+00
    5.800   1.182E+00
    5.900   1.244E+00
    6.000   1.309E+00
    6.100   1.377E+00
    6.200   1.448E+00
    6.300   1.523E+00
    6.400   1.601E+00
    6.500   1.684E+00
    6.600   1.771E+00
    6.700   1.862E+00
    6.800   1.958E+00
    6.900   2.058E+00
    7.000   2.163E+00
    7.100   2.273E+00
    7.200   2.389E+00
    7.300   2.509E+00
    7.400   2.634E+00
    7.500   2.765E+00
    7.600   2.900E+00
    7.700   3.040E+00
    7.800   3.185E+00
    7.900   3.335E+00
    8.000   3.491E+00
    8.100   3.651E+00
    8.200   3.818E+00
    8.300   3.990E+00
    8.400   4.169E+00
    8.500   4.355E+00
    8.600   4.549E+00
    8.700   4.752E+00
    8.800   4.966E+00
    8.900   5.191E+00
    9.000   5.431E+00
    9.100   5.687E+00
    9.200   5.961E+00
    9.300   6.256E+00
    9.400   6.576E+00
    9.500   6.924E+00
    9.600   7.303E+00
    9.700   7.717E+00
    9.800   8.170E+00
    9.900   8.666E+00
   10.000   9.207E+00
   10.100   9.798E+00
   10.200   1.044E+01
   10.300   1.114E+01
   10.400   1.189E+01
   10.500   1.271E+01
   10.600   1.358E+01
   10.700   1.450E+01
   10.800   1.548E+01
   10.900   1.649E+01
   11.000   1.752E+01
   11.100   1.856E+01
   11.200   1.957E+01
   11.300   2.054E+01
   11.400   2.142E+01
   11.500   2.220E+01
   11.600   2.284E+01
   11.700   2.334E+01
   11.800   2.367E+01
   11.900   2.386E+01
   12.000   2.390E+01
   12.100   2.384E+01
   12.200   2.369E+01
   12.300   2.349E+01
   12.400   2.326E+01
   12.500   2.303E+01
   12.600   2.282E+01
   12.700   2.265E+01
   12.800   2.252E+01
   12.900   2.244E+01
   13.000   2.242E+01
   13.100   2.244E+01
   13.200   2.251E+01
   13.300   2.262E+01
   13.400   2.275E+01
   13.500   2.290E+01
   13.600   2.305E+01
   13.700   2.320E+01
   13.800   2.334E+01
   13.900   2.345E+01
   14.000   2.353E+01
   14.100   2.357E+01
   14.200   2.358E+01
   14.300   2.355E+01
   14.400   2.349E+01
   14.500   2.341E+01
   14.600   2.331E+01
   14.700   2.319E+01
   14.800   2.307E+01
   14.900   2.294E+01
   15.000   2.281E+01
   15.100   2.268E+01
   15.200   2.255E+01
   15.300   2.241E+01
   15.400   2.225E+01
   15.500   2.207E+01
   15.600   2.185E+01
   15.700   2.160E+01
   15.800   2.131E+01
   15.900   2.098E+01
   16.000   2.061E+01
   16.100   2.021E+01
   16.200   1.978E+01
   16.300   1.933E+01
   16.400   1.887E+01
   16.500   1.839E+01
   16.600   1.791E+01
   16.700   1.742E+01
   16.800   1.694E+01
   16.900   1.645E+01
   17.000   1.596E+01
   17.100   1.548E+01
   17.200   1.500E+01
   17.300   1.453E+01
   17.400   1.406E+01
   17.500   1.359E+01
   17.600   1.313E+01
   17.700   1.268E+01
   17.800   1.223E+01
   17.900   1.178E+01
   18.000   1.135E+01
   18.100   1.092E+01
   18.200   1.050E+01
   18.300   1.009E+01
   18.400   9.684E+00
   18.500   9.294E+00
   18.600   8.917E+00
   18.700   8.553E+00
   18.800   8.203E+00
   18.900   7.868E+00
   19.000   7.548E+00
   19.100   7.242E+00
   19.200   6.951E+00
   19.300   6.674E+00
   19.400   6.411E+00
   19.500   6.161E+00
   19.600   5.922E+00
   19.700   5.695E+00
   19.800   5.478E+00
   19.900   5.271E+00
   20.000   5.072E+00
   20.100   4.882E+00
   20.200   4.700E+00
   20.300   4.525E+00
   20.400   4.357E+00
   20.500   4.195E+00
   20.600   4.040E+00
   20.700   3.892E+00
   20.800   3.749E+00
   20.900   3.613E+00
   21.000   3.483E+00
   21.100   3.360E+00
   21.200   3.243E+00
   21.300   3.131E+00
   21.400   3.026E+00
   21.500   2.926E+00
   21.600   2.832E+00
   21.700   2.742E+00
   21.800   2.658E+00
   21.900   2.578E+00
   22.000   2.502E+00
   22.100   2.430E+00
   22.200   2.362E+00
   22.300   2.297E+00
   22.400   2.235E+00
   22.500   2.177E+00
   22.600   2.121E+00
   22.700   2.068E+00
   22.800   2.017E+00
   22.900   1.968E+00
   23.000   1.921E+00
   23.100   1.877E+00
   23.200   1.834E+00
   23.300   1.793E+00
   23.400   1.754E+00
   23.500   1.716E+00
   23.600   1.680E+00
   23.700   1.645E+00
   23.800   1.611E+00
   23.900   1.578E+00
   24.000   1.547E+00
   24.100   1.517E+00
   24.200   1.488E+00
   24.300   1.459E+00
   24.400   1.432E+00
   24.500   1.406E+00
   24.600   1.380E+00
   24.700   1.355E+00
   24.800   1.331E+00
   24.900   1.308E+00
   25.000   1.286E+00
   25.100   1.264E+00
   25.200   1.242E+00
   25.300   1.222E+00
   25.400   1.202E+00
   25.500   1.182E+00
   25.600   1.163E+00
   25.700   1.145E+00
   25.800   1.127E+00
   25.900   1.110E+00
   26.000   1.093E+00
   26.100   1.076E+00
   26.200   1.060E+00
   26.300   1.044E+00
   26.400   1.029E+00
   26.500   1.014E+00
   26.600   9.994E-01
   26.700   9.852E-01
   26.800   9.713E-01
   26.900   9.578E-01
   27.000   9.446E-01
   27.100   9.317E-01
   27.200   9.190E-01
   27.300   9.067E-01
   27.400   8.947E-01
   27.500   8.829E-01
   27.600   8.713E-01
   27.700   8.601E-01
   27.800   8.490E-01
   27.900   8.383E-01
   28.000   8.277E-01
   28.100   8.174E-01
   28.200   8.072E-01
   28.300   7.973E-01
   28.400   7.876E-01
   28.500   7.781E-01
   28.600   7.688E-01
   28.700   7.596E-01
   28.800   7.507E-01
   28.900   7.419E-01
   29.000   7.333E-01
   29.100   7.248E-01
   29.200   7.165E-01
   29.300   7.084E-01
   29.400   7.004E-01
   29.500   6.926E-01
   29.600   6.849E-01
   29.700   6.774E-01
   29.800   6.700E-01
   29.900   6.627E-01
   30.000   6.556E-01
 
 Z=  68 A= 168  D1M-QRPA
   E[MeV]   fQRPA[mb/MeV]
    0.100   1.214E-03
    0.200   4.779E-03
    0.300   1.048E-02
    0.400   1.799E-02
    0.500   2.691E-02
    0.600   3.684E-02
    0.700   4.738E-02
    0.800   5.822E-02
    0.900   6.912E-02
    1.000   7.991E-02
    1.100   9.054E-02
    1.200   1.010E-01
    1.300   1.113E-01
    1.400   1.214E-01
    1.500   1.315E-01
    1.600   1.414E-01
    1.700   1.512E-01
    1.800   1.609E-01
    1.900   1.704E-01
    2.000   1.797E-01
    2.100   1.889E-01
    2.200   1.980E-01
    2.300   2.069E-01
    2.400   2.157E-01
    2.500   2.245E-01
    2.600   2.334E-01
    2.700   2.424E-01
    2.800   2.516E-01
    2.900   2.610E-01
    3.000   2.707E-01
    3.100   2.808E-01
    3.200   2.914E-01
    3.300   3.024E-01
    3.400   3.141E-01
    3.500   3.264E-01
    3.600   3.396E-01
    3.700   3.537E-01
    3.800   3.689E-01
    3.900   3.851E-01
    4.000   4.026E-01
    4.100   4.213E-01
    4.200   4.414E-01
    4.300   4.629E-01
    4.400   4.859E-01
    4.500   5.105E-01
    4.600   5.368E-01
    4.700   5.648E-01
    4.800   5.946E-01
    4.900   6.263E-01
    5.000   6.600E-01
    5.100   6.957E-01
    5.200   7.336E-01
    5.300   7.736E-01
    5.400   8.158E-01
    5.500   8.603E-01
    5.600   9.070E-01
    5.700   9.562E-01
    5.800   1.008E+00
    5.900   1.062E+00
    6.000   1.119E+00
    6.100   1.178E+00
    6.200   1.240E+00
    6.300   1.306E+00
    6.400   1.374E+00
    6.500   1.446E+00
    6.600   1.521E+00
    6.700   1.600E+00
    6.800   1.682E+00
    6.900   1.768E+00
    7.000   1.858E+00
    7.100   1.952E+00
    7.200   2.050E+00
    7.300   2.152E+00
    7.400   2.259E+00
    7.500   2.369E+00
    7.600   2.484E+00
    7.700   2.603E+00
    7.800   2.727E+00
    7.900   2.854E+00
    8.000   2.986E+00
    8.100   3.123E+00
    8.200   3.264E+00
    8.300   3.409E+00
    8.400   3.559E+00
    8.500   3.715E+00
    8.600   3.876E+00
    8.700   4.045E+00
    8.800   4.221E+00
    8.900   4.406E+00
    9.000   4.602E+00
    9.100   4.810E+00
    9.200   5.034E+00
    9.300   5.275E+00
    9.400   5.536E+00
    9.500   5.821E+00
    9.600   6.133E+00
    9.700   6.476E+00
    9.800   6.853E+00
    9.900   7.267E+00
   10.000   7.722E+00
   10.100   8.219E+00
   10.200   8.763E+00
   10.300   9.356E+00
   10.400   1.000E+01
   10.500   1.070E+01
   10.600   1.145E+01
   10.700   1.225E+01
   10.800   1.310E+01
   10.900   1.399E+01
   11.000   1.491E+01
   11.100   1.584E+01
   11.200   1.676E+01
   11.300   1.764E+01
   11.400   1.846E+01
   11.500   1.918E+01
   11.600   1.978E+01
   11.700   2.024E+01
   11.800   2.055E+01
   11.900   2.073E+01
   12.000   2.077E+01
   12.100   2.070E+01
   12.200   2.056E+01
   12.300   2.036E+01
   12.400   2.014E+01
   12.500   1.992E+01
   12.600   1.973E+01
   12.700   1.957E+01
   12.800   1.945E+01
   12.900   1.938E+01
   13.000   1.937E+01
   13.100   1.939E+01
   13.200   1.946E+01
   13.300   1.957E+01
   13.400   1.970E+01
   13.500   1.985E+01
   13.600   2.000E+01
   13.700   2.014E+01
   13.800   2.027E+01
   13.900   2.037E+01
   14.000   2.044E+01
   14.100   2.047E+01
   14.200   2.046E+01
   14.300   2.042E+01
   14.400   2.035E+01
   14.500   2.025E+01
   14.600   2.013E+01
   14.700   1.999E+01
   14.800   1.985E+01
   14.900   1.971E+01
   15.000   1.957E+01
   15.100   1.943E+01
   15.200   1.929E+01
   15.300   1.914E+01
   15.400   1.899E+01
   15.500   1.882E+01
   15.600   1.862E+01
   15.700   1.841E+01
   15.800   1.816E+01
   15.900   1.789E+01
   16.000   1.760E+01
   16.100   1.728E+01
   16.200   1.693E+01
   16.300   1.658E+01
   16.400   1.621E+01
   16.500   1.582E+01
   16.600   1.543E+01
   16.700   1.503E+01
   16.800   1.463E+01
   16.900   1.421E+01
   17.000   1.380E+01
   17.100   1.338E+01
   17.200   1.296E+01
   17.300   1.254E+01
   17.400   1.212E+01
   17.500   1.170E+01
   17.600   1.128E+01
   17.700   1.087E+01
   17.800   1.046E+01
   17.900   1.006E+01
   18.000   9.668E+00
   18.100   9.281E+00
   18.200   8.901E+00
   18.300   8.531E+00
   18.400   8.172E+00
   18.500   7.825E+00
   18.600   7.491E+00
   18.700   7.171E+00
   18.800   6.866E+00
   18.900   6.576E+00
   19.000   6.300E+00
   19.100   6.037E+00
   19.200   5.789E+00
   19.300   5.553E+00
   19.400   5.328E+00
   19.500   5.115E+00
   19.600   4.913E+00
   19.700   4.719E+00
   19.800   4.535E+00
   19.900   4.358E+00
   20.000   4.189E+00
   20.100   4.027E+00
   20.200   3.871E+00
   20.300   3.721E+00
   20.400   3.577E+00
   20.500   3.439E+00
   20.600   3.307E+00
   20.700   3.181E+00
   20.800   3.060E+00
   20.900   2.946E+00
   21.000   2.837E+00
   21.100   2.735E+00
   21.200   2.638E+00
   21.300   2.546E+00
   21.400   2.460E+00
   21.500   2.378E+00
   21.600   2.302E+00
   21.700   2.229E+00
   21.800   2.161E+00
   21.900   2.096E+00
   22.000   2.035E+00
   22.100   1.977E+00
   22.200   1.922E+00
   22.300   1.870E+00
   22.400   1.820E+00
   22.500   1.773E+00
   22.600   1.727E+00
   22.700   1.684E+00
   22.800   1.643E+00
   22.900   1.604E+00
   23.000   1.566E+00
   23.100   1.530E+00
   23.200   1.496E+00
   23.300   1.463E+00
   23.400   1.431E+00
   23.500   1.400E+00
   23.600   1.371E+00
   23.700   1.342E+00
   23.800   1.315E+00
   23.900   1.288E+00
   24.000   1.263E+00
   24.100   1.238E+00
   24.200   1.215E+00
   24.300   1.192E+00
   24.400   1.170E+00
   24.500   1.148E+00
   24.600   1.127E+00
   24.700   1.107E+00
   24.800   1.088E+00
   24.900   1.069E+00
   25.000   1.050E+00
   25.100   1.033E+00
   25.200   1.015E+00
   25.300   9.985E-01
   25.400   9.822E-01
   25.500   9.663E-01
   25.600   9.509E-01
   25.700   9.358E-01
   25.800   9.212E-01
   25.900   9.070E-01
   26.000   8.932E-01
   26.100   8.797E-01
   26.200   8.665E-01
   26.300   8.537E-01
   26.400   8.412E-01
   26.500   8.291E-01
   26.600   8.172E-01
   26.700   8.056E-01
   26.800   7.943E-01
   26.900   7.832E-01
   27.000   7.724E-01
   27.100   7.619E-01
   27.200   7.516E-01
   27.300   7.415E-01
   27.400   7.317E-01
   27.500   7.220E-01
   27.600   7.126E-01
   27.700   7.034E-01
   27.800   6.944E-01
   27.900   6.856E-01
   28.000   6.770E-01
   28.100   6.685E-01
   28.200   6.603E-01
   28.300   6.522E-01
   28.400   6.442E-01
   28.500   6.365E-01
   28.600   6.288E-01
   28.700   6.214E-01
   28.800   6.141E-01
   28.900   6.069E-01
   29.000   5.998E-01
   29.100   5.929E-01
   29.200   5.862E-01
   29.300   5.795E-01
   29.400   5.730E-01
   29.500   5.666E-01
   29.600   5.603E-01
   29.700   5.542E-01
   29.800   5.481E-01
   29.900   5.422E-01
   30.000   5.363E-01
 
