 Z=  71 A= 175  D1M-QRPA-Inter
 E[MeV]  fQRPA[mb/MeV]
    0.100   3.318E-04
    0.200   1.333E-03
    0.300   3.018E-03
    0.400   5.412E-03
    0.500   8.546E-03
    0.600   1.246E-02
    0.700   1.718E-02
    0.800   2.274E-02
    0.900   2.917E-02
    1.000   3.646E-02
    1.100   4.464E-02
    1.200   5.369E-02
    1.300   6.362E-02
    1.400   7.447E-02
    1.500   8.628E-02
    1.600   9.909E-02
    1.700   1.129E-01
    1.800   1.277E-01
    1.900   1.432E-01
    2.000   1.592E-01
    2.100   1.753E-01
    2.200   1.909E-01
    2.300   2.056E-01
    2.400   2.188E-01
    2.500   2.305E-01
    2.600   2.404E-01
    2.700   2.489E-01
    2.800   2.562E-01
    2.900   2.628E-01
    3.000   2.689E-01
    3.100   2.750E-01
    3.200   2.813E-01
    3.300   2.881E-01
    3.400   2.955E-01
    3.500   3.036E-01
    3.600   3.125E-01
    3.700   3.223E-01
    3.800   3.332E-01
    3.900   3.452E-01
    4.000   3.584E-01
    4.100   3.730E-01
    4.200   3.893E-01
    4.300   4.073E-01
    4.400   4.272E-01
    4.500   4.491E-01
    4.600   4.729E-01
    4.700   4.986E-01
    4.800   5.263E-01
    4.900   5.557E-01
    5.000   5.869E-01
    5.100   6.199E-01
    5.200   6.546E-01
    5.300   6.910E-01
    5.400   7.290E-01
    5.500   7.687E-01
    5.600   8.097E-01
    5.700   8.522E-01
    5.800   8.961E-01
    5.900   9.415E-01
    6.000   9.886E-01
    6.100   1.038E+00
    6.200   1.089E+00
    6.300   1.144E+00
    6.400   1.202E+00
    6.500   1.264E+00
    6.600   1.330E+00
    6.700   1.400E+00
    6.800   1.475E+00
    6.900   1.554E+00
    7.000   1.637E+00
    7.100   1.724E+00
    7.200   1.814E+00
    7.300   1.907E+00
    7.400   2.004E+00
    7.500   2.104E+00
    7.600   2.208E+00
    7.700   2.316E+00
    7.800   2.428E+00
    7.900   2.545E+00
    8.000   2.667E+00
    8.100   2.794E+00
    8.200   2.927E+00
    8.300   3.067E+00
    8.400   3.214E+00
    8.500   3.368E+00
    8.600   3.531E+00
    8.700   3.700E+00
    8.800   3.876E+00
    8.900   4.057E+00
    9.000   4.242E+00
    9.100   4.431E+00
    9.200   4.623E+00
    9.300   4.820E+00
    9.400   5.025E+00
    9.500   5.239E+00
    9.600   5.469E+00
    9.700   5.719E+00
    9.800   5.994E+00
    9.900   6.299E+00
   10.000   6.638E+00
   10.100   7.015E+00
   10.200   7.435E+00
   10.300   7.900E+00
   10.400   8.417E+00
   10.500   8.992E+00
   10.600   9.631E+00
   10.700   1.034E+01
   10.800   1.113E+01
   10.900   1.201E+01
   11.000   1.297E+01
   11.100   1.402E+01
   11.200   1.516E+01
   11.300   1.636E+01
   11.400   1.761E+01
   11.500   1.887E+01
   11.600   2.009E+01
   11.700   2.122E+01
   11.800   2.220E+01
   11.900   2.298E+01
   12.000   2.352E+01
   12.100   2.382E+01
   12.200   2.390E+01
   12.300   2.378E+01
   12.400   2.354E+01
   12.500   2.322E+01
   12.600   2.288E+01
   12.700   2.257E+01
   12.800   2.231E+01
   12.900   2.214E+01
   13.000   2.205E+01
   13.100   2.205E+01
   13.200   2.212E+01
   13.300   2.226E+01
   13.400   2.245E+01
   13.500   2.266E+01
   13.600   2.289E+01
   13.700   2.309E+01
   13.800   2.327E+01
   13.900   2.339E+01
   14.000   2.346E+01
   14.100   2.348E+01
   14.200   2.343E+01
   14.300   2.332E+01
   14.400   2.316E+01
   14.500   2.296E+01
   14.600   2.274E+01
   14.700   2.251E+01
   14.800   2.229E+01
   14.900   2.210E+01
   15.000   2.194E+01
   15.100   2.181E+01
   15.200   2.171E+01
   15.300   2.160E+01
   15.400   2.148E+01
   15.500   2.131E+01
   15.600   2.108E+01
   15.700   2.078E+01
   15.800   2.042E+01
   15.900   1.999E+01
   16.000   1.951E+01
   16.100   1.899E+01
   16.200   1.844E+01
   16.300   1.788E+01
   16.400   1.732E+01
   16.500   1.675E+01
   16.600   1.619E+01
   16.700   1.563E+01
   16.800   1.508E+01
   16.900   1.453E+01
   17.000   1.398E+01
   17.100   1.344E+01
   17.200   1.290E+01
   17.300   1.236E+01
   17.400   1.183E+01
   17.500   1.131E+01
   17.600   1.080E+01
   17.700   1.030E+01
   17.800   9.813E+00
   17.900   9.343E+00
   18.000   8.891E+00
   18.100   8.459E+00
   18.200   8.048E+00
   18.300   7.657E+00
   18.400   7.288E+00
   18.500   6.939E+00
   18.600   6.610E+00
   18.700   6.300E+00
   18.800   6.009E+00
   18.900   5.735E+00
   19.000   5.476E+00
   19.100   5.232E+00
   19.200   5.000E+00
   19.300   4.779E+00
   19.400   4.567E+00
   19.500   4.363E+00
   19.600   4.168E+00
   19.700   3.979E+00
   19.800   3.798E+00
   19.900   3.624E+00
   20.000   3.459E+00
   20.100   3.302E+00
   20.200   3.154E+00
   20.300   3.015E+00
   20.400   2.885E+00
   20.500   2.764E+00
   20.600   2.651E+00
   20.700   2.546E+00
   20.800   2.448E+00
   20.900   2.357E+00
   21.000   2.271E+00
   21.100   2.192E+00
   21.200   2.117E+00
   21.300   2.047E+00
   21.400   1.981E+00
   21.500   1.920E+00
   21.600   1.861E+00
   21.700   1.806E+00
   21.800   1.754E+00
   21.900   1.705E+00
   22.000   1.658E+00
   22.100   1.613E+00
   22.200   1.571E+00
   22.300   1.530E+00
   22.400   1.492E+00
   22.500   1.455E+00
   22.600   1.420E+00
   22.700   1.386E+00
   22.800   1.354E+00
   22.900   1.323E+00
   23.000   1.293E+00
   23.100   1.264E+00
   23.200   1.237E+00
   23.300   1.210E+00
   23.400   1.185E+00
   23.500   1.161E+00
   23.600   1.137E+00
   23.700   1.114E+00
   23.800   1.092E+00
   23.900   1.071E+00
   24.000   1.050E+00
   24.100   1.030E+00
   24.200   1.011E+00
   24.300   9.927E-01
   24.400   9.746E-01
   24.500   9.572E-01
   24.600   9.403E-01
   24.700   9.239E-01
   24.800   9.079E-01
   24.900   8.925E-01
   25.000   8.775E-01
   25.100   8.629E-01
   25.200   8.487E-01
   25.300   8.349E-01
   25.400   8.215E-01
   25.500   8.085E-01
   25.600   7.958E-01
   25.700   7.835E-01
   25.800   7.714E-01
   25.900   7.597E-01
   26.000   7.483E-01
   26.100   7.372E-01
   26.200   7.263E-01
   26.300   7.157E-01
   26.400   7.054E-01
   26.500   6.953E-01
   26.600   6.855E-01
   26.700   6.759E-01
   26.800   6.665E-01
   26.900   6.574E-01
   27.000   6.484E-01
   27.100   6.397E-01
   27.200   6.311E-01
   27.300   6.228E-01
   27.400   6.146E-01
   27.500   6.066E-01
   27.600   5.988E-01
   27.700   5.911E-01
   27.800   5.836E-01
   27.900   5.763E-01
   28.000   5.691E-01
   28.100   5.621E-01
   28.200   5.552E-01
   28.300   5.484E-01
   28.400   5.418E-01
   28.500   5.353E-01
   28.600   5.290E-01
   28.700   5.227E-01
   28.800   5.166E-01
   28.900   5.106E-01
   29.000   5.047E-01
   29.100   4.990E-01
   29.200   4.933E-01
   29.300   4.878E-01
   29.400   4.823E-01
   29.500   4.770E-01
   29.600   4.717E-01
   29.700   4.666E-01
   29.800   4.615E-01
   29.900   4.565E-01
   30.000   4.516E-01
 
