 Z=  72 A= 176  D1M-QRPA
   E[MeV]   fQRPA[mb/MeV]
    0.100   2.295E-04
    0.200   9.216E-04
    0.300   2.087E-03
    0.400   3.742E-03
    0.500   5.913E-03
    0.600   8.630E-03
    0.700   1.193E-02
    0.800   1.586E-02
    0.900   2.046E-02
    1.000   2.578E-02
    1.100   3.186E-02
    1.200   3.877E-02
    1.300   4.653E-02
    1.400   5.518E-02
    1.500   6.476E-02
    1.600   7.526E-02
    1.700   8.665E-02
    1.800   9.885E-02
    1.900   1.117E-01
    2.000   1.249E-01
    2.100   1.383E-01
    2.200   1.513E-01
    2.300   1.637E-01
    2.400   1.751E-01
    2.500   1.854E-01
    2.600   1.946E-01
    2.700   2.027E-01
    2.800   2.100E-01
    2.900   2.168E-01
    3.000   2.233E-01
    3.100   2.299E-01
    3.200   2.367E-01
    3.300   2.440E-01
    3.400   2.519E-01
    3.500   2.605E-01
    3.600   2.700E-01
    3.700   2.803E-01
    3.800   2.916E-01
    3.900   3.040E-01
    4.000   3.174E-01
    4.100   3.319E-01
    4.200   3.479E-01
    4.300   3.652E-01
    4.400   3.841E-01
    4.500   4.047E-01
    4.600   4.270E-01
    4.700   4.511E-01
    4.800   4.768E-01
    4.900   5.041E-01
    5.000   5.331E-01
    5.100   5.638E-01
    5.200   5.962E-01
    5.300   6.304E-01
    5.400   6.666E-01
    5.500   7.047E-01
    5.600   7.447E-01
    5.700   7.867E-01
    5.800   8.305E-01
    5.900   8.762E-01
    6.000   9.239E-01
    6.100   9.737E-01
    6.200   1.026E+00
    6.300   1.081E+00
    6.400   1.139E+00
    6.500   1.201E+00
    6.600   1.267E+00
    6.700   1.337E+00
    6.800   1.411E+00
    6.900   1.489E+00
    7.000   1.571E+00
    7.100   1.657E+00
    7.200   1.745E+00
    7.300   1.837E+00
    7.400   1.931E+00
    7.500   2.028E+00
    7.600   2.128E+00
    7.700   2.233E+00
    7.800   2.343E+00
    7.900   2.459E+00
    8.000   2.580E+00
    8.100   2.708E+00
    8.200   2.842E+00
    8.300   2.985E+00
    8.400   3.135E+00
    8.500   3.293E+00
    8.600   3.460E+00
    8.700   3.635E+00
    8.800   3.818E+00
    8.900   4.006E+00
    9.000   4.200E+00
    9.100   4.398E+00
    9.200   4.599E+00
    9.300   4.804E+00
    9.400   5.015E+00
    9.500   5.234E+00
    9.600   5.465E+00
    9.700   5.711E+00
    9.800   5.978E+00
    9.900   6.269E+00
   10.000   6.589E+00
   10.100   6.943E+00
   10.200   7.334E+00
   10.300   7.769E+00
   10.400   8.253E+00
   10.500   8.791E+00
   10.600   9.393E+00
   10.700   1.006E+01
   10.800   1.082E+01
   10.900   1.165E+01
   11.000   1.258E+01
   11.100   1.360E+01
   11.200   1.472E+01
   11.300   1.592E+01
   11.400   1.719E+01
   11.500   1.849E+01
   11.600   1.979E+01
   11.700   2.102E+01
   11.800   2.213E+01
   11.900   2.306E+01
   12.000   2.375E+01
   12.100   2.417E+01
   12.200   2.435E+01
   12.300   2.430E+01
   12.400   2.409E+01
   12.500   2.377E+01
   12.600   2.341E+01
   12.700   2.307E+01
   12.800   2.277E+01
   12.900   2.255E+01
   13.000   2.241E+01
   13.100   2.236E+01
   13.200   2.239E+01
   13.300   2.250E+01
   13.400   2.266E+01
   13.500   2.287E+01
   13.600   2.310E+01
   13.700   2.333E+01
   13.800   2.353E+01
   13.900   2.368E+01
   14.000   2.379E+01
   14.100   2.383E+01
   14.200   2.381E+01
   14.300   2.373E+01
   14.400   2.359E+01
   14.500   2.340E+01
   14.600   2.319E+01
   14.700   2.296E+01
   14.800   2.274E+01
   14.900   2.255E+01
   15.000   2.240E+01
   15.100   2.228E+01
   15.200   2.220E+01
   15.300   2.213E+01
   15.400   2.206E+01
   15.500   2.194E+01
   15.600   2.177E+01
   15.700   2.152E+01
   15.800   2.118E+01
   15.900   2.075E+01
   16.000   2.023E+01
   16.100   1.965E+01
   16.200   1.903E+01
   16.300   1.837E+01
   16.400   1.771E+01
   16.500   1.705E+01
   16.600   1.642E+01
   16.700   1.581E+01
   16.800   1.522E+01
   16.900   1.466E+01
   17.000   1.411E+01
   17.100   1.358E+01
   17.200   1.306E+01
   17.300   1.254E+01
   17.400   1.202E+01
   17.500   1.150E+01
   17.600   1.100E+01
   17.700   1.050E+01
   17.800   1.001E+01
   17.900   9.546E+00
   18.000   9.096E+00
   18.100   8.666E+00
   18.200   8.256E+00
   18.300   7.866E+00
   18.400   7.496E+00
   18.500   7.144E+00
   18.600   6.810E+00
   18.700   6.495E+00
   18.800   6.197E+00
   18.900   5.916E+00
   19.000   5.650E+00
   19.100   5.399E+00
   19.200   5.160E+00
   19.300   4.932E+00
   19.400   4.713E+00
   19.500   4.503E+00
   19.600   4.299E+00
   19.700   4.103E+00
   19.800   3.914E+00
   19.900   3.733E+00
   20.000   3.560E+00
   20.100   3.396E+00
   20.200   3.242E+00
   20.300   3.097E+00
   20.400   2.962E+00
   20.500   2.836E+00
   20.600   2.719E+00
   20.700   2.610E+00
   20.800   2.508E+00
   20.900   2.414E+00
   21.000   2.325E+00
   21.100   2.243E+00
   21.200   2.166E+00
   21.300   2.094E+00
   21.400   2.026E+00
   21.500   1.962E+00
   21.600   1.902E+00
   21.700   1.845E+00
   21.800   1.791E+00
   21.900   1.740E+00
   22.000   1.692E+00
   22.100   1.646E+00
   22.200   1.603E+00
   22.300   1.561E+00
   22.400   1.521E+00
   22.500   1.484E+00
   22.600   1.447E+00
   22.700   1.413E+00
   22.800   1.380E+00
   22.900   1.348E+00
   23.000   1.317E+00
   23.100   1.288E+00
   23.200   1.260E+00
   23.300   1.233E+00
   23.400   1.207E+00
   23.500   1.182E+00
   23.600   1.158E+00
   23.700   1.134E+00
   23.800   1.112E+00
   23.900   1.090E+00
   24.000   1.069E+00
   24.100   1.049E+00
   24.200   1.029E+00
   24.300   1.010E+00
   24.400   9.916E-01
   24.500   9.737E-01
   24.600   9.564E-01
   24.700   9.397E-01
   24.800   9.234E-01
   24.900   9.076E-01
   25.000   8.923E-01
   25.100   8.774E-01
   25.200   8.629E-01
   25.300   8.488E-01
   25.400   8.351E-01
   25.500   8.218E-01
   25.600   8.089E-01
   25.700   7.963E-01
   25.800   7.840E-01
   25.900   7.720E-01
   26.000   7.604E-01
   26.100   7.490E-01
   26.200   7.380E-01
   26.300   7.272E-01
   26.400   7.166E-01
   26.500   7.064E-01
   26.600   6.963E-01
   26.700   6.865E-01
   26.800   6.770E-01
   26.900   6.676E-01
   27.000   6.585E-01
   27.100   6.496E-01
   27.200   6.409E-01
   27.300   6.324E-01
   27.400   6.240E-01
   27.500   6.159E-01
   27.600   6.079E-01
   27.700   6.001E-01
   27.800   5.925E-01
   27.900   5.850E-01
   28.000   5.777E-01
   28.100   5.705E-01
   28.200   5.635E-01
   28.300   5.566E-01
   28.400   5.499E-01
   28.500   5.433E-01
   28.600   5.368E-01
   28.700   5.305E-01
   28.800   5.242E-01
   28.900   5.181E-01
   29.000   5.122E-01
   29.100   5.063E-01
   29.200   5.005E-01
   29.300   4.949E-01
   29.400   4.893E-01
   29.500   4.839E-01
   29.600   4.785E-01
   29.700   4.733E-01
   29.800   4.681E-01
   29.900   4.631E-01
   30.000   4.581E-01
 
 Z=  72 A= 177  D1M-QRPA-Inter
 E[MeV]  fQRPA[mb/MeV]
    0.100   2.230E-04
    0.200   8.950E-04
    0.300   2.025E-03
    0.400   3.627E-03
    0.500   5.723E-03
    0.600   8.338E-03
    0.700   1.151E-02
    0.800   1.526E-02
    0.900   1.965E-02
    1.000   2.471E-02
    1.100   3.048E-02
    1.200   3.701E-02
    1.300   4.433E-02
    1.400   5.247E-02
    1.500   6.143E-02
    1.600   7.121E-02
    1.700   8.175E-02
    1.800   9.297E-02
    1.900   1.047E-01
    2.000   1.169E-01
    2.100   1.292E-01
    2.200   1.415E-01
    2.300   1.534E-01
    2.400   1.649E-01
    2.500   1.759E-01
    2.600   1.862E-01
    2.700   1.960E-01
    2.800   2.052E-01
    2.900   2.142E-01
    3.000   2.229E-01
    3.100   2.315E-01
    3.200   2.403E-01
    3.300   2.492E-01
    3.400   2.586E-01
    3.500   2.685E-01
    3.600   2.791E-01
    3.700   2.903E-01
    3.800   3.025E-01
    3.900   3.155E-01
    4.000   3.297E-01
    4.100   3.450E-01
    4.200   3.616E-01
    4.300   3.797E-01
    4.400   3.993E-01
    4.500   4.206E-01
    4.600   4.438E-01
    4.700   4.687E-01
    4.800   4.956E-01
    4.900   5.243E-01
    5.000   5.550E-01
    5.100   5.876E-01
    5.200   6.221E-01
    5.300   6.585E-01
    5.400   6.968E-01
    5.500   7.371E-01
    5.600   7.791E-01
    5.700   8.230E-01
    5.800   8.686E-01
    5.900   9.159E-01
    6.000   9.651E-01
    6.100   1.016E+00
    6.200   1.070E+00
    6.300   1.125E+00
    6.400   1.184E+00
    6.500   1.245E+00
    6.600   1.310E+00
    6.700   1.378E+00
    6.800   1.450E+00
    6.900   1.526E+00
    7.000   1.605E+00
    7.100   1.688E+00
    7.200   1.774E+00
    7.300   1.864E+00
    7.400   1.958E+00
    7.500   2.055E+00
    7.600   2.157E+00
    7.700   2.263E+00
    7.800   2.375E+00
    7.900   2.492E+00
    8.000   2.615E+00
    8.100   2.745E+00
    8.200   2.882E+00
    8.300   3.026E+00
    8.400   3.178E+00
    8.500   3.338E+00
    8.600   3.507E+00
    8.700   3.684E+00
    8.800   3.869E+00
    8.900   4.061E+00
    9.000   4.260E+00
    9.100   4.464E+00
    9.200   4.673E+00
    9.300   4.888E+00
    9.400   5.108E+00
    9.500   5.336E+00
    9.600   5.576E+00
    9.700   5.830E+00
    9.800   6.103E+00
    9.900   6.399E+00
   10.000   6.723E+00
   10.100   7.079E+00
   10.200   7.471E+00
   10.300   7.903E+00
   10.400   8.381E+00
   10.500   8.909E+00
   10.600   9.492E+00
   10.700   1.014E+01
   10.800   1.085E+01
   10.900   1.164E+01
   11.000   1.251E+01
   11.100   1.347E+01
   11.200   1.450E+01
   11.300   1.562E+01
   11.400   1.679E+01
   11.500   1.800E+01
   11.600   1.922E+01
   11.700   2.041E+01
   11.800   2.150E+01
   11.900   2.247E+01
   12.000   2.326E+01
   12.100   2.384E+01
   12.200   2.422E+01
   12.300   2.440E+01
   12.400   2.443E+01
   12.500   2.433E+01
   12.600   2.417E+01
   12.700   2.399E+01
   12.800   2.382E+01
   12.900   2.369E+01
   13.000   2.362E+01
   13.100   2.361E+01
   13.200   2.366E+01
   13.300   2.376E+01
   13.400   2.390E+01
   13.500   2.408E+01
   13.600   2.425E+01
   13.700   2.442E+01
   13.800   2.455E+01
   13.900   2.464E+01
   14.000   2.467E+01
   14.100   2.465E+01
   14.200   2.458E+01
   14.300   2.445E+01
   14.400   2.428E+01
   14.500   2.408E+01
   14.600   2.386E+01
   14.700   2.364E+01
   14.800   2.343E+01
   14.900   2.323E+01
   15.000   2.306E+01
   15.100   2.291E+01
   15.200   2.276E+01
   15.300   2.261E+01
   15.400   2.244E+01
   15.500   2.222E+01
   15.600   2.194E+01
   15.700   2.160E+01
   15.800   2.118E+01
   15.900   2.069E+01
   16.000   2.014E+01
   16.100   1.955E+01
   16.200   1.892E+01
   16.300   1.828E+01
   16.400   1.764E+01
   16.500   1.700E+01
   16.600   1.637E+01
   16.700   1.576E+01
   16.800   1.517E+01
   16.900   1.460E+01
   17.000   1.403E+01
   17.100   1.348E+01
   17.200   1.293E+01
   17.300   1.239E+01
   17.400   1.186E+01
   17.500   1.134E+01
   17.600   1.082E+01
   17.700   1.033E+01
   17.800   9.842E+00
   17.900   9.375E+00
   18.000   8.925E+00
   18.100   8.493E+00
   18.200   8.080E+00
   18.300   7.685E+00
   18.400   7.308E+00
   18.500   6.949E+00
   18.600   6.609E+00
   18.700   6.287E+00
   18.800   5.983E+00
   18.900   5.697E+00
   19.000   5.428E+00
   19.100   5.176E+00
   19.200   4.938E+00
   19.300   4.715E+00
   19.400   4.503E+00
   19.500   4.303E+00
   19.600   4.114E+00
   19.700   3.934E+00
   19.800   3.764E+00
   19.900   3.603E+00
   20.000   3.451E+00
   20.100   3.307E+00
   20.200   3.172E+00
   20.300   3.045E+00
   20.400   2.926E+00
   20.500   2.815E+00
   20.600   2.710E+00
   20.700   2.613E+00
   20.800   2.521E+00
   20.900   2.435E+00
   21.000   2.354E+00
   21.100   2.278E+00
   21.200   2.207E+00
   21.300   2.139E+00
   21.400   2.075E+00
   21.500   2.015E+00
   21.600   1.957E+00
   21.700   1.903E+00
   21.800   1.851E+00
   21.900   1.802E+00
   22.000   1.755E+00
   22.100   1.710E+00
   22.200   1.667E+00
   22.300   1.626E+00
   22.400   1.587E+00
   22.500   1.549E+00
   22.600   1.513E+00
   22.700   1.479E+00
   22.800   1.446E+00
   22.900   1.414E+00
   23.000   1.383E+00
   23.100   1.354E+00
   23.200   1.325E+00
   23.300   1.298E+00
   23.400   1.271E+00
   23.500   1.246E+00
   23.600   1.221E+00
   23.700   1.197E+00
   23.800   1.174E+00
   23.900   1.152E+00
   24.000   1.131E+00
   24.100   1.110E+00
   24.200   1.089E+00
   24.300   1.070E+00
   24.400   1.051E+00
   24.500   1.032E+00
   24.600   1.015E+00
   24.700   9.972E-01
   24.800   9.804E-01
   24.900   9.640E-01
   25.000   9.481E-01
   25.100   9.326E-01
   25.200   9.176E-01
   25.300   9.029E-01
   25.400   8.887E-01
   25.500   8.748E-01
   25.600   8.613E-01
   25.700   8.482E-01
   25.800   8.353E-01
   25.900   8.228E-01
   26.000   8.106E-01
   26.100   7.988E-01
   26.200   7.872E-01
   26.300   7.758E-01
   26.400   7.648E-01
   26.500   7.540E-01
   26.600   7.435E-01
   26.700   7.332E-01
   26.800   7.231E-01
   26.900   7.133E-01
   27.000   7.037E-01
   27.100   6.943E-01
   27.200   6.852E-01
   27.300   6.762E-01
   27.400   6.674E-01
   27.500   6.588E-01
   27.600   6.504E-01
   27.700   6.422E-01
   27.800   6.341E-01
   27.900   6.262E-01
   28.000   6.185E-01
   28.100   6.109E-01
   28.200   6.035E-01
   28.300   5.962E-01
   28.400   5.891E-01
   28.500   5.821E-01
   28.600   5.752E-01
   28.700   5.685E-01
   28.800   5.619E-01
   28.900   5.555E-01
   29.000   5.491E-01
   29.100   5.429E-01
   29.200   5.368E-01
   29.300   5.308E-01
   29.400   5.249E-01
   29.500   5.191E-01
   29.600   5.134E-01
   29.700   5.079E-01
   29.800   5.024E-01
   29.900   4.970E-01
   30.000   4.917E-01
 
 Z=  72 A= 178  D1M-QRPA
   E[MeV]   fQRPA[mb/MeV]
    0.100   2.164E-04
    0.200   8.679E-04
    0.300   1.962E-03
    0.400   3.511E-03
    0.500   5.531E-03
    0.600   8.046E-03
    0.700   1.108E-02
    0.800   1.467E-02
    0.900   1.885E-02
    1.000   2.365E-02
    1.100   2.912E-02
    1.200   3.529E-02
    1.300   4.218E-02
    1.400   4.982E-02
    1.500   5.820E-02
    1.600   6.728E-02
    1.700   7.702E-02
    1.800   8.732E-02
    1.900   9.809E-02
    2.000   1.092E-01
    2.100   1.206E-01
    2.200   1.321E-01
    2.300   1.436E-01
    2.400   1.552E-01
    2.500   1.666E-01
    2.600   1.780E-01
    2.700   1.892E-01
    2.800   2.003E-01
    2.900   2.112E-01
    3.000   2.221E-01
    3.100   2.328E-01
    3.200   2.435E-01
    3.300   2.543E-01
    3.400   2.652E-01
    3.500   2.764E-01
    3.600   2.881E-01
    3.700   3.003E-01
    3.800   3.133E-01
    3.900   3.271E-01
    4.000   3.420E-01
    4.100   3.581E-01
    4.200   3.754E-01
    4.300   3.942E-01
    4.400   4.145E-01
    4.500   4.366E-01
    4.600   4.605E-01
    4.700   4.864E-01
    4.800   5.144E-01
    4.900   5.446E-01
    5.000   5.770E-01
    5.100   6.115E-01
    5.200   6.482E-01
    5.300   6.869E-01
    5.400   7.275E-01
    5.500   7.699E-01
    5.600   8.140E-01
    5.700   8.598E-01
    5.800   9.071E-01
    5.900   9.561E-01
    6.000   1.007E+00
    6.100   1.059E+00
    6.200   1.113E+00
    6.300   1.170E+00
    6.400   1.228E+00
    6.500   1.289E+00
    6.600   1.353E+00
    6.700   1.419E+00
    6.800   1.488E+00
    6.900   1.561E+00
    7.000   1.637E+00
    7.100   1.717E+00
    7.200   1.801E+00
    7.300   1.890E+00
    7.400   1.983E+00
    7.500   2.080E+00
    7.600   2.183E+00
    7.700   2.291E+00
    7.800   2.404E+00
    7.900   2.522E+00
    8.000   2.648E+00
    8.100   2.779E+00
    8.200   2.918E+00
    8.300   3.064E+00
    8.400   3.217E+00
    8.500   3.379E+00
    8.600   3.549E+00
    8.700   3.728E+00
    8.800   3.915E+00
    8.900   4.111E+00
    9.000   4.315E+00
    9.100   4.525E+00
    9.200   4.742E+00
    9.300   4.966E+00
    9.400   5.195E+00
    9.500   5.433E+00
    9.600   5.681E+00
    9.700   5.943E+00
    9.800   6.222E+00
    9.900   6.523E+00
   10.000   6.851E+00
   10.100   7.208E+00
   10.200   7.600E+00
   10.300   8.029E+00
   10.400   8.500E+00
   10.500   9.015E+00
   10.600   9.580E+00
   10.700   1.020E+01
   10.800   1.088E+01
   10.900   1.162E+01
   11.000   1.243E+01
   11.100   1.332E+01
   11.200   1.427E+01
   11.300   1.530E+01
   11.400   1.638E+01
   11.500   1.750E+01
   11.600   1.865E+01
   11.700   1.978E+01
   11.800   2.086E+01
   11.900   2.187E+01
   12.000   2.275E+01
   12.100   2.349E+01
   12.200   2.406E+01
   12.300   2.447E+01
   12.400   2.474E+01
   12.500   2.488E+01
   12.600   2.493E+01
   12.700   2.492E+01
   12.800   2.489E+01
   12.900   2.487E+01
   13.000   2.487E+01
   13.100   2.489E+01
   13.200   2.496E+01
   13.300   2.506E+01
   13.400   2.518E+01
   13.500   2.531E+01
   13.600   2.543E+01
   13.700   2.552E+01
   13.800   2.558E+01
   13.900   2.559E+01
   14.000   2.556E+01
   14.100   2.547E+01
   14.200   2.533E+01
   14.300   2.516E+01
   14.400   2.496E+01
   14.500   2.474E+01
   14.600   2.452E+01
   14.700   2.430E+01
   14.800   2.410E+01
   14.900   2.390E+01
   15.000   2.371E+01
   15.100   2.352E+01
   15.200   2.331E+01
   15.300   2.307E+01
   15.400   2.280E+01
   15.500   2.247E+01
   15.600   2.209E+01
   15.700   2.165E+01
   15.800   2.115E+01
   15.900   2.061E+01
   16.000   2.003E+01
   16.100   1.942E+01
   16.200   1.879E+01
   16.300   1.817E+01
   16.400   1.754E+01
   16.500   1.692E+01
   16.600   1.631E+01
   16.700   1.570E+01
   16.800   1.510E+01
   16.900   1.451E+01
   17.000   1.393E+01
   17.100   1.335E+01
   17.200   1.278E+01
   17.300   1.223E+01
   17.400   1.168E+01
   17.500   1.115E+01
   17.600   1.064E+01
   17.700   1.014E+01
   17.800   9.661E+00
   17.900   9.195E+00
   18.000   8.746E+00
   18.100   8.313E+00
   18.200   7.896E+00
   18.300   7.497E+00
   18.400   7.115E+00
   18.500   6.751E+00
   18.600   6.405E+00
   18.700   6.077E+00
   18.800   5.769E+00
   18.900   5.479E+00
   19.000   5.208E+00
   19.100   4.955E+00
   19.200   4.720E+00
   19.300   4.501E+00
   19.400   4.297E+00
   19.500   4.108E+00
   19.600   3.932E+00
   19.700   3.768E+00
   19.800   3.615E+00
   19.900   3.473E+00
   20.000   3.340E+00
   20.100   3.215E+00
   20.200   3.099E+00
   20.300   2.989E+00
   20.400   2.886E+00
   20.500   2.790E+00
   20.600   2.698E+00
   20.700   2.612E+00
   20.800   2.531E+00
   20.900   2.454E+00
   21.000   2.380E+00
   21.100   2.311E+00
   21.200   2.245E+00
   21.300   2.182E+00
   21.400   2.123E+00
   21.500   2.066E+00
   21.600   2.012E+00
   21.700   1.960E+00
   21.800   1.910E+00
   21.900   1.863E+00
   22.000   1.817E+00
   22.100   1.773E+00
   22.200   1.732E+00
   22.300   1.692E+00
   22.400   1.653E+00
   22.500   1.616E+00
   22.600   1.580E+00
   22.700   1.546E+00
   22.800   1.513E+00
   22.900   1.481E+00
   23.000   1.450E+00
   23.100   1.421E+00
   23.200   1.392E+00
   23.300   1.364E+00
   23.400   1.337E+00
   23.500   1.312E+00
   23.600   1.286E+00
   23.700   1.262E+00
   23.800   1.239E+00
   23.900   1.216E+00
   24.000   1.194E+00
   24.100   1.173E+00
   24.200   1.152E+00
   24.300   1.132E+00
   24.400   1.112E+00
   24.500   1.093E+00
   24.600   1.075E+00
   24.700   1.057E+00
   24.800   1.040E+00
   24.900   1.023E+00
   25.000   1.006E+00
   25.100   9.900E-01
   25.200   9.744E-01
   25.300   9.592E-01
   25.400   9.444E-01
   25.500   9.300E-01
   25.600   9.159E-01
   25.700   9.022E-01
   25.800   8.888E-01
   25.900   8.758E-01
   26.000   8.631E-01
   26.100   8.506E-01
   26.200   8.385E-01
   26.300   8.267E-01
   26.400   8.151E-01
   26.500   8.038E-01
   26.600   7.928E-01
   26.700   7.820E-01
   26.800   7.714E-01
   26.900   7.611E-01
   27.000   7.510E-01
   27.100   7.412E-01
   27.200   7.315E-01
   27.300   7.221E-01
   27.400   7.128E-01
   27.500   7.038E-01
   27.600   6.949E-01
   27.700   6.862E-01
   27.800   6.777E-01
   27.900   6.694E-01
   28.000   6.613E-01
   28.100   6.533E-01
   28.200   6.454E-01
   28.300   6.377E-01
   28.400   6.302E-01
   28.500   6.228E-01
   28.600   6.156E-01
   28.700   6.085E-01
   28.800   6.015E-01
   28.900   5.946E-01
   29.000   5.879E-01
   29.100   5.813E-01
   29.200   5.749E-01
   29.300   5.685E-01
   29.400   5.623E-01
   29.500   5.561E-01
   29.600   5.501E-01
   29.700   5.442E-01
   29.800   5.384E-01
   29.900   5.327E-01
   30.000   5.271E-01
 
 Z=  72 A= 179  D1M-QRPA-Inter
 E[MeV]  fQRPA[mb/MeV]
    0.100   2.796E-04
    0.200   1.122E-03
    0.300   2.535E-03
    0.400   4.536E-03
    0.500   7.144E-03
    0.600   1.039E-02
    0.700   1.430E-02
    0.800   1.891E-02
    0.900   2.427E-02
    1.000   3.041E-02
    1.100   3.736E-02
    1.200   4.515E-02
    1.300   5.379E-02
    1.400   6.328E-02
    1.500   7.358E-02
    1.600   8.462E-02
    1.700   9.631E-02
    1.800   1.085E-01
    1.900   1.211E-01
    2.000   1.340E-01
    2.100   1.469E-01
    2.200   1.599E-01
    2.300   1.727E-01
    2.400   1.854E-01
    2.500   1.978E-01
    2.600   2.101E-01
    2.700   2.222E-01
    2.800   2.341E-01
    2.900   2.460E-01
    3.000   2.578E-01
    3.100   2.696E-01
    3.200   2.816E-01
    3.300   2.937E-01
    3.400   3.061E-01
    3.500   3.188E-01
    3.600   3.321E-01
    3.700   3.460E-01
    3.800   3.606E-01
    3.900   3.763E-01
    4.000   3.929E-01
    4.100   4.108E-01
    4.200   4.301E-01
    4.300   4.509E-01
    4.400   4.734E-01
    4.500   4.977E-01
    4.600   5.240E-01
    4.700   5.523E-01
    4.800   5.830E-01
    4.900   6.159E-01
    5.000   6.513E-01
    5.100   6.890E-01
    5.200   7.292E-01
    5.300   7.717E-01
    5.400   8.165E-01
    5.500   8.634E-01
    5.600   9.124E-01
    5.700   9.632E-01
    5.800   1.016E+00
    5.900   1.070E+00
    6.000   1.127E+00
    6.100   1.185E+00
    6.200   1.244E+00
    6.300   1.306E+00
    6.400   1.370E+00
    6.500   1.436E+00
    6.600   1.505E+00
    6.700   1.576E+00
    6.800   1.649E+00
    6.900   1.726E+00
    7.000   1.806E+00
    7.100   1.890E+00
    7.200   1.978E+00
    7.300   2.070E+00
    7.400   2.167E+00
    7.500   2.268E+00
    7.600   2.375E+00
    7.700   2.487E+00
    7.800   2.605E+00
    7.900   2.730E+00
    8.000   2.861E+00
    8.100   2.999E+00
    8.200   3.145E+00
    8.300   3.299E+00
    8.400   3.461E+00
    8.500   3.633E+00
    8.600   3.813E+00
    8.700   4.004E+00
    8.800   4.203E+00
    8.900   4.413E+00
    9.000   4.631E+00
    9.100   4.858E+00
    9.200   5.092E+00
    9.300   5.335E+00
    9.400   5.585E+00
    9.500   5.843E+00
    9.600   6.112E+00
    9.700   6.393E+00
    9.800   6.690E+00
    9.900   7.006E+00
   10.000   7.347E+00
   10.100   7.715E+00
   10.200   8.115E+00
   10.300   8.550E+00
   10.400   9.026E+00
   10.500   9.545E+00
   10.600   1.011E+01
   10.700   1.073E+01
   10.800   1.141E+01
   10.900   1.215E+01
   11.000   1.295E+01
   11.100   1.383E+01
   11.200   1.477E+01
   11.300   1.578E+01
   11.400   1.685E+01
   11.500   1.797E+01
   11.600   1.913E+01
   11.700   2.029E+01
   11.800   2.144E+01
   11.900   2.255E+01
   12.000   2.358E+01
   12.100   2.450E+01
   12.200   2.529E+01
   12.300   2.595E+01
   12.400   2.647E+01
   12.500   2.687E+01
   12.600   2.715E+01
   12.700   2.735E+01
   12.800   2.749E+01
   12.900   2.759E+01
   13.000   2.768E+01
   13.100   2.778E+01
   13.200   2.789E+01
   13.300   2.801E+01
   13.400   2.814E+01
   13.500   2.828E+01
   13.600   2.840E+01
   13.700   2.849E+01
   13.800   2.855E+01
   13.900   2.856E+01
   14.000   2.852E+01
   14.100   2.843E+01
   14.200   2.829E+01
   14.300   2.810E+01
   14.400   2.789E+01
   14.500   2.765E+01
   14.600   2.740E+01
   14.700   2.715E+01
   14.800   2.690E+01
   14.900   2.666E+01
   15.000   2.642E+01
   15.100   2.617E+01
   15.200   2.591E+01
   15.300   2.563E+01
   15.400   2.530E+01
   15.500   2.493E+01
   15.600   2.451E+01
   15.700   2.403E+01
   15.800   2.350E+01
   15.900   2.293E+01
   16.000   2.232E+01
   16.100   2.168E+01
   16.200   2.102E+01
   16.300   2.035E+01
   16.400   1.969E+01
   16.500   1.902E+01
   16.600   1.835E+01
   16.700   1.769E+01
   16.800   1.703E+01
   16.900   1.637E+01
   17.000   1.571E+01
   17.100   1.506E+01
   17.200   1.441E+01
   17.300   1.377E+01
   17.400   1.313E+01
   17.500   1.252E+01
   17.600   1.191E+01
   17.700   1.133E+01
   17.800   1.076E+01
   17.900   1.022E+01
   18.000   9.695E+00
   18.100   9.197E+00
   18.200   8.725E+00
   18.300   8.277E+00
   18.400   7.854E+00
   18.500   7.455E+00
   18.600   7.080E+00
   18.700   6.728E+00
   18.800   6.398E+00
   18.900   6.090E+00
   19.000   5.803E+00
   19.100   5.535E+00
   19.200   5.285E+00
   19.300   5.053E+00
   19.400   4.836E+00
   19.500   4.634E+00
   19.600   4.446E+00
   19.700   4.270E+00
   19.800   4.105E+00
   19.900   3.951E+00
   20.000   3.806E+00
   20.100   3.671E+00
   20.200   3.543E+00
   20.300   3.423E+00
   20.400   3.309E+00
   20.500   3.202E+00
   20.600   3.101E+00
   20.700   3.005E+00
   20.800   2.914E+00
   20.900   2.828E+00
   21.000   2.746E+00
   21.100   2.668E+00
   21.200   2.594E+00
   21.300   2.523E+00
   21.400   2.456E+00
   21.500   2.391E+00
   21.600   2.330E+00
   21.700   2.271E+00
   21.800   2.215E+00
   21.900   2.161E+00
   22.000   2.109E+00
   22.100   2.059E+00
   22.200   2.011E+00
   22.300   1.965E+00
   22.400   1.921E+00
   22.500   1.879E+00
   22.600   1.838E+00
   22.700   1.798E+00
   22.800   1.760E+00
   22.900   1.724E+00
   23.000   1.688E+00
   23.100   1.654E+00
   23.200   1.621E+00
   23.300   1.589E+00
   23.400   1.558E+00
   23.500   1.529E+00
   23.600   1.500E+00
   23.700   1.472E+00
   23.800   1.444E+00
   23.900   1.418E+00
   24.000   1.393E+00
   24.100   1.368E+00
   24.200   1.344E+00
   24.300   1.321E+00
   24.400   1.298E+00
   24.500   1.276E+00
   24.600   1.255E+00
   24.700   1.234E+00
   24.800   1.214E+00
   24.900   1.194E+00
   25.000   1.175E+00
   25.100   1.156E+00
   25.200   1.138E+00
   25.300   1.120E+00
   25.400   1.103E+00
   25.500   1.086E+00
   25.600   1.070E+00
   25.700   1.054E+00
   25.800   1.039E+00
   25.900   1.023E+00
   26.000   1.009E+00
   26.100   9.941E-01
   26.200   9.799E-01
   26.300   9.662E-01
   26.400   9.527E-01
   26.500   9.395E-01
   26.600   9.267E-01
   26.700   9.141E-01
   26.800   9.018E-01
   26.900   8.898E-01
   27.000   8.780E-01
   27.100   8.665E-01
   27.200   8.553E-01
   27.300   8.443E-01
   27.400   8.335E-01
   27.500   8.229E-01
   27.600   8.126E-01
   27.700   8.025E-01
   27.800   7.926E-01
   27.900   7.828E-01
   28.000   7.733E-01
   28.100   7.640E-01
   28.200   7.548E-01
   28.300   7.459E-01
   28.400   7.371E-01
   28.500   7.285E-01
   28.600   7.200E-01
   28.700   7.117E-01
   28.800   7.035E-01
   28.900   6.956E-01
   29.000   6.877E-01
   29.100   6.800E-01
   29.200   6.725E-01
   29.300   6.650E-01
   29.400   6.577E-01
   29.500   6.506E-01
   29.600   6.436E-01
   29.700   6.367E-01
   29.800   6.299E-01
   29.900   6.232E-01
   30.000   6.166E-01
 
 Z=  72 A= 180  D1M-QRPA
   E[MeV]   fQRPA[mb/MeV]
    0.100   3.574E-04
    0.200   1.434E-03
    0.300   3.240E-03
    0.400   5.796E-03
    0.500   9.128E-03
    0.600   1.327E-02
    0.700   1.825E-02
    0.800   2.412E-02
    0.900   3.092E-02
    1.000   3.867E-02
    1.100   4.741E-02
    1.200   5.714E-02
    1.300   6.785E-02
    1.400   7.950E-02
    1.500   9.200E-02
    1.600   1.053E-01
    1.700   1.191E-01
    1.800   1.334E-01
    1.900   1.480E-01
    2.000   1.626E-01
    2.100   1.771E-01
    2.200   1.914E-01
    2.300   2.054E-01
    2.400   2.190E-01
    2.500   2.323E-01
    2.600   2.453E-01
    2.700   2.580E-01
    2.800   2.707E-01
    2.900   2.833E-01
    3.000   2.960E-01
    3.100   3.089E-01
    3.200   3.220E-01
    3.300   3.355E-01
    3.400   3.493E-01
    3.500   3.637E-01
    3.600   3.786E-01
    3.700   3.942E-01
    3.800   4.107E-01
    3.900   4.280E-01
    4.000   4.465E-01
    4.100   4.662E-01
    4.200   4.874E-01
    4.300   5.102E-01
    4.400   5.347E-01
    4.500   5.612E-01
    4.600   5.897E-01
    4.700   6.204E-01
    4.800   6.535E-01
    4.900   6.890E-01
    5.000   7.271E-01
    5.100   7.679E-01
    5.200   8.114E-01
    5.300   8.576E-01
    5.400   9.064E-01
    5.500   9.577E-01
    5.600   1.011E+00
    5.700   1.067E+00
    5.800   1.125E+00
    5.900   1.185E+00
    6.000   1.247E+00
    6.100   1.310E+00
    6.200   1.375E+00
    6.300   1.442E+00
    6.400   1.511E+00
    6.500   1.582E+00
    6.600   1.655E+00
    6.700   1.730E+00
    6.800   1.808E+00
    6.900   1.888E+00
    7.000   1.972E+00
    7.100   2.058E+00
    7.200   2.148E+00
    7.300   2.243E+00
    7.400   2.342E+00
    7.500   2.446E+00
    7.600   2.556E+00
    7.700   2.671E+00
    7.800   2.793E+00
    7.900   2.922E+00
    8.000   3.058E+00
    8.100   3.202E+00
    8.200   3.353E+00
    8.300   3.514E+00
    8.400   3.684E+00
    8.500   3.863E+00
    8.600   4.053E+00
    8.700   4.253E+00
    8.800   4.463E+00
    8.900   4.684E+00
    9.000   4.916E+00
    9.100   5.158E+00
    9.200   5.409E+00
    9.300   5.669E+00
    9.400   5.938E+00
    9.500   6.216E+00
    9.600   6.503E+00
    9.700   6.802E+00
    9.800   7.115E+00
    9.900   7.443E+00
   10.000   7.793E+00
   10.100   8.167E+00
   10.200   8.570E+00
   10.300   9.006E+00
   10.400   9.480E+00
   10.500   9.997E+00
   10.600   1.056E+01
   10.700   1.117E+01
   10.800   1.184E+01
   10.900   1.256E+01
   11.000   1.335E+01
   11.100   1.420E+01
   11.200   1.512E+01
   11.300   1.610E+01
   11.400   1.715E+01
   11.500   1.825E+01
   11.600   1.940E+01
   11.700   2.059E+01
   11.800   2.180E+01
   11.900   2.300E+01
   12.000   2.416E+01
   12.100   2.528E+01
   12.200   2.630E+01
   12.300   2.722E+01
   12.400   2.802E+01
   12.500   2.870E+01
   12.600   2.925E+01
   12.700   2.968E+01
   12.800   3.002E+01
   12.900   3.028E+01
   13.000   3.049E+01
   13.100   3.067E+01
   13.200   3.082E+01
   13.300   3.097E+01
   13.400   3.112E+01
   13.500   3.125E+01
   13.600   3.137E+01
   13.700   3.146E+01
   13.800   3.151E+01
   13.900   3.152E+01
   14.000   3.148E+01
   14.100   3.139E+01
   14.200   3.124E+01
   14.300   3.105E+01
   14.400   3.082E+01
   14.500   3.056E+01
   14.600   3.028E+01
   14.700   3.000E+01
   14.800   2.970E+01
   14.900   2.941E+01
   15.000   2.912E+01
   15.100   2.881E+01
   15.200   2.849E+01
   15.300   2.815E+01
   15.400   2.778E+01
   15.500   2.736E+01
   15.600   2.690E+01
   15.700   2.639E+01
   15.800   2.583E+01
   15.900   2.523E+01
   16.000   2.460E+01
   16.100   2.394E+01
   16.200   2.326E+01
   16.300   2.256E+01
   16.400   2.185E+01
   16.500   2.114E+01
   16.600   2.043E+01
   16.700   1.971E+01
   16.800   1.898E+01
   16.900   1.826E+01
   17.000   1.753E+01
   17.100   1.679E+01
   17.200   1.606E+01
   17.300   1.533E+01
   17.400   1.460E+01
   17.500   1.389E+01
   17.600   1.319E+01
   17.700   1.251E+01
   17.800   1.185E+01
   17.900   1.123E+01
   18.000   1.063E+01
   18.100   1.007E+01
   18.200   9.535E+00
   18.300   9.038E+00
   18.400   8.575E+00
   18.500   8.142E+00
   18.600   7.740E+00
   18.700   7.366E+00
   18.800   7.019E+00
   18.900   6.696E+00
   19.000   6.395E+00
   19.100   6.115E+00
   19.200   5.854E+00
   19.300   5.611E+00
   19.400   5.384E+00
   19.500   5.172E+00
   19.600   4.973E+00
   19.700   4.786E+00
   19.800   4.611E+00
   19.900   4.446E+00
   20.000   4.291E+00
   20.100   4.145E+00
   20.200   4.007E+00
   20.300   3.876E+00
   20.400   3.753E+00
   20.500   3.636E+00
   20.600   3.525E+00
   20.700   3.419E+00
   20.800   3.319E+00
   20.900   3.224E+00
   21.000   3.133E+00
   21.100   3.047E+00
   21.200   2.964E+00
   21.300   2.886E+00
   21.400   2.810E+00
   21.500   2.738E+00
   21.600   2.669E+00
   21.700   2.603E+00
   21.800   2.540E+00
   21.900   2.479E+00
   22.000   2.421E+00
   22.100   2.364E+00
   22.200   2.310E+00
   22.300   2.259E+00
   22.400   2.209E+00
   22.500   2.160E+00
   22.600   2.114E+00
   22.700   2.069E+00
   22.800   2.026E+00
   22.900   1.984E+00
   23.000   1.944E+00
   23.100   1.905E+00
   23.200   1.868E+00
   23.300   1.831E+00
   23.400   1.796E+00
   23.500   1.762E+00
   23.600   1.729E+00
   23.700   1.697E+00
   23.800   1.666E+00
   23.900   1.636E+00
   24.000   1.607E+00
   24.100   1.578E+00
   24.200   1.551E+00
   24.300   1.524E+00
   24.400   1.498E+00
   24.500   1.473E+00
   24.600   1.448E+00
   24.700   1.425E+00
   24.800   1.401E+00
   24.900   1.379E+00
   25.000   1.357E+00
   25.100   1.335E+00
   25.200   1.315E+00
   25.300   1.294E+00
   25.400   1.275E+00
   25.500   1.255E+00
   25.600   1.236E+00
   25.700   1.218E+00
   25.800   1.200E+00
   25.900   1.183E+00
   26.000   1.166E+00
   26.100   1.149E+00
   26.200   1.133E+00
   26.300   1.117E+00
   26.400   1.101E+00
   26.500   1.086E+00
   26.600   1.071E+00
   26.700   1.057E+00
   26.800   1.043E+00
   26.900   1.029E+00
   27.000   1.015E+00
   27.100   1.002E+00
   27.200   9.891E-01
   27.300   9.764E-01
   27.400   9.639E-01
   27.500   9.518E-01
   27.600   9.398E-01
   27.700   9.282E-01
   27.800   9.167E-01
   27.900   9.055E-01
   28.000   8.945E-01
   28.100   8.837E-01
   28.200   8.732E-01
   28.300   8.628E-01
   28.400   8.527E-01
   28.500   8.427E-01
   28.600   8.329E-01
   28.700   8.234E-01
   28.800   8.140E-01
   28.900   8.047E-01
   29.000   7.957E-01
   29.100   7.868E-01
   29.200   7.780E-01
   29.300   7.695E-01
   29.400   7.610E-01
   29.500   7.528E-01
   29.600   7.446E-01
   29.700   7.367E-01
   29.800   7.288E-01
   29.900   7.211E-01
   30.000   7.135E-01
 
