 Z=  73 A= 181  D1M-QRPA-Inter
 E[MeV]  fQRPA[mb/MeV]
    0.100   4.756E-04
    0.200   1.908E-03
    0.300   4.314E-03
    0.400   7.720E-03
    0.500   1.216E-02
    0.600   1.769E-02
    0.700   2.434E-02
    0.800   3.216E-02
    0.900   4.119E-02
    1.000   5.146E-02
    1.100   6.296E-02
    1.200   7.565E-02
    1.300   8.945E-02
    1.400   1.042E-01
    1.500   1.197E-01
    1.600   1.358E-01
    1.700   1.521E-01
    1.800   1.684E-01
    1.900   1.843E-01
    2.000   1.998E-01
    2.100   2.146E-01
    2.200   2.286E-01
    2.300   2.419E-01
    2.400   2.545E-01
    2.500   2.665E-01
    2.600   2.780E-01
    2.700   2.891E-01
    2.800   3.000E-01
    2.900   3.108E-01
    3.000   3.216E-01
    3.100   3.324E-01
    3.200   3.435E-01
    3.300   3.548E-01
    3.400   3.664E-01
    3.500   3.786E-01
    3.600   3.913E-01
    3.700   4.048E-01
    3.800   4.192E-01
    3.900   4.345E-01
    4.000   4.510E-01
    4.100   4.687E-01
    4.200   4.879E-01
    4.300   5.087E-01
    4.400   5.312E-01
    4.500   5.556E-01
    4.600   5.820E-01
    4.700   6.105E-01
    4.800   6.413E-01
    4.900   6.745E-01
    5.000   7.103E-01
    5.100   7.487E-01
    5.200   7.899E-01
    5.300   8.339E-01
    5.400   8.807E-01
    5.500   9.305E-01
    5.600   9.830E-01
    5.700   1.038E+00
    5.800   1.096E+00
    5.900   1.156E+00
    6.000   1.219E+00
    6.100   1.284E+00
    6.200   1.351E+00
    6.300   1.420E+00
    6.400   1.491E+00
    6.500   1.563E+00
    6.600   1.638E+00
    6.700   1.714E+00
    6.800   1.793E+00
    6.900   1.874E+00
    7.000   1.957E+00
    7.100   2.044E+00
    7.200   2.134E+00
    7.300   2.228E+00
    7.400   2.327E+00
    7.500   2.431E+00
    7.600   2.540E+00
    7.700   2.655E+00
    7.800   2.777E+00
    7.900   2.906E+00
    8.000   3.042E+00
    8.100   3.186E+00
    8.200   3.338E+00
    8.300   3.499E+00
    8.400   3.670E+00
    8.500   3.850E+00
    8.600   4.041E+00
    8.700   4.242E+00
    8.800   4.454E+00
    8.900   4.676E+00
    9.000   4.910E+00
    9.100   5.153E+00
    9.200   5.406E+00
    9.300   5.669E+00
    9.400   5.941E+00
    9.500   6.222E+00
    9.600   6.513E+00
    9.700   6.817E+00
    9.800   7.134E+00
    9.900   7.468E+00
   10.000   7.821E+00
   10.100   8.199E+00
   10.200   8.605E+00
   10.300   9.042E+00
   10.400   9.515E+00
   10.500   1.003E+01
   10.600   1.059E+01
   10.700   1.119E+01
   10.800   1.185E+01
   10.900   1.256E+01
   11.000   1.333E+01
   11.100   1.417E+01
   11.200   1.508E+01
   11.300   1.605E+01
   11.400   1.709E+01
   11.500   1.820E+01
   11.600   1.936E+01
   11.700   2.057E+01
   11.800   2.180E+01
   11.900   2.304E+01
   12.000   2.426E+01
   12.100   2.542E+01
   12.200   2.652E+01
   12.300   2.751E+01
   12.400   2.839E+01
   12.500   2.913E+01
   12.600   2.975E+01
   12.700   3.025E+01
   12.800   3.064E+01
   12.900   3.095E+01
   13.000   3.119E+01
   13.100   3.139E+01
   13.200   3.156E+01
   13.300   3.171E+01
   13.400   3.185E+01
   13.500   3.198E+01
   13.600   3.208E+01
   13.700   3.216E+01
   13.800   3.219E+01
   13.900   3.218E+01
   14.000   3.211E+01
   14.100   3.199E+01
   14.200   3.182E+01
   14.300   3.161E+01
   14.400   3.136E+01
   14.500   3.108E+01
   14.600   3.079E+01
   14.700   3.049E+01
   14.800   3.019E+01
   14.900   2.989E+01
   15.000   2.960E+01
   15.100   2.930E+01
   15.200   2.899E+01
   15.300   2.865E+01
   15.400   2.829E+01
   15.500   2.787E+01
   15.600   2.741E+01
   15.700   2.689E+01
   15.800   2.631E+01
   15.900   2.568E+01
   16.000   2.501E+01
   16.100   2.430E+01
   16.200   2.356E+01
   16.300   2.281E+01
   16.400   2.205E+01
   16.500   2.128E+01
   16.600   2.052E+01
   16.700   1.976E+01
   16.800   1.900E+01
   16.900   1.824E+01
   17.000   1.749E+01
   17.100   1.673E+01
   17.200   1.599E+01
   17.300   1.524E+01
   17.400   1.451E+01
   17.500   1.379E+01
   17.600   1.309E+01
   17.700   1.241E+01
   17.800   1.176E+01
   17.900   1.114E+01
   18.000   1.055E+01
   18.100   9.994E+00
   18.200   9.471E+00
   18.300   8.981E+00
   18.400   8.524E+00
   18.500   8.099E+00
   18.600   7.703E+00
   18.700   7.335E+00
   18.800   6.992E+00
   18.900   6.674E+00
   19.000   6.378E+00
   19.100   6.102E+00
   19.200   5.844E+00
   19.300   5.604E+00
   19.400   5.380E+00
   19.500   5.169E+00
   19.600   4.973E+00
   19.700   4.788E+00
   19.800   4.614E+00
   19.900   4.451E+00
   20.000   4.297E+00
   20.100   4.152E+00
   20.200   4.015E+00
   20.300   3.885E+00
   20.400   3.763E+00
   20.500   3.646E+00
   20.600   3.536E+00
   20.700   3.431E+00
   20.800   3.331E+00
   20.900   3.236E+00
   21.000   3.146E+00
   21.100   3.060E+00
   21.200   2.977E+00
   21.300   2.899E+00
   21.400   2.824E+00
   21.500   2.752E+00
   21.600   2.683E+00
   21.700   2.617E+00
   21.800   2.553E+00
   21.900   2.493E+00
   22.000   2.434E+00
   22.100   2.378E+00
   22.200   2.324E+00
   22.300   2.272E+00
   22.400   2.222E+00
   22.500   2.174E+00
   22.600   2.127E+00
   22.700   2.083E+00
   22.800   2.039E+00
   22.900   1.998E+00
   23.000   1.957E+00
   23.100   1.918E+00
   23.200   1.880E+00
   23.300   1.844E+00
   23.400   1.809E+00
   23.500   1.774E+00
   23.600   1.741E+00
   23.700   1.709E+00
   23.800   1.678E+00
   23.900   1.648E+00
   24.000   1.619E+00
   24.100   1.590E+00
   24.200   1.563E+00
   24.300   1.536E+00
   24.400   1.510E+00
   24.500   1.484E+00
   24.600   1.460E+00
   24.700   1.436E+00
   24.800   1.412E+00
   24.900   1.390E+00
   25.000   1.368E+00
   25.100   1.346E+00
   25.200   1.325E+00
   25.300   1.305E+00
   25.400   1.285E+00
   25.500   1.265E+00
   25.600   1.247E+00
   25.700   1.228E+00
   25.800   1.210E+00
   25.900   1.192E+00
   26.000   1.175E+00
   26.100   1.159E+00
   26.200   1.142E+00
   26.300   1.126E+00
   26.400   1.111E+00
   26.500   1.095E+00
   26.600   1.080E+00
   26.700   1.066E+00
   26.800   1.052E+00
   26.900   1.038E+00
   27.000   1.024E+00
   27.100   1.011E+00
   27.200   9.976E-01
   27.300   9.848E-01
   27.400   9.723E-01
   27.500   9.600E-01
   27.600   9.480E-01
   27.700   9.363E-01
   27.800   9.247E-01
   27.900   9.134E-01
   28.000   9.024E-01
   28.100   8.915E-01
   28.200   8.809E-01
   28.300   8.705E-01
   28.400   8.602E-01
   28.500   8.502E-01
   28.600   8.404E-01
   28.700   8.307E-01
   28.800   8.212E-01
   28.900   8.119E-01
   29.000   8.028E-01
   29.100   7.938E-01
   29.200   7.850E-01
   29.300   7.764E-01
   29.400   7.679E-01
   29.500   7.596E-01
   29.600   7.514E-01
   29.700   7.433E-01
   29.800   7.354E-01
   29.900   7.277E-01
   30.000   7.200E-01
 
