 Z=  76 A= 186  D1M-QRPA
   E[MeV]   fQRPA[mb/MeV]
    0.100   5.573E-04
    0.200   2.235E-03
    0.300   5.048E-03
    0.400   9.024E-03
    0.500   1.420E-02
    0.600   2.060E-02
    0.700   2.829E-02
    0.800   3.730E-02
    0.900   4.765E-02
    1.000   5.937E-02
    1.100   7.245E-02
    1.200   8.683E-02
    1.300   1.024E-01
    1.400   1.191E-01
    1.500   1.367E-01
    1.600   1.549E-01
    1.700   1.735E-01
    1.800   1.921E-01
    1.900   2.104E-01
    2.000   2.282E-01
    2.100   2.452E-01
    2.200   2.613E-01
    2.300   2.763E-01
    2.400   2.903E-01
    2.500   3.032E-01
    2.600   3.152E-01
    2.700   3.263E-01
    2.800   3.367E-01
    2.900   3.465E-01
    3.000   3.560E-01
    3.100   3.651E-01
    3.200   3.741E-01
    3.300   3.831E-01
    3.400   3.923E-01
    3.500   4.017E-01
    3.600   4.116E-01
    3.700   4.221E-01
    3.800   4.333E-01
    3.900   4.453E-01
    4.000   4.584E-01
    4.100   4.725E-01
    4.200   4.879E-01
    4.300   5.046E-01
    4.400   5.228E-01
    4.500   5.425E-01
    4.600   5.639E-01
    4.700   5.870E-01
    4.800   6.119E-01
    4.900   6.388E-01
    5.000   6.678E-01
    5.100   6.989E-01
    5.200   7.322E-01
    5.300   7.679E-01
    5.400   8.060E-01
    5.500   8.468E-01
    5.600   8.902E-01
    5.700   9.364E-01
    5.800   9.854E-01
    5.900   1.037E+00
    6.000   1.092E+00
    6.100   1.150E+00
    6.200   1.211E+00
    6.300   1.275E+00
    6.400   1.341E+00
    6.500   1.411E+00
    6.600   1.483E+00
    6.700   1.558E+00
    6.800   1.635E+00
    6.900   1.715E+00
    7.000   1.798E+00
    7.100   1.883E+00
    7.200   1.971E+00
    7.300   2.063E+00
    7.400   2.158E+00
    7.500   2.257E+00
    7.600   2.360E+00
    7.700   2.468E+00
    7.800   2.581E+00
    7.900   2.700E+00
    8.000   2.825E+00
    8.100   2.958E+00
    8.200   3.098E+00
    8.300   3.246E+00
    8.400   3.403E+00
    8.500   3.569E+00
    8.600   3.745E+00
    8.700   3.931E+00
    8.800   4.128E+00
    8.900   4.335E+00
    9.000   4.554E+00
    9.100   4.784E+00
    9.200   5.025E+00
    9.300   5.278E+00
    9.400   5.542E+00
    9.500   5.818E+00
    9.600   6.105E+00
    9.700   6.406E+00
    9.800   6.720E+00
    9.900   7.050E+00
   10.000   7.396E+00
   10.100   7.762E+00
   10.200   8.150E+00
   10.300   8.562E+00
   10.400   9.001E+00
   10.500   9.471E+00
   10.600   9.974E+00
   10.700   1.051E+01
   10.800   1.110E+01
   10.900   1.172E+01
   11.000   1.240E+01
   11.100   1.313E+01
   11.200   1.391E+01
   11.300   1.475E+01
   11.400   1.565E+01
   11.500   1.661E+01
   11.600   1.762E+01
   11.700   1.867E+01
   11.800   1.977E+01
   11.900   2.089E+01
   12.000   2.202E+01
   12.100   2.315E+01
   12.200   2.424E+01
   12.300   2.529E+01
   12.400   2.628E+01
   12.500   2.718E+01
   12.600   2.800E+01
   12.700   2.872E+01
   12.800   2.934E+01
   12.900   2.986E+01
   13.000   3.029E+01
   13.100   3.063E+01
   13.200   3.089E+01
   13.300   3.107E+01
   13.400   3.118E+01
   13.500   3.123E+01
   13.600   3.121E+01
   13.700   3.114E+01
   13.800   3.101E+01
   13.900   3.083E+01
   14.000   3.062E+01
   14.100   3.037E+01
   14.200   3.010E+01
   14.300   2.980E+01
   14.400   2.950E+01
   14.500   2.918E+01
   14.600   2.886E+01
   14.700   2.852E+01
   14.800   2.816E+01
   14.900   2.778E+01
   15.000   2.737E+01
   15.100   2.692E+01
   15.200   2.642E+01
   15.300   2.587E+01
   15.400   2.527E+01
   15.500   2.463E+01
   15.600   2.394E+01
   15.700   2.321E+01
   15.800   2.245E+01
   15.900   2.167E+01
   16.000   2.087E+01
   16.100   2.007E+01
   16.200   1.925E+01
   16.300   1.844E+01
   16.400   1.763E+01
   16.500   1.683E+01
   16.600   1.604E+01
   16.700   1.527E+01
   16.800   1.451E+01
   16.900   1.379E+01
   17.000   1.309E+01
   17.100   1.242E+01
   17.200   1.179E+01
   17.300   1.119E+01
   17.400   1.062E+01
   17.500   1.009E+01
   17.600   9.588E+00
   17.700   9.121E+00
   17.800   8.684E+00
   17.900   8.275E+00
   18.000   7.894E+00
   18.100   7.537E+00
   18.200   7.205E+00
   18.300   6.893E+00
   18.400   6.602E+00
   18.500   6.330E+00
   18.600   6.074E+00
   18.700   5.835E+00
   18.800   5.610E+00
   18.900   5.399E+00
   19.000   5.200E+00
   19.100   5.012E+00
   19.200   4.836E+00
   19.300   4.669E+00
   19.400   4.511E+00
   19.500   4.362E+00
   19.600   4.221E+00
   19.700   4.087E+00
   19.800   3.960E+00
   19.900   3.839E+00
   20.000   3.724E+00
   20.100   3.615E+00
   20.200   3.511E+00
   20.300   3.412E+00
   20.400   3.317E+00
   20.500   3.227E+00
   20.600   3.140E+00
   20.700   3.057E+00
   20.800   2.978E+00
   20.900   2.903E+00
   21.000   2.830E+00
   21.100   2.760E+00
   21.200   2.693E+00
   21.300   2.629E+00
   21.400   2.567E+00
   21.500   2.508E+00
   21.600   2.451E+00
   21.700   2.396E+00
   21.800   2.343E+00
   21.900   2.291E+00
   22.000   2.242E+00
   22.100   2.195E+00
   22.200   2.149E+00
   22.300   2.104E+00
   22.400   2.061E+00
   22.500   2.020E+00
   22.600   1.980E+00
   22.700   1.941E+00
   22.800   1.904E+00
   22.900   1.867E+00
   23.000   1.832E+00
   23.100   1.798E+00
   23.200   1.765E+00
   23.300   1.733E+00
   23.400   1.702E+00
   23.500   1.671E+00
   23.600   1.642E+00
   23.700   1.613E+00
   23.800   1.586E+00
   23.900   1.559E+00
   24.000   1.533E+00
   24.100   1.507E+00
   24.200   1.482E+00
   24.300   1.458E+00
   24.400   1.435E+00
   24.500   1.412E+00
   24.600   1.390E+00
   24.700   1.368E+00
   24.800   1.347E+00
   24.900   1.326E+00
   25.000   1.306E+00
   25.100   1.287E+00
   25.200   1.267E+00
   25.300   1.249E+00
   25.400   1.231E+00
   25.500   1.213E+00
   25.600   1.195E+00
   25.700   1.178E+00
   25.800   1.162E+00
   25.900   1.146E+00
   26.000   1.130E+00
   26.100   1.114E+00
   26.200   1.099E+00
   26.300   1.085E+00
   26.400   1.070E+00
   26.500   1.056E+00
   26.600   1.042E+00
   26.700   1.029E+00
   26.800   1.015E+00
   26.900   1.002E+00
   27.000   9.896E-01
   27.100   9.771E-01
   27.200   9.649E-01
   27.300   9.530E-01
   27.400   9.413E-01
   27.500   9.298E-01
   27.600   9.185E-01
   27.700   9.075E-01
   27.800   8.967E-01
   27.900   8.861E-01
   28.000   8.757E-01
   28.100   8.655E-01
   28.200   8.555E-01
   28.300   8.456E-01
   28.400   8.360E-01
   28.500   8.265E-01
   28.600   8.173E-01
   28.700   8.081E-01
   28.800   7.992E-01
   28.900   7.904E-01
   29.000   7.817E-01
   29.100   7.732E-01
   29.200   7.649E-01
   29.300   7.567E-01
   29.400   7.487E-01
   29.500   7.408E-01
   29.600   7.330E-01
   29.700   7.253E-01
   29.800   7.178E-01
   29.900   7.104E-01
   30.000   7.032E-01
 
 Z=  76 A= 187  D1M-QRPA-Inter
 E[MeV]  fQRPA[mb/MeV]
    0.100   5.183E-04
    0.200   2.078E-03
    0.300   4.691E-03
    0.400   8.381E-03
    0.500   1.317E-02
    0.600   1.911E-02
    0.700   2.621E-02
    0.800   3.452E-02
    0.900   4.408E-02
    1.000   5.489E-02
    1.100   6.696E-02
    1.200   8.026E-02
    1.300   9.473E-02
    1.400   1.103E-01
    1.500   1.268E-01
    1.600   1.440E-01
    1.700   1.618E-01
    1.800   1.799E-01
    1.900   1.980E-01
    2.000   2.160E-01
    2.100   2.335E-01
    2.200   2.505E-01
    2.300   2.669E-01
    2.400   2.825E-01
    2.500   2.974E-01
    2.600   3.116E-01
    2.700   3.252E-01
    2.800   3.382E-01
    2.900   3.508E-01
    3.000   3.631E-01
    3.100   3.751E-01
    3.200   3.870E-01
    3.300   3.990E-01
    3.400   4.112E-01
    3.500   4.237E-01
    3.600   4.367E-01
    3.700   4.503E-01
    3.800   4.647E-01
    3.900   4.800E-01
    4.000   4.964E-01
    4.100   5.139E-01
    4.200   5.328E-01
    4.300   5.531E-01
    4.400   5.750E-01
    4.500   5.985E-01
    4.600   6.238E-01
    4.700   6.509E-01
    4.800   6.801E-01
    4.900   7.113E-01
    5.000   7.447E-01
    5.100   7.804E-01
    5.200   8.185E-01
    5.300   8.592E-01
    5.400   9.025E-01
    5.500   9.485E-01
    5.600   9.975E-01
    5.700   1.049E+00
    5.800   1.104E+00
    5.900   1.162E+00
    6.000   1.224E+00
    6.100   1.288E+00
    6.200   1.356E+00
    6.300   1.426E+00
    6.400   1.500E+00
    6.500   1.577E+00
    6.600   1.658E+00
    6.700   1.741E+00
    6.800   1.827E+00
    6.900   1.917E+00
    7.000   2.009E+00
    7.100   2.105E+00
    7.200   2.204E+00
    7.300   2.307E+00
    7.400   2.413E+00
    7.500   2.524E+00
    7.600   2.639E+00
    7.700   2.760E+00
    7.800   2.887E+00
    7.900   3.020E+00
    8.000   3.160E+00
    8.100   3.309E+00
    8.200   3.466E+00
    8.300   3.631E+00
    8.400   3.807E+00
    8.500   3.993E+00
    8.600   4.189E+00
    8.700   4.397E+00
    8.800   4.616E+00
    8.900   4.847E+00
    9.000   5.091E+00
    9.100   5.347E+00
    9.200   5.615E+00
    9.300   5.896E+00
    9.400   6.190E+00
    9.500   6.497E+00
    9.600   6.817E+00
    9.700   7.153E+00
    9.800   7.504E+00
    9.900   7.872E+00
   10.000   8.260E+00
   10.100   8.670E+00
   10.200   9.104E+00
   10.300   9.565E+00
   10.400   1.006E+01
   10.500   1.058E+01
   10.600   1.115E+01
   10.700   1.175E+01
   10.800   1.240E+01
   10.900   1.310E+01
   11.000   1.385E+01
   11.100   1.466E+01
   11.200   1.553E+01
   11.300   1.645E+01
   11.400   1.743E+01
   11.500   1.847E+01
   11.600   1.956E+01
   11.700   2.070E+01
   11.800   2.187E+01
   11.900   2.306E+01
   12.000   2.426E+01
   12.100   2.544E+01
   12.200   2.659E+01
   12.300   2.769E+01
   12.400   2.872E+01
   12.500   2.966E+01
   12.600   3.051E+01
   12.700   3.126E+01
   12.800   3.191E+01
   12.900   3.245E+01
   13.000   3.289E+01
   13.100   3.323E+01
   13.200   3.348E+01
   13.300   3.365E+01
   13.400   3.373E+01
   13.500   3.374E+01
   13.600   3.368E+01
   13.700   3.356E+01
   13.800   3.338E+01
   13.900   3.316E+01
   14.000   3.289E+01
   14.100   3.259E+01
   14.200   3.227E+01
   14.300   3.193E+01
   14.400   3.158E+01
   14.500   3.121E+01
   14.600   3.082E+01
   14.700   3.042E+01
   14.800   3.000E+01
   14.900   2.954E+01
   15.000   2.905E+01
   15.100   2.852E+01
   15.200   2.794E+01
   15.300   2.731E+01
   15.400   2.663E+01
   15.500   2.592E+01
   15.600   2.515E+01
   15.700   2.436E+01
   15.800   2.354E+01
   15.900   2.269E+01
   16.000   2.183E+01
   16.100   2.097E+01
   16.200   2.010E+01
   16.300   1.923E+01
   16.400   1.837E+01
   16.500   1.752E+01
   16.600   1.670E+01
   16.700   1.589E+01
   16.800   1.511E+01
   16.900   1.437E+01
   17.000   1.365E+01
   17.100   1.297E+01
   17.200   1.232E+01
   17.300   1.172E+01
   17.400   1.114E+01
   17.500   1.060E+01
   17.600   1.010E+01
   17.700   9.624E+00
   17.800   9.181E+00
   17.900   8.766E+00
   18.000   8.378E+00
   18.100   8.014E+00
   18.200   7.674E+00
   18.300   7.356E+00
   18.400   7.057E+00
   18.500   6.776E+00
   18.600   6.513E+00
   18.700   6.265E+00
   18.800   6.032E+00
   18.900   5.813E+00
   19.000   5.606E+00
   19.100   5.410E+00
   19.200   5.226E+00
   19.300   5.051E+00
   19.400   4.885E+00
   19.500   4.729E+00
   19.600   4.580E+00
   19.700   4.439E+00
   19.800   4.304E+00
   19.900   4.177E+00
   20.000   4.055E+00
   20.100   3.939E+00
   20.200   3.828E+00
   20.300   3.723E+00
   20.400   3.622E+00
   20.500   3.525E+00
   20.600   3.433E+00
   20.700   3.345E+00
   20.800   3.260E+00
   20.900   3.179E+00
   21.000   3.101E+00
   21.100   3.026E+00
   21.200   2.954E+00
   21.300   2.885E+00
   21.400   2.818E+00
   21.500   2.754E+00
   21.600   2.693E+00
   21.700   2.633E+00
   21.800   2.576E+00
   21.900   2.521E+00
   22.000   2.467E+00
   22.100   2.416E+00
   22.200   2.366E+00
   22.300   2.318E+00
   22.400   2.272E+00
   22.500   2.227E+00
   22.600   2.183E+00
   22.700   2.141E+00
   22.800   2.100E+00
   22.900   2.061E+00
   23.000   2.022E+00
   23.100   1.985E+00
   23.200   1.949E+00
   23.300   1.914E+00
   23.400   1.880E+00
   23.500   1.847E+00
   23.600   1.815E+00
   23.700   1.784E+00
   23.800   1.754E+00
   23.900   1.724E+00
   24.000   1.696E+00
   24.100   1.668E+00
   24.200   1.641E+00
   24.300   1.615E+00
   24.400   1.589E+00
   24.500   1.564E+00
   24.600   1.539E+00
   24.700   1.516E+00
   24.800   1.492E+00
   24.900   1.470E+00
   25.000   1.448E+00
   25.100   1.426E+00
   25.200   1.405E+00
   25.300   1.385E+00
   25.400   1.365E+00
   25.500   1.345E+00
   25.600   1.326E+00
   25.700   1.308E+00
   25.800   1.289E+00
   25.900   1.272E+00
   26.000   1.254E+00
   26.100   1.237E+00
   26.200   1.221E+00
   26.300   1.204E+00
   26.400   1.188E+00
   26.500   1.173E+00
   26.600   1.158E+00
   26.700   1.143E+00
   26.800   1.128E+00
   26.900   1.114E+00
   27.000   1.100E+00
   27.100   1.086E+00
   27.200   1.073E+00
   27.300   1.059E+00
   27.400   1.047E+00
   27.500   1.034E+00
   27.600   1.021E+00
   27.700   1.009E+00
   27.800   9.973E-01
   27.900   9.856E-01
   28.000   9.741E-01
   28.100   9.629E-01
   28.200   9.518E-01
   28.300   9.409E-01
   28.400   9.303E-01
   28.500   9.198E-01
   28.600   9.096E-01
   28.700   8.995E-01
   28.800   8.896E-01
   28.900   8.799E-01
   29.000   8.703E-01
   29.100   8.609E-01
   29.200   8.517E-01
   29.300   8.426E-01
   29.400   8.337E-01
   29.500   8.250E-01
   29.600   8.164E-01
   29.700   8.079E-01
   29.800   7.996E-01
   29.900   7.914E-01
   30.000   7.833E-01
 
 Z=  76 A= 188  D1M-QRPA
   E[MeV]   fQRPA[mb/MeV]
    0.100   4.791E-04
    0.200   1.920E-03
    0.300   4.333E-03
    0.400   7.736E-03
    0.500   1.215E-02
    0.600   1.761E-02
    0.700   2.414E-02
    0.800   3.177E-02
    0.900   4.053E-02
    1.000   5.044E-02
    1.100   6.151E-02
    1.200   7.373E-02
    1.300   8.707E-02
    1.400   1.015E-01
    1.500   1.169E-01
    1.600   1.331E-01
    1.700   1.500E-01
    1.800   1.675E-01
    1.900   1.852E-01
    2.000   2.032E-01
    2.100   2.211E-01
    2.200   2.388E-01
    2.300   2.562E-01
    2.400   2.733E-01
    2.500   2.900E-01
    2.600   3.063E-01
    2.700   3.222E-01
    2.800   3.377E-01
    2.900   3.530E-01
    3.000   3.681E-01
    3.100   3.830E-01
    3.200   3.980E-01
    3.300   4.131E-01
    3.400   4.284E-01
    3.500   4.442E-01
    3.600   4.605E-01
    3.700   4.775E-01
    3.800   4.954E-01
    3.900   5.142E-01
    4.000   5.343E-01
    4.100   5.556E-01
    4.200   5.783E-01
    4.300   6.026E-01
    4.400   6.285E-01
    4.500   6.563E-01
    4.600   6.859E-01
    4.700   7.175E-01
    4.800   7.512E-01
    4.900   7.871E-01
    5.000   8.254E-01
    5.100   8.662E-01
    5.200   9.095E-01
    5.300   9.555E-01
    5.400   1.004E+00
    5.500   1.056E+00
    5.600   1.111E+00
    5.700   1.169E+00
    5.800   1.230E+00
    5.900   1.295E+00
    6.000   1.362E+00
    6.100   1.434E+00
    6.200   1.508E+00
    6.300   1.587E+00
    6.400   1.668E+00
    6.500   1.753E+00
    6.600   1.842E+00
    6.700   1.935E+00
    6.800   2.030E+00
    6.900   2.130E+00
    7.000   2.233E+00
    7.100   2.339E+00
    7.200   2.449E+00
    7.300   2.564E+00
    7.400   2.682E+00
    7.500   2.805E+00
    7.600   2.934E+00
    7.700   3.068E+00
    7.800   3.209E+00
    7.900   3.358E+00
    8.000   3.514E+00
    8.100   3.679E+00
    8.200   3.854E+00
    8.300   4.038E+00
    8.400   4.233E+00
    8.500   4.440E+00
    8.600   4.658E+00
    8.700   4.888E+00
    8.800   5.131E+00
    8.900   5.387E+00
    9.000   5.657E+00
    9.100   5.939E+00
    9.200   6.236E+00
    9.300   6.547E+00
    9.400   6.872E+00
    9.500   7.211E+00
    9.600   7.567E+00
    9.700   7.939E+00
    9.800   8.329E+00
    9.900   8.738E+00
   10.000   9.169E+00
   10.100   9.625E+00
   10.200   1.011E+01
   10.300   1.062E+01
   10.400   1.117E+01
   10.500   1.176E+01
   10.600   1.239E+01
   10.700   1.306E+01
   10.800   1.378E+01
   10.900   1.456E+01
   11.000   1.539E+01
   11.100   1.628E+01
   11.200   1.723E+01
   11.300   1.824E+01
   11.400   1.931E+01
   11.500   2.043E+01
   11.600   2.160E+01
   11.700   2.281E+01
   11.800   2.405E+01
   11.900   2.530E+01
   12.000   2.655E+01
   12.100   2.779E+01
   12.200   2.898E+01
   12.300   3.012E+01
   12.400   3.119E+01
   12.500   3.217E+01
   12.600   3.305E+01
   12.700   3.383E+01
   12.800   3.449E+01
   12.900   3.505E+01
   13.000   3.550E+01
   13.100   3.584E+01
   13.200   3.608E+01
   13.300   3.622E+01
   13.400   3.627E+01
   13.500   3.624E+01
   13.600   3.613E+01
   13.700   3.596E+01
   13.800   3.573E+01
   13.900   3.544E+01
   14.000   3.512E+01
   14.100   3.477E+01
   14.200   3.440E+01
   14.300   3.401E+01
   14.400   3.360E+01
   14.500   3.317E+01
   14.600   3.272E+01
   14.700   3.225E+01
   14.800   3.176E+01
   14.900   3.122E+01
   15.000   3.065E+01
   15.100   3.003E+01
   15.200   2.936E+01
   15.300   2.865E+01
   15.400   2.790E+01
   15.500   2.711E+01
   15.600   2.627E+01
   15.700   2.541E+01
   15.800   2.453E+01
   15.900   2.362E+01
   16.000   2.270E+01
   16.100   2.178E+01
   16.200   2.085E+01
   16.300   1.993E+01
   16.400   1.903E+01
   16.500   1.814E+01
   16.600   1.728E+01
   16.700   1.644E+01
   16.800   1.564E+01
   16.900   1.488E+01
   17.000   1.415E+01
   17.100   1.346E+01
   17.200   1.281E+01
   17.300   1.220E+01
   17.400   1.162E+01
   17.500   1.108E+01
   17.600   1.057E+01
   17.700   1.009E+01
   17.800   9.648E+00
   17.900   9.230E+00
   18.000   8.838E+00
   18.100   8.470E+00
   18.200   8.126E+00
   18.300   7.802E+00
   18.400   7.497E+00
   18.500   7.211E+00
   18.600   6.941E+00
   18.700   6.687E+00
   18.800   6.447E+00
   18.900   6.221E+00
   19.000   6.007E+00
   19.100   5.804E+00
   19.200   5.613E+00
   19.300   5.431E+00
   19.400   5.259E+00
   19.500   5.095E+00
   19.600   4.940E+00
   19.700   4.792E+00
   19.800   4.651E+00
   19.900   4.516E+00
   20.000   4.388E+00
   20.100   4.266E+00
   20.200   4.149E+00
   20.300   4.038E+00
   20.400   3.931E+00
   20.500   3.829E+00
   20.600   3.731E+00
   20.700   3.637E+00
   20.800   3.547E+00
   20.900   3.460E+00
   21.000   3.377E+00
   21.100   3.297E+00
   21.200   3.220E+00
   21.300   3.147E+00
   21.400   3.075E+00
   21.500   3.007E+00
   21.600   2.941E+00
   21.700   2.877E+00
   21.800   2.816E+00
   21.900   2.756E+00
   22.000   2.699E+00
   22.100   2.644E+00
   22.200   2.590E+00
   22.300   2.538E+00
   22.400   2.488E+00
   22.500   2.440E+00
   22.600   2.393E+00
   22.700   2.347E+00
   22.800   2.303E+00
   22.900   2.261E+00
   23.000   2.219E+00
   23.100   2.179E+00
   23.200   2.140E+00
   23.300   2.102E+00
   23.400   2.065E+00
   23.500   2.030E+00
   23.600   1.995E+00
   23.700   1.961E+00
   23.800   1.928E+00
   23.900   1.896E+00
   24.000   1.865E+00
   24.100   1.835E+00
   24.200   1.805E+00
   24.300   1.777E+00
   24.400   1.749E+00
   24.500   1.722E+00
   24.600   1.695E+00
   24.700   1.669E+00
   24.800   1.644E+00
   24.900   1.619E+00
   25.000   1.595E+00
   25.100   1.572E+00
   25.200   1.549E+00
   25.300   1.527E+00
   25.400   1.505E+00
   25.500   1.483E+00
   25.600   1.463E+00
   25.700   1.442E+00
   25.800   1.422E+00
   25.900   1.403E+00
   26.000   1.384E+00
   26.100   1.365E+00
   26.200   1.347E+00
   26.300   1.329E+00
   26.400   1.312E+00
   26.500   1.295E+00
   26.600   1.278E+00
   26.700   1.262E+00
   26.800   1.246E+00
   26.900   1.230E+00
   27.000   1.215E+00
   27.100   1.200E+00
   27.200   1.185E+00
   27.300   1.171E+00
   27.400   1.156E+00
   27.500   1.143E+00
   27.600   1.129E+00
   27.700   1.116E+00
   27.800   1.103E+00
   27.900   1.090E+00
   28.000   1.077E+00
   28.100   1.065E+00
   28.200   1.053E+00
   28.300   1.041E+00
   28.400   1.029E+00
   28.500   1.017E+00
   28.600   1.006E+00
   28.700   9.951E-01
   28.800   9.843E-01
   28.900   9.736E-01
   29.000   9.631E-01
   29.100   9.528E-01
   29.200   9.426E-01
   29.300   9.327E-01
   29.400   9.229E-01
   29.500   9.132E-01
   29.600   9.038E-01
   29.700   8.944E-01
   29.800   8.853E-01
   29.900   8.763E-01
   30.000   8.674E-01
 
 Z=  76 A= 189  D1M-QRPA-Inter
 E[MeV]  fQRPA[mb/MeV]
    0.100   4.416E-04
    0.200   1.769E-03
    0.300   3.992E-03
    0.400   7.123E-03
    0.500   1.118E-02
    0.600   1.619E-02
    0.700   2.218E-02
    0.800   2.918E-02
    0.900   3.721E-02
    1.000   4.629E-02
    1.100   5.646E-02
    1.200   6.772E-02
    1.300   8.007E-02
    1.400   9.348E-02
    1.500   1.079E-01
    1.600   1.233E-01
    1.700   1.396E-01
    1.800   1.566E-01
    1.900   1.743E-01
    2.000   1.924E-01
    2.100   2.109E-01
    2.200   2.296E-01
    2.300   2.483E-01
    2.400   2.670E-01
    2.500   2.856E-01
    2.600   3.040E-01
    2.700   3.221E-01
    2.800   3.400E-01
    2.900   3.576E-01
    3.000   3.751E-01
    3.100   3.924E-01
    3.200   4.097E-01
    3.300   4.270E-01
    3.400   4.444E-01
    3.500   4.621E-01
    3.600   4.801E-01
    3.700   4.986E-01
    3.800   5.178E-01
    3.900   5.378E-01
    4.000   5.586E-01
    4.100   5.805E-01
    4.200   6.037E-01
    4.300   6.281E-01
    4.400   6.540E-01
    4.500   6.815E-01
    4.600   7.107E-01
    4.700   7.417E-01
    4.800   7.747E-01
    4.900   8.097E-01
    5.000   8.470E-01
    5.100   8.865E-01
    5.200   9.285E-01
    5.300   9.731E-01
    5.400   1.020E+00
    5.500   1.070E+00
    5.600   1.123E+00
    5.700   1.179E+00
    5.800   1.239E+00
    5.900   1.301E+00
    6.000   1.367E+00
    6.100   1.436E+00
    6.200   1.509E+00
    6.300   1.586E+00
    6.400   1.666E+00
    6.500   1.750E+00
    6.600   1.838E+00
    6.700   1.930E+00
    6.800   2.026E+00
    6.900   2.126E+00
    7.000   2.230E+00
    7.100   2.339E+00
    7.200   2.452E+00
    7.300   2.570E+00
    7.400   2.693E+00
    7.500   2.821E+00
    7.600   2.955E+00
    7.700   3.095E+00
    7.800   3.242E+00
    7.900   3.397E+00
    8.000   3.559E+00
    8.100   3.730E+00
    8.200   3.911E+00
    8.300   4.101E+00
    8.400   4.302E+00
    8.500   4.514E+00
    8.600   4.738E+00
    8.700   4.975E+00
    8.800   5.224E+00
    8.900   5.487E+00
    9.000   5.765E+00
    9.100   6.056E+00
    9.200   6.363E+00
    9.300   6.685E+00
    9.400   7.023E+00
    9.500   7.377E+00
    9.600   7.749E+00
    9.700   8.139E+00
    9.800   8.548E+00
    9.900   8.978E+00
   10.000   9.431E+00
   10.100   9.909E+00
   10.200   1.041E+01
   10.300   1.095E+01
   10.400   1.152E+01
   10.500   1.212E+01
   10.600   1.276E+01
   10.700   1.345E+01
   10.800   1.418E+01
   10.900   1.496E+01
   11.000   1.580E+01
   11.100   1.668E+01
   11.200   1.762E+01
   11.300   1.862E+01
   11.400   1.966E+01
   11.500   2.076E+01
   11.600   2.190E+01
   11.700   2.308E+01
   11.800   2.428E+01
   11.900   2.550E+01
   12.000   2.672E+01
   12.100   2.792E+01
   12.200   2.910E+01
   12.300   3.022E+01
   12.400   3.128E+01
   12.500   3.227E+01
   12.600   3.316E+01
   12.700   3.395E+01
   12.800   3.464E+01
   12.900   3.522E+01
   13.000   3.569E+01
   13.100   3.605E+01
   13.200   3.630E+01
   13.300   3.646E+01
   13.400   3.651E+01
   13.500   3.648E+01
   13.600   3.636E+01
   13.700   3.617E+01
   13.800   3.592E+01
   13.900   3.561E+01
   14.000   3.525E+01
   14.100   3.484E+01
   14.200   3.440E+01
   14.300   3.392E+01
   14.400   3.341E+01
   14.500   3.286E+01
   14.600   3.228E+01
   14.700   3.166E+01
   14.800   3.101E+01
   14.900   3.032E+01
   15.000   2.958E+01
   15.100   2.881E+01
   15.200   2.800E+01
   15.300   2.716E+01
   15.400   2.629E+01
   15.500   2.540E+01
   15.600   2.450E+01
   15.700   2.358E+01
   15.800   2.267E+01
   15.900   2.175E+01
   16.000   2.085E+01
   16.100   1.995E+01
   16.200   1.908E+01
   16.300   1.823E+01
   16.400   1.740E+01
   16.500   1.660E+01
   16.600   1.583E+01
   16.700   1.510E+01
   16.800   1.440E+01
   16.900   1.374E+01
   17.000   1.310E+01
   17.100   1.251E+01
   17.200   1.195E+01
   17.300   1.141E+01
   17.400   1.091E+01
   17.500   1.044E+01
   17.600   1.000E+01
   17.700   9.586E+00
   17.800   9.194E+00
   17.900   8.826E+00
   18.000   8.479E+00
   18.100   8.152E+00
   18.200   7.844E+00
   18.300   7.554E+00
   18.400   7.279E+00
   18.500   7.020E+00
   18.600   6.776E+00
   18.700   6.544E+00
   18.800   6.324E+00
   18.900   6.116E+00
   19.000   5.919E+00
   19.100   5.732E+00
   19.200   5.554E+00
   19.300   5.384E+00
   19.400   5.223E+00
   19.500   5.069E+00
   19.600   4.923E+00
   19.700   4.783E+00
   19.800   4.650E+00
   19.900   4.522E+00
   20.000   4.400E+00
   20.100   4.284E+00
   20.200   4.172E+00
   20.300   4.065E+00
   20.400   3.962E+00
   20.500   3.864E+00
   20.600   3.769E+00
   20.700   3.678E+00
   20.800   3.591E+00
   20.900   3.507E+00
   21.000   3.426E+00
   21.100   3.348E+00
   21.200   3.273E+00
   21.300   3.201E+00
   21.400   3.131E+00
   21.500   3.064E+00
   21.600   2.999E+00
   21.700   2.936E+00
   21.800   2.876E+00
   21.900   2.817E+00
   22.000   2.761E+00
   22.100   2.706E+00
   22.200   2.653E+00
   22.300   2.601E+00
   22.400   2.552E+00
   22.500   2.503E+00
   22.600   2.457E+00
   22.700   2.411E+00
   22.800   2.367E+00
   22.900   2.325E+00
   23.000   2.283E+00
   23.100   2.243E+00
   23.200   2.204E+00
   23.300   2.166E+00
   23.400   2.129E+00
   23.500   2.093E+00
   23.600   2.058E+00
   23.700   2.024E+00
   23.800   1.991E+00
   23.900   1.959E+00
   24.000   1.927E+00
   24.100   1.897E+00
   24.200   1.867E+00
   24.300   1.838E+00
   24.400   1.810E+00
   24.500   1.782E+00
   24.600   1.755E+00
   24.700   1.729E+00
   24.800   1.704E+00
   24.900   1.679E+00
   25.000   1.654E+00
   25.100   1.630E+00
   25.200   1.607E+00
   25.300   1.584E+00
   25.400   1.562E+00
   25.500   1.541E+00
   25.600   1.519E+00
   25.700   1.499E+00
   25.800   1.478E+00
   25.900   1.458E+00
   26.000   1.439E+00
   26.100   1.420E+00
   26.200   1.401E+00
   26.300   1.383E+00
   26.400   1.365E+00
   26.500   1.348E+00
   26.600   1.331E+00
   26.700   1.314E+00
   26.800   1.298E+00
   26.900   1.282E+00
   27.000   1.266E+00
   27.100   1.251E+00
   27.200   1.235E+00
   27.300   1.221E+00
   27.400   1.206E+00
   27.500   1.192E+00
   27.600   1.178E+00
   27.700   1.164E+00
   27.800   1.151E+00
   27.900   1.137E+00
   28.000   1.124E+00
   28.100   1.112E+00
   28.200   1.099E+00
   28.300   1.087E+00
   28.400   1.075E+00
   28.500   1.063E+00
   28.600   1.051E+00
   28.700   1.040E+00
   28.800   1.029E+00
   28.900   1.018E+00
   29.000   1.007E+00
   29.100   9.962E-01
   29.200   9.858E-01
   29.300   9.755E-01
   29.400   9.654E-01
   29.500   9.554E-01
   29.600   9.456E-01
   29.700   9.360E-01
   29.800   9.265E-01
   29.900   9.172E-01
   30.000   9.080E-01
 
 Z=  76 A= 190  D1M-QRPA
   E[MeV]   fQRPA[mb/MeV]
    0.100   4.063E-04
    0.200   1.627E-03
    0.300   3.670E-03
    0.400   6.546E-03
    0.500   1.027E-02
    0.600   1.486E-02
    0.700   2.035E-02
    0.800   2.675E-02
    0.900   3.410E-02
    1.000   4.242E-02
    1.100   5.174E-02
    1.200   6.209E-02
    1.300   7.349E-02
    1.400   8.595E-02
    1.500   9.948E-02
    1.600   1.141E-01
    1.700   1.296E-01
    1.800   1.462E-01
    1.900   1.637E-01
    2.000   1.819E-01
    2.100   2.008E-01
    2.200   2.203E-01
    2.300   2.402E-01
    2.400   2.604E-01
    2.500   2.808E-01
    2.600   3.011E-01
    2.700   3.215E-01
    2.800   3.417E-01
    2.900   3.617E-01
    3.000   3.816E-01
    3.100   4.013E-01
    3.200   4.210E-01
    3.300   4.406E-01
    3.400   4.601E-01
    3.500   4.798E-01
    3.600   4.996E-01
    3.700   5.197E-01
    3.800   5.403E-01
    3.900   5.613E-01
    4.000   5.830E-01
    4.100   6.055E-01
    4.200   6.290E-01
    4.300   6.535E-01
    4.400   6.793E-01
    4.500   7.065E-01
    4.600   7.351E-01
    4.700   7.654E-01
    4.800   7.975E-01
    4.900   8.315E-01
    5.000   8.675E-01
    5.100   9.057E-01
    5.200   9.462E-01
    5.300   9.891E-01
    5.400   1.035E+00
    5.500   1.083E+00
    5.600   1.134E+00
    5.700   1.188E+00
    5.800   1.245E+00
    5.900   1.305E+00
    6.000   1.369E+00
    6.100   1.436E+00
    6.200   1.507E+00
    6.300   1.582E+00
    6.400   1.661E+00
    6.500   1.743E+00
    6.600   1.830E+00
    6.700   1.922E+00
    6.800   2.018E+00
    6.900   2.118E+00
    7.000   2.224E+00
    7.100   2.334E+00
    7.200   2.450E+00
    7.300   2.572E+00
    7.400   2.699E+00
    7.500   2.832E+00
    7.600   2.971E+00
    7.700   3.117E+00
    7.800   3.269E+00
    7.900   3.430E+00
    8.000   3.598E+00
    8.100   3.775E+00
    8.200   3.961E+00
    8.300   4.157E+00
    8.400   4.364E+00
    8.500   4.581E+00
    8.600   4.811E+00
    8.700   5.053E+00
    8.800   5.309E+00
    8.900   5.579E+00
    9.000   5.864E+00
    9.100   6.164E+00
    9.200   6.480E+00
    9.300   6.813E+00
    9.400   7.164E+00
    9.500   7.533E+00
    9.600   7.921E+00
    9.700   8.329E+00
    9.800   8.758E+00
    9.900   9.208E+00
   10.000   9.683E+00
   10.100   1.018E+01
   10.200   1.071E+01
   10.300   1.126E+01
   10.400   1.185E+01
   10.500   1.247E+01
   10.600   1.313E+01
   10.700   1.383E+01
   10.800   1.457E+01
   10.900   1.535E+01
   11.000   1.618E+01
   11.100   1.706E+01
   11.200   1.799E+01
   11.300   1.897E+01
   11.400   1.999E+01
   11.500   2.106E+01
   11.600   2.217E+01
   11.700   2.331E+01
   11.800   2.448E+01
   11.900   2.566E+01
   12.000   2.684E+01
   12.100   2.801E+01
   12.200   2.916E+01
   12.300   3.026E+01
   12.400   3.132E+01
   12.500   3.230E+01
   12.600   3.321E+01
   12.700   3.402E+01
   12.800   3.473E+01
   12.900   3.533E+01
   13.000   3.582E+01
   13.100   3.620E+01
   13.200   3.647E+01
   13.300   3.663E+01
   13.400   3.669E+01
   13.500   3.665E+01
   13.600   3.653E+01
   13.700   3.633E+01
   13.800   3.605E+01
   13.900   3.571E+01
   14.000   3.530E+01
   14.100   3.485E+01
   14.200   3.433E+01
   14.300   3.377E+01
   14.400   3.316E+01
   14.500   3.250E+01
   14.600   3.179E+01
   14.700   3.103E+01
   14.800   3.023E+01
   14.900   2.938E+01
   15.000   2.850E+01
   15.100   2.759E+01
   15.200   2.665E+01
   15.300   2.570E+01
   15.400   2.473E+01
   15.500   2.377E+01
   15.600   2.280E+01
   15.700   2.185E+01
   15.800   2.091E+01
   15.900   2.000E+01
   16.000   1.911E+01
   16.100   1.825E+01
   16.200   1.743E+01
   16.300   1.664E+01
   16.400   1.588E+01
   16.500   1.517E+01
   16.600   1.449E+01
   16.700   1.384E+01
   16.800   1.323E+01
   16.900   1.266E+01
   17.000   1.212E+01
   17.100   1.160E+01
   17.200   1.112E+01
   17.300   1.066E+01
   17.400   1.024E+01
   17.500   9.830E+00
   17.600   9.448E+00
   17.700   9.087E+00
   17.800   8.746E+00
   17.900   8.424E+00
   18.000   8.120E+00
   18.100   7.832E+00
   18.200   7.559E+00
   18.300   7.300E+00
   18.400   7.055E+00
   18.500   6.823E+00
   18.600   6.602E+00
   18.700   6.392E+00
   18.800   6.193E+00
   18.900   6.003E+00
   19.000   5.822E+00
   19.100   5.650E+00
   19.200   5.485E+00
   19.300   5.328E+00
   19.400   5.178E+00
   19.500   5.035E+00
   19.600   4.898E+00
   19.700   4.766E+00
   19.800   4.641E+00
   19.900   4.520E+00
   20.000   4.405E+00
   20.100   4.294E+00
   20.200   4.187E+00
   20.300   4.085E+00
   20.400   3.987E+00
   20.500   3.892E+00
   20.600   3.801E+00
   20.700   3.714E+00
   20.800   3.629E+00
   20.900   3.548E+00
   21.000   3.470E+00
   21.100   3.394E+00
   21.200   3.321E+00
   21.300   3.251E+00
   21.400   3.183E+00
   21.500   3.117E+00
   21.600   3.053E+00
   21.700   2.992E+00
   21.800   2.932E+00
   21.900   2.874E+00
   22.000   2.818E+00
   22.100   2.764E+00
   22.200   2.712E+00
   22.300   2.661E+00
   22.400   2.612E+00
   22.500   2.564E+00
   22.600   2.518E+00
   22.700   2.473E+00
   22.800   2.429E+00
   22.900   2.386E+00
   23.000   2.345E+00
   23.100   2.305E+00
   23.200   2.266E+00
   23.300   2.228E+00
   23.400   2.191E+00
   23.500   2.155E+00
   23.600   2.120E+00
   23.700   2.086E+00
   23.800   2.052E+00
   23.900   2.020E+00
   24.000   1.988E+00
   24.100   1.958E+00
   24.200   1.928E+00
   24.300   1.898E+00
   24.400   1.870E+00
   24.500   1.842E+00
   24.600   1.815E+00
   24.700   1.788E+00
   24.800   1.762E+00
   24.900   1.737E+00
   25.000   1.712E+00
   25.100   1.688E+00
   25.200   1.665E+00
   25.300   1.641E+00
   25.400   1.619E+00
   25.500   1.597E+00
   25.600   1.575E+00
   25.700   1.554E+00
   25.800   1.534E+00
   25.900   1.513E+00
   26.000   1.494E+00
   26.100   1.474E+00
   26.200   1.455E+00
   26.300   1.437E+00
   26.400   1.418E+00
   26.500   1.401E+00
   26.600   1.383E+00
   26.700   1.366E+00
   26.800   1.349E+00
   26.900   1.333E+00
   27.000   1.317E+00
   27.100   1.301E+00
   27.200   1.286E+00
   27.300   1.270E+00
   27.400   1.255E+00
   27.500   1.241E+00
   27.600   1.226E+00
   27.700   1.212E+00
   27.800   1.199E+00
   27.900   1.185E+00
   28.000   1.172E+00
   28.100   1.159E+00
   28.200   1.146E+00
   28.300   1.133E+00
   28.400   1.121E+00
   28.500   1.109E+00
   28.600   1.097E+00
   28.700   1.085E+00
   28.800   1.073E+00
   28.900   1.062E+00
   29.000   1.051E+00
   29.100   1.040E+00
   29.200   1.029E+00
   29.300   1.018E+00
   29.400   1.008E+00
   29.500   9.977E-01
   29.600   9.876E-01
   29.700   9.777E-01
   29.800   9.679E-01
   29.900   9.583E-01
   30.000   9.488E-01
 
 Z=  76 A= 191  D1M-QRPA-Inter
 E[MeV]  fQRPA[mb/MeV]
    0.100   3.754E-04
    0.200   1.504E-03
    0.300   3.390E-03
    0.400   6.044E-03
    0.500   9.479E-03
    0.600   1.371E-02
    0.700   1.876E-02
    0.800   2.464E-02
    0.900   3.137E-02
    1.000   3.899E-02
    1.100   4.751E-02
    1.200   5.694E-02
    1.300   6.731E-02
    1.400   7.860E-02
    1.500   9.083E-02
    1.600   1.040E-01
    1.700   1.180E-01
    1.800   1.329E-01
    1.900   1.485E-01
    2.000   1.649E-01
    2.100   1.819E-01
    2.200   1.994E-01
    2.300   2.174E-01
    2.400   2.357E-01
    2.500   2.542E-01
    2.600   2.730E-01
    2.700   2.919E-01
    2.800   3.110E-01
    2.900   3.301E-01
    3.000   3.493E-01
    3.100   3.686E-01
    3.200   3.880E-01
    3.300   4.076E-01
    3.400   4.274E-01
    3.500   4.475E-01
    3.600   4.679E-01
    3.700   4.889E-01
    3.800   5.103E-01
    3.900   5.325E-01
    4.000   5.554E-01
    4.100   5.793E-01
    4.200   6.042E-01
    4.300   6.302E-01
    4.400   6.576E-01
    4.500   6.864E-01
    4.600   7.168E-01
    4.700   7.488E-01
    4.800   7.827E-01
    4.900   8.185E-01
    5.000   8.564E-01
    5.100   8.965E-01
    5.200   9.389E-01
    5.300   9.838E-01
    5.400   1.031E+00
    5.500   1.081E+00
    5.600   1.134E+00
    5.700   1.191E+00
    5.800   1.250E+00
    5.900   1.312E+00
    6.000   1.378E+00
    6.100   1.448E+00
    6.200   1.521E+00
    6.300   1.598E+00
    6.400   1.679E+00
    6.500   1.764E+00
    6.600   1.854E+00
    6.700   1.948E+00
    6.800   2.046E+00
    6.900   2.150E+00
    7.000   2.258E+00
    7.100   2.372E+00
    7.200   2.491E+00
    7.300   2.616E+00
    7.400   2.747E+00
    7.500   2.884E+00
    7.600   3.028E+00
    7.700   3.178E+00
    7.800   3.336E+00
    7.900   3.502E+00
    8.000   3.676E+00
    8.100   3.859E+00
    8.200   4.052E+00
    8.300   4.255E+00
    8.400   4.469E+00
    8.500   4.694E+00
    8.600   4.932E+00
    8.700   5.183E+00
    8.800   5.447E+00
    8.900   5.726E+00
    9.000   6.019E+00
    9.100   6.329E+00
    9.200   6.654E+00
    9.300   6.997E+00
    9.400   7.357E+00
    9.500   7.736E+00
    9.600   8.134E+00
    9.700   8.552E+00
    9.800   8.992E+00
    9.900   9.454E+00
   10.000   9.940E+00
   10.100   1.045E+01
   10.200   1.099E+01
   10.300   1.156E+01
   10.400   1.217E+01
   10.500   1.281E+01
   10.600   1.348E+01
   10.700   1.420E+01
   10.800   1.497E+01
   10.900   1.578E+01
   11.000   1.664E+01
   11.100   1.755E+01
   11.200   1.851E+01
   11.300   1.951E+01
   11.400   2.057E+01
   11.500   2.167E+01
   11.600   2.281E+01
   11.700   2.398E+01
   11.800   2.517E+01
   11.900   2.637E+01
   12.000   2.756E+01
   12.100   2.874E+01
   12.200   2.988E+01
   12.300   3.097E+01
   12.400   3.200E+01
   12.500   3.294E+01
   12.600   3.379E+01
   12.700   3.454E+01
   12.800   3.517E+01
   12.900   3.569E+01
   13.000   3.609E+01
   13.100   3.637E+01
   13.200   3.653E+01
   13.300   3.659E+01
   13.400   3.655E+01
   13.500   3.642E+01
   13.600   3.621E+01
   13.700   3.592E+01
   13.800   3.558E+01
   13.900   3.518E+01
   14.000   3.473E+01
   14.100   3.424E+01
   14.200   3.370E+01
   14.300   3.313E+01
   14.400   3.251E+01
   14.500   3.186E+01
   14.600   3.117E+01
   14.700   3.044E+01
   14.800   2.967E+01
   14.900   2.886E+01
   15.000   2.802E+01
   15.100   2.716E+01
   15.200   2.627E+01
   15.300   2.536E+01
   15.400   2.445E+01
   15.500   2.352E+01
   15.600   2.261E+01
   15.700   2.169E+01
   15.800   2.079E+01
   15.900   1.991E+01
   16.000   1.905E+01
   16.100   1.822E+01
   16.200   1.741E+01
   16.300   1.664E+01
   16.400   1.590E+01
   16.500   1.519E+01
   16.600   1.451E+01
   16.700   1.387E+01
   16.800   1.327E+01
   16.900   1.269E+01
   17.000   1.215E+01
   17.100   1.164E+01
   17.200   1.115E+01
   17.300   1.069E+01
   17.400   1.026E+01
   17.500   9.857E+00
   17.600   9.473E+00
   17.700   9.110E+00
   17.800   8.768E+00
   17.900   8.444E+00
   18.000   8.138E+00
   18.100   7.849E+00
   18.200   7.575E+00
   18.300   7.315E+00
   18.400   7.069E+00
   18.500   6.835E+00
   18.600   6.614E+00
   18.700   6.403E+00
   18.800   6.203E+00
   18.900   6.012E+00
   19.000   5.830E+00
   19.100   5.657E+00
   19.200   5.492E+00
   19.300   5.335E+00
   19.400   5.185E+00
   19.500   5.041E+00
   19.600   4.903E+00
   19.700   4.772E+00
   19.800   4.646E+00
   19.900   4.525E+00
   20.000   4.409E+00
   20.100   4.298E+00
   20.200   4.192E+00
   20.300   4.089E+00
   20.400   3.991E+00
   20.500   3.896E+00
   20.600   3.805E+00
   20.700   3.717E+00
   20.800   3.633E+00
   20.900   3.551E+00
   21.000   3.473E+00
   21.100   3.397E+00
   21.200   3.324E+00
   21.300   3.254E+00
   21.400   3.186E+00
   21.500   3.120E+00
   21.600   3.056E+00
   21.700   2.994E+00
   21.800   2.935E+00
   21.900   2.877E+00
   22.000   2.821E+00
   22.100   2.767E+00
   22.200   2.715E+00
   22.300   2.664E+00
   22.400   2.615E+00
   22.500   2.567E+00
   22.600   2.520E+00
   22.700   2.475E+00
   22.800   2.431E+00
   22.900   2.389E+00
   23.000   2.347E+00
   23.100   2.307E+00
   23.200   2.268E+00
   23.300   2.230E+00
   23.400   2.193E+00
   23.500   2.157E+00
   23.600   2.122E+00
   23.700   2.088E+00
   23.800   2.055E+00
   23.900   2.022E+00
   24.000   1.991E+00
   24.100   1.960E+00
   24.200   1.930E+00
   24.300   1.901E+00
   24.400   1.872E+00
   24.500   1.844E+00
   24.600   1.817E+00
   24.700   1.791E+00
   24.800   1.765E+00
   24.900   1.739E+00
   25.000   1.715E+00
   25.100   1.691E+00
   25.200   1.667E+00
   25.300   1.644E+00
   25.400   1.621E+00
   25.500   1.599E+00
   25.600   1.578E+00
   25.700   1.557E+00
   25.800   1.536E+00
   25.900   1.516E+00
   26.000   1.496E+00
   26.100   1.477E+00
   26.200   1.458E+00
   26.300   1.439E+00
   26.400   1.421E+00
   26.500   1.403E+00
   26.600   1.386E+00
   26.700   1.368E+00
   26.800   1.352E+00
   26.900   1.335E+00
   27.000   1.319E+00
   27.100   1.303E+00
   27.200   1.288E+00
   27.300   1.273E+00
   27.400   1.258E+00
   27.500   1.243E+00
   27.600   1.229E+00
   27.700   1.215E+00
   27.800   1.201E+00
   27.900   1.187E+00
   28.000   1.174E+00
   28.100   1.161E+00
   28.200   1.148E+00
   28.300   1.135E+00
   28.400   1.123E+00
   28.500   1.111E+00
   28.600   1.099E+00
   28.700   1.087E+00
   28.800   1.075E+00
   28.900   1.064E+00
   29.000   1.053E+00
   29.100   1.042E+00
   29.200   1.031E+00
   29.300   1.020E+00
   29.400   1.010E+00
   29.500   9.998E-01
   29.600   9.897E-01
   29.700   9.797E-01
   29.800   9.699E-01
   29.900   9.603E-01
   30.000   9.508E-01
 
 Z=  76 A= 192  D1M-QRPA
   E[MeV]   fQRPA[mb/MeV]
    0.100   3.468E-04
    0.200   1.389E-03
    0.300   3.131E-03
    0.400   5.579E-03
    0.500   8.746E-03
    0.600   1.264E-02
    0.700   1.728E-02
    0.800   2.268E-02
    0.900   2.886E-02
    1.000   3.583E-02
    1.100   4.361E-02
    1.200   5.221E-02
    1.300   6.162E-02
    1.400   7.187E-02
    1.500   8.292E-02
    1.600   9.477E-02
    1.700   1.074E-01
    1.800   1.207E-01
    1.900   1.348E-01
    2.000   1.494E-01
    2.100   1.647E-01
    2.200   1.804E-01
    2.300   1.966E-01
    2.400   2.132E-01
    2.500   2.302E-01
    2.600   2.475E-01
    2.700   2.651E-01
    2.800   2.829E-01
    2.900   3.011E-01
    3.000   3.196E-01
    3.100   3.384E-01
    3.200   3.575E-01
    3.300   3.770E-01
    3.400   3.969E-01
    3.500   4.172E-01
    3.600   4.382E-01
    3.700   4.597E-01
    3.800   4.820E-01
    3.900   5.050E-01
    4.000   5.290E-01
    4.100   5.540E-01
    4.200   5.802E-01
    4.300   6.076E-01
    4.400   6.364E-01
    4.500   6.668E-01
    4.600   6.987E-01
    4.700   7.324E-01
    4.800   7.680E-01
    4.900   8.055E-01
    5.000   8.452E-01
    5.100   8.871E-01
    5.200   9.314E-01
    5.300   9.782E-01
    5.400   1.028E+00
    5.500   1.080E+00
    5.600   1.135E+00
    5.700   1.193E+00
    5.800   1.254E+00
    5.900   1.319E+00
    6.000   1.387E+00
    6.100   1.458E+00
    6.200   1.534E+00
    6.300   1.613E+00
    6.400   1.697E+00
    6.500   1.785E+00
    6.600   1.877E+00
    6.700   1.974E+00
    6.800   2.075E+00
    6.900   2.182E+00
    7.000   2.293E+00
    7.100   2.410E+00
    7.200   2.533E+00
    7.300   2.661E+00
    7.400   2.796E+00
    7.500   2.937E+00
    7.600   3.085E+00
    7.700   3.240E+00
    7.800   3.403E+00
    7.900   3.574E+00
    8.000   3.755E+00
    8.100   3.944E+00
    8.200   4.144E+00
    8.300   4.354E+00
    8.400   4.576E+00
    8.500   4.809E+00
    8.600   5.055E+00
    8.700   5.314E+00
    8.800   5.587E+00
    8.900   5.875E+00
    9.000   6.178E+00
    9.100   6.496E+00
    9.200   6.831E+00
    9.300   7.183E+00
    9.400   7.553E+00
    9.500   7.942E+00
    9.600   8.350E+00
    9.700   8.779E+00
    9.800   9.230E+00
    9.900   9.704E+00
   10.000   1.020E+01
   10.100   1.073E+01
   10.200   1.128E+01
   10.300   1.187E+01
   10.400   1.249E+01
   10.500   1.315E+01
   10.600   1.384E+01
   10.700   1.459E+01
   10.800   1.537E+01
   10.900   1.621E+01
   11.000   1.710E+01
   11.100   1.804E+01
   11.200   1.903E+01
   11.300   2.007E+01
   11.400   2.116E+01
   11.500   2.229E+01
   11.600   2.346E+01
   11.700   2.466E+01
   11.800   2.587E+01
   11.900   2.709E+01
   12.000   2.830E+01
   12.100   2.948E+01
   12.200   3.061E+01
   12.300   3.169E+01
   12.400   3.268E+01
   12.500   3.358E+01
   12.600   3.438E+01
   12.700   3.506E+01
   12.800   3.561E+01
   12.900   3.604E+01
   13.000   3.635E+01
   13.100   3.653E+01
   13.200   3.659E+01
   13.300   3.655E+01
   13.400   3.640E+01
   13.500   3.618E+01
   13.600   3.588E+01
   13.700   3.552E+01
   13.800   3.511E+01
   13.900   3.465E+01
   14.000   3.416E+01
   14.100   3.363E+01
   14.200   3.308E+01
   14.300   3.249E+01
   14.400   3.188E+01
   14.500   3.123E+01
   14.600   3.056E+01
   14.700   2.985E+01
   14.800   2.911E+01
   14.900   2.834E+01
   15.000   2.754E+01
   15.100   2.672E+01
   15.200   2.588E+01
   15.300   2.502E+01
   15.400   2.416E+01
   15.500   2.328E+01
   15.600   2.241E+01
   15.700   2.153E+01
   15.800   2.067E+01
   15.900   1.982E+01
   16.000   1.899E+01
   16.100   1.818E+01
   16.200   1.739E+01
   16.300   1.663E+01
   16.400   1.590E+01
   16.500   1.520E+01
   16.600   1.454E+01
   16.700   1.390E+01
   16.800   1.329E+01
   16.900   1.272E+01
   17.000   1.218E+01
   17.100   1.167E+01
   17.200   1.118E+01
   17.300   1.072E+01
   17.400   1.029E+01
   17.500   9.881E+00
   17.600   9.495E+00
   17.700   9.131E+00
   17.800   8.787E+00
   17.900   8.462E+00
   18.000   8.155E+00
   18.100   7.864E+00
   18.200   7.589E+00
   18.300   7.328E+00
   18.400   7.081E+00
   18.500   6.846E+00
   18.600   6.623E+00
   18.700   6.412E+00
   18.800   6.211E+00
   18.900   6.020E+00
   19.000   5.837E+00
   19.100   5.664E+00
   19.200   5.498E+00
   19.300   5.340E+00
   19.400   5.190E+00
   19.500   5.046E+00
   19.600   4.908E+00
   19.700   4.776E+00
   19.800   4.650E+00
   19.900   4.529E+00
   20.000   4.413E+00
   20.100   4.302E+00
   20.200   4.195E+00
   20.300   4.092E+00
   20.400   3.994E+00
   20.500   3.899E+00
   20.600   3.808E+00
   20.700   3.720E+00
   20.800   3.635E+00
   20.900   3.554E+00
   21.000   3.475E+00
   21.100   3.400E+00
   21.200   3.327E+00
   21.300   3.256E+00
   21.400   3.188E+00
   21.500   3.122E+00
   21.600   3.058E+00
   21.700   2.997E+00
   21.800   2.937E+00
   21.900   2.879E+00
   22.000   2.823E+00
   22.100   2.769E+00
   22.200   2.717E+00
   22.300   2.666E+00
   22.400   2.617E+00
   22.500   2.569E+00
   22.600   2.522E+00
   22.700   2.477E+00
   22.800   2.433E+00
   22.900   2.391E+00
   23.000   2.350E+00
   23.100   2.309E+00
   23.200   2.270E+00
   23.300   2.232E+00
   23.400   2.195E+00
   23.500   2.159E+00
   23.600   2.124E+00
   23.700   2.090E+00
   23.800   2.057E+00
   23.900   2.024E+00
   24.000   1.993E+00
   24.100   1.962E+00
   24.200   1.932E+00
   24.300   1.903E+00
   24.400   1.874E+00
   24.500   1.846E+00
   24.600   1.819E+00
   24.700   1.793E+00
   24.800   1.767E+00
   24.900   1.741E+00
   25.000   1.717E+00
   25.100   1.693E+00
   25.200   1.669E+00
   25.300   1.646E+00
   25.400   1.623E+00
   25.500   1.601E+00
   25.600   1.580E+00
   25.700   1.559E+00
   25.800   1.538E+00
   25.900   1.518E+00
   26.000   1.498E+00
   26.100   1.479E+00
   26.200   1.460E+00
   26.300   1.441E+00
   26.400   1.423E+00
   26.500   1.405E+00
   26.600   1.388E+00
   26.700   1.370E+00
   26.800   1.354E+00
   26.900   1.337E+00
   27.000   1.321E+00
   27.100   1.305E+00
   27.200   1.290E+00
   27.300   1.275E+00
   27.400   1.260E+00
   27.500   1.245E+00
   27.600   1.231E+00
   27.700   1.217E+00
   27.800   1.203E+00
   27.900   1.189E+00
   28.000   1.176E+00
   28.100   1.163E+00
   28.200   1.150E+00
   28.300   1.137E+00
   28.400   1.125E+00
   28.500   1.113E+00
   28.600   1.101E+00
   28.700   1.089E+00
   28.800   1.077E+00
   28.900   1.066E+00
   29.000   1.055E+00
   29.100   1.044E+00
   29.200   1.033E+00
   29.300   1.022E+00
   29.400   1.012E+00
   29.500   1.002E+00
   29.600   9.915E-01
   29.700   9.815E-01
   29.800   9.717E-01
   29.900   9.621E-01
   30.000   9.526E-01
 
