 Z=  80 A= 184  D1M-QRPA
   E[MeV]   fQRPA[mb/MeV]
    0.100   1.582E-03
    0.200   6.364E-03
    0.300   1.444E-02
    0.400   2.596E-02
    0.500   4.109E-02
    0.600   5.993E-02
    0.700   8.252E-02
    0.800   1.087E-01
    0.900   1.378E-01
    1.000   1.691E-01
    1.100   2.012E-01
    1.200   2.325E-01
    1.300   2.611E-01
    1.400   2.855E-01
    1.500   3.047E-01
    1.600   3.181E-01
    1.700   3.261E-01
    1.800   3.294E-01
    1.900   3.288E-01
    2.000   3.255E-01
    2.100   3.204E-01
    2.200   3.142E-01
    2.300   3.075E-01
    2.400   3.010E-01
    2.500   2.948E-01
    2.600   2.893E-01
    2.700   2.847E-01
    2.800   2.810E-01
    2.900   2.784E-01
    3.000   2.769E-01
    3.100   2.765E-01
    3.200   2.772E-01
    3.300   2.790E-01
    3.400   2.820E-01
    3.500   2.861E-01
    3.600   2.913E-01
    3.700   2.976E-01
    3.800   3.051E-01
    3.900   3.138E-01
    4.000   3.235E-01
    4.100   3.342E-01
    4.200   3.461E-01
    4.300   3.589E-01
    4.400   3.727E-01
    4.500   3.876E-01
    4.600   4.036E-01
    4.700   4.210E-01
    4.800   4.397E-01
    4.900   4.600E-01
    5.000   4.820E-01
    5.100   5.060E-01
    5.200   5.321E-01
    5.300   5.605E-01
    5.400   5.911E-01
    5.500   6.242E-01
    5.600   6.598E-01
    5.700   6.978E-01
    5.800   7.383E-01
    5.900   7.811E-01
    6.000   8.264E-01
    6.100   8.742E-01
    6.200   9.245E-01
    6.300   9.774E-01
    6.400   1.033E+00
    6.500   1.092E+00
    6.600   1.155E+00
    6.700   1.221E+00
    6.800   1.291E+00
    6.900   1.367E+00
    7.000   1.448E+00
    7.100   1.534E+00
    7.200   1.626E+00
    7.300   1.723E+00
    7.400   1.826E+00
    7.500   1.933E+00
    7.600   2.046E+00
    7.700   2.163E+00
    7.800   2.285E+00
    7.900   2.413E+00
    8.000   2.548E+00
    8.100   2.691E+00
    8.200   2.841E+00
    8.300   3.000E+00
    8.400   3.167E+00
    8.500   3.341E+00
    8.600   3.521E+00
    8.700   3.707E+00
    8.800   3.898E+00
    8.900   4.094E+00
    9.000   4.294E+00
    9.100   4.502E+00
    9.200   4.719E+00
    9.300   4.947E+00
    9.400   5.190E+00
    9.500   5.449E+00
    9.600   5.729E+00
    9.700   6.032E+00
    9.800   6.361E+00
    9.900   6.719E+00
   10.000   7.110E+00
   10.100   7.538E+00
   10.200   8.007E+00
   10.300   8.522E+00
   10.400   9.088E+00
   10.500   9.712E+00
   10.600   1.040E+01
   10.700   1.116E+01
   10.800   1.201E+01
   10.900   1.296E+01
   11.000   1.401E+01
   11.100   1.517E+01
   11.200   1.645E+01
   11.300   1.782E+01
   11.400   1.929E+01
   11.500   2.080E+01
   11.600   2.232E+01
   11.700   2.377E+01
   11.800   2.507E+01
   11.900   2.616E+01
   12.000   2.697E+01
   12.100   2.746E+01
   12.200   2.764E+01
   12.300   2.755E+01
   12.400   2.724E+01
   12.500   2.681E+01
   12.600   2.632E+01
   12.700   2.584E+01
   12.800   2.543E+01
   12.900   2.510E+01
   13.000   2.489E+01
   13.100   2.477E+01
   13.200   2.476E+01
   13.300   2.483E+01
   13.400   2.496E+01
   13.500   2.514E+01
   13.600   2.535E+01
   13.700   2.555E+01
   13.800   2.572E+01
   13.900   2.586E+01
   14.000   2.593E+01
   14.100   2.595E+01
   14.200   2.591E+01
   14.300   2.581E+01
   14.400   2.567E+01
   14.500   2.549E+01
   14.600   2.529E+01
   14.700   2.508E+01
   14.800   2.489E+01
   14.900   2.473E+01
   15.000   2.462E+01
   15.100   2.457E+01
   15.200   2.456E+01
   15.300   2.461E+01
   15.400   2.467E+01
   15.500   2.473E+01
   15.600   2.475E+01
   15.700   2.470E+01
   15.800   2.456E+01
   15.900   2.429E+01
   16.000   2.389E+01
   16.100   2.335E+01
   16.200   2.269E+01
   16.300   2.192E+01
   16.400   2.106E+01
   16.500   2.013E+01
   16.600   1.915E+01
   16.700   1.814E+01
   16.800   1.713E+01
   16.900   1.612E+01
   17.000   1.514E+01
   17.100   1.420E+01
   17.200   1.331E+01
   17.300   1.248E+01
   17.400   1.170E+01
   17.500   1.097E+01
   17.600   1.031E+01
   17.700   9.699E+00
   17.800   9.139E+00
   17.900   8.627E+00
   18.000   8.160E+00
   18.100   7.732E+00
   18.200   7.342E+00
   18.300   6.986E+00
   18.400   6.660E+00
   18.500   6.362E+00
   18.600   6.087E+00
   18.700   5.835E+00
   18.800   5.600E+00
   18.900   5.382E+00
   19.000   5.176E+00
   19.100   4.982E+00
   19.200   4.797E+00
   19.300   4.620E+00
   19.400   4.448E+00
   19.500   4.281E+00
   19.600   4.117E+00
   19.700   3.955E+00
   19.800   3.797E+00
   19.900   3.642E+00
   20.000   3.491E+00
   20.100   3.347E+00
   20.200   3.208E+00
   20.300   3.077E+00
   20.400   2.953E+00
   20.500   2.837E+00
   20.600   2.729E+00
   20.700   2.627E+00
   20.800   2.532E+00
   20.900   2.443E+00
   21.000   2.359E+00
   21.100   2.281E+00
   21.200   2.208E+00
   21.300   2.139E+00
   21.400   2.073E+00
   21.500   2.012E+00
   21.600   1.954E+00
   21.700   1.899E+00
   21.800   1.846E+00
   21.900   1.797E+00
   22.000   1.750E+00
   22.100   1.705E+00
   22.200   1.662E+00
   22.300   1.621E+00
   22.400   1.582E+00
   22.500   1.544E+00
   22.600   1.508E+00
   22.700   1.474E+00
   22.800   1.441E+00
   22.900   1.409E+00
   23.000   1.378E+00
   23.100   1.349E+00
   23.200   1.321E+00
   23.300   1.294E+00
   23.400   1.267E+00
   23.500   1.242E+00
   23.600   1.217E+00
   23.700   1.194E+00
   23.800   1.171E+00
   23.900   1.149E+00
   24.000   1.127E+00
   24.100   1.107E+00
   24.200   1.086E+00
   24.300   1.067E+00
   24.400   1.048E+00
   24.500   1.030E+00
   24.600   1.012E+00
   24.700   9.948E-01
   24.800   9.781E-01
   24.900   9.618E-01
   25.000   9.460E-01
   25.100   9.306E-01
   25.200   9.157E-01
   25.300   9.011E-01
   25.400   8.870E-01
   25.500   8.732E-01
   25.600   8.597E-01
   25.700   8.467E-01
   25.800   8.339E-01
   25.900   8.215E-01
   26.000   8.094E-01
   26.100   7.975E-01
   26.200   7.860E-01
   26.300   7.747E-01
   26.400   7.638E-01
   26.500   7.530E-01
   26.600   7.426E-01
   26.700   7.323E-01
   26.800   7.223E-01
   26.900   7.125E-01
   27.000   7.030E-01
   27.100   6.936E-01
   27.200   6.845E-01
   27.300   6.756E-01
   27.400   6.668E-01
   27.500   6.583E-01
   27.600   6.499E-01
   27.700   6.417E-01
   27.800   6.337E-01
   27.900   6.258E-01
   28.000   6.181E-01
   28.100   6.106E-01
   28.200   6.032E-01
   28.300   5.959E-01
   28.400   5.888E-01
   28.500   5.818E-01
   28.600   5.750E-01
   28.700   5.683E-01
   28.800   5.618E-01
   28.900   5.553E-01
   29.000   5.490E-01
   29.100   5.428E-01
   29.200   5.367E-01
   29.300   5.307E-01
   29.400   5.248E-01
   29.500   5.191E-01
   29.600   5.134E-01
   29.700   5.079E-01
   29.800   5.024E-01
   29.900   4.970E-01
   30.000   4.918E-01
 
 Z=  80 A= 185  D1M-QRPA-Inter
 E[MeV]  fQRPA[mb/MeV]
    0.100   7.102E-04
    0.200   2.853E-03
    0.300   6.466E-03
    0.400   1.160E-02
    0.500   1.833E-02
    0.600   2.670E-02
    0.700   3.675E-02
    0.800   4.845E-02
    0.900   6.169E-02
    1.000   7.620E-02
    1.100   9.160E-02
    1.200   1.074E-01
    1.300   1.228E-01
    1.400   1.373E-01
    1.500   1.504E-01
    1.600   1.615E-01
    1.700   1.705E-01
    1.800   1.775E-01
    1.900   1.826E-01
    2.000   1.862E-01
    2.100   1.887E-01
    2.200   1.905E-01
    2.300   1.918E-01
    2.400   1.929E-01
    2.500   1.942E-01
    2.600   1.957E-01
    2.700   1.976E-01
    2.800   2.000E-01
    2.900   2.029E-01
    3.000   2.064E-01
    3.100   2.106E-01
    3.200   2.155E-01
    3.300   2.210E-01
    3.400   2.274E-01
    3.500   2.344E-01
    3.600   2.423E-01
    3.700   2.510E-01
    3.800   2.606E-01
    3.900   2.711E-01
    4.000   2.824E-01
    4.100   2.946E-01
    4.200   3.078E-01
    4.300   3.218E-01
    4.400   3.368E-01
    4.500   3.527E-01
    4.600   3.696E-01
    4.700   3.876E-01
    4.800   4.068E-01
    4.900   4.272E-01
    5.000   4.491E-01
    5.100   4.725E-01
    5.200   4.975E-01
    5.300   5.243E-01
    5.400   5.530E-01
    5.500   5.836E-01
    5.600   6.164E-01
    5.700   6.512E-01
    5.800   6.883E-01
    5.900   7.276E-01
    6.000   7.693E-01
    6.100   8.134E-01
    6.200   8.601E-01
    6.300   9.095E-01
    6.400   9.618E-01
    6.500   1.017E+00
    6.600   1.076E+00
    6.700   1.138E+00
    6.800   1.204E+00
    6.900   1.274E+00
    7.000   1.348E+00
    7.100   1.426E+00
    7.200   1.509E+00
    7.300   1.596E+00
    7.400   1.688E+00
    7.500   1.785E+00
    7.600   1.887E+00
    7.700   1.994E+00
    7.800   2.107E+00
    7.900   2.226E+00
    8.000   2.352E+00
    8.100   2.486E+00
    8.200   2.628E+00
    8.300   2.778E+00
    8.400   2.938E+00
    8.500   3.105E+00
    8.600   3.281E+00
    8.700   3.464E+00
    8.800   3.656E+00
    8.900   3.855E+00
    9.000   4.061E+00
    9.100   4.277E+00
    9.200   4.502E+00
    9.300   4.738E+00
    9.400   4.986E+00
    9.500   5.247E+00
    9.600   5.525E+00
    9.700   5.820E+00
    9.800   6.134E+00
    9.900   6.472E+00
   10.000   6.834E+00
   10.100   7.226E+00
   10.200   7.649E+00
   10.300   8.108E+00
   10.400   8.607E+00
   10.500   9.151E+00
   10.600   9.746E+00
   10.700   1.040E+01
   10.800   1.111E+01
   10.900   1.190E+01
   11.000   1.276E+01
   11.100   1.371E+01
   11.200   1.474E+01
   11.300   1.585E+01
   11.400   1.704E+01
   11.500   1.830E+01
   11.600   1.960E+01
   11.700   2.092E+01
   11.800   2.223E+01
   11.900   2.349E+01
   12.000   2.467E+01
   12.100   2.573E+01
   12.200   2.667E+01
   12.300   2.746E+01
   12.400   2.812E+01
   12.500   2.865E+01
   12.600   2.906E+01
   12.700   2.938E+01
   12.800   2.962E+01
   12.900   2.978E+01
   13.000   2.987E+01
   13.100   2.989E+01
   13.200   2.984E+01
   13.300   2.973E+01
   13.400   2.956E+01
   13.500   2.934E+01
   13.600   2.907E+01
   13.700   2.875E+01
   13.800   2.839E+01
   13.900   2.801E+01
   14.000   2.760E+01
   14.100   2.720E+01
   14.200   2.680E+01
   14.300   2.642E+01
   14.400   2.607E+01
   14.500   2.577E+01
   14.600   2.550E+01
   14.700   2.528E+01
   14.800   2.511E+01
   14.900   2.497E+01
   15.000   2.487E+01
   15.100   2.479E+01
   15.200   2.472E+01
   15.300   2.463E+01
   15.400   2.452E+01
   15.500   2.435E+01
   15.600   2.412E+01
   15.700   2.381E+01
   15.800   2.340E+01
   15.900   2.289E+01
   16.000   2.230E+01
   16.100   2.161E+01
   16.200   2.085E+01
   16.300   2.003E+01
   16.400   1.917E+01
   16.500   1.828E+01
   16.600   1.739E+01
   16.700   1.649E+01
   16.800   1.562E+01
   16.900   1.476E+01
   17.000   1.395E+01
   17.100   1.317E+01
   17.200   1.243E+01
   17.300   1.174E+01
   17.400   1.109E+01
   17.500   1.049E+01
   17.600   9.931E+00
   17.700   9.409E+00
   17.800   8.923E+00
   17.900   8.472E+00
   18.000   8.051E+00
   18.100   7.658E+00
   18.200   7.291E+00
   18.300   6.948E+00
   18.400   6.627E+00
   18.500   6.326E+00
   18.600   6.044E+00
   18.700   5.779E+00
   18.800   5.530E+00
   18.900   5.296E+00
   19.000   5.076E+00
   19.100   4.868E+00
   19.200   4.671E+00
   19.300   4.485E+00
   19.400   4.307E+00
   19.500   4.138E+00
   19.600   3.977E+00
   19.700   3.821E+00
   19.800   3.673E+00
   19.900   3.530E+00
   20.000   3.394E+00
   20.100   3.264E+00
   20.200   3.141E+00
   20.300   3.025E+00
   20.400   2.915E+00
   20.500   2.812E+00
   20.600   2.715E+00
   20.700   2.623E+00
   20.800   2.537E+00
   20.900   2.456E+00
   21.000   2.379E+00
   21.100   2.307E+00
   21.200   2.239E+00
   21.300   2.174E+00
   21.400   2.112E+00
   21.500   2.054E+00
   21.600   1.999E+00
   21.700   1.946E+00
   21.800   1.896E+00
   21.900   1.848E+00
   22.000   1.802E+00
   22.100   1.758E+00
   22.200   1.716E+00
   22.300   1.676E+00
   22.400   1.637E+00
   22.500   1.600E+00
   22.600   1.565E+00
   22.700   1.530E+00
   22.800   1.497E+00
   22.900   1.466E+00
   23.000   1.435E+00
   23.100   1.406E+00
   23.200   1.377E+00
   23.300   1.350E+00
   23.400   1.323E+00
   23.500   1.298E+00
   23.600   1.273E+00
   23.700   1.249E+00
   23.800   1.226E+00
   23.900   1.203E+00
   24.000   1.181E+00
   24.100   1.160E+00
   24.200   1.140E+00
   24.300   1.120E+00
   24.400   1.100E+00
   24.500   1.082E+00
   24.600   1.064E+00
   24.700   1.046E+00
   24.800   1.029E+00
   24.900   1.012E+00
   25.000   9.956E-01
   25.100   9.798E-01
   25.200   9.644E-01
   25.300   9.493E-01
   25.400   9.347E-01
   25.500   9.205E-01
   25.600   9.066E-01
   25.700   8.930E-01
   25.800   8.798E-01
   25.900   8.670E-01
   26.000   8.544E-01
   26.100   8.421E-01
   26.200   8.302E-01
   26.300   8.185E-01
   26.400   8.071E-01
   26.500   7.959E-01
   26.600   7.850E-01
   26.700   7.743E-01
   26.800   7.639E-01
   26.900   7.537E-01
   27.000   7.438E-01
   27.100   7.340E-01
   27.200   7.245E-01
   27.300   7.152E-01
   27.400   7.061E-01
   27.500   6.971E-01
   27.600   6.884E-01
   27.700   6.798E-01
   27.800   6.714E-01
   27.900   6.632E-01
   28.000   6.551E-01
   28.100   6.472E-01
   28.200   6.395E-01
   28.300   6.319E-01
   28.400   6.244E-01
   28.500   6.171E-01
   28.600   6.100E-01
   28.700   6.029E-01
   28.800   5.960E-01
   28.900   5.893E-01
   29.000   5.826E-01
   29.100   5.761E-01
   29.200   5.697E-01
   29.300   5.634E-01
   29.400   5.573E-01
   29.500   5.512E-01
   29.600   5.453E-01
   29.700   5.394E-01
   29.800   5.337E-01
   29.900   5.280E-01
   30.000   5.225E-01
 
 Z=  80 A= 186  D1M-QRPA
   E[MeV]   fQRPA[mb/MeV]
    0.100   3.165E-04
    0.200   1.270E-03
    0.300   2.875E-03
    0.400   5.149E-03
    0.500   8.120E-03
    0.600   1.181E-02
    0.700   1.626E-02
    0.800   2.146E-02
    0.900   2.742E-02
    1.000   3.409E-02
    1.100   4.141E-02
    1.200   4.923E-02
    1.300   5.737E-02
    1.400   6.561E-02
    1.500   7.370E-02
    1.600   8.141E-02
    1.700   8.853E-02
    1.800   9.498E-02
    1.900   1.007E-01
    2.000   1.058E-01
    2.100   1.104E-01
    2.200   1.147E-01
    2.300   1.187E-01
    2.400   1.228E-01
    2.500   1.270E-01
    2.600   1.314E-01
    2.700   1.362E-01
    2.800   1.413E-01
    2.900   1.468E-01
    3.000   1.528E-01
    3.100   1.593E-01
    3.200   1.663E-01
    3.300   1.739E-01
    3.400   1.820E-01
    3.500   1.908E-01
    3.600   2.002E-01
    3.700   2.103E-01
    3.800   2.211E-01
    3.900   2.326E-01
    4.000   2.449E-01
    4.100   2.579E-01
    4.200   2.718E-01
    4.300   2.866E-01
    4.400   3.022E-01
    4.500   3.187E-01
    4.600   3.361E-01
    4.700   3.545E-01
    4.800   3.738E-01
    4.900   3.941E-01
    5.000   4.155E-01
    5.100   4.381E-01
    5.200   4.619E-01
    5.300   4.871E-01
    5.400   5.137E-01
    5.500   5.419E-01
    5.600   5.718E-01
    5.700   6.036E-01
    5.800   6.373E-01
    5.900   6.731E-01
    6.000   7.111E-01
    6.100   7.516E-01
    6.200   7.947E-01
    6.300   8.405E-01
    6.400   8.891E-01
    6.500   9.408E-01
    6.600   9.955E-01
    6.700   1.053E+00
    6.800   1.114E+00
    6.900   1.178E+00
    7.000   1.246E+00
    7.100   1.316E+00
    7.200   1.391E+00
    7.300   1.469E+00
    7.400   1.551E+00
    7.500   1.637E+00
    7.600   1.729E+00
    7.700   1.826E+00
    7.800   1.929E+00
    7.900   2.039E+00
    8.000   2.156E+00
    8.100   2.281E+00
    8.200   2.414E+00
    8.300   2.555E+00
    8.400   2.706E+00
    8.500   2.866E+00
    8.600   3.036E+00
    8.700   3.215E+00
    8.800   3.405E+00
    8.900   3.604E+00
    9.000   3.814E+00
    9.100   4.035E+00
    9.200   4.265E+00
    9.300   4.505E+00
    9.400   4.756E+00
    9.500   5.018E+00
    9.600   5.290E+00
    9.700   5.576E+00
    9.800   5.875E+00
    9.900   6.190E+00
   10.000   6.524E+00
   10.100   6.878E+00
   10.200   7.256E+00
   10.300   7.661E+00
   10.400   8.096E+00
   10.500   8.564E+00
   10.600   9.069E+00
   10.700   9.616E+00
   10.800   1.021E+01
   10.900   1.085E+01
   11.000   1.155E+01
   11.100   1.230E+01
   11.200   1.312E+01
   11.300   1.400E+01
   11.400   1.496E+01
   11.500   1.598E+01
   11.600   1.709E+01
   11.700   1.829E+01
   11.800   1.957E+01
   11.900   2.095E+01
   12.000   2.241E+01
   12.100   2.395E+01
   12.200   2.555E+01
   12.300   2.719E+01
   12.400   2.882E+01
   12.500   3.040E+01
   12.600   3.187E+01
   12.700   3.318E+01
   12.800   3.427E+01
   12.900   3.508E+01
   13.000   3.560E+01
   13.100   3.581E+01
   13.200   3.572E+01
   13.300   3.536E+01
   13.400   3.477E+01
   13.500   3.400E+01
   13.600   3.311E+01
   13.700   3.213E+01
   13.800   3.113E+01
   13.900   3.013E+01
   14.000   2.918E+01
   14.100   2.830E+01
   14.200   2.752E+01
   14.300   2.685E+01
   14.400   2.630E+01
   14.500   2.587E+01
   14.600   2.554E+01
   14.700   2.531E+01
   14.800   2.515E+01
   14.900   2.504E+01
   15.000   2.495E+01
   15.100   2.484E+01
   15.200   2.470E+01
   15.300   2.449E+01
   15.400   2.420E+01
   15.500   2.382E+01
   15.600   2.334E+01
   15.700   2.278E+01
   15.800   2.214E+01
   15.900   2.143E+01
   16.000   2.067E+01
   16.100   1.986E+01
   16.200   1.902E+01
   16.300   1.817E+01
   16.400   1.732E+01
   16.500   1.649E+01
   16.600   1.567E+01
   16.700   1.489E+01
   16.800   1.414E+01
   16.900   1.343E+01
   17.000   1.276E+01
   17.100   1.212E+01
   17.200   1.153E+01
   17.300   1.097E+01
   17.400   1.045E+01
   17.500   9.960E+00
   17.600   9.499E+00
   17.700   9.064E+00
   17.800   8.652E+00
   17.900   8.261E+00
   18.000   7.888E+00
   18.100   7.531E+00
   18.200   7.190E+00
   18.300   6.862E+00
   18.400   6.548E+00
   18.500   6.247E+00
   18.600   5.959E+00
   18.700   5.685E+00
   18.800   5.424E+00
   18.900   5.176E+00
   19.000   4.943E+00
   19.100   4.723E+00
   19.200   4.516E+00
   19.300   4.323E+00
   19.400   4.142E+00
   19.500   3.973E+00
   19.600   3.815E+00
   19.700   3.667E+00
   19.800   3.528E+00
   19.900   3.398E+00
   20.000   3.277E+00
   20.100   3.162E+00
   20.200   3.055E+00
   20.300   2.953E+00
   20.400   2.858E+00
   20.500   2.768E+00
   20.600   2.682E+00
   20.700   2.601E+00
   20.800   2.525E+00
   20.900   2.452E+00
   21.000   2.383E+00
   21.100   2.317E+00
   21.200   2.254E+00
   21.300   2.194E+00
   21.400   2.137E+00
   21.500   2.083E+00
   21.600   2.031E+00
   21.700   1.981E+00
   21.800   1.933E+00
   21.900   1.887E+00
   22.000   1.843E+00
   22.100   1.800E+00
   22.200   1.760E+00
   22.300   1.721E+00
   22.400   1.683E+00
   22.500   1.647E+00
   22.600   1.612E+00
   22.700   1.578E+00
   22.800   1.546E+00
   22.900   1.514E+00
   23.000   1.484E+00
   23.100   1.454E+00
   23.200   1.426E+00
   23.300   1.399E+00
   23.400   1.372E+00
   23.500   1.346E+00
   23.600   1.322E+00
   23.700   1.297E+00
   23.800   1.274E+00
   23.900   1.251E+00
   24.000   1.229E+00
   24.100   1.208E+00
   24.200   1.187E+00
   24.300   1.167E+00
   24.400   1.147E+00
   24.500   1.128E+00
   24.600   1.110E+00
   24.700   1.092E+00
   24.800   1.074E+00
   24.900   1.057E+00
   25.000   1.041E+00
   25.100   1.024E+00
   25.200   1.009E+00
   25.300   9.932E-01
   25.400   9.783E-01
   25.500   9.636E-01
   25.600   9.494E-01
   25.700   9.355E-01
   25.800   9.219E-01
   25.900   9.087E-01
   26.000   8.957E-01
   26.100   8.831E-01
   26.200   8.707E-01
   26.300   8.587E-01
   26.400   8.469E-01
   26.500   8.354E-01
   26.600   8.241E-01
   26.700   8.131E-01
   26.800   8.024E-01
   26.900   7.918E-01
   27.000   7.815E-01
   27.100   7.714E-01
   27.200   7.616E-01
   27.300   7.519E-01
   27.400   7.424E-01
   27.500   7.331E-01
   27.600   7.241E-01
   27.700   7.152E-01
   27.800   7.064E-01
   27.900   6.979E-01
   28.000   6.895E-01
   28.100   6.813E-01
   28.200   6.733E-01
   28.300   6.654E-01
   28.400   6.576E-01
   28.500   6.500E-01
   28.600   6.425E-01
   28.700   6.352E-01
   28.800   6.281E-01
   28.900   6.210E-01
   29.000   6.141E-01
   29.100   6.073E-01
   29.200   6.006E-01
   29.300   5.941E-01
   29.400   5.876E-01
   29.500   5.813E-01
   29.600   5.751E-01
   29.700   5.690E-01
   29.800   5.630E-01
   29.900   5.571E-01
   30.000   5.513E-01
 
 Z=  80 A= 198  D1M-QRPA
   E[MeV]   fQRPA[mb/MeV]
    0.100   6.618E-04
    0.200   2.643E-03
    0.300   5.933E-03
    0.400   1.051E-02
    0.500   1.635E-02
    0.600   2.342E-02
    0.700   3.169E-02
    0.800   4.109E-02
    0.900   5.160E-02
    1.000   6.315E-02
    1.100   7.571E-02
    1.200   8.921E-02
    1.300   1.036E-01
    1.400   1.188E-01
    1.500   1.348E-01
    1.600   1.515E-01
    1.700   1.689E-01
    1.800   1.867E-01
    1.900   2.048E-01
    2.000   2.232E-01
    2.100   2.417E-01
    2.200   2.602E-01
    2.300   2.784E-01
    2.400   2.962E-01
    2.500   3.137E-01
    2.600   3.307E-01
    2.700   3.473E-01
    2.800   3.634E-01
    2.900   3.793E-01
    3.000   3.951E-01
    3.100   4.108E-01
    3.200   4.268E-01
    3.300   4.430E-01
    3.400   4.598E-01
    3.500   4.773E-01
    3.600   4.956E-01
    3.700   5.148E-01
    3.800   5.351E-01
    3.900   5.567E-01
    4.000   5.795E-01
    4.100   6.037E-01
    4.200   6.294E-01
    4.300   6.567E-01
    4.400   6.856E-01
    4.500   7.163E-01
    4.600   7.487E-01
    4.700   7.831E-01
    4.800   8.194E-01
    4.900   8.579E-01
    5.000   8.986E-01
    5.100   9.416E-01
    5.200   9.871E-01
    5.300   1.035E+00
    5.400   1.086E+00
    5.500   1.140E+00
    5.600   1.197E+00
    5.700   1.257E+00
    5.800   1.321E+00
    5.900   1.388E+00
    6.000   1.459E+00
    6.100   1.534E+00
    6.200   1.613E+00
    6.300   1.697E+00
    6.400   1.784E+00
    6.500   1.877E+00
    6.600   1.974E+00
    6.700   2.076E+00
    6.800   2.183E+00
    6.900   2.295E+00
    7.000   2.412E+00
    7.100   2.536E+00
    7.200   2.665E+00
    7.300   2.801E+00
    7.400   2.943E+00
    7.500   3.093E+00
    7.600   3.250E+00
    7.700   3.416E+00
    7.800   3.591E+00
    7.900   3.776E+00
    8.000   3.971E+00
    8.100   4.177E+00
    8.200   4.396E+00
    8.300   4.626E+00
    8.400   4.870E+00
    8.500   5.128E+00
    8.600   5.400E+00
    8.700   5.687E+00
    8.800   5.989E+00
    8.900   6.307E+00
    9.000   6.642E+00
    9.100   6.993E+00
    9.200   7.362E+00
    9.300   7.749E+00
    9.400   8.154E+00
    9.500   8.580E+00
    9.600   9.026E+00
    9.700   9.494E+00
    9.800   9.986E+00
    9.900   1.050E+01
   10.000   1.105E+01
   10.100   1.163E+01
   10.200   1.224E+01
   10.300   1.288E+01
   10.400   1.357E+01
   10.500   1.430E+01
   10.600   1.507E+01
   10.700   1.590E+01
   10.800   1.677E+01
   10.900   1.771E+01
   11.000   1.870E+01
   11.100   1.976E+01
   11.200   2.087E+01
   11.300   2.206E+01
   11.400   2.330E+01
   11.500   2.461E+01
   11.600   2.597E+01
   11.700   2.738E+01
   11.800   2.884E+01
   11.900   3.032E+01
   12.000   3.181E+01
   12.100   3.329E+01
   12.200   3.473E+01
   12.300   3.612E+01
   12.400   3.743E+01
   12.500   3.861E+01
   12.600   3.966E+01
   12.700   4.055E+01
   12.800   4.126E+01
   12.900   4.178E+01
   13.000   4.210E+01
   13.100   4.224E+01
   13.200   4.219E+01
   13.300   4.197E+01
   13.400   4.160E+01
   13.500   4.111E+01
   13.600   4.053E+01
   13.700   3.986E+01
   13.800   3.915E+01
   13.900   3.841E+01
   14.000   3.766E+01
   14.100   3.693E+01
   14.200   3.621E+01
   14.300   3.553E+01
   14.400   3.489E+01
   14.500   3.429E+01
   14.600   3.373E+01
   14.700   3.321E+01
   14.800   3.271E+01
   14.900   3.222E+01
   15.000   3.174E+01
   15.100   3.126E+01
   15.200   3.076E+01
   15.300   3.023E+01
   15.400   2.967E+01
   15.500   2.907E+01
   15.600   2.843E+01
   15.700   2.775E+01
   15.800   2.704E+01
   15.900   2.630E+01
   16.000   2.553E+01
   16.100   2.475E+01
   16.200   2.396E+01
   16.300   2.317E+01
   16.400   2.238E+01
   16.500   2.160E+01
   16.600   2.084E+01
   16.700   2.009E+01
   16.800   1.935E+01
   16.900   1.864E+01
   17.000   1.795E+01
   17.100   1.728E+01
   17.200   1.663E+01
   17.300   1.601E+01
   17.400   1.540E+01
   17.500   1.482E+01
   17.600   1.426E+01
   17.700   1.371E+01
   17.800   1.319E+01
   17.900   1.269E+01
   18.000   1.221E+01
   18.100   1.174E+01
   18.200   1.129E+01
   18.300   1.087E+01
   18.400   1.046E+01
   18.500   1.006E+01
   18.600   9.689E+00
   18.700   9.331E+00
   18.800   8.991E+00
   18.900   8.666E+00
   19.000   8.357E+00
   19.100   8.064E+00
   19.200   7.785E+00
   19.300   7.520E+00
   19.400   7.268E+00
   19.500   7.029E+00
   19.600   6.802E+00
   19.700   6.586E+00
   19.800   6.381E+00
   19.900   6.186E+00
   20.000   6.000E+00
   20.100   5.823E+00
   20.200   5.655E+00
   20.300   5.494E+00
   20.400   5.340E+00
   20.500   5.194E+00
   20.600   5.054E+00
   20.700   4.920E+00
   20.800   4.792E+00
   20.900   4.670E+00
   21.000   4.552E+00
   21.100   4.440E+00
   21.200   4.332E+00
   21.300   4.228E+00
   21.400   4.128E+00
   21.500   4.032E+00
   21.600   3.940E+00
   21.700   3.852E+00
   21.800   3.766E+00
   21.900   3.684E+00
   22.000   3.605E+00
   22.100   3.528E+00
   22.200   3.455E+00
   22.300   3.383E+00
   22.400   3.314E+00
   22.500   3.248E+00
   22.600   3.184E+00
   22.700   3.121E+00
   22.800   3.061E+00
   22.900   3.003E+00
   23.000   2.946E+00
   23.100   2.892E+00
   23.200   2.839E+00
   23.300   2.787E+00
   23.400   2.737E+00
   23.500   2.689E+00
   23.600   2.642E+00
   23.700   2.596E+00
   23.800   2.552E+00
   23.900   2.508E+00
   24.000   2.466E+00
   24.100   2.426E+00
   24.200   2.386E+00
   24.300   2.347E+00
   24.400   2.310E+00
   24.500   2.273E+00
   24.600   2.237E+00
   24.700   2.203E+00
   24.800   2.169E+00
   24.900   2.136E+00
   25.000   2.104E+00
   25.100   2.072E+00
   25.200   2.042E+00
   25.300   2.012E+00
   25.400   1.983E+00
   25.500   1.954E+00
   25.600   1.926E+00
   25.700   1.899E+00
   25.800   1.873E+00
   25.900   1.847E+00
   26.000   1.821E+00
   26.100   1.797E+00
   26.200   1.772E+00
   26.300   1.749E+00
   26.400   1.726E+00
   26.500   1.703E+00
   26.600   1.681E+00
   26.700   1.659E+00
   26.800   1.638E+00
   26.900   1.617E+00
   27.000   1.596E+00
   27.100   1.576E+00
   27.200   1.557E+00
   27.300   1.538E+00
   27.400   1.519E+00
   27.500   1.501E+00
   27.600   1.483E+00
   27.700   1.465E+00
   27.800   1.447E+00
   27.900   1.430E+00
   28.000   1.414E+00
   28.100   1.397E+00
   28.200   1.381E+00
   28.300   1.366E+00
   28.400   1.350E+00
   28.500   1.335E+00
   28.600   1.320E+00
   28.700   1.305E+00
   28.800   1.291E+00
   28.900   1.277E+00
   29.000   1.263E+00
   29.100   1.249E+00
   29.200   1.236E+00
   29.300   1.223E+00
   29.400   1.210E+00
   29.500   1.197E+00
   29.600   1.185E+00
   29.700   1.172E+00
   29.800   1.160E+00
   29.900   1.148E+00
   30.000   1.137E+00
 
