 Z=  85 A= 199  D1M-QRPA-Inter
 E[MeV]  fQRPA[mb/MeV]
    0.100   1.929E-04
    0.200   7.721E-04
    0.300   1.739E-03
    0.400   3.094E-03
    0.500   4.841E-03
    0.600   6.981E-03
    0.700   9.519E-03
    0.800   1.246E-02
    0.900   1.580E-02
    1.000   1.955E-02
    1.100   2.372E-02
    1.200   2.830E-02
    1.300   3.329E-02
    1.400   3.871E-02
    1.500   4.455E-02
    1.600   5.081E-02
    1.700   5.750E-02
    1.800   6.460E-02
    1.900   7.214E-02
    2.000   8.010E-02
    2.100   8.850E-02
    2.200   9.734E-02
    2.300   1.066E-01
    2.400   1.164E-01
    2.500   1.266E-01
    2.600   1.373E-01
    2.700   1.485E-01
    2.800   1.603E-01
    2.900   1.726E-01
    3.000   1.855E-01
    3.100   1.990E-01
    3.200   2.131E-01
    3.300   2.278E-01
    3.400   2.432E-01
    3.500   2.593E-01
    3.600   2.761E-01
    3.700   2.937E-01
    3.800   3.121E-01
    3.900   3.313E-01
    4.000   3.514E-01
    4.100   3.724E-01
    4.200   3.943E-01
    4.300   4.172E-01
    4.400   4.410E-01
    4.500   4.660E-01
    4.600   4.921E-01
    4.700   5.193E-01
    4.800   5.478E-01
    4.900   5.775E-01
    5.000   6.086E-01
    5.100   6.411E-01
    5.200   6.750E-01
    5.300   7.106E-01
    5.400   7.478E-01
    5.500   7.868E-01
    5.600   8.276E-01
    5.700   8.703E-01
    5.800   9.152E-01
    5.900   9.622E-01
    6.000   1.012E+00
    6.100   1.063E+00
    6.200   1.118E+00
    6.300   1.175E+00
    6.400   1.235E+00
    6.500   1.298E+00
    6.600   1.365E+00
    6.700   1.434E+00
    6.800   1.508E+00
    6.900   1.586E+00
    7.000   1.667E+00
    7.100   1.753E+00
    7.200   1.844E+00
    7.300   1.939E+00
    7.400   2.039E+00
    7.500   2.145E+00
    7.600   2.257E+00
    7.700   2.374E+00
    7.800   2.499E+00
    7.900   2.629E+00
    8.000   2.767E+00
    8.100   2.913E+00
    8.200   3.067E+00
    8.300   3.229E+00
    8.400   3.401E+00
    8.500   3.582E+00
    8.600   3.774E+00
    8.700   3.976E+00
    8.800   4.190E+00
    8.900   4.416E+00
    9.000   4.654E+00
    9.100   4.905E+00
    9.200   5.170E+00
    9.300   5.449E+00
    9.400   5.743E+00
    9.500   6.053E+00
    9.600   6.378E+00
    9.700   6.721E+00
    9.800   7.081E+00
    9.900   7.459E+00
   10.000   7.857E+00
   10.100   8.275E+00
   10.200   8.715E+00
   10.300   9.178E+00
   10.400   9.665E+00
   10.500   1.018E+01
   10.600   1.072E+01
   10.700   1.129E+01
   10.800   1.190E+01
   10.900   1.254E+01
   11.000   1.322E+01
   11.100   1.394E+01
   11.200   1.470E+01
   11.300   1.552E+01
   11.400   1.639E+01
   11.500   1.731E+01
   11.600   1.829E+01
   11.700   1.933E+01
   11.800   2.043E+01
   11.900   2.158E+01
   12.000   2.280E+01
   12.100   2.406E+01
   12.200   2.537E+01
   12.300   2.672E+01
   12.400   2.810E+01
   12.500   2.949E+01
   12.600   3.087E+01
   12.700   3.224E+01
   12.800   3.356E+01
   12.900   3.483E+01
   13.000   3.601E+01
   13.100   3.709E+01
   13.200   3.805E+01
   13.300   3.887E+01
   13.400   3.955E+01
   13.500   4.007E+01
   13.600   4.043E+01
   13.700   4.064E+01
   13.800   4.070E+01
   13.900   4.062E+01
   14.000   4.041E+01
   14.100   4.010E+01
   14.200   3.970E+01
   14.300   3.922E+01
   14.400   3.867E+01
   14.500   3.808E+01
   14.600   3.745E+01
   14.700   3.679E+01
   14.800   3.609E+01
   14.900   3.537E+01
   15.000   3.461E+01
   15.100   3.382E+01
   15.200   3.299E+01
   15.300   3.212E+01
   15.400   3.121E+01
   15.500   3.027E+01
   15.600   2.930E+01
   15.700   2.829E+01
   15.800   2.728E+01
   15.900   2.625E+01
   16.000   2.521E+01
   16.100   2.419E+01
   16.200   2.318E+01
   16.300   2.219E+01
   16.400   2.122E+01
   16.500   2.029E+01
   16.600   1.939E+01
   16.700   1.852E+01
   16.800   1.770E+01
   16.900   1.691E+01
   17.000   1.616E+01
   17.100   1.545E+01
   17.200   1.477E+01
   17.300   1.414E+01
   17.400   1.353E+01
   17.500   1.296E+01
   17.600   1.242E+01
   17.700   1.191E+01
   17.800   1.143E+01
   17.900   1.097E+01
   18.000   1.054E+01
   18.100   1.013E+01
   18.200   9.745E+00
   18.300   9.380E+00
   18.400   9.035E+00
   18.500   8.708E+00
   18.600   8.398E+00
   18.700   8.105E+00
   18.800   7.827E+00
   18.900   7.563E+00
   19.000   7.312E+00
   19.100   7.074E+00
   19.200   6.848E+00
   19.300   6.633E+00
   19.400   6.428E+00
   19.500   6.233E+00
   19.600   6.047E+00
   19.700   5.870E+00
   19.800   5.701E+00
   19.900   5.540E+00
   20.000   5.385E+00
   20.100   5.238E+00
   20.200   5.096E+00
   20.300   4.961E+00
   20.400   4.831E+00
   20.500   4.707E+00
   20.600   4.588E+00
   20.700   4.474E+00
   20.800   4.364E+00
   20.900   4.258E+00
   21.000   4.157E+00
   21.100   4.059E+00
   21.200   3.965E+00
   21.300   3.874E+00
   21.400   3.787E+00
   21.500   3.703E+00
   21.600   3.622E+00
   21.700   3.543E+00
   21.800   3.468E+00
   21.900   3.395E+00
   22.000   3.324E+00
   22.100   3.256E+00
   22.200   3.190E+00
   22.300   3.126E+00
   22.400   3.065E+00
   22.500   3.005E+00
   22.600   2.947E+00
   22.700   2.891E+00
   22.800   2.836E+00
   22.900   2.783E+00
   23.000   2.732E+00
   23.100   2.683E+00
   23.200   2.634E+00
   23.300   2.588E+00
   23.400   2.542E+00
   23.500   2.498E+00
   23.600   2.455E+00
   23.700   2.413E+00
   23.800   2.372E+00
   23.900   2.333E+00
   24.000   2.294E+00
   24.100   2.257E+00
   24.200   2.220E+00
   24.300   2.185E+00
   24.400   2.150E+00
   24.500   2.117E+00
   24.600   2.084E+00
   24.700   2.052E+00
   24.800   2.020E+00
   24.900   1.990E+00
   25.000   1.960E+00
   25.100   1.931E+00
   25.200   1.903E+00
   25.300   1.875E+00
   25.400   1.848E+00
   25.500   1.822E+00
   25.600   1.796E+00
   25.700   1.771E+00
   25.800   1.746E+00
   25.900   1.722E+00
   26.000   1.699E+00
   26.100   1.676E+00
   26.200   1.653E+00
   26.300   1.631E+00
   26.400   1.609E+00
   26.500   1.588E+00
   26.600   1.568E+00
   26.700   1.547E+00
   26.800   1.528E+00
   26.900   1.508E+00
   27.000   1.489E+00
   27.100   1.471E+00
   27.200   1.452E+00
   27.300   1.435E+00
   27.400   1.417E+00
   27.500   1.400E+00
   27.600   1.383E+00
   27.700   1.366E+00
   27.800   1.350E+00
   27.900   1.334E+00
   28.000   1.319E+00
   28.100   1.304E+00
   28.200   1.289E+00
   28.300   1.274E+00
   28.400   1.259E+00
   28.500   1.245E+00
   28.600   1.231E+00
   28.700   1.218E+00
   28.800   1.204E+00
   28.900   1.191E+00
   29.000   1.178E+00
   29.100   1.165E+00
   29.200   1.153E+00
   29.300   1.140E+00
   29.400   1.128E+00
   29.500   1.116E+00
   29.600   1.105E+00
   29.700   1.093E+00
   29.800   1.082E+00
   29.900   1.071E+00
   30.000   1.060E+00
 
