 Z=  86 A= 200  D1M-QRPA
   E[MeV]   fQRPA[mb/MeV]
    0.100   2.072E-04
    0.200   8.290E-04
    0.300   1.867E-03
    0.400   3.322E-03
    0.500   5.198E-03
    0.600   7.498E-03
    0.700   1.023E-02
    0.800   1.338E-02
    0.900   1.698E-02
    1.000   2.101E-02
    1.100   2.548E-02
    1.200   3.040E-02
    1.300   3.576E-02
    1.400   4.158E-02
    1.500   4.783E-02
    1.600   5.454E-02
    1.700   6.169E-02
    1.800   6.928E-02
    1.900   7.732E-02
    2.000   8.580E-02
    2.100   9.473E-02
    2.200   1.041E-01
    2.300   1.140E-01
    2.400   1.243E-01
    2.500   1.351E-01
    2.600   1.464E-01
    2.700   1.583E-01
    2.800   1.707E-01
    2.900   1.836E-01
    3.000   1.972E-01
    3.100   2.113E-01
    3.200   2.261E-01
    3.300   2.415E-01
    3.400   2.575E-01
    3.500   2.743E-01
    3.600   2.918E-01
    3.700   3.101E-01
    3.800   3.292E-01
    3.900   3.491E-01
    4.000   3.698E-01
    4.100   3.915E-01
    4.200   4.141E-01
    4.300   4.377E-01
    4.400   4.624E-01
    4.500   4.881E-01
    4.600   5.150E-01
    4.700   5.430E-01
    4.800   5.724E-01
    4.900   6.031E-01
    5.000   6.351E-01
    5.100   6.687E-01
    5.200   7.038E-01
    5.300   7.405E-01
    5.400   7.790E-01
    5.500   8.193E-01
    5.600   8.615E-01
    5.700   9.058E-01
    5.800   9.522E-01
    5.900   1.001E+00
    6.000   1.052E+00
    6.100   1.106E+00
    6.200   1.162E+00
    6.300   1.221E+00
    6.400   1.283E+00
    6.500   1.349E+00
    6.600   1.417E+00
    6.700   1.490E+00
    6.800   1.566E+00
    6.900   1.646E+00
    7.000   1.731E+00
    7.100   1.820E+00
    7.200   1.914E+00
    7.300   2.014E+00
    7.400   2.118E+00
    7.500   2.229E+00
    7.600   2.346E+00
    7.700   2.469E+00
    7.800   2.599E+00
    7.900   2.737E+00
    8.000   2.882E+00
    8.100   3.036E+00
    8.200   3.198E+00
    8.300   3.370E+00
    8.400   3.551E+00
    8.500   3.743E+00
    8.600   3.945E+00
    8.700   4.159E+00
    8.800   4.385E+00
    8.900   4.624E+00
    9.000   4.876E+00
    9.100   5.142E+00
    9.200   5.422E+00
    9.300   5.717E+00
    9.400   6.028E+00
    9.500   6.355E+00
    9.600   6.699E+00
    9.700   7.062E+00
    9.800   7.443E+00
    9.900   7.844E+00
   10.000   8.266E+00
   10.100   8.711E+00
   10.200   9.178E+00
   10.300   9.671E+00
   10.400   1.019E+01
   10.500   1.074E+01
   10.600   1.132E+01
   10.700   1.193E+01
   10.800   1.257E+01
   10.900   1.326E+01
   11.000   1.398E+01
   11.100   1.475E+01
   11.200   1.557E+01
   11.300   1.644E+01
   11.400   1.737E+01
   11.500   1.835E+01
   11.600   1.939E+01
   11.700   2.049E+01
   11.800   2.164E+01
   11.900   2.286E+01
   12.000   2.412E+01
   12.100   2.544E+01
   12.200   2.679E+01
   12.300   2.817E+01
   12.400   2.956E+01
   12.500   3.095E+01
   12.600   3.232E+01
   12.700   3.365E+01
   12.800   3.492E+01
   12.900   3.611E+01
   13.000   3.720E+01
   13.100   3.818E+01
   13.200   3.903E+01
   13.300   3.974E+01
   13.400   4.030E+01
   13.500   4.071E+01
   13.600   4.097E+01
   13.700   4.109E+01
   13.800   4.107E+01
   13.900   4.093E+01
   14.000   4.068E+01
   14.100   4.033E+01
   14.200   3.991E+01
   14.300   3.941E+01
   14.400   3.886E+01
   14.500   3.826E+01
   14.600   3.762E+01
   14.700   3.694E+01
   14.800   3.623E+01
   14.900   3.548E+01
   15.000   3.470E+01
   15.100   3.387E+01
   15.200   3.300E+01
   15.300   3.209E+01
   15.400   3.113E+01
   15.500   3.015E+01
   15.600   2.913E+01
   15.700   2.809E+01
   15.800   2.704E+01
   15.900   2.597E+01
   16.000   2.492E+01
   16.100   2.387E+01
   16.200   2.284E+01
   16.300   2.183E+01
   16.400   2.086E+01
   16.500   1.992E+01
   16.600   1.901E+01
   16.700   1.815E+01
   16.800   1.732E+01
   16.900   1.654E+01
   17.000   1.579E+01
   17.100   1.509E+01
   17.200   1.442E+01
   17.300   1.379E+01
   17.400   1.320E+01
   17.500   1.264E+01
   17.600   1.211E+01
   17.700   1.161E+01
   17.800   1.114E+01
   17.900   1.070E+01
   18.000   1.028E+01
   18.100   9.890E+00
   18.200   9.519E+00
   18.300   9.167E+00
   18.400   8.835E+00
   18.500   8.521E+00
   18.600   8.224E+00
   18.700   7.942E+00
   18.800   7.674E+00
   18.900   7.421E+00
   19.000   7.180E+00
   19.100   6.951E+00
   19.200   6.734E+00
   19.300   6.526E+00
   19.400   6.329E+00
   19.500   6.141E+00
   19.600   5.962E+00
   19.700   5.791E+00
   19.800   5.627E+00
   19.900   5.471E+00
   20.000   5.321E+00
   20.100   5.178E+00
   20.200   5.041E+00
   20.300   4.910E+00
   20.400   4.784E+00
   20.500   4.663E+00
   20.600   4.547E+00
   20.700   4.436E+00
   20.800   4.329E+00
   20.900   4.226E+00
   21.000   4.127E+00
   21.100   4.031E+00
   21.200   3.939E+00
   21.300   3.851E+00
   21.400   3.765E+00
   21.500   3.683E+00
   21.600   3.603E+00
   21.700   3.527E+00
   21.800   3.452E+00
   21.900   3.381E+00
   22.000   3.311E+00
   22.100   3.244E+00
   22.200   3.180E+00
   22.300   3.117E+00
   22.400   3.056E+00
   22.500   2.997E+00
   22.600   2.940E+00
   22.700   2.885E+00
   22.800   2.831E+00
   22.900   2.779E+00
   23.000   2.729E+00
   23.100   2.680E+00
   23.200   2.632E+00
   23.300   2.586E+00
   23.400   2.541E+00
   23.500   2.497E+00
   23.600   2.454E+00
   23.700   2.413E+00
   23.800   2.373E+00
   23.900   2.334E+00
   24.000   2.296E+00
   24.100   2.259E+00
   24.200   2.222E+00
   24.300   2.187E+00
   24.400   2.153E+00
   24.500   2.119E+00
   24.600   2.087E+00
   24.700   2.055E+00
   24.800   2.024E+00
   24.900   1.994E+00
   25.000   1.964E+00
   25.100   1.935E+00
   25.200   1.907E+00
   25.300   1.880E+00
   25.400   1.853E+00
   25.500   1.827E+00
   25.600   1.801E+00
   25.700   1.776E+00
   25.800   1.752E+00
   25.900   1.728E+00
   26.000   1.704E+00
   26.100   1.681E+00
   26.200   1.659E+00
   26.300   1.637E+00
   26.400   1.615E+00
   26.500   1.594E+00
   26.600   1.574E+00
   26.700   1.554E+00
   26.800   1.534E+00
   26.900   1.515E+00
   27.000   1.496E+00
   27.100   1.477E+00
   27.200   1.459E+00
   27.300   1.441E+00
   27.400   1.424E+00
   27.500   1.407E+00
   27.600   1.390E+00
   27.700   1.373E+00
   27.800   1.357E+00
   27.900   1.341E+00
   28.000   1.326E+00
   28.100   1.310E+00
   28.200   1.295E+00
   28.300   1.281E+00
   28.400   1.266E+00
   28.500   1.252E+00
   28.600   1.238E+00
   28.700   1.224E+00
   28.800   1.211E+00
   28.900   1.198E+00
   29.000   1.185E+00
   29.100   1.172E+00
   29.200   1.160E+00
   29.300   1.147E+00
   29.400   1.135E+00
   29.500   1.123E+00
   29.600   1.112E+00
   29.700   1.100E+00
   29.800   1.089E+00
   29.900   1.078E+00
   30.000   1.067E+00
 
 Z=  86 A= 201  D1M-QRPA-Inter
 E[MeV]  fQRPA[mb/MeV]
    0.100   2.717E-04
    0.200   1.087E-03
    0.300   2.448E-03
    0.400   4.357E-03
    0.500   6.817E-03
    0.600   9.831E-03
    0.700   1.340E-02
    0.800   1.753E-02
    0.900   2.221E-02
    1.000   2.745E-02
    1.100   3.323E-02
    1.200   3.955E-02
    1.300   4.637E-02
    1.400   5.369E-02
    1.500   6.148E-02
    1.600   6.970E-02
    1.700   7.831E-02
    1.800   8.730E-02
    1.900   9.663E-02
    2.000   1.063E-01
    2.100   1.162E-01
    2.200   1.265E-01
    2.300   1.371E-01
    2.400   1.480E-01
    2.500   1.592E-01
    2.600   1.708E-01
    2.700   1.828E-01
    2.800   1.953E-01
    2.900   2.083E-01
    3.000   2.217E-01
    3.100   2.358E-01
    3.200   2.504E-01
    3.300   2.657E-01
    3.400   2.817E-01
    3.500   2.984E-01
    3.600   3.158E-01
    3.700   3.341E-01
    3.800   3.532E-01
    3.900   3.731E-01
    4.000   3.940E-01
    4.100   4.158E-01
    4.200   4.386E-01
    4.300   4.625E-01
    4.400   4.876E-01
    4.500   5.137E-01
    4.600   5.411E-01
    4.700   5.698E-01
    4.800   5.999E-01
    4.900   6.314E-01
    5.000   6.644E-01
    5.100   6.989E-01
    5.200   7.352E-01
    5.300   7.731E-01
    5.400   8.130E-01
    5.500   8.548E-01
    5.600   8.986E-01
    5.700   9.446E-01
    5.800   9.929E-01
    5.900   1.044E+00
    6.000   1.097E+00
    6.100   1.153E+00
    6.200   1.212E+00
    6.300   1.274E+00
    6.400   1.339E+00
    6.500   1.408E+00
    6.600   1.480E+00
    6.700   1.556E+00
    6.800   1.636E+00
    6.900   1.721E+00
    7.000   1.810E+00
    7.100   1.904E+00
    7.200   2.003E+00
    7.300   2.107E+00
    7.400   2.218E+00
    7.500   2.334E+00
    7.600   2.457E+00
    7.700   2.587E+00
    7.800   2.724E+00
    7.900   2.869E+00
    8.000   3.022E+00
    8.100   3.184E+00
    8.200   3.355E+00
    8.300   3.536E+00
    8.400   3.727E+00
    8.500   3.928E+00
    8.600   4.141E+00
    8.700   4.366E+00
    8.800   4.604E+00
    8.900   4.854E+00
    9.000   5.118E+00
    9.100   5.397E+00
    9.200   5.690E+00
    9.300   5.999E+00
    9.400   6.324E+00
    9.500   6.666E+00
    9.600   7.026E+00
    9.700   7.404E+00
    9.800   7.803E+00
    9.900   8.222E+00
   10.000   8.662E+00
   10.100   9.127E+00
   10.200   9.615E+00
   10.300   1.013E+01
   10.400   1.067E+01
   10.500   1.125E+01
   10.600   1.186E+01
   10.700   1.250E+01
   10.800   1.318E+01
   10.900   1.390E+01
   11.000   1.467E+01
   11.100   1.548E+01
   11.200   1.635E+01
   11.300   1.727E+01
   11.400   1.825E+01
   11.500   1.929E+01
   11.600   2.038E+01
   11.700   2.154E+01
   11.800   2.275E+01
   11.900   2.402E+01
   12.000   2.533E+01
   12.100   2.669E+01
   12.200   2.807E+01
   12.300   2.946E+01
   12.400   3.086E+01
   12.500   3.223E+01
   12.600   3.356E+01
   12.700   3.484E+01
   12.800   3.602E+01
   12.900   3.711E+01
   13.000   3.807E+01
   13.100   3.890E+01
   13.200   3.958E+01
   13.300   4.010E+01
   13.400   4.046E+01
   13.500   4.068E+01
   13.600   4.074E+01
   13.700   4.067E+01
   13.800   4.047E+01
   13.900   4.017E+01
   14.000   3.977E+01
   14.100   3.931E+01
   14.200   3.878E+01
   14.300   3.822E+01
   14.400   3.761E+01
   14.500   3.699E+01
   14.600   3.634E+01
   14.700   3.567E+01
   14.800   3.499E+01
   14.900   3.427E+01
   15.000   3.353E+01
   15.100   3.276E+01
   15.200   3.196E+01
   15.300   3.111E+01
   15.400   3.023E+01
   15.500   2.932E+01
   15.600   2.837E+01
   15.700   2.741E+01
   15.800   2.642E+01
   15.900   2.543E+01
   16.000   2.444E+01
   16.100   2.345E+01
   16.200   2.248E+01
   16.300   2.153E+01
   16.400   2.060E+01
   16.500   1.970E+01
   16.600   1.883E+01
   16.700   1.800E+01
   16.800   1.721E+01
   16.900   1.645E+01
   17.000   1.572E+01
   17.100   1.503E+01
   17.200   1.438E+01
   17.300   1.376E+01
   17.400   1.318E+01
   17.500   1.262E+01
   17.600   1.210E+01
   17.700   1.160E+01
   17.800   1.114E+01
   17.900   1.070E+01
   18.000   1.028E+01
   18.100   9.885E+00
   18.200   9.513E+00
   18.300   9.161E+00
   18.400   8.828E+00
   18.500   8.514E+00
   18.600   8.216E+00
   18.700   7.933E+00
   18.800   7.665E+00
   18.900   7.411E+00
   19.000   7.170E+00
   19.100   6.941E+00
   19.200   6.723E+00
   19.300   6.515E+00
   19.400   6.318E+00
   19.500   6.130E+00
   19.600   5.950E+00
   19.700   5.779E+00
   19.800   5.616E+00
   19.900   5.459E+00
   20.000   5.310E+00
   20.100   5.167E+00
   20.200   5.030E+00
   20.300   4.899E+00
   20.400   4.773E+00
   20.500   4.653E+00
   20.600   4.537E+00
   20.700   4.426E+00
   20.800   4.319E+00
   20.900   4.216E+00
   21.000   4.117E+00
   21.100   4.022E+00
   21.200   3.930E+00
   21.300   3.842E+00
   21.400   3.757E+00
   21.500   3.675E+00
   21.600   3.595E+00
   21.700   3.519E+00
   21.800   3.445E+00
   21.900   3.374E+00
   22.000   3.304E+00
   22.100   3.238E+00
   22.200   3.173E+00
   22.300   3.111E+00
   22.400   3.050E+00
   22.500   2.991E+00
   22.600   2.934E+00
   22.700   2.879E+00
   22.800   2.826E+00
   22.900   2.774E+00
   23.000   2.724E+00
   23.100   2.675E+00
   23.200   2.627E+00
   23.300   2.581E+00
   23.400   2.537E+00
   23.500   2.493E+00
   23.600   2.451E+00
   23.700   2.409E+00
   23.800   2.369E+00
   23.900   2.330E+00
   24.000   2.292E+00
   24.100   2.256E+00
   24.200   2.220E+00
   24.300   2.184E+00
   24.400   2.150E+00
   24.500   2.117E+00
   24.600   2.084E+00
   24.700   2.053E+00
   24.800   2.022E+00
   24.900   1.992E+00
   25.000   1.962E+00
   25.100   1.934E+00
   25.200   1.906E+00
   25.300   1.878E+00
   25.400   1.851E+00
   25.500   1.825E+00
   25.600   1.800E+00
   25.700   1.775E+00
   25.800   1.750E+00
   25.900   1.726E+00
   26.000   1.703E+00
   26.100   1.680E+00
   26.200   1.658E+00
   26.300   1.636E+00
   26.400   1.615E+00
   26.500   1.594E+00
   26.600   1.573E+00
   26.700   1.553E+00
   26.800   1.533E+00
   26.900   1.514E+00
   27.000   1.495E+00
   27.100   1.477E+00
   27.200   1.459E+00
   27.300   1.441E+00
   27.400   1.424E+00
   27.500   1.406E+00
   27.600   1.390E+00
   27.700   1.373E+00
   27.800   1.357E+00
   27.900   1.341E+00
   28.000   1.326E+00
   28.100   1.311E+00
   28.200   1.296E+00
   28.300   1.281E+00
   28.400   1.267E+00
   28.500   1.252E+00
   28.600   1.238E+00
   28.700   1.225E+00
   28.800   1.211E+00
   28.900   1.198E+00
   29.000   1.185E+00
   29.100   1.173E+00
   29.200   1.160E+00
   29.300   1.148E+00
   29.400   1.136E+00
   29.500   1.124E+00
   29.600   1.112E+00
   29.700   1.101E+00
   29.800   1.089E+00
   29.900   1.078E+00
   30.000   1.067E+00
 
 Z=  86 A= 202  D1M-QRPA
   E[MeV]   fQRPA[mb/MeV]
    0.100   3.560E-04
    0.200   1.425E-03
    0.300   3.209E-03
    0.400   5.711E-03
    0.500   8.934E-03
    0.600   1.288E-02
    0.700   1.755E-02
    0.800   2.294E-02
    0.900   2.905E-02
    1.000   3.584E-02
    1.100   4.331E-02
    1.200   5.141E-02
    1.300   6.009E-02
    1.400   6.930E-02
    1.500   7.896E-02
    1.600   8.900E-02
    1.700   9.935E-02
    1.800   1.099E-01
    1.900   1.207E-01
    2.000   1.316E-01
    2.100   1.425E-01
    2.200   1.536E-01
    2.300   1.647E-01
    2.400   1.760E-01
    2.500   1.874E-01
    2.600   1.991E-01
    2.700   2.110E-01
    2.800   2.233E-01
    2.900   2.360E-01
    3.000   2.492E-01
    3.100   2.629E-01
    3.200   2.773E-01
    3.300   2.922E-01
    3.400   3.079E-01
    3.500   3.243E-01
    3.600   3.416E-01
    3.700   3.596E-01
    3.800   3.786E-01
    3.900   3.985E-01
    4.000   4.194E-01
    4.100   4.413E-01
    4.200   4.643E-01
    4.300   4.884E-01
    4.400   5.138E-01
    4.500   5.404E-01
    4.600   5.683E-01
    4.700   5.976E-01
    4.800   6.283E-01
    4.900   6.606E-01
    5.000   6.945E-01
    5.100   7.301E-01
    5.200   7.674E-01
    5.300   8.066E-01
    5.400   8.478E-01
    5.500   8.911E-01
    5.600   9.366E-01
    5.700   9.844E-01
    5.800   1.035E+00
    5.900   1.088E+00
    6.000   1.143E+00
    6.100   1.202E+00
    6.200   1.263E+00
    6.300   1.328E+00
    6.400   1.396E+00
    6.500   1.468E+00
    6.600   1.544E+00
    6.700   1.624E+00
    6.800   1.708E+00
    6.900   1.797E+00
    7.000   1.891E+00
    7.100   1.990E+00
    7.200   2.094E+00
    7.300   2.204E+00
    7.400   2.320E+00
    7.500   2.443E+00
    7.600   2.572E+00
    7.700   2.709E+00
    7.800   2.853E+00
    7.900   3.006E+00
    8.000   3.167E+00
    8.100   3.337E+00
    8.200   3.517E+00
    8.300   3.707E+00
    8.400   3.908E+00
    8.500   4.120E+00
    8.600   4.344E+00
    8.700   4.580E+00
    8.800   4.829E+00
    8.900   5.092E+00
    9.000   5.369E+00
    9.100   5.661E+00
    9.200   5.968E+00
    9.300   6.291E+00
    9.400   6.630E+00
    9.500   6.988E+00
    9.600   7.363E+00
    9.700   7.758E+00
    9.800   8.174E+00
    9.900   8.611E+00
   10.000   9.071E+00
   10.100   9.556E+00
   10.200   1.007E+01
   10.300   1.060E+01
   10.400   1.117E+01
   10.500   1.178E+01
   10.600   1.241E+01
   10.700   1.309E+01
   10.800   1.380E+01
   10.900   1.457E+01
   11.000   1.538E+01
   11.100   1.624E+01
   11.200   1.715E+01
   11.300   1.813E+01
   11.400   1.916E+01
   11.500   2.026E+01
   11.600   2.141E+01
   11.700   2.263E+01
   11.800   2.390E+01
   11.900   2.522E+01
   12.000   2.658E+01
   12.100   2.798E+01
   12.200   2.939E+01
   12.300   3.080E+01
   12.400   3.219E+01
   12.500   3.354E+01
   12.600   3.483E+01
   12.700   3.604E+01
   12.800   3.714E+01
   12.900   3.811E+01
   13.000   3.893E+01
   13.100   3.960E+01
   13.200   4.010E+01
   13.300   4.043E+01
   13.400   4.060E+01
   13.500   4.061E+01
   13.600   4.048E+01
   13.700   4.022E+01
   13.800   3.985E+01
   13.900   3.939E+01
   14.000   3.886E+01
   14.100   3.828E+01
   14.200   3.767E+01
   14.300   3.703E+01
   14.400   3.639E+01
   14.500   3.573E+01
   14.600   3.508E+01
   14.700   3.442E+01
   14.800   3.376E+01
   14.900   3.308E+01
   15.000   3.239E+01
   15.100   3.167E+01
   15.200   3.093E+01
   15.300   3.015E+01
   15.400   2.934E+01
   15.500   2.849E+01
   15.600   2.762E+01
   15.700   2.672E+01
   15.800   2.581E+01
   15.900   2.488E+01
   16.000   2.395E+01
   16.100   2.303E+01
   16.200   2.211E+01
   16.300   2.121E+01
   16.400   2.033E+01
   16.500   1.947E+01
   16.600   1.865E+01
   16.700   1.785E+01
   16.800   1.708E+01
   16.900   1.634E+01
   17.000   1.564E+01
   17.100   1.497E+01
   17.200   1.433E+01
   17.300   1.372E+01
   17.400   1.314E+01
   17.500   1.260E+01
   17.600   1.208E+01
   17.700   1.159E+01
   17.800   1.112E+01
   17.900   1.068E+01
   18.000   1.027E+01
   18.100   9.873E+00
   18.200   9.501E+00
   18.300   9.149E+00
   18.400   8.816E+00
   18.500   8.500E+00
   18.600   8.202E+00
   18.700   7.919E+00
   18.800   7.651E+00
   18.900   7.397E+00
   19.000   7.155E+00
   19.100   6.926E+00
   19.200   6.707E+00
   19.300   6.500E+00
   19.400   6.302E+00
   19.500   6.114E+00
   19.600   5.935E+00
   19.700   5.764E+00
   19.800   5.600E+00
   19.900   5.444E+00
   20.000   5.295E+00
   20.100   5.152E+00
   20.200   5.016E+00
   20.300   4.885E+00
   20.400   4.759E+00
   20.500   4.639E+00
   20.600   4.523E+00
   20.700   4.412E+00
   20.800   4.306E+00
   20.900   4.203E+00
   21.000   4.105E+00
   21.100   4.010E+00
   21.200   3.919E+00
   21.300   3.831E+00
   21.400   3.746E+00
   21.500   3.664E+00
   21.600   3.585E+00
   21.700   3.509E+00
   21.800   3.435E+00
   21.900   3.364E+00
   22.000   3.295E+00
   22.100   3.229E+00
   22.200   3.164E+00
   22.300   3.102E+00
   22.400   3.042E+00
   22.500   2.983E+00
   22.600   2.927E+00
   22.700   2.872E+00
   22.800   2.819E+00
   22.900   2.767E+00
   23.000   2.717E+00
   23.100   2.668E+00
   23.200   2.621E+00
   23.300   2.575E+00
   23.400   2.531E+00
   23.500   2.487E+00
   23.600   2.445E+00
   23.700   2.404E+00
   23.800   2.364E+00
   23.900   2.326E+00
   24.000   2.288E+00
   24.100   2.251E+00
   24.200   2.215E+00
   24.300   2.180E+00
   24.400   2.146E+00
   24.500   2.113E+00
   24.600   2.081E+00
   24.700   2.049E+00
   24.800   2.018E+00
   24.900   1.988E+00
   25.000   1.959E+00
   25.100   1.930E+00
   25.200   1.903E+00
   25.300   1.875E+00
   25.400   1.849E+00
   25.500   1.823E+00
   25.600   1.797E+00
   25.700   1.772E+00
   25.800   1.748E+00
   25.900   1.724E+00
   26.000   1.701E+00
   26.100   1.678E+00
   26.200   1.656E+00
   26.300   1.634E+00
   26.400   1.613E+00
   26.500   1.592E+00
   26.600   1.572E+00
   26.700   1.552E+00
   26.800   1.532E+00
   26.900   1.513E+00
   27.000   1.494E+00
   27.100   1.476E+00
   27.200   1.457E+00
   27.300   1.440E+00
   27.400   1.422E+00
   27.500   1.405E+00
   27.600   1.389E+00
   27.700   1.372E+00
   27.800   1.356E+00
   27.900   1.340E+00
   28.000   1.325E+00
   28.100   1.310E+00
   28.200   1.295E+00
   28.300   1.280E+00
   28.400   1.266E+00
   28.500   1.252E+00
   28.600   1.238E+00
   28.700   1.224E+00
   28.800   1.211E+00
   28.900   1.198E+00
   29.000   1.185E+00
   29.100   1.172E+00
   29.200   1.160E+00
   29.300   1.148E+00
   29.400   1.136E+00
   29.500   1.124E+00
   29.600   1.112E+00
   29.700   1.101E+00
   29.800   1.089E+00
   29.900   1.078E+00
   30.000   1.067E+00
 
 Z=  86 A= 203  D1M-QRPA-Inter
 E[MeV]  fQRPA[mb/MeV]
    0.100   3.586E-04
    0.200   1.433E-03
    0.300   3.216E-03
    0.400   5.699E-03
    0.500   8.867E-03
    0.600   1.270E-02
    0.700   1.719E-02
    0.800   2.230E-02
    0.900   2.800E-02
    1.000   3.427E-02
    1.100   4.108E-02
    1.200   4.839E-02
    1.300   5.617E-02
    1.400   6.439E-02
    1.500   7.300E-02
    1.600   8.197E-02
    1.700   9.126E-02
    1.800   1.008E-01
    1.900   1.107E-01
    2.000   1.208E-01
    2.100   1.311E-01
    2.200   1.417E-01
    2.300   1.526E-01
    2.400   1.637E-01
    2.500   1.752E-01
    2.600   1.870E-01
    2.700   1.993E-01
    2.800   2.120E-01
    2.900   2.253E-01
    3.000   2.391E-01
    3.100   2.536E-01
    3.200   2.687E-01
    3.300   2.845E-01
    3.400   3.011E-01
    3.500   3.186E-01
    3.600   3.368E-01
    3.700   3.559E-01
    3.800   3.760E-01
    3.900   3.970E-01
    4.000   4.191E-01
    4.100   4.422E-01
    4.200   4.664E-01
    4.300   4.917E-01
    4.400   5.183E-01
    4.500   5.462E-01
    4.600   5.754E-01
    4.700   6.060E-01
    4.800   6.381E-01
    4.900   6.717E-01
    5.000   7.070E-01
    5.100   7.441E-01
    5.200   7.829E-01
    5.300   8.238E-01
    5.400   8.666E-01
    5.500   9.117E-01
    5.600   9.590E-01
    5.700   1.009E+00
    5.800   1.061E+00
    5.900   1.116E+00
    6.000   1.174E+00
    6.100   1.235E+00
    6.200   1.299E+00
    6.300   1.367E+00
    6.400   1.438E+00
    6.500   1.513E+00
    6.600   1.592E+00
    6.700   1.675E+00
    6.800   1.762E+00
    6.900   1.855E+00
    7.000   1.952E+00
    7.100   2.055E+00
    7.200   2.163E+00
    7.300   2.277E+00
    7.400   2.397E+00
    7.500   2.523E+00
    7.600   2.657E+00
    7.700   2.798E+00
    7.800   2.947E+00
    7.900   3.105E+00
    8.000   3.271E+00
    8.100   3.446E+00
    8.200   3.631E+00
    8.300   3.827E+00
    8.400   4.033E+00
    8.500   4.250E+00
    8.600   4.479E+00
    8.700   4.721E+00
    8.800   4.975E+00
    8.900   5.242E+00
    9.000   5.523E+00
    9.100   5.818E+00
    9.200   6.128E+00
    9.300   6.453E+00
    9.400   6.794E+00
    9.500   7.152E+00
    9.600   7.527E+00
    9.700   7.921E+00
    9.800   8.333E+00
    9.900   8.766E+00
   10.000   9.220E+00
   10.100   9.698E+00
   10.200   1.020E+01
   10.300   1.073E+01
   10.400   1.129E+01
   10.500   1.187E+01
   10.600   1.250E+01
   10.700   1.316E+01
   10.800   1.386E+01
   10.900   1.461E+01
   11.000   1.540E+01
   11.100   1.625E+01
   11.200   1.715E+01
   11.300   1.811E+01
   11.400   1.914E+01
   11.500   2.022E+01
   11.600   2.137E+01
   11.700   2.259E+01
   11.800   2.387E+01
   11.900   2.521E+01
   12.000   2.661E+01
   12.100   2.805E+01
   12.200   2.953E+01
   12.300   3.103E+01
   12.400   3.254E+01
   12.500   3.404E+01
   12.600   3.551E+01
   12.700   3.692E+01
   12.800   3.824E+01
   12.900   3.947E+01
   13.000   4.057E+01
   13.100   4.152E+01
   13.200   4.230E+01
   13.300   4.291E+01
   13.400   4.334E+01
   13.500   4.358E+01
   13.600   4.365E+01
   13.700   4.354E+01
   13.800   4.329E+01
   13.900   4.290E+01
   14.000   4.241E+01
   14.100   4.182E+01
   14.200   4.117E+01
   14.300   4.047E+01
   14.400   3.974E+01
   14.500   3.899E+01
   14.600   3.825E+01
   14.700   3.751E+01
   14.800   3.678E+01
   14.900   3.606E+01
   15.000   3.534E+01
   15.100   3.463E+01
   15.200   3.391E+01
   15.300   3.319E+01
   15.400   3.244E+01
   15.500   3.168E+01
   15.600   3.089E+01
   15.700   3.007E+01
   15.800   2.923E+01
   15.900   2.835E+01
   16.000   2.746E+01
   16.100   2.654E+01
   16.200   2.561E+01
   16.300   2.468E+01
   16.400   2.375E+01
   16.500   2.283E+01
   16.600   2.192E+01
   16.700   2.103E+01
   16.800   2.017E+01
   16.900   1.933E+01
   17.000   1.853E+01
   17.100   1.775E+01
   17.200   1.701E+01
   17.300   1.630E+01
   17.400   1.562E+01
   17.500   1.498E+01
   17.600   1.436E+01
   17.700   1.378E+01
   17.800   1.323E+01
   17.900   1.271E+01
   18.000   1.221E+01
   18.100   1.174E+01
   18.200   1.129E+01
   18.300   1.087E+01
   18.400   1.046E+01
   18.500   1.008E+01
   18.600   9.713E+00
   18.700   9.367E+00
   18.800   9.037E+00
   18.900   8.723E+00
   19.000   8.424E+00
   19.100   8.139E+00
   19.200   7.868E+00
   19.300   7.610E+00
   19.400   7.364E+00
   19.500   7.130E+00
   19.600   6.907E+00
   19.700   6.694E+00
   19.800   6.491E+00
   19.900   6.297E+00
   20.000   6.113E+00
   20.100   5.936E+00
   20.200   5.768E+00
   20.300   5.607E+00
   20.400   5.454E+00
   20.500   5.306E+00
   20.600   5.166E+00
   20.700   5.031E+00
   20.800   4.902E+00
   20.900   4.778E+00
   21.000   4.659E+00
   21.100   4.545E+00
   21.200   4.436E+00
   21.300   4.330E+00
   21.400   4.229E+00
   21.500   4.132E+00
   21.600   4.038E+00
   21.700   3.948E+00
   21.800   3.861E+00
   21.900   3.777E+00
   22.000   3.696E+00
   22.100   3.618E+00
   22.200   3.542E+00
   22.300   3.469E+00
   22.400   3.399E+00
   22.500   3.331E+00
   22.600   3.265E+00
   22.700   3.201E+00
   22.800   3.139E+00
   22.900   3.080E+00
   23.000   3.022E+00
   23.100   2.965E+00
   23.200   2.911E+00
   23.300   2.858E+00
   23.400   2.807E+00
   23.500   2.757E+00
   23.600   2.709E+00
   23.700   2.662E+00
   23.800   2.616E+00
   23.900   2.572E+00
   24.000   2.528E+00
   24.100   2.486E+00
   24.200   2.446E+00
   24.300   2.406E+00
   24.400   2.367E+00
   24.500   2.329E+00
   24.600   2.293E+00
   24.700   2.257E+00
   24.800   2.222E+00
   24.900   2.188E+00
   25.000   2.155E+00
   25.100   2.123E+00
   25.200   2.091E+00
   25.300   2.060E+00
   25.400   2.030E+00
   25.500   2.001E+00
   25.600   1.972E+00
   25.700   1.944E+00
   25.800   1.917E+00
   25.900   1.890E+00
   26.000   1.864E+00
   26.100   1.838E+00
   26.200   1.814E+00
   26.300   1.789E+00
   26.400   1.765E+00
   26.500   1.742E+00
   26.600   1.719E+00
   26.700   1.697E+00
   26.800   1.675E+00
   26.900   1.653E+00
   27.000   1.632E+00
   27.100   1.612E+00
   27.200   1.592E+00
   27.300   1.572E+00
   27.400   1.552E+00
   27.500   1.534E+00
   27.600   1.515E+00
   27.700   1.497E+00
   27.800   1.479E+00
   27.900   1.461E+00
   28.000   1.444E+00
   28.100   1.427E+00
   28.200   1.411E+00
   28.300   1.395E+00
   28.400   1.379E+00
   28.500   1.363E+00
   28.600   1.348E+00
   28.700   1.333E+00
   28.800   1.318E+00
   28.900   1.303E+00
   29.000   1.289E+00
   29.100   1.275E+00
   29.200   1.261E+00
   29.300   1.248E+00
   29.400   1.234E+00
   29.500   1.221E+00
   29.600   1.208E+00
   29.700   1.196E+00
   29.800   1.183E+00
   29.900   1.171E+00
   30.000   1.159E+00
 
 Z=  86 A= 204  D1M-QRPA
   E[MeV]   fQRPA[mb/MeV]
    0.100   3.580E-04
    0.200   1.427E-03
    0.300   3.194E-03
    0.400   5.636E-03
    0.500   8.722E-03
    0.600   1.242E-02
    0.700   1.668E-02
    0.800   2.147E-02
    0.900   2.675E-02
    1.000   3.247E-02
    1.100   3.861E-02
    1.200   4.514E-02
    1.300   5.204E-02
    1.400   5.929E-02
    1.500   6.689E-02
    1.600   7.482E-02
    1.700   8.308E-02
    1.800   9.167E-02
    1.900   1.006E-01
    2.000   1.099E-01
    2.100   1.195E-01
    2.200   1.296E-01
    2.300   1.400E-01
    2.400   1.509E-01
    2.500   1.622E-01
    2.600   1.741E-01
    2.700   1.865E-01
    2.800   1.995E-01
    2.900   2.131E-01
    3.000   2.274E-01
    3.100   2.423E-01
    3.200   2.581E-01
    3.300   2.746E-01
    3.400   2.919E-01
    3.500   3.101E-01
    3.600   3.291E-01
    3.700   3.491E-01
    3.800   3.701E-01
    3.900   3.920E-01
    4.000   4.150E-01
    4.100   4.391E-01
    4.200   4.643E-01
    4.300   4.906E-01
    4.400   5.182E-01
    4.500   5.471E-01
    4.600   5.774E-01
    4.700   6.090E-01
    4.800   6.422E-01
    4.900   6.769E-01
    5.000   7.134E-01
    5.100   7.516E-01
    5.200   7.917E-01
    5.300   8.337E-01
    5.400   8.779E-01
    5.500   9.244E-01
    5.600   9.732E-01
    5.700   1.024E+00
    5.800   1.078E+00
    5.900   1.135E+00
    6.000   1.195E+00
    6.100   1.258E+00
    6.200   1.324E+00
    6.300   1.394E+00
    6.400   1.467E+00
    6.500   1.545E+00
    6.600   1.626E+00
    6.700   1.712E+00
    6.800   1.802E+00
    6.900   1.897E+00
    7.000   1.997E+00
    7.100   2.103E+00
    7.200   2.214E+00
    7.300   2.331E+00
    7.400   2.454E+00
    7.500   2.584E+00
    7.600   2.720E+00
    7.700   2.865E+00
    7.800   3.017E+00
    7.900   3.178E+00
    8.000   3.348E+00
    8.100   3.527E+00
    8.200   3.715E+00
    8.300   3.915E+00
    8.400   4.124E+00
    8.500   4.345E+00
    8.600   4.578E+00
    8.700   4.822E+00
    8.800   5.078E+00
    8.900   5.347E+00
    9.000   5.630E+00
    9.100   5.926E+00
    9.200   6.236E+00
    9.300   6.560E+00
    9.400   6.899E+00
    9.500   7.254E+00
    9.600   7.626E+00
    9.700   8.014E+00
    9.800   8.420E+00
    9.900   8.844E+00
   10.000   9.288E+00
   10.100   9.754E+00
   10.200   1.024E+01
   10.300   1.076E+01
   10.400   1.130E+01
   10.500   1.187E+01
   10.600   1.247E+01
   10.700   1.311E+01
   10.800   1.379E+01
   10.900   1.452E+01
   11.000   1.529E+01
   11.100   1.612E+01
   11.200   1.700E+01
   11.300   1.794E+01
   11.400   1.894E+01
   11.500   2.001E+01
   11.600   2.115E+01
   11.700   2.235E+01
   11.800   2.363E+01
   11.900   2.498E+01
   12.000   2.639E+01
   12.100   2.787E+01
   12.200   2.940E+01
   12.300   3.098E+01
   12.400   3.260E+01
   12.500   3.423E+01
   12.600   3.587E+01
   12.700   3.747E+01
   12.800   3.903E+01
   12.900   4.051E+01
   13.000   4.189E+01
   13.100   4.314E+01
   13.200   4.422E+01
   13.300   4.513E+01
   13.400   4.584E+01
   13.500   4.635E+01
   13.600   4.664E+01
   13.700   4.672E+01
   13.800   4.661E+01
   13.900   4.631E+01
   14.000   4.586E+01
   14.100   4.528E+01
   14.200   4.459E+01
   14.300   4.382E+01
   14.400   4.301E+01
   14.500   4.217E+01
   14.600   4.133E+01
   14.700   4.051E+01
   14.800   3.971E+01
   14.900   3.894E+01
   15.000   3.822E+01
   15.100   3.752E+01
   15.200   3.685E+01
   15.300   3.620E+01
   15.400   3.556E+01
   15.500   3.491E+01
   15.600   3.424E+01
   15.700   3.354E+01
   15.800   3.280E+01
   15.900   3.202E+01
   16.000   3.119E+01
   16.100   3.032E+01
   16.200   2.941E+01
   16.300   2.847E+01
   16.400   2.750E+01
   16.500   2.653E+01
   16.600   2.554E+01
   16.700   2.457E+01
   16.800   2.361E+01
   16.900   2.266E+01
   17.000   2.175E+01
   17.100   2.086E+01
   17.200   2.001E+01
   17.300   1.918E+01
   17.400   1.840E+01
   17.500   1.765E+01
   17.600   1.693E+01
   17.700   1.625E+01
   17.800   1.560E+01
   17.900   1.498E+01
   18.000   1.439E+01
   18.100   1.383E+01
   18.200   1.330E+01
   18.300   1.279E+01
   18.400   1.230E+01
   18.500   1.184E+01
   18.600   1.140E+01
   18.700   1.098E+01
   18.800   1.058E+01
   18.900   1.019E+01
   19.000   9.829E+00
   19.100   9.480E+00
   19.200   9.147E+00
   19.300   8.830E+00
   19.400   8.528E+00
   19.500   8.240E+00
   19.600   7.965E+00
   19.700   7.704E+00
   19.800   7.456E+00
   19.900   7.219E+00
   20.000   6.993E+00
   20.100   6.779E+00
   20.200   6.574E+00
   20.300   6.379E+00
   20.400   6.193E+00
   20.500   6.016E+00
   20.600   5.847E+00
   20.700   5.685E+00
   20.800   5.530E+00
   20.900   5.382E+00
   21.000   5.241E+00
   21.100   5.106E+00
   21.200   4.976E+00
   21.300   4.851E+00
   21.400   4.732E+00
   21.500   4.618E+00
   21.600   4.508E+00
   21.700   4.402E+00
   21.800   4.300E+00
   21.900   4.202E+00
   22.000   4.108E+00
   22.100   4.017E+00
   22.200   3.930E+00
   22.300   3.845E+00
   22.400   3.764E+00
   22.500   3.685E+00
   22.600   3.609E+00
   22.700   3.536E+00
   22.800   3.465E+00
   22.900   3.397E+00
   23.000   3.330E+00
   23.100   3.266E+00
   23.200   3.204E+00
   23.300   3.143E+00
   23.400   3.085E+00
   23.500   3.028E+00
   23.600   2.973E+00
   23.700   2.920E+00
   23.800   2.868E+00
   23.900   2.818E+00
   24.000   2.769E+00
   24.100   2.722E+00
   24.200   2.676E+00
   24.300   2.631E+00
   24.400   2.587E+00
   24.500   2.545E+00
   24.600   2.504E+00
   24.700   2.464E+00
   24.800   2.424E+00
   24.900   2.386E+00
   25.000   2.349E+00
   25.100   2.313E+00
   25.200   2.278E+00
   25.300   2.243E+00
   25.400   2.210E+00
   25.500   2.177E+00
   25.600   2.145E+00
   25.700   2.114E+00
   25.800   2.083E+00
   25.900   2.054E+00
   26.000   2.024E+00
   26.100   1.996E+00
   26.200   1.968E+00
   26.300   1.941E+00
   26.400   1.915E+00
   26.500   1.889E+00
   26.600   1.863E+00
   26.700   1.839E+00
   26.800   1.814E+00
   26.900   1.791E+00
   27.000   1.767E+00
   27.100   1.745E+00
   27.200   1.722E+00
   27.300   1.701E+00
   27.400   1.679E+00
   27.500   1.658E+00
   27.600   1.638E+00
   27.700   1.618E+00
   27.800   1.598E+00
   27.900   1.579E+00
   28.000   1.560E+00
   28.100   1.541E+00
   28.200   1.523E+00
   28.300   1.505E+00
   28.400   1.488E+00
   28.500   1.471E+00
   28.600   1.454E+00
   28.700   1.437E+00
   28.800   1.421E+00
   28.900   1.405E+00
   29.000   1.389E+00
   29.100   1.374E+00
   29.200   1.359E+00
   29.300   1.344E+00
   29.400   1.330E+00
   29.500   1.315E+00
   29.600   1.301E+00
   29.700   1.287E+00
   29.800   1.274E+00
   29.900   1.260E+00
   30.000   1.247E+00
 
