 Z=  90 A= 222  D1M-QRPA
   E[MeV]   fQRPA[mb/MeV]
    0.100   2.276E-03
    0.200   8.779E-03
    0.300   1.869E-02
    0.400   3.102E-02
    0.500   4.491E-02
    0.600   5.969E-02
    0.700   7.491E-02
    0.800   9.030E-02
    0.900   1.057E-01
    1.000   1.211E-01
    1.100   1.366E-01
    1.200   1.520E-01
    1.300   1.675E-01
    1.400   1.831E-01
    1.500   1.990E-01
    1.600   2.151E-01
    1.700   2.316E-01
    1.800   2.484E-01
    1.900   2.657E-01
    2.000   2.836E-01
    2.100   3.021E-01
    2.200   3.212E-01
    2.300   3.411E-01
    2.400   3.618E-01
    2.500   3.834E-01
    2.600   4.061E-01
    2.700   4.298E-01
    2.800   4.548E-01
    2.900   4.810E-01
    3.000   5.086E-01
    3.100   5.377E-01
    3.200   5.683E-01
    3.300   6.006E-01
    3.400   6.346E-01
    3.500   6.705E-01
    3.600   7.083E-01
    3.700   7.481E-01
    3.800   7.901E-01
    3.900   8.344E-01
    4.000   8.810E-01
    4.100   9.301E-01
    4.200   9.818E-01
    4.300   1.036E+00
    4.400   1.094E+00
    4.500   1.154E+00
    4.600   1.217E+00
    4.700   1.284E+00
    4.800   1.355E+00
    4.900   1.428E+00
    5.000   1.506E+00
    5.100   1.587E+00
    5.200   1.673E+00
    5.300   1.762E+00
    5.400   1.856E+00
    5.500   1.953E+00
    5.600   2.056E+00
    5.700   2.162E+00
    5.800   2.274E+00
    5.900   2.390E+00
    6.000   2.512E+00
    6.100   2.639E+00
    6.200   2.771E+00
    6.300   2.910E+00
    6.400   3.054E+00
    6.500   3.205E+00
    6.600   3.363E+00
    6.700   3.529E+00
    6.800   3.702E+00
    6.900   3.884E+00
    7.000   4.074E+00
    7.100   4.274E+00
    7.200   4.483E+00
    7.300   4.702E+00
    7.400   4.932E+00
    7.500   5.174E+00
    7.600   5.427E+00
    7.700   5.693E+00
    7.800   5.972E+00
    7.900   6.265E+00
    8.000   6.572E+00
    8.100   6.894E+00
    8.200   7.232E+00
    8.300   7.586E+00
    8.400   7.959E+00
    8.500   8.350E+00
    8.600   8.761E+00
    8.700   9.193E+00
    8.800   9.647E+00
    8.900   1.013E+01
    9.000   1.063E+01
    9.100   1.116E+01
    9.200   1.172E+01
    9.300   1.231E+01
    9.400   1.293E+01
    9.500   1.359E+01
    9.600   1.428E+01
    9.700   1.501E+01
    9.800   1.578E+01
    9.900   1.659E+01
   10.000   1.744E+01
   10.100   1.834E+01
   10.200   1.928E+01
   10.300   2.026E+01
   10.400   2.129E+01
   10.500   2.237E+01
   10.600   2.348E+01
   10.700   2.463E+01
   10.800   2.582E+01
   10.900   2.703E+01
   11.000   2.827E+01
   11.100   2.953E+01
   11.200   3.079E+01
   11.300   3.205E+01
   11.400   3.329E+01
   11.500   3.450E+01
   11.600   3.568E+01
   11.700   3.680E+01
   11.800   3.787E+01
   11.900   3.885E+01
   12.000   3.976E+01
   12.100   4.057E+01
   12.200   4.128E+01
   12.300   4.188E+01
   12.400   4.238E+01
   12.500   4.276E+01
   12.600   4.303E+01
   12.700   4.318E+01
   12.800   4.322E+01
   12.900   4.315E+01
   13.000   4.297E+01
   13.100   4.269E+01
   13.200   4.233E+01
   13.300   4.188E+01
   13.400   4.136E+01
   13.500   4.079E+01
   13.600   4.017E+01
   13.700   3.951E+01
   13.800   3.883E+01
   13.900   3.814E+01
   14.000   3.745E+01
   14.100   3.676E+01
   14.200   3.609E+01
   14.300   3.544E+01
   14.400   3.480E+01
   14.500   3.420E+01
   14.600   3.361E+01
   14.700   3.305E+01
   14.800   3.251E+01
   14.900   3.198E+01
   15.000   3.146E+01
   15.100   3.095E+01
   15.200   3.043E+01
   15.300   2.991E+01
   15.400   2.937E+01
   15.500   2.882E+01
   15.600   2.826E+01
   15.700   2.768E+01
   15.800   2.707E+01
   15.900   2.646E+01
   16.000   2.583E+01
   16.100   2.518E+01
   16.200   2.453E+01
   16.300   2.387E+01
   16.400   2.321E+01
   16.500   2.256E+01
   16.600   2.190E+01
   16.700   2.126E+01
   16.800   2.062E+01
   16.900   2.000E+01
   17.000   1.938E+01
   17.100   1.878E+01
   17.200   1.819E+01
   17.300   1.762E+01
   17.400   1.706E+01
   17.500   1.652E+01
   17.600   1.599E+01
   17.700   1.548E+01
   17.800   1.499E+01
   17.900   1.451E+01
   18.000   1.404E+01
   18.100   1.360E+01
   18.200   1.316E+01
   18.300   1.275E+01
   18.400   1.235E+01
   18.500   1.196E+01
   18.600   1.159E+01
   18.700   1.123E+01
   18.800   1.089E+01
   18.900   1.056E+01
   19.000   1.024E+01
   19.100   9.940E+00
   19.200   9.648E+00
   19.300   9.369E+00
   19.400   9.100E+00
   19.500   8.843E+00
   19.600   8.596E+00
   19.700   8.359E+00
   19.800   8.131E+00
   19.900   7.913E+00
   20.000   7.703E+00
   20.100   7.502E+00
   20.200   7.309E+00
   20.300   7.124E+00
   20.400   6.946E+00
   20.500   6.775E+00
   20.600   6.610E+00
   20.700   6.452E+00
   20.800   6.300E+00
   20.900   6.153E+00
   21.000   6.012E+00
   21.100   5.875E+00
   21.200   5.744E+00
   21.300   5.616E+00
   21.400   5.493E+00
   21.500   5.373E+00
   21.600   5.257E+00
   21.700   5.144E+00
   21.800   5.034E+00
   21.900   4.928E+00
   22.000   4.824E+00
   22.100   4.722E+00
   22.200   4.624E+00
   22.300   4.527E+00
   22.400   4.433E+00
   22.500   4.342E+00
   22.600   4.253E+00
   22.700   4.166E+00
   22.800   4.082E+00
   22.900   4.000E+00
   23.000   3.920E+00
   23.100   3.843E+00
   23.200   3.768E+00
   23.300   3.695E+00
   23.400   3.624E+00
   23.500   3.556E+00
   23.600   3.490E+00
   23.700   3.425E+00
   23.800   3.363E+00
   23.900   3.303E+00
   24.000   3.244E+00
   24.100   3.187E+00
   24.200   3.132E+00
   24.300   3.079E+00
   24.400   3.027E+00
   24.500   2.977E+00
   24.600   2.928E+00
   24.700   2.880E+00
   24.800   2.834E+00
   24.900   2.789E+00
   25.000   2.745E+00
   25.100   2.703E+00
   25.200   2.662E+00
   25.300   2.622E+00
   25.400   2.582E+00
   25.500   2.544E+00
   25.600   2.507E+00
   25.700   2.471E+00
   25.800   2.435E+00
   25.900   2.401E+00
   26.000   2.367E+00
   26.100   2.335E+00
   26.200   2.303E+00
   26.300   2.271E+00
   26.400   2.241E+00
   26.500   2.211E+00
   26.600   2.182E+00
   26.700   2.153E+00
   26.800   2.125E+00
   26.900   2.098E+00
   27.000   2.071E+00
   27.100   2.045E+00
   27.200   2.019E+00
   27.300   1.994E+00
   27.400   1.970E+00
   27.500   1.946E+00
   27.600   1.922E+00
   27.700   1.899E+00
   27.800   1.877E+00
   27.900   1.855E+00
   28.000   1.833E+00
   28.100   1.812E+00
   28.200   1.791E+00
   28.300   1.770E+00
   28.400   1.750E+00
   28.500   1.730E+00
   28.600   1.711E+00
   28.700   1.692E+00
   28.800   1.673E+00
   28.900   1.655E+00
   29.000   1.637E+00
   29.100   1.620E+00
   29.200   1.602E+00
   29.300   1.585E+00
   29.400   1.569E+00
   29.500   1.552E+00
   29.600   1.536E+00
   29.700   1.520E+00
   29.800   1.504E+00
   29.900   1.489E+00
   30.000   1.474E+00
 
 Z=  90 A= 226  D1M-QRPA
   E[MeV]   fQRPA[mb/MeV]
    0.100   1.358E-02
    0.200   4.684E-02
    0.300   8.657E-02
    0.400   1.245E-01
    0.500   1.579E-01
    0.600   1.867E-01
    0.700   2.119E-01
    0.800   2.342E-01
    0.900   2.545E-01
    1.000   2.734E-01
    1.100   2.915E-01
    1.200   3.090E-01
    1.300   3.263E-01
    1.400   3.436E-01
    1.500   3.612E-01
    1.600   3.792E-01
    1.700   3.977E-01
    1.800   4.169E-01
    1.900   4.369E-01
    2.000   4.579E-01
    2.100   4.799E-01
    2.200   5.030E-01
    2.300   5.273E-01
    2.400   5.530E-01
    2.500   5.800E-01
    2.600   6.087E-01
    2.700   6.389E-01
    2.800   6.708E-01
    2.900   7.045E-01
    3.000   7.402E-01
    3.100   7.779E-01
    3.200   8.177E-01
    3.300   8.598E-01
    3.400   9.043E-01
    3.500   9.512E-01
    3.600   1.001E+00
    3.700   1.053E+00
    3.800   1.108E+00
    3.900   1.166E+00
    4.000   1.227E+00
    4.100   1.292E+00
    4.200   1.359E+00
    4.300   1.430E+00
    4.400   1.505E+00
    4.500   1.583E+00
    4.600   1.665E+00
    4.700   1.750E+00
    4.800   1.839E+00
    4.900   1.933E+00
    5.000   2.030E+00
    5.100   2.131E+00
    5.200   2.237E+00
    5.300   2.347E+00
    5.400   2.462E+00
    5.500   2.581E+00
    5.600   2.706E+00
    5.700   2.835E+00
    5.800   2.970E+00
    5.900   3.111E+00
    6.000   3.258E+00
    6.100   3.412E+00
    6.200   3.572E+00
    6.300   3.740E+00
    6.400   3.915E+00
    6.500   4.099E+00
    6.600   4.291E+00
    6.700   4.492E+00
    6.800   4.704E+00
    6.900   4.925E+00
    7.000   5.158E+00
    7.100   5.402E+00
    7.200   5.658E+00
    7.300   5.927E+00
    7.400   6.209E+00
    7.500   6.505E+00
    7.600   6.817E+00
    7.700   7.144E+00
    7.800   7.488E+00
    7.900   7.849E+00
    8.000   8.228E+00
    8.100   8.626E+00
    8.200   9.045E+00
    8.300   9.486E+00
    8.400   9.948E+00
    8.500   1.044E+01
    8.600   1.095E+01
    8.700   1.148E+01
    8.800   1.205E+01
    8.900   1.264E+01
    9.000   1.327E+01
    9.100   1.393E+01
    9.200   1.461E+01
    9.300   1.534E+01
    9.400   1.609E+01
    9.500   1.688E+01
    9.600   1.770E+01
    9.700   1.856E+01
    9.800   1.945E+01
    9.900   2.036E+01
   10.000   2.131E+01
   10.100   2.227E+01
   10.200   2.326E+01
   10.300   2.426E+01
   10.400   2.526E+01
   10.500   2.627E+01
   10.600   2.727E+01
   10.700   2.825E+01
   10.800   2.922E+01
   10.900   3.015E+01
   11.000   3.105E+01
   11.100   3.191E+01
   11.200   3.272E+01
   11.300   3.347E+01
   11.400   3.418E+01
   11.500   3.482E+01
   11.600   3.541E+01
   11.700   3.593E+01
   11.800   3.640E+01
   11.900   3.681E+01
   12.000   3.717E+01
   12.100   3.746E+01
   12.200   3.770E+01
   12.300   3.789E+01
   12.400   3.802E+01
   12.500   3.810E+01
   12.600   3.813E+01
   12.700   3.810E+01
   12.800   3.803E+01
   12.900   3.791E+01
   13.000   3.775E+01
   13.100   3.754E+01
   13.200   3.729E+01
   13.300   3.700E+01
   13.400   3.668E+01
   13.500   3.633E+01
   13.600   3.596E+01
   13.700   3.556E+01
   13.800   3.514E+01
   13.900   3.470E+01
   14.000   3.425E+01
   14.100   3.379E+01
   14.200   3.331E+01
   14.300   3.281E+01
   14.400   3.231E+01
   14.500   3.179E+01
   14.600   3.126E+01
   14.700   3.072E+01
   14.800   3.016E+01
   14.900   2.960E+01
   15.000   2.901E+01
   15.100   2.842E+01
   15.200   2.782E+01
   15.300   2.720E+01
   15.400   2.658E+01
   15.500   2.596E+01
   15.600   2.533E+01
   15.700   2.470E+01
   15.800   2.408E+01
   15.900   2.345E+01
   16.000   2.283E+01
   16.100   2.222E+01
   16.200   2.161E+01
   16.300   2.101E+01
   16.400   2.042E+01
   16.500   1.984E+01
   16.600   1.927E+01
   16.700   1.871E+01
   16.800   1.817E+01
   16.900   1.764E+01
   17.000   1.712E+01
   17.100   1.661E+01
   17.200   1.612E+01
   17.300   1.564E+01
   17.400   1.517E+01
   17.500   1.472E+01
   17.600   1.428E+01
   17.700   1.386E+01
   17.800   1.345E+01
   17.900   1.305E+01
   18.000   1.267E+01
   18.100   1.230E+01
   18.200   1.194E+01
   18.300   1.159E+01
   18.400   1.126E+01
   18.500   1.094E+01
   18.600   1.063E+01
   18.700   1.033E+01
   18.800   1.004E+01
   18.900   9.757E+00
   19.000   9.487E+00
   19.100   9.226E+00
   19.200   8.974E+00
   19.300   8.731E+00
   19.400   8.497E+00
   19.500   8.270E+00
   19.600   8.051E+00
   19.700   7.840E+00
   19.800   7.636E+00
   19.900   7.440E+00
   20.000   7.250E+00
   20.100   7.067E+00
   20.200   6.891E+00
   20.300   6.721E+00
   20.400   6.557E+00
   20.500   6.399E+00
   20.600   6.247E+00
   20.700   6.101E+00
   20.800   5.960E+00
   20.900   5.823E+00
   21.000   5.692E+00
   21.100   5.566E+00
   21.200   5.443E+00
   21.300   5.326E+00
   21.400   5.212E+00
   21.500   5.102E+00
   21.600   4.996E+00
   21.700   4.894E+00
   21.800   4.795E+00
   21.900   4.699E+00
   22.000   4.607E+00
   22.100   4.517E+00
   22.200   4.431E+00
   22.300   4.347E+00
   22.400   4.266E+00
   22.500   4.187E+00
   22.600   4.110E+00
   22.700   4.036E+00
   22.800   3.965E+00
   22.900   3.895E+00
   23.000   3.827E+00
   23.100   3.762E+00
   23.200   3.698E+00
   23.300   3.636E+00
   23.400   3.576E+00
   23.500   3.517E+00
   23.600   3.460E+00
   23.700   3.404E+00
   23.800   3.350E+00
   23.900   3.298E+00
   24.000   3.246E+00
   24.100   3.196E+00
   24.200   3.148E+00
   24.300   3.100E+00
   24.400   3.054E+00
   24.500   3.009E+00
   24.600   2.965E+00
   24.700   2.922E+00
   24.800   2.880E+00
   24.900   2.839E+00
   25.000   2.799E+00
   25.100   2.760E+00
   25.200   2.722E+00
   25.300   2.685E+00
   25.400   2.648E+00
   25.500   2.613E+00
   25.600   2.578E+00
   25.700   2.544E+00
   25.800   2.511E+00
   25.900   2.478E+00
   26.000   2.446E+00
   26.100   2.415E+00
   26.200   2.384E+00
   26.300   2.354E+00
   26.400   2.325E+00
   26.500   2.296E+00
   26.600   2.268E+00
   26.700   2.240E+00
   26.800   2.213E+00
   26.900   2.187E+00
   27.000   2.161E+00
   27.100   2.135E+00
   27.200   2.110E+00
   27.300   2.086E+00
   27.400   2.062E+00
   27.500   2.038E+00
   27.600   2.015E+00
   27.700   1.992E+00
   27.800   1.970E+00
   27.900   1.948E+00
   28.000   1.927E+00
   28.100   1.905E+00
   28.200   1.885E+00
   28.300   1.864E+00
   28.400   1.844E+00
   28.500   1.825E+00
   28.600   1.805E+00
   28.700   1.786E+00
   28.800   1.768E+00
   28.900   1.749E+00
   29.000   1.731E+00
   29.100   1.713E+00
   29.200   1.696E+00
   29.300   1.679E+00
   29.400   1.662E+00
   29.500   1.645E+00
   29.600   1.629E+00
   29.700   1.613E+00
   29.800   1.597E+00
   29.900   1.581E+00
   30.000   1.566E+00
 
 Z=  90 A= 230  D1M-QRPA
   E[MeV]   fQRPA[mb/MeV]
    0.100   4.904E-03
    0.200   1.662E-02
    0.300   3.087E-02
    0.400   4.556E-02
    0.500   6.014E-02
    0.600   7.463E-02
    0.700   8.928E-02
    0.800   1.043E-01
    0.900   1.200E-01
    1.000   1.365E-01
    1.100   1.540E-01
    1.200   1.726E-01
    1.300   1.923E-01
    1.400   2.133E-01
    1.500   2.357E-01
    1.600   2.595E-01
    1.700   2.847E-01
    1.800   3.115E-01
    1.900   3.400E-01
    2.000   3.701E-01
    2.100   4.021E-01
    2.200   4.358E-01
    2.300   4.715E-01
    2.400   5.092E-01
    2.500   5.491E-01
    2.600   5.911E-01
    2.700   6.353E-01
    2.800   6.820E-01
    2.900   7.312E-01
    3.000   7.829E-01
    3.100   8.373E-01
    3.200   8.946E-01
    3.300   9.547E-01
    3.400   1.018E+00
    3.500   1.084E+00
    3.600   1.153E+00
    3.700   1.226E+00
    3.800   1.302E+00
    3.900   1.382E+00
    4.000   1.465E+00
    4.100   1.552E+00
    4.200   1.643E+00
    4.300   1.738E+00
    4.400   1.837E+00
    4.500   1.941E+00
    4.600   2.048E+00
    4.700   2.161E+00
    4.800   2.278E+00
    4.900   2.400E+00
    5.000   2.527E+00
    5.100   2.660E+00
    5.200   2.798E+00
    5.300   2.942E+00
    5.400   3.093E+00
    5.500   3.250E+00
    5.600   3.414E+00
    5.700   3.586E+00
    5.800   3.765E+00
    5.900   3.952E+00
    6.000   4.148E+00
    6.100   4.352E+00
    6.200   4.567E+00
    6.300   4.791E+00
    6.400   5.025E+00
    6.500   5.271E+00
    6.600   5.528E+00
    6.700   5.798E+00
    6.800   6.081E+00
    6.900   6.378E+00
    7.000   6.688E+00
    7.100   7.014E+00
    7.200   7.356E+00
    7.300   7.715E+00
    7.400   8.092E+00
    7.500   8.486E+00
    7.600   8.901E+00
    7.700   9.335E+00
    7.800   9.791E+00
    7.900   1.027E+01
    8.000   1.077E+01
    8.100   1.130E+01
    8.200   1.185E+01
    8.300   1.243E+01
    8.400   1.303E+01
    8.500   1.366E+01
    8.600   1.432E+01
    8.700   1.501E+01
    8.800   1.573E+01
    8.900   1.647E+01
    9.000   1.724E+01
    9.100   1.804E+01
    9.200   1.887E+01
    9.300   1.971E+01
    9.400   2.058E+01
    9.500   2.146E+01
    9.600   2.235E+01
    9.700   2.325E+01
    9.800   2.415E+01
    9.900   2.505E+01
   10.000   2.594E+01
   10.100   2.682E+01
   10.200   2.767E+01
   10.300   2.850E+01
   10.400   2.930E+01
   10.500   3.006E+01
   10.600   3.078E+01
   10.700   3.146E+01
   10.800   3.209E+01
   10.900   3.268E+01
   11.000   3.322E+01
   11.100   3.371E+01
   11.200   3.415E+01
   11.300   3.455E+01
   11.400   3.490E+01
   11.500   3.520E+01
   11.600   3.546E+01
   11.700   3.568E+01
   11.800   3.585E+01
   11.900   3.598E+01
   12.000   3.606E+01
   12.100   3.611E+01
   12.200   3.611E+01
   12.300   3.608E+01
   12.400   3.600E+01
   12.500   3.589E+01
   12.600   3.574E+01
   12.700   3.555E+01
   12.800   3.533E+01
   12.900   3.508E+01
   13.000   3.480E+01
   13.100   3.449E+01
   13.200   3.415E+01
   13.300   3.378E+01
   13.400   3.339E+01
   13.500   3.298E+01
   13.600   3.254E+01
   13.700   3.209E+01
   13.800   3.161E+01
   13.900   3.111E+01
   14.000   3.060E+01
   14.100   3.007E+01
   14.200   2.953E+01
   14.300   2.897E+01
   14.400   2.841E+01
   14.500   2.783E+01
   14.600   2.725E+01
   14.700   2.666E+01
   14.800   2.606E+01
   14.900   2.547E+01
   15.000   2.487E+01
   15.100   2.427E+01
   15.200   2.367E+01
   15.300   2.308E+01
   15.400   2.249E+01
   15.500   2.190E+01
   15.600   2.132E+01
   15.700   2.075E+01
   15.800   2.018E+01
   15.900   1.962E+01
   16.000   1.908E+01
   16.100   1.854E+01
   16.200   1.801E+01
   16.300   1.749E+01
   16.400   1.699E+01
   16.500   1.649E+01
   16.600   1.601E+01
   16.700   1.554E+01
   16.800   1.509E+01
   16.900   1.464E+01
   17.000   1.421E+01
   17.100   1.379E+01
   17.200   1.339E+01
   17.300   1.299E+01
   17.400   1.262E+01
   17.500   1.225E+01
   17.600   1.190E+01
   17.700   1.155E+01
   17.800   1.123E+01
   17.900   1.091E+01
   18.000   1.060E+01
   18.100   1.031E+01
   18.200   1.003E+01
   18.300   9.757E+00
   18.400   9.496E+00
   18.500   9.245E+00
   18.600   9.004E+00
   18.700   8.771E+00
   18.800   8.548E+00
   18.900   8.333E+00
   19.000   8.126E+00
   19.100   7.927E+00
   19.200   7.735E+00
   19.300   7.551E+00
   19.400   7.373E+00
   19.500   7.202E+00
   19.600   7.037E+00
   19.700   6.877E+00
   19.800   6.724E+00
   19.900   6.576E+00
   20.000   6.433E+00
   20.100   6.295E+00
   20.200   6.161E+00
   20.300   6.033E+00
   20.400   5.908E+00
   20.500   5.788E+00
   20.600   5.671E+00
   20.700   5.558E+00
   20.800   5.449E+00
   20.900   5.343E+00
   21.000   5.241E+00
   21.100   5.142E+00
   21.200   5.045E+00
   21.300   4.952E+00
   21.400   4.862E+00
   21.500   4.774E+00
   21.600   4.688E+00
   21.700   4.606E+00
   21.800   4.525E+00
   21.900   4.447E+00
   22.000   4.371E+00
   22.100   4.297E+00
   22.200   4.225E+00
   22.300   4.155E+00
   22.400   4.087E+00
   22.500   4.021E+00
   22.600   3.956E+00
   22.700   3.894E+00
   22.800   3.832E+00
   22.900   3.773E+00
   23.000   3.715E+00
   23.100   3.658E+00
   23.200   3.603E+00
   23.300   3.549E+00
   23.400   3.496E+00
   23.500   3.445E+00
   23.600   3.394E+00
   23.700   3.346E+00
   23.800   3.298E+00
   23.900   3.251E+00
   24.000   3.205E+00
   24.100   3.161E+00
   24.200   3.117E+00
   24.300   3.075E+00
   24.400   3.033E+00
   24.500   2.992E+00
   24.600   2.952E+00
   24.700   2.913E+00
   24.800   2.875E+00
   24.900   2.838E+00
   25.000   2.801E+00
   25.100   2.765E+00
   25.200   2.730E+00
   25.300   2.696E+00
   25.400   2.662E+00
   25.500   2.629E+00
   25.600   2.597E+00
   25.700   2.565E+00
   25.800   2.534E+00
   25.900   2.504E+00
   26.000   2.474E+00
   26.100   2.445E+00
   26.200   2.416E+00
   26.300   2.388E+00
   26.400   2.360E+00
   26.500   2.333E+00
   26.600   2.306E+00
   26.700   2.280E+00
   26.800   2.254E+00
   26.900   2.229E+00
   27.000   2.205E+00
   27.100   2.180E+00
   27.200   2.156E+00
   27.300   2.133E+00
   27.400   2.110E+00
   27.500   2.087E+00
   27.600   2.065E+00
   27.700   2.043E+00
   27.800   2.022E+00
   27.900   2.000E+00
   28.000   1.980E+00
   28.100   1.959E+00
   28.200   1.939E+00
   28.300   1.919E+00
   28.400   1.900E+00
   28.500   1.881E+00
   28.600   1.862E+00
   28.700   1.844E+00
   28.800   1.825E+00
   28.900   1.807E+00
   29.000   1.790E+00
   29.100   1.772E+00
   29.200   1.755E+00
   29.300   1.738E+00
   29.400   1.722E+00
   29.500   1.706E+00
   29.600   1.689E+00
   29.700   1.674E+00
   29.800   1.658E+00
   29.900   1.643E+00
   30.000   1.628E+00
 
 Z=  90 A= 231  D1M-QRPA-Inter
 E[MeV]  fQRPA[mb/MeV]
    0.100   7.612E-03
    0.200   2.280E-02
    0.300   3.869E-02
    0.400   5.371E-02
    0.500   6.803E-02
    0.600   8.211E-02
    0.700   9.638E-02
    0.800   1.112E-01
    0.900   1.268E-01
    1.000   1.433E-01
    1.100   1.610E-01
    1.200   1.798E-01
    1.300   2.000E-01
    1.400   2.216E-01
    1.500   2.446E-01
    1.600   2.692E-01
    1.700   2.954E-01
    1.800   3.232E-01
    1.900   3.528E-01
    2.000   3.842E-01
    2.100   4.175E-01
    2.200   4.528E-01
    2.300   4.901E-01
    2.400   5.295E-01
    2.500   5.711E-01
    2.600   6.151E-01
    2.700   6.614E-01
    2.800   7.103E-01
    2.900   7.617E-01
    3.000   8.158E-01
    3.100   8.727E-01
    3.200   9.325E-01
    3.300   9.952E-01
    3.400   1.061E+00
    3.500   1.130E+00
    3.600   1.202E+00
    3.700   1.278E+00
    3.800   1.358E+00
    3.900   1.440E+00
    4.000   1.527E+00
    4.100   1.618E+00
    4.200   1.712E+00
    4.300   1.811E+00
    4.400   1.914E+00
    4.500   2.021E+00
    4.600   2.133E+00
    4.700   2.250E+00
    4.800   2.372E+00
    4.900   2.499E+00
    5.000   2.631E+00
    5.100   2.769E+00
    5.200   2.913E+00
    5.300   3.063E+00
    5.400   3.220E+00
    5.500   3.384E+00
    5.600   3.555E+00
    5.700   3.733E+00
    5.800   3.919E+00
    5.900   4.114E+00
    6.000   4.317E+00
    6.100   4.530E+00
    6.200   4.753E+00
    6.300   4.986E+00
    6.400   5.229E+00
    6.500   5.485E+00
    6.600   5.752E+00
    6.700   6.031E+00
    6.800   6.325E+00
    6.900   6.632E+00
    7.000   6.954E+00
    7.100   7.291E+00
    7.200   7.645E+00
    7.300   8.015E+00
    7.400   8.404E+00
    7.500   8.812E+00
    7.600   9.239E+00
    7.700   9.687E+00
    7.800   1.016E+01
    7.900   1.065E+01
    8.000   1.116E+01
    8.100   1.170E+01
    8.200   1.227E+01
    8.300   1.286E+01
    8.400   1.347E+01
    8.500   1.412E+01
    8.600   1.479E+01
    8.700   1.548E+01
    8.800   1.621E+01
    8.900   1.696E+01
    9.000   1.773E+01
    9.100   1.853E+01
    9.200   1.935E+01
    9.300   2.019E+01
    9.400   2.104E+01
    9.500   2.190E+01
    9.600   2.277E+01
    9.700   2.365E+01
    9.800   2.452E+01
    9.900   2.538E+01
   10.000   2.623E+01
   10.100   2.706E+01
   10.200   2.787E+01
   10.300   2.865E+01
   10.400   2.939E+01
   10.500   3.010E+01
   10.600   3.077E+01
   10.700   3.140E+01
   10.800   3.198E+01
   10.900   3.252E+01
   11.000   3.301E+01
   11.100   3.346E+01
   11.200   3.386E+01
   11.300   3.422E+01
   11.400   3.454E+01
   11.500   3.481E+01
   11.600   3.503E+01
   11.700   3.522E+01
   11.800   3.536E+01
   11.900   3.547E+01
   12.000   3.553E+01
   12.100   3.556E+01
   12.200   3.554E+01
   12.300   3.549E+01
   12.400   3.540E+01
   12.500   3.527E+01
   12.600   3.511E+01
   12.700   3.491E+01
   12.800   3.469E+01
   12.900   3.443E+01
   13.000   3.414E+01
   13.100   3.383E+01
   13.200   3.349E+01
   13.300   3.312E+01
   13.400   3.273E+01
   13.500   3.232E+01
   13.600   3.189E+01
   13.700   3.144E+01
   13.800   3.097E+01
   13.900   3.048E+01
   14.000   2.998E+01
   14.100   2.946E+01
   14.200   2.893E+01
   14.300   2.839E+01
   14.400   2.783E+01
   14.500   2.727E+01
   14.600   2.670E+01
   14.700   2.613E+01
   14.800   2.555E+01
   14.900   2.496E+01
   15.000   2.438E+01
   15.100   2.379E+01
   15.200   2.321E+01
   15.300   2.263E+01
   15.400   2.205E+01
   15.500   2.147E+01
   15.600   2.090E+01
   15.700   2.034E+01
   15.800   1.978E+01
   15.900   1.923E+01
   16.000   1.870E+01
   16.100   1.817E+01
   16.200   1.765E+01
   16.300   1.714E+01
   16.400   1.664E+01
   16.500   1.616E+01
   16.600   1.569E+01
   16.700   1.523E+01
   16.800   1.479E+01
   16.900   1.435E+01
   17.000   1.393E+01
   17.100   1.353E+01
   17.200   1.313E+01
   17.300   1.276E+01
   17.400   1.239E+01
   17.500   1.204E+01
   17.600   1.169E+01
   17.700   1.137E+01
   17.800   1.105E+01
   17.900   1.074E+01
   18.000   1.045E+01
   18.100   1.017E+01
   18.200   9.897E+00
   18.300   9.636E+00
   18.400   9.385E+00
   18.500   9.143E+00
   18.600   8.910E+00
   18.700   8.686E+00
   18.800   8.470E+00
   18.900   8.262E+00
   19.000   8.062E+00
   19.100   7.870E+00
   19.200   7.684E+00
   19.300   7.506E+00
   19.400   7.333E+00
   19.500   7.167E+00
   19.600   7.007E+00
   19.700   6.852E+00
   19.800   6.702E+00
   19.900   6.558E+00
   20.000   6.419E+00
   20.100   6.284E+00
   20.200   6.154E+00
   20.300   6.028E+00
   20.400   5.906E+00
   20.500   5.788E+00
   20.600   5.674E+00
   20.700   5.564E+00
   20.800   5.456E+00
   20.900   5.353E+00
   21.000   5.252E+00
   21.100   5.154E+00
   21.200   5.060E+00
   21.300   4.968E+00
   21.400   4.879E+00
   21.500   4.792E+00
   21.600   4.708E+00
   21.700   4.626E+00
   21.800   4.547E+00
   21.900   4.469E+00
   22.000   4.394E+00
   22.100   4.321E+00
   22.200   4.250E+00
   22.300   4.181E+00
   22.400   4.113E+00
   22.500   4.048E+00
   22.600   3.984E+00
   22.700   3.921E+00
   22.800   3.861E+00
   22.900   3.801E+00
   23.000   3.744E+00
   23.100   3.687E+00
   23.200   3.632E+00
   23.300   3.579E+00
   23.400   3.526E+00
   23.500   3.475E+00
   23.600   3.425E+00
   23.700   3.377E+00
   23.800   3.329E+00
   23.900   3.282E+00
   24.000   3.237E+00
   24.100   3.192E+00
   24.200   3.149E+00
   24.300   3.106E+00
   24.400   3.065E+00
   24.500   3.024E+00
   24.600   2.984E+00
   24.700   2.945E+00
   24.800   2.907E+00
   24.900   2.870E+00
   25.000   2.833E+00
   25.100   2.797E+00
   25.200   2.762E+00
   25.300   2.728E+00
   25.400   2.694E+00
   25.500   2.661E+00
   25.600   2.628E+00
   25.700   2.597E+00
   25.800   2.566E+00
   25.900   2.535E+00
   26.000   2.505E+00
   26.100   2.476E+00
   26.200   2.447E+00
   26.300   2.419E+00
   26.400   2.391E+00
   26.500   2.364E+00
   26.600   2.337E+00
   26.700   2.311E+00
   26.800   2.285E+00
   26.900   2.260E+00
   27.000   2.235E+00
   27.100   2.210E+00
   27.200   2.186E+00
   27.300   2.163E+00
   27.400   2.140E+00
   27.500   2.117E+00
   27.600   2.094E+00
   27.700   2.072E+00
   27.800   2.051E+00
   27.900   2.030E+00
   28.000   2.009E+00
   28.100   1.988E+00
   28.200   1.968E+00
   28.300   1.948E+00
   28.400   1.928E+00
   28.500   1.909E+00
   28.600   1.890E+00
   28.700   1.871E+00
   28.800   1.853E+00
   28.900   1.835E+00
   29.000   1.817E+00
   29.100   1.800E+00
   29.200   1.782E+00
   29.300   1.766E+00
   29.400   1.749E+00
   29.500   1.732E+00
   29.600   1.716E+00
   29.700   1.700E+00
   29.800   1.684E+00
   29.900   1.669E+00
   30.000   1.654E+00
 
 Z=  90 A= 232  D1M-QRPA
   E[MeV]   fQRPA[mb/MeV]
    0.100   1.181E-02
    0.200   3.128E-02
    0.300   4.847E-02
    0.400   6.330E-02
    0.500   7.694E-02
    0.600   9.030E-02
    0.700   1.040E-01
    0.800   1.184E-01
    0.900   1.338E-01
    1.000   1.503E-01
    1.100   1.681E-01
    1.200   1.873E-01
    1.300   2.080E-01
    1.400   2.301E-01
    1.500   2.538E-01
    1.600   2.792E-01
    1.700   3.063E-01
    1.800   3.352E-01
    1.900   3.660E-01
    2.000   3.987E-01
    2.100   4.334E-01
    2.200   4.702E-01
    2.300   5.092E-01
    2.400   5.504E-01
    2.500   5.939E-01
    2.600   6.399E-01
    2.700   6.883E-01
    2.800   7.394E-01
    2.900   7.932E-01
    3.000   8.497E-01
    3.100   9.092E-01
    3.200   9.716E-01
    3.300   1.037E+00
    3.400   1.106E+00
    3.500   1.178E+00
    3.600   1.253E+00
    3.700   1.332E+00
    3.800   1.415E+00
    3.900   1.501E+00
    4.000   1.591E+00
    4.100   1.685E+00
    4.200   1.783E+00
    4.300   1.886E+00
    4.400   1.993E+00
    4.500   2.105E+00
    4.600   2.221E+00
    4.700   2.342E+00
    4.800   2.469E+00
    4.900   2.601E+00
    5.000   2.739E+00
    5.100   2.882E+00
    5.200   3.032E+00
    5.300   3.188E+00
    5.400   3.351E+00
    5.500   3.521E+00
    5.600   3.699E+00
    5.700   3.885E+00
    5.800   4.078E+00
    5.900   4.281E+00
    6.000   4.493E+00
    6.100   4.714E+00
    6.200   4.945E+00
    6.300   5.187E+00
    6.400   5.440E+00
    6.500   5.705E+00
    6.600   5.982E+00
    6.700   6.272E+00
    6.800   6.575E+00
    6.900   6.893E+00
    7.000   7.227E+00
    7.100   7.576E+00
    7.200   7.941E+00
    7.300   8.324E+00
    7.400   8.725E+00
    7.500   9.146E+00
    7.600   9.586E+00
    7.700   1.005E+01
    7.800   1.053E+01
    7.900   1.104E+01
    8.000   1.157E+01
    8.100   1.212E+01
    8.200   1.270E+01
    8.300   1.330E+01
    8.400   1.393E+01
    8.500   1.458E+01
    8.600   1.526E+01
    8.700   1.597E+01
    8.800   1.670E+01
    8.900   1.745E+01
    9.000   1.823E+01
    9.100   1.902E+01
    9.200   1.984E+01
    9.300   2.066E+01
    9.400   2.150E+01
    9.500   2.235E+01
    9.600   2.319E+01
    9.700   2.404E+01
    9.800   2.488E+01
    9.900   2.570E+01
   10.000   2.651E+01
   10.100   2.730E+01
   10.200   2.805E+01
   10.300   2.878E+01
   10.400   2.948E+01
   10.500   3.013E+01
   10.600   3.075E+01
   10.700   3.133E+01
   10.800   3.186E+01
   10.900   3.235E+01
   11.000   3.280E+01
   11.100   3.320E+01
   11.200   3.356E+01
   11.300   3.388E+01
   11.400   3.416E+01
   11.500   3.440E+01
   11.600   3.460E+01
   11.700   3.476E+01
   11.800   3.488E+01
   11.900   3.495E+01
   12.000   3.500E+01
   12.100   3.500E+01
   12.200   3.497E+01
   12.300   3.489E+01
   12.400   3.479E+01
   12.500   3.465E+01
   12.600   3.448E+01
   12.700   3.427E+01
   12.800   3.404E+01
   12.900   3.377E+01
   13.000   3.348E+01
   13.100   3.316E+01
   13.200   3.282E+01
   13.300   3.246E+01
   13.400   3.207E+01
   13.500   3.166E+01
   13.600   3.124E+01
   13.700   3.079E+01
   13.800   3.033E+01
   13.900   2.985E+01
   14.000   2.936E+01
   14.100   2.885E+01
   14.200   2.833E+01
   14.300   2.780E+01
   14.400   2.726E+01
   14.500   2.672E+01
   14.600   2.616E+01
   14.700   2.560E+01
   14.800   2.503E+01
   14.900   2.446E+01
   15.000   2.389E+01
   15.100   2.332E+01
   15.200   2.275E+01
   15.300   2.218E+01
   15.400   2.161E+01
   15.500   2.104E+01
   15.600   2.048E+01
   15.700   1.993E+01
   15.800   1.938E+01
   15.900   1.885E+01
   16.000   1.832E+01
   16.100   1.780E+01
   16.200   1.729E+01
   16.300   1.679E+01
   16.400   1.630E+01
   16.500   1.583E+01
   16.600   1.537E+01
   16.700   1.492E+01
   16.800   1.449E+01
   16.900   1.406E+01
   17.000   1.366E+01
   17.100   1.326E+01
   17.200   1.288E+01
   17.300   1.252E+01
   17.400   1.216E+01
   17.500   1.182E+01
   17.600   1.149E+01
   17.700   1.118E+01
   17.800   1.087E+01
   17.900   1.058E+01
   18.000   1.030E+01
   18.100   1.003E+01
   18.200   9.764E+00
   18.300   9.513E+00
   18.400   9.271E+00
   18.500   9.038E+00
   18.600   8.814E+00
   18.700   8.598E+00
   18.800   8.390E+00
   18.900   8.190E+00
   19.000   7.996E+00
   19.100   7.810E+00
   19.200   7.631E+00
   19.300   7.458E+00
   19.400   7.291E+00
   19.500   7.130E+00
   19.600   6.974E+00
   19.700   6.824E+00
   19.800   6.679E+00
   19.900   6.538E+00
   20.000   6.402E+00
   20.100   6.271E+00
   20.200   6.144E+00
   20.300   6.021E+00
   20.400   5.902E+00
   20.500   5.787E+00
   20.600   5.675E+00
   20.700   5.567E+00
   20.800   5.462E+00
   20.900   5.360E+00
   21.000   5.261E+00
   21.100   5.165E+00
   21.200   5.072E+00
   21.300   4.982E+00
   21.400   4.894E+00
   21.500   4.809E+00
   21.600   4.726E+00
   21.700   4.645E+00
   21.800   4.567E+00
   21.900   4.491E+00
   22.000   4.416E+00
   22.100   4.344E+00
   22.200   4.274E+00
   22.300   4.205E+00
   22.400   4.138E+00
   22.500   4.073E+00
   22.600   4.010E+00
   22.700   3.948E+00
   22.800   3.888E+00
   22.900   3.829E+00
   23.000   3.772E+00
   23.100   3.716E+00
   23.200   3.661E+00
   23.300   3.608E+00
   23.400   3.556E+00
   23.500   3.505E+00
   23.600   3.455E+00
   23.700   3.407E+00
   23.800   3.359E+00
   23.900   3.313E+00
   24.000   3.267E+00
   24.100   3.223E+00
   24.200   3.180E+00
   24.300   3.137E+00
   24.400   3.096E+00
   24.500   3.055E+00
   24.600   3.015E+00
   24.700   2.976E+00
   24.800   2.938E+00
   24.900   2.901E+00
   25.000   2.864E+00
   25.100   2.828E+00
   25.200   2.793E+00
   25.300   2.759E+00
   25.400   2.725E+00
   25.500   2.692E+00
   25.600   2.659E+00
   25.700   2.628E+00
   25.800   2.596E+00
   25.900   2.566E+00
   26.000   2.536E+00
   26.100   2.506E+00
   26.200   2.478E+00
   26.300   2.449E+00
   26.400   2.421E+00
   26.500   2.394E+00
   26.600   2.367E+00
   26.700   2.341E+00
   26.800   2.315E+00
   26.900   2.289E+00
   27.000   2.265E+00
   27.100   2.240E+00
   27.200   2.216E+00
   27.300   2.192E+00
   27.400   2.169E+00
   27.500   2.146E+00
   27.600   2.123E+00
   27.700   2.101E+00
   27.800   2.080E+00
   27.900   2.058E+00
   28.000   2.037E+00
   28.100   2.016E+00
   28.200   1.996E+00
   28.300   1.976E+00
   28.400   1.956E+00
   28.500   1.937E+00
   28.600   1.918E+00
   28.700   1.899E+00
   28.800   1.881E+00
   28.900   1.862E+00
   29.000   1.844E+00
   29.100   1.827E+00
   29.200   1.809E+00
   29.300   1.792E+00
   29.400   1.775E+00
   29.500   1.759E+00
   29.600   1.743E+00
   29.700   1.726E+00
   29.800   1.711E+00
   29.900   1.695E+00
   30.000   1.679E+00
 
