 Z=  93 A= 237  D1M-QRPA-Inter
 E[MeV]  fQRPA[mb/MeV]
    0.100   2.489E-02
    0.200   5.497E-02
    0.300   8.571E-02
    0.400   1.164E-01
    0.500   1.468E-01
    0.600   1.769E-01
    0.700   2.070E-01
    0.800   2.372E-01
    0.900   2.678E-01
    1.000   2.992E-01
    1.100   3.317E-01
    1.200   3.655E-01
    1.300   4.010E-01
    1.400   4.384E-01
    1.500   4.782E-01
    1.600   5.204E-01
    1.700   5.653E-01
    1.800   6.131E-01
    1.900   6.637E-01
    2.000   7.170E-01
    2.100   7.730E-01
    2.200   8.314E-01
    2.300   8.919E-01
    2.400   9.543E-01
    2.500   1.018E+00
    2.600   1.084E+00
    2.700   1.150E+00
    2.800   1.218E+00
    2.900   1.287E+00
    3.000   1.358E+00
    3.100   1.430E+00
    3.200   1.504E+00
    3.300   1.581E+00
    3.400   1.660E+00
    3.500   1.742E+00
    3.600   1.828E+00
    3.700   1.918E+00
    3.800   2.012E+00
    3.900   2.111E+00
    4.000   2.216E+00
    4.100   2.328E+00
    4.200   2.447E+00
    4.300   2.573E+00
    4.400   2.708E+00
    4.500   2.853E+00
    4.600   3.009E+00
    4.700   3.176E+00
    4.800   3.356E+00
    4.900   3.550E+00
    5.000   3.760E+00
    5.100   3.986E+00
    5.200   4.230E+00
    5.300   4.494E+00
    5.400   4.779E+00
    5.500   5.087E+00
    5.600   5.421E+00
    5.700   5.782E+00
    5.800   6.173E+00
    5.900   6.595E+00
    6.000   7.052E+00
    6.100   7.545E+00
    6.200   8.077E+00
    6.300   8.649E+00
    6.400   9.264E+00
    6.500   9.921E+00
    6.600   1.062E+01
    6.700   1.136E+01
    6.800   1.215E+01
    6.900   1.296E+01
    7.000   1.380E+01
    7.100   1.466E+01
    7.200   1.553E+01
    7.300   1.638E+01
    7.400   1.722E+01
    7.500   1.801E+01
    7.600   1.876E+01
    7.700   1.944E+01
    7.800   2.004E+01
    7.900   2.058E+01
    8.000   2.105E+01
    8.100   2.145E+01
    8.200   2.181E+01
    8.300   2.214E+01
    8.400   2.245E+01
    8.500   2.277E+01
    8.600   2.310E+01
    8.700   2.347E+01
    8.800   2.387E+01
    8.900   2.433E+01
    9.000   2.484E+01
    9.100   2.539E+01
    9.200   2.600E+01
    9.300   2.665E+01
    9.400   2.733E+01
    9.500   2.805E+01
    9.600   2.878E+01
    9.700   2.953E+01
    9.800   3.028E+01
    9.900   3.102E+01
   10.000   3.174E+01
   10.100   3.242E+01
   10.200   3.305E+01
   10.300   3.360E+01
   10.400   3.406E+01
   10.500   3.439E+01
   10.600   3.459E+01
   10.700   3.465E+01
   10.800   3.457E+01
   10.900   3.435E+01
   11.000   3.402E+01
   11.100   3.360E+01
   11.200   3.312E+01
   11.300   3.260E+01
   11.400   3.208E+01
   11.500   3.157E+01
   11.600   3.108E+01
   11.700   3.062E+01
   11.800   3.020E+01
   11.900   2.983E+01
   12.000   2.949E+01
   12.100   2.919E+01
   12.200   2.892E+01
   12.300   2.868E+01
   12.400   2.844E+01
   12.500   2.821E+01
   12.600   2.798E+01
   12.700   2.773E+01
   12.800   2.745E+01
   12.900   2.715E+01
   13.000   2.680E+01
   13.100   2.642E+01
   13.200   2.600E+01
   13.300   2.553E+01
   13.400   2.503E+01
   13.500   2.449E+01
   13.600   2.392E+01
   13.700   2.333E+01
   13.800   2.273E+01
   13.900   2.211E+01
   14.000   2.149E+01
   14.100   2.087E+01
   14.200   2.025E+01
   14.300   1.963E+01
   14.400   1.902E+01
   14.500   1.842E+01
   14.600   1.782E+01
   14.700   1.722E+01
   14.800   1.664E+01
   14.900   1.607E+01
   15.000   1.551E+01
   15.100   1.498E+01
   15.200   1.446E+01
   15.300   1.396E+01
   15.400   1.348E+01
   15.500   1.302E+01
   15.600   1.258E+01
   15.700   1.215E+01
   15.800   1.175E+01
   15.900   1.135E+01
   16.000   1.098E+01
   16.100   1.061E+01
   16.200   1.026E+01
   16.300   9.921E+00
   16.400   9.592E+00
   16.500   9.274E+00
   16.600   8.966E+00
   16.700   8.669E+00
   16.800   8.382E+00
   16.900   8.105E+00
   17.000   7.838E+00
   17.100   7.582E+00
   17.200   7.335E+00
   17.300   7.098E+00
   17.400   6.869E+00
   17.500   6.650E+00
   17.600   6.439E+00
   17.700   6.235E+00
   17.800   6.040E+00
   17.900   5.852E+00
   18.000   5.671E+00
   18.100   5.497E+00
   18.200   5.329E+00
   18.300   5.169E+00
   18.400   5.015E+00
   18.500   4.868E+00
   18.600   4.727E+00
   18.700   4.593E+00
   18.800   4.465E+00
   18.900   4.342E+00
   19.000   4.225E+00
   19.100   4.114E+00
   19.200   4.007E+00
   19.300   3.905E+00
   19.400   3.806E+00
   19.500   3.712E+00
   19.600   3.620E+00
   19.700   3.532E+00
   19.800   3.445E+00
   19.900   3.361E+00
   20.000   3.279E+00
   20.100   3.199E+00
   20.200   3.120E+00
   20.300   3.044E+00
   20.400   2.970E+00
   20.500   2.898E+00
   20.600   2.829E+00
   20.700   2.762E+00
   20.800   2.698E+00
   20.900   2.637E+00
   21.000   2.578E+00
   21.100   2.521E+00
   21.200   2.467E+00
   21.300   2.415E+00
   21.400   2.365E+00
   21.500   2.317E+00
   21.600   2.271E+00
   21.700   2.226E+00
   21.800   2.184E+00
   21.900   2.143E+00
   22.000   2.103E+00
   22.100   2.065E+00
   22.200   2.028E+00
   22.300   1.993E+00
   22.400   1.958E+00
   22.500   1.925E+00
   22.600   1.893E+00
   22.700   1.861E+00
   22.800   1.831E+00
   22.900   1.802E+00
   23.000   1.773E+00
   23.100   1.745E+00
   23.200   1.718E+00
   23.300   1.692E+00
   23.400   1.667E+00
   23.500   1.642E+00
   23.600   1.618E+00
   23.700   1.594E+00
   23.800   1.571E+00
   23.900   1.549E+00
   24.000   1.527E+00
   24.100   1.506E+00
   24.200   1.485E+00
   24.300   1.465E+00
   24.400   1.445E+00
   24.500   1.426E+00
   24.600   1.407E+00
   24.700   1.389E+00
   24.800   1.371E+00
   24.900   1.353E+00
   25.000   1.336E+00
   25.100   1.319E+00
   25.200   1.302E+00
   25.300   1.286E+00
   25.400   1.270E+00
   25.500   1.255E+00
   25.600   1.240E+00
   25.700   1.225E+00
   25.800   1.210E+00
   25.900   1.196E+00
   26.000   1.182E+00
   26.100   1.169E+00
   26.200   1.155E+00
   26.300   1.142E+00
   26.400   1.129E+00
   26.500   1.116E+00
   26.600   1.104E+00
   26.700   1.092E+00
   26.800   1.080E+00
   26.900   1.068E+00
   27.000   1.056E+00
   27.100   1.045E+00
   27.200   1.034E+00
   27.300   1.023E+00
   27.400   1.012E+00
   27.500   1.001E+00
   27.600   9.911E-01
   27.700   9.808E-01
   27.800   9.708E-01
   27.900   9.609E-01
   28.000   9.512E-01
   28.100   9.417E-01
   28.200   9.323E-01
   28.300   9.230E-01
   28.400   9.139E-01
   28.500   9.050E-01
   28.600   8.962E-01
   28.700   8.875E-01
   28.800   8.790E-01
   28.900   8.706E-01
   29.000   8.624E-01
   29.100   8.542E-01
   29.200   8.462E-01
   29.300   8.383E-01
   29.400   8.306E-01
   29.500   8.229E-01
   29.600   8.154E-01
   29.700   8.080E-01
   29.800   8.007E-01
   29.900   7.935E-01
   30.000   7.864E-01
 
 Z=  93 A= 238  D1M-QRPA-Inter
 E[MeV]  fQRPA[mb/MeV]
    0.100   1.210E-02
    0.200   3.019E-02
    0.300   4.785E-02
    0.400   6.463E-02
    0.500   8.091E-02
    0.600   9.703E-02
    0.700   1.132E-01
    0.800   1.298E-01
    0.900   1.468E-01
    1.000   1.644E-01
    1.100   1.828E-01
    1.200   2.022E-01
    1.300   2.226E-01
    1.400   2.441E-01
    1.500   2.670E-01
    1.600   2.914E-01
    1.700   3.173E-01
    1.800   3.449E-01
    1.900   3.742E-01
    2.000   4.052E-01
    2.100   4.380E-01
    2.200   4.726E-01
    2.300   5.089E-01
    2.400   5.470E-01
    2.500   5.868E-01
    2.600   6.283E-01
    2.700   6.715E-01
    2.800   7.166E-01
    2.900   7.635E-01
    3.000   8.125E-01
    3.100   8.636E-01
    3.200   9.169E-01
    3.300   9.728E-01
    3.400   1.031E+00
    3.500   1.093E+00
    3.600   1.157E+00
    3.700   1.224E+00
    3.800   1.295E+00
    3.900   1.370E+00
    4.000   1.449E+00
    4.100   1.531E+00
    4.200   1.618E+00
    4.300   1.710E+00
    4.400   1.807E+00
    4.500   1.909E+00
    4.600   2.017E+00
    4.700   2.131E+00
    4.800   2.252E+00
    4.900   2.380E+00
    5.000   2.516E+00
    5.100   2.660E+00
    5.200   2.813E+00
    5.300   2.975E+00
    5.400   3.148E+00
    5.500   3.332E+00
    5.600   3.528E+00
    5.700   3.736E+00
    5.800   3.958E+00
    5.900   4.194E+00
    6.000   4.445E+00
    6.100   4.713E+00
    6.200   4.997E+00
    6.300   5.299E+00
    6.400   5.619E+00
    6.500   5.959E+00
    6.600   6.317E+00
    6.700   6.695E+00
    6.800   7.091E+00
    6.900   7.505E+00
    7.000   7.936E+00
    7.100   8.380E+00
    7.200   8.837E+00
    7.300   9.301E+00
    7.400   9.771E+00
    7.500   1.024E+01
    7.600   1.071E+01
    7.700   1.118E+01
    7.800   1.164E+01
    7.900   1.210E+01
    8.000   1.256E+01
    8.100   1.301E+01
    8.200   1.347E+01
    8.300   1.394E+01
    8.400   1.442E+01
    8.500   1.492E+01
    8.600   1.545E+01
    8.700   1.602E+01
    8.800   1.662E+01
    8.900   1.727E+01
    9.000   1.796E+01
    9.100   1.869E+01
    9.200   1.947E+01
    9.300   2.029E+01
    9.400   2.114E+01
    9.500   2.203E+01
    9.600   2.295E+01
    9.700   2.388E+01
    9.800   2.481E+01
    9.900   2.574E+01
   10.000   2.666E+01
   10.100   2.754E+01
   10.200   2.837E+01
   10.300   2.913E+01
   10.400   2.981E+01
   10.500   3.038E+01
   10.600   3.085E+01
   10.700   3.119E+01
   10.800   3.142E+01
   10.900   3.153E+01
   11.000   3.153E+01
   11.100   3.146E+01
   11.200   3.132E+01
   11.300   3.113E+01
   11.400   3.091E+01
   11.500   3.068E+01
   11.600   3.045E+01
   11.700   3.022E+01
   11.800   3.000E+01
   11.900   2.980E+01
   12.000   2.961E+01
   12.100   2.943E+01
   12.200   2.926E+01
   12.300   2.909E+01
   12.400   2.892E+01
   12.500   2.875E+01
   12.600   2.856E+01
   12.700   2.835E+01
   12.800   2.812E+01
   12.900   2.786E+01
   13.000   2.757E+01
   13.100   2.725E+01
   13.200   2.690E+01
   13.300   2.652E+01
   13.400   2.611E+01
   13.500   2.568E+01
   13.600   2.522E+01
   13.700   2.475E+01
   13.800   2.426E+01
   13.900   2.376E+01
   14.000   2.326E+01
   14.100   2.275E+01
   14.200   2.224E+01
   14.300   2.173E+01
   14.400   2.122E+01
   14.500   2.071E+01
   14.600   2.020E+01
   14.700   1.969E+01
   14.800   1.919E+01
   14.900   1.869E+01
   15.000   1.820E+01
   15.100   1.773E+01
   15.200   1.726E+01
   15.300   1.680E+01
   15.400   1.635E+01
   15.500   1.591E+01
   15.600   1.548E+01
   15.700   1.506E+01
   15.800   1.464E+01
   15.900   1.423E+01
   16.000   1.383E+01
   16.100   1.343E+01
   16.200   1.303E+01
   16.300   1.265E+01
   16.400   1.226E+01
   16.500   1.189E+01
   16.600   1.152E+01
   16.700   1.116E+01
   16.800   1.081E+01
   16.900   1.047E+01
   17.000   1.014E+01
   17.100   9.814E+00
   17.200   9.501E+00
   17.300   9.197E+00
   17.400   8.903E+00
   17.500   8.618E+00
   17.600   8.343E+00
   17.700   8.077E+00
   17.800   7.820E+00
   17.900   7.571E+00
   18.000   7.331E+00
   18.100   7.100E+00
   18.200   6.876E+00
   18.300   6.661E+00
   18.400   6.455E+00
   18.500   6.256E+00
   18.600   6.065E+00
   18.700   5.882E+00
   18.800   5.706E+00
   18.900   5.538E+00
   19.000   5.377E+00
   19.100   5.223E+00
   19.200   5.076E+00
   19.300   4.934E+00
   19.400   4.798E+00
   19.500   4.668E+00
   19.600   4.542E+00
   19.700   4.421E+00
   19.800   4.304E+00
   19.900   4.192E+00
   20.000   4.083E+00
   20.100   3.977E+00
   20.200   3.875E+00
   20.300   3.777E+00
   20.400   3.682E+00
   20.500   3.590E+00
   20.600   3.502E+00
   20.700   3.418E+00
   20.800   3.337E+00
   20.900   3.259E+00
   21.000   3.184E+00
   21.100   3.112E+00
   21.200   3.044E+00
   21.300   2.977E+00
   21.400   2.914E+00
   21.500   2.853E+00
   21.600   2.794E+00
   21.700   2.737E+00
   21.800   2.683E+00
   21.900   2.630E+00
   22.000   2.579E+00
   22.100   2.530E+00
   22.200   2.482E+00
   22.300   2.436E+00
   22.400   2.391E+00
   22.500   2.348E+00
   22.600   2.306E+00
   22.700   2.265E+00
   22.800   2.226E+00
   22.900   2.187E+00
   23.000   2.150E+00
   23.100   2.113E+00
   23.200   2.078E+00
   23.300   2.043E+00
   23.400   2.010E+00
   23.500   1.977E+00
   23.600   1.946E+00
   23.700   1.915E+00
   23.800   1.885E+00
   23.900   1.855E+00
   24.000   1.827E+00
   24.100   1.799E+00
   24.200   1.772E+00
   24.300   1.745E+00
   24.400   1.719E+00
   24.500   1.694E+00
   24.600   1.669E+00
   24.700   1.645E+00
   24.800   1.622E+00
   24.900   1.599E+00
   25.000   1.576E+00
   25.100   1.554E+00
   25.200   1.533E+00
   25.300   1.512E+00
   25.400   1.491E+00
   25.500   1.471E+00
   25.600   1.452E+00
   25.700   1.433E+00
   25.800   1.414E+00
   25.900   1.396E+00
   26.000   1.378E+00
   26.100   1.360E+00
   26.200   1.343E+00
   26.300   1.326E+00
   26.400   1.310E+00
   26.500   1.293E+00
   26.600   1.278E+00
   26.700   1.262E+00
   26.800   1.247E+00
   26.900   1.232E+00
   27.000   1.217E+00
   27.100   1.203E+00
   27.200   1.189E+00
   27.300   1.175E+00
   27.400   1.161E+00
   27.500   1.148E+00
   27.600   1.134E+00
   27.700   1.122E+00
   27.800   1.109E+00
   27.900   1.096E+00
   28.000   1.084E+00
   28.100   1.072E+00
   28.200   1.060E+00
   28.300   1.048E+00
   28.400   1.037E+00
   28.500   1.026E+00
   28.600   1.014E+00
   28.700   1.004E+00
   28.800   9.929E-01
   28.900   9.824E-01
   29.000   9.722E-01
   29.100   9.621E-01
   29.200   9.521E-01
   29.300   9.424E-01
   29.400   9.329E-01
   29.500   9.235E-01
   29.600   9.142E-01
   29.700   9.052E-01
   29.800   8.963E-01
   29.900   8.875E-01
   30.000   8.789E-01
 
 Z=  93 A= 239  D1M-QRPA-Inter
 E[MeV]  fQRPA[mb/MeV]
    0.100   6.788E-03
    0.200   1.915E-02
    0.300   3.085E-02
    0.400   4.145E-02
    0.500   5.151E-02
    0.600   6.146E-02
    0.700   7.157E-02
    0.800   8.202E-02
    0.900   9.292E-02
    1.000   1.044E-01
    1.100   1.164E-01
    1.200   1.292E-01
    1.300   1.427E-01
    1.400   1.570E-01
    1.500   1.723E-01
    1.600   1.885E-01
    1.700   2.057E-01
    1.800   2.241E-01
    1.900   2.437E-01
    2.000   2.645E-01
    2.100   2.867E-01
    2.200   3.103E-01
    2.300   3.354E-01
    2.400   3.621E-01
    2.500   3.905E-01
    2.600   4.207E-01
    2.700   4.528E-01
    2.800   4.869E-01
    2.900   5.231E-01
    3.000   5.615E-01
    3.100   6.023E-01
    3.200   6.456E-01
    3.300   6.914E-01
    3.400   7.400E-01
    3.500   7.914E-01
    3.600   8.457E-01
    3.700   9.029E-01
    3.800   9.633E-01
    3.900   1.027E+00
    4.000   1.093E+00
    4.100   1.163E+00
    4.200   1.236E+00
    4.300   1.313E+00
    4.400   1.392E+00
    4.500   1.475E+00
    4.600   1.562E+00
    4.700   1.652E+00
    4.800   1.746E+00
    4.900   1.843E+00
    5.000   1.945E+00
    5.100   2.050E+00
    5.200   2.161E+00
    5.300   2.275E+00
    5.400   2.395E+00
    5.500   2.521E+00
    5.600   2.651E+00
    5.700   2.788E+00
    5.800   2.931E+00
    5.900   3.080E+00
    6.000   3.236E+00
    6.100   3.399E+00
    6.200   3.570E+00
    6.300   3.749E+00
    6.400   3.937E+00
    6.500   4.133E+00
    6.600   4.339E+00
    6.700   4.555E+00
    6.800   4.782E+00
    6.900   5.020E+00
    7.000   5.270E+00
    7.100   5.532E+00
    7.200   5.808E+00
    7.300   6.098E+00
    7.400   6.404E+00
    7.500   6.727E+00
    7.600   7.068E+00
    7.700   7.429E+00
    7.800   7.812E+00
    7.900   8.219E+00
    8.000   8.652E+00
    8.100   9.113E+00
    8.200   9.606E+00
    8.300   1.013E+01
    8.400   1.069E+01
    8.500   1.130E+01
    8.600   1.194E+01
    8.700   1.263E+01
    8.800   1.337E+01
    8.900   1.416E+01
    9.000   1.500E+01
    9.100   1.589E+01
    9.200   1.684E+01
    9.300   1.784E+01
    9.400   1.889E+01
    9.500   1.999E+01
    9.600   2.113E+01
    9.700   2.229E+01
    9.800   2.348E+01
    9.900   2.467E+01
   10.000   2.586E+01
   10.100   2.701E+01
   10.200   2.812E+01
   10.300   2.916E+01
   10.400   3.013E+01
   10.500   3.100E+01
   10.600   3.177E+01
   10.700   3.243E+01
   10.800   3.297E+01
   10.900   3.342E+01
   11.000   3.376E+01
   11.100   3.402E+01
   11.200   3.421E+01
   11.300   3.433E+01
   11.400   3.440E+01
   11.500   3.444E+01
   11.600   3.445E+01
   11.700   3.444E+01
   11.800   3.442E+01
   11.900   3.438E+01
   12.000   3.433E+01
   12.100   3.426E+01
   12.200   3.418E+01
   12.300   3.409E+01
   12.400   3.397E+01
   12.500   3.383E+01
   12.600   3.367E+01
   12.700   3.348E+01
   12.800   3.327E+01
   12.900   3.302E+01
   13.000   3.276E+01
   13.100   3.246E+01
   13.200   3.215E+01
   13.300   3.181E+01
   13.400   3.146E+01
   13.500   3.109E+01
   13.600   3.071E+01
   13.700   3.032E+01
   13.800   2.991E+01
   13.900   2.950E+01
   14.000   2.908E+01
   14.100   2.865E+01
   14.200   2.822E+01
   14.300   2.778E+01
   14.400   2.734E+01
   14.500   2.690E+01
   14.600   2.645E+01
   14.700   2.600E+01
   14.800   2.556E+01
   14.900   2.512E+01
   15.000   2.467E+01
   15.100   2.423E+01
   15.200   2.379E+01
   15.300   2.335E+01
   15.400   2.291E+01
   15.500   2.246E+01
   15.600   2.201E+01
   15.700   2.155E+01
   15.800   2.108E+01
   15.900   2.060E+01
   16.000   2.011E+01
   16.100   1.962E+01
   16.200   1.912E+01
   16.300   1.862E+01
   16.400   1.811E+01
   16.500   1.760E+01
   16.600   1.710E+01
   16.700   1.660E+01
   16.800   1.611E+01
   16.900   1.562E+01
   17.000   1.514E+01
   17.100   1.467E+01
   17.200   1.421E+01
   17.300   1.376E+01
   17.400   1.333E+01
   17.500   1.290E+01
   17.600   1.249E+01
   17.700   1.208E+01
   17.800   1.169E+01
   17.900   1.131E+01
   18.000   1.095E+01
   18.100   1.059E+01
   18.200   1.025E+01
   18.300   9.915E+00
   18.400   9.594E+00
   18.500   9.284E+00
   18.600   8.986E+00
   18.700   8.699E+00
   18.800   8.423E+00
   18.900   8.158E+00
   19.000   7.904E+00
   19.100   7.660E+00
   19.200   7.425E+00
   19.300   7.201E+00
   19.400   6.986E+00
   19.500   6.780E+00
   19.600   6.582E+00
   19.700   6.393E+00
   19.800   6.211E+00
   19.900   6.037E+00
   20.000   5.871E+00
   20.100   5.711E+00
   20.200   5.558E+00
   20.300   5.412E+00
   20.400   5.272E+00
   20.500   5.137E+00
   20.600   5.008E+00
   20.700   4.884E+00
   20.800   4.766E+00
   20.900   4.652E+00
   21.000   4.543E+00
   21.100   4.438E+00
   21.200   4.337E+00
   21.300   4.240E+00
   21.400   4.147E+00
   21.500   4.057E+00
   21.600   3.971E+00
   21.700   3.887E+00
   21.800   3.807E+00
   21.900   3.729E+00
   22.000   3.653E+00
   22.100   3.580E+00
   22.200   3.509E+00
   22.300   3.440E+00
   22.400   3.373E+00
   22.500   3.308E+00
   22.600   3.245E+00
   22.700   3.184E+00
   22.800   3.124E+00
   22.900   3.066E+00
   23.000   3.010E+00
   23.100   2.955E+00
   23.200   2.902E+00
   23.300   2.850E+00
   23.400   2.800E+00
   23.500   2.750E+00
   23.600   2.703E+00
   23.700   2.656E+00
   23.800   2.611E+00
   23.900   2.566E+00
   24.000   2.523E+00
   24.100   2.481E+00
   24.200   2.440E+00
   24.300   2.400E+00
   24.400   2.362E+00
   24.500   2.324E+00
   24.600   2.287E+00
   24.700   2.251E+00
   24.800   2.216E+00
   24.900   2.181E+00
   25.000   2.148E+00
   25.100   2.115E+00
   25.200   2.084E+00
   25.300   2.053E+00
   25.400   2.022E+00
   25.500   1.993E+00
   25.600   1.964E+00
   25.700   1.935E+00
   25.800   1.908E+00
   25.900   1.881E+00
   26.000   1.854E+00
   26.100   1.829E+00
   26.200   1.803E+00
   26.300   1.779E+00
   26.400   1.754E+00
   26.500   1.731E+00
   26.600   1.708E+00
   26.700   1.685E+00
   26.800   1.663E+00
   26.900   1.641E+00
   27.000   1.620E+00
   27.100   1.599E+00
   27.200   1.578E+00
   27.300   1.558E+00
   27.400   1.538E+00
   27.500   1.519E+00
   27.600   1.500E+00
   27.700   1.481E+00
   27.800   1.463E+00
   27.900   1.444E+00
   28.000   1.427E+00
   28.100   1.409E+00
   28.200   1.392E+00
   28.300   1.375E+00
   28.400   1.358E+00
   28.500   1.342E+00
   28.600   1.326E+00
   28.700   1.311E+00
   28.800   1.295E+00
   28.900   1.280E+00
   29.000   1.266E+00
   29.100   1.251E+00
   29.200   1.237E+00
   29.300   1.224E+00
   29.400   1.210E+00
   29.500   1.197E+00
   29.600   1.184E+00
   29.700   1.171E+00
   29.800   1.159E+00
   29.900   1.147E+00
   30.000   1.135E+00
 
