  12  22   8  15     1.26328     0.00000                                    22Mg
  12  23   6  24     1.63831     0.00000                                    23Mg
  12  24   5  21     2.85839     0.00000                                    24Mg
  12  25   7  16    -0.15198    -0.58154                                    25Mg
  12  26   7  25     1.72946     0.00000                                    26Mg
  12  27   8  29     2.58255     0.00000                                    27Mg
  12  28   3  15     2.37873     0.00000                                    28Mg
  12  29   8  13     1.29489     0.00000                                    29Mg
  12  30   6  11     0.28276     0.00000                                    30Mg
  12  31   6  10     2.87268     0.00000                                    31Mg
