  19  35   7  13     3.00000     0.00000                                    35K 
  19  36   2  15     3.00000     0.00000                                    36K 
  19  37   8  27     1.48066     0.00000                                    37K 
  19  38   3  16     0.50798     0.00000                                    38K 
  19  39   2  25     0.57545     0.00000                                    39K 
  19  40   8  19     1.35083     0.22504                                    40K 
  19  41   8  19    -0.37170     0.00000                                    41K 
  19  42   8  16    -1.21912    -0.91562                                    42K 
  19  43   6  15     0.46937     0.00000                                    43K 
  19  44   8  16     0.90890     0.00000                                    44K 
  19  45   6  15     2.05595     0.00000                                    45K 
  19  46   2  15     2.74500     0.00000                                    46K 
  19  47   5  25     3.00000     0.00000                                    47K 
