  20  38   8  15     0.00000     2.34547                                    38Ca
  20  39   8  15     0.00000    -1.19851                                    39Ca
  20  40   8  19     0.00000     1.72298                                    40Ca
  20  41   6  16     0.45093     0.64849                                    41Ca
  20  42   8  16     0.00000     1.48450                                    42Ca
  20  43   3  29     1.24782     1.34969                                    43Ca
  20  44   8  27     0.19257     2.45722                                    44Ca
  20  45   8  23     0.64823     1.04546                                    45Ca
  20  46   5  15     0.00000     2.24232                                    46Ca
  20  47   5  16     0.00000     0.86071                                    47Ca
  20  48   8  28     0.00000     1.97507                                    48Ca
