  22  42   2  15    -0.89092     0.00000                                    42Ti
  22  43   8  15     1.90620     0.00000                                    43Ti
  22  44   4  16     1.60512     0.00000                                    44Ti
  22  45   3  18     0.08565     0.00000                                    45Ti
  22  46   4  20     0.21241     0.00000                                    46Ti
  22  47   3  15     0.32052     0.05813                                    47Ti
  22  48   2  15     0.18968    -0.09534                                    48Ti
  22  49   8  16     0.85538     0.23064                                    49Ti
  22  50   5  15     0.76413    -0.15571                                    50Ti
  22  51   3  16     2.14665     0.59712                                    51Ti
  22  52   6  18     1.20548     0.00000                                    52Ti
