  24  47   8  15     0.37970     0.00000                                    47Cr
  24  48   6  15     2.20867     0.00000                                    48Cr
  24  49   5  16     0.60615     0.00000                                    49Cr
  24  50   8  22    -0.61717     0.00000                                    50Cr
  24  51   6  15     0.81338     0.09485                                    51Cr
  24  52   7  16     1.57044     0.00000                                    52Cr
  24  53   5  25     1.65970     0.98155                                    53Cr
  24  54   4  15    -0.38841    -0.24128                                    54Cr
  24  55   8  24     0.88663     0.53292                                    55Cr
  24  56   5  15     1.58340     0.00000                                    56Cr
