  26  51   5  11     2.22964     0.00000                                    51Fe
  26  52   3  15     2.69321     0.00000                                    52Fe
  26  53   2  15     0.38804     0.00000                                    53Fe
  26  54   3  15     1.19602     0.00000                                    54Fe
  26  55   3  15     0.43666     0.42633                                    55Fe
  26  56   3  20     0.60483     0.00000                                    56Fe
  26  57   8  15     1.06118     0.33870                                    57Fe
  26  58   2  22     0.24274    -0.16606                                    58Fe
  26  59   6  16     0.08434     0.17941                                    59Fe
  26  60   5  15     1.05114     0.00000                                    60Fe
  26  62   2  14     2.74800     0.00000                                    62Fe
