  30  60   2  15     0.00000     2.30668                                    60Zn
  30  61   6  23     0.00000     1.23941                                    61Zn
  30  62   8  18     0.00000     1.98236                                    62Zn
  30  63   5  16     0.00000    -0.09002                                    63Zn
  30  64   8  29     0.00000     0.19099                                    64Zn
  30  65   7  18    -0.23303    -0.36201                                    65Zn
  30  66   8  15     0.00000     1.19247                                    66Zn
  30  67   2  19    -0.12452    -0.16083                                    67Zn
  30  68   8  15    -0.23808     0.19490                                    68Zn
  30  69   2  25     0.22194    -0.37993                                    69Zn
  30  70   7  15     0.00000     1.01162                                    70Zn
  30  71   8  15     0.32897     0.64990                                    71Zn
