  32  66   7  15     0.00000     2.11114                                    66Ge
  32  67   8  15     0.00000    -0.47143                                    67Ge
  32  68   3  17     0.00000     1.54186                                    68Ge
  32  69   6  19     0.00000    -0.15598                                    69Ge
  32  70   2  17     0.00000     1.34302                                    70Ge
  32  71   2  17     0.16508    -0.88788                                    71Ge
  32  72   7  29     0.00000     0.65398                                    72Ge
  32  73   6  20    -0.38192     0.18434                                    73Ge
  32  74   6  19    -0.32321     1.38495                                    74Ge
  32  75   6  24    -0.06476    -0.02520                                    75Ge
  32  76   8  28     0.00000     0.89548                                    76Ge
  32  77   8  15     0.00493    -0.11732                                    77Ge
  32  78   5  17     0.00000     0.82472                                    78Ge
  32  79   8  17     0.00000     0.94863                                    79Ge
  32  80   8  18     0.00000     1.74758                                    80Ge
  32  81   5  15     0.00000     0.15129                                    81Ge
