  33  67   2  12     2.99962     0.00000                                    67As
  33  68   8  17     0.22676     0.00000                                    68As
  33  69   8  21    -0.04329     0.00000                                    69As
  33  70   3  17    -0.33233     0.00000                                    70As
  33  71   2  21    -0.05857     0.00000                                    71As
  33  72   6  18    -0.48634     0.00000                                    72As
  33  73   3  22    -1.27009     0.00000                                    73As
  33  74   8  16    -0.80235     0.00000                                    74As
  33  75   8  16    -0.71482     0.00000                                    75As
  33  76   6  27    -0.80849    -0.12830                                    76As
  33  77   8  16    -0.15331     0.00000                                    77As
  33  78   8  15     0.19488     0.00000                                    78As
  33  79   6  17    -0.39494     0.00000                                    79As
  33  80   8  16     0.04589     0.00000                                    80As
  33  81   8  15     0.06268     0.00000                                    81As
  33  83   8  27     2.55851     0.00000                                    83As
