  35  71   2  11     1.29643     0.00000                                    71Br
  35  72   6  17     0.00502     0.00000                                    72Br
  35  73   8  15    -0.25693     0.00000                                    73Br
  35  74   4  23    -1.03522     0.00000                                    74Br
  35  75   7  19    -0.98573     0.00000                                    75Br
  35  76   3  18    -0.85833     0.00000                                    76Br
  35  77   7  21    -0.81449     0.00000                                    77Br
  35  78   8  15    -0.82186     0.00000                                    78Br
  35  79   6  15    -0.58281     0.00000                                    79Br
  35  80   3  15    -1.04448    -0.24673                                    80Br
  35  81   8  26    -0.40288     0.00000                                    81Br
  35  82   6  29    -0.16752     0.18503                                    82Br
  35  83   8  20     0.20706     0.00000                                    83Br
  35  85   2  15     2.40197     0.00000                                    85Br
