  36  75   2  17     0.00000    -0.27451                                    75Kr
  36  76   7  25     0.00000     1.31767                                    76Kr
  36  77   5  20     0.00000    -0.91023                                    77Kr
  36  78   4  25     0.00000     1.08563                                    78Kr
  36  79   3  28     0.08310    -0.37762                                    79Kr
  36  80   5  16     0.00000     1.04254                                    80Kr
  36  81   2  15     0.06006    -0.99717                                    81Kr
  36  82   3  20     0.00000     0.23934                                    82Kr
  36  83   2  16     0.00000    -0.71853                                    83Kr
  36  84   4  26    -0.28867     1.34814                                    84Kr
  36  85   7  19     0.84155     0.77779                                    85Kr
  36  86   8  18     0.00000     1.22219                                    86Kr
  36  87   6  16     0.00000     0.56959                                    87Kr
  36  88   8  16     0.00000     1.00994                                    88Kr
  36  89   6  15     0.00000     0.97863                                    89Kr
  36  90   2  15     0.00000     1.27720                                    90Kr
