  38  77   5  16     1.41243     0.00000                                    77Sr
  38  79   8  15     1.11764     0.00000                                    79Sr
  38  80   8  16     1.81441     0.00000                                    80Sr
  38  81   7  15    -0.79041     0.00000                                    81Sr
  38  82   7  20     1.04579     0.00000                                    82Sr
  38  83   4  16    -0.61047     0.00000                                    83Sr
  38  84   6  15     0.77848     0.00000                                    84Sr
  38  85   7  22    -0.22290    -0.04924                                    85Sr
  38  86   8  16     1.54339     0.00000                                    86Sr
  38  87   7  18     1.04548     0.82412                                    87Sr
  38  88   4  26     1.52521     0.52818                                    88Sr
  38  89   7  15     1.60872     0.32535                                    89Sr
  38  90   8  26     0.72156     0.00000                                    90Sr
  38  91   5  16     1.48339     0.00000                                    91Sr
  38  92   8  15     1.57328     0.00000                                    92Sr
  38  93   7  17     0.95677     0.00000                                    93Sr
  38  94   6  19     1.34275     0.00000                                    94Sr
  38  95   8  20     0.73095     0.00000                                    95Sr
  38  96   4  16     0.57669     0.00000                                    96Sr
  38  97   2  15     0.02888     0.00000                                    97Sr
  38  98   6  15     0.54979     0.00000                                    98Sr
  38  99   2  15     0.97741     0.00000                                    99Sr
