  40  86   8  17     0.00000     1.77516                                    86Zr
  40  87   8  26     0.00000     0.87275                                    87Zr
  40  88   5  17     0.00000     1.29696                                    88Zr
  40  89   2  15     0.00000    -0.39907                                    89Zr
  40  90   8  16     0.00000    -0.04222                                    90Zr
  40  91   3  17    -0.06195     0.29000                                    91Zr
  40  92   3  16    -0.19823     0.63200                                    92Zr
  40  93   8  18     0.07392     0.86044                                    93Zr
  40  94   4  16     0.25303     1.42891                                    94Zr
  40  95   3  18     0.33038     0.82250                                    95Zr
  40  96   3  16     0.00000     1.52757                                    96Zr
  40  98   8  16     0.00000     0.73753                                    98Zr
  40  99   2  21     0.00000    -0.30644                                    99Zr
  40 100   8  17     0.00000     0.57640                                   100Zr
  40 101   8  15     0.00000    -0.26098                                   101Zr
  40 102   8  17     0.00000     0.35674                                   102Zr
