  41  87   8  15     0.00000     1.28371                                    87Nb
  41  89   8  17     0.00000     1.14710                                    89Nb
  41  90   7  26     0.00000     0.71693                                    90Nb
  41  91   7  16     0.00000     0.47724                                    91Nb
  41  92   8  15     0.00000     0.80467                                    92Nb
  41  93   5  15     0.00000    -0.47777                                    93Nb
  41  94   8  19    -0.16118     0.04219                                    94Nb
  41  95   5  18     0.00000     0.74984                                    95Nb
  41  96   8  16     0.00000     0.44463                                    96Nb
  41  97   8  18     0.00000     0.70919                                    97Nb
  41  99   8  16     0.00000     0.16790                                    99Nb
  41 101   8  16     0.00000    -0.40686                                   101Nb
  41 103   6  15     0.00000    -0.08159                                   103Nb
