  42  86   2  15     3.00000     0.00000                                    86Mo
  42  87   2  15     2.89229     0.00000                                    87Mo
  42  88   2  15     3.00000     0.00000                                    88Mo
  42  89   2  15     1.85887     0.00000                                    89Mo
  42  90   8  20     1.05409     0.00000                                    90Mo
  42  91   8  15     1.02465     0.00000                                    91Mo
  42  92   8  29     0.66715     0.00000                                    92Mo
  42  93   8  16     0.33011     0.20485                                    93Mo
  42  94   6  20     0.95833     0.00000                                    94Mo
  42  95   8  20     0.33696    -0.01407                                    95Mo
  42  96   6  15     1.06550     0.14216                                    96Mo
  42  97   6  20    -0.27249    -0.04363                                    97Mo
  42  98   4  18     0.52114     0.17777                                    98Mo
  42  99   3  15    -0.66137    -0.27584                                    99Mo
  42 100   7  15    -0.00531     0.00000                                   100Mo
  42 101   2  22    -0.92048    -0.17685                                   101Mo
  42 102   8  23     0.62704     0.00000                                   102Mo
  42 103   8  15    -0.39367     0.00000                                   103Mo
  42 104   2  17     0.00187     0.00000                                   104Mo
  42 105   8  15    -0.31967     0.00000                                   105Mo
  42 106   8  11     1.10783     0.00000                                   106Mo
  42 107   8  15     0.40645     0.00000                                   107Mo
  42 108   8  16     1.12005     0.00000                                   108Mo
