  43  89   7  15     2.01009     0.00000                                    89Tc
  43  90   8  17     1.89262     0.00000                                    90Tc
  43  91   2  15     2.32560     0.00000                                    91Tc
  43  92   8  21     0.52284     0.00000                                    92Tc
  43  93   8  19     0.97476     0.00000                                    93Tc
  43  94   8  20     0.47822     0.00000                                    94Tc
  43  95   2  16    -0.03743     0.00000                                    95Tc
  43  96   6  15    -0.08975     0.00000                                    96Tc
  43  97   5  20    -0.13359     0.00000                                    97Tc
  43  98   8  25    -0.61642     0.00000                                    98Tc
  43  99   8  15    -0.62890     0.00000                                    99Tc
  43 100   8  17    -0.26631    -0.04483                                   100Tc
  43 101   8  17    -0.50361     0.00000                                   101Tc
  43 102   8  15     0.11577     0.00000                                   102Tc
  43 103   7  15    -0.27992     0.00000                                   103Tc
  43 104   8  16     0.56728     0.00000                                   104Tc
  43 105   4  17    -0.67772     0.00000                                   105Tc
  43 106   8  16     0.24493     0.00000                                   106Tc
  43 107   8  16     0.55488     0.00000                                   107Tc
  43 108   6  11     0.33050     0.00000                                   108Tc
