  44  94   8  16     0.00000     1.66146                                    94Ru
  44  95   8  15     0.00000     0.62260                                    95Ru
  44  96   6  26     0.00000     0.94941                                    96Ru
  44  97   8  16     0.00000     0.22942                                    97Ru
  44  98   5  16     0.00000     0.68553                                    98Ru
  44  99   7  18     0.00000    -0.25294                                    99Ru
  44 100   6  28     0.09117     0.39509                                   100Ru
  44 101   6  17     0.00000    -0.42422                                   101Ru
  44 102   7  19    -0.03317     0.74821                                   102Ru
  44 103   7  16    -0.54845    -0.77464                                   103Ru
  44 104   8  19     0.00000     0.95477                                   104Ru
  44 105   8  21    -0.37014    -0.28124                                   105Ru
  44 106   7  15     0.00000     1.00099                                   106Ru
  44 107   5  17     0.00000    -0.74130                                   107Ru
  44 108   8  15     0.00000     0.54882                                   108Ru
  44 109   8  18     0.00000    -0.53853                                   109Ru
  44 110   8  15     0.00000     0.85314                                   110Ru
  44 111   8  18     0.00000    -0.52481                                   111Ru
