  45  92   2  15     3.00000     0.00000                                    92Rh
  45  93   2  15     3.00000     0.00000                                    93Rh
  45  95   3  15     1.73280     0.00000                                    95Rh
  45  96   8  15     0.95687     0.00000                                    96Rh
  45  97   6  15     0.10525     0.00000                                    97Rh
  45  98   6  15     2.06326     0.00000                                    98Rh
  45  99   8  15    -0.08827     0.00000                                    99Rh
  45 100   8  16    -0.84128     0.00000                                   100Rh
  45 101   7  17    -0.63307     0.00000                                   101Rh
  45 102   7  15    -0.52678     0.00000                                   102Rh
  45 103   2  15    -0.42182     0.00000                                   103Rh
  45 104   8  15    -0.02525     0.06251                                   104Rh
  45 105   6  24    -0.34303     0.00000                                   105Rh
  45 107   2  15    -0.66049     0.00000                                   107Rh
  45 109   8  24    -0.17869     0.00000                                   109Rh
  45 111   2  15    -0.45986     0.00000                                   111Rh
  45 113   8  10     0.68683     0.00000                                   113Rh
