  47  98   4  15     1.69245     0.00000                                    98Ag
  47  99   2  14     2.67395     0.00000                                    99Ag
  47 100   7  18     0.48880     0.00000                                   100Ag
  47 101   6  18     0.20743     0.00000                                   101Ag
  47 102   7  16     0.06003     0.00000                                   102Ag
  47 103   5  17    -0.10532     0.00000                                   103Ag
  47 104   5  18    -0.68972     0.00000                                   104Ag
  47 105   2  18    -0.40502     0.00000                                   105Ag
  47 106   6  19    -0.25224     0.00000                                   106Ag
  47 107   6  17    -0.25071     0.00000                                   107Ag
  47 108   3  28    -0.60179     0.02608                                   108Ag
  47 109   8  19    -0.32260     0.00000                                   109Ag
  47 110   6  18    -0.55650    -0.00847                                   110Ag
  47 111   2  17    -0.50388     0.00000                                   111Ag
  47 113   8  15    -0.54153     0.00000                                   113Ag
  47 115   7  14    -0.44888     0.00000                                   115Ag
  47 118   8  14     0.33486     0.00000                                   118Ag
