  48 101   8  20     2.33848     0.00000                                   101Cd
  48 102   7  15     2.71805     0.00000                                   102Cd
  48 103   2  15    -0.17298     0.00000                                   103Cd
  48 104   3  15     0.40660     0.00000                                   104Cd
  48 105   8  26     0.03085     0.00000                                   105Cd
  48 106   5  21     0.20500     0.00000                                   106Cd
  48 107   6  16     0.26670     0.38680                                   107Cd
  48 108   5  16     0.99990     0.00000                                   108Cd
  48 109   5  17    -0.00865     0.15731                                   109Cd
  48 110   8  19     0.67125     0.00000                                   110Cd
  48 111   4  27    -0.43277    -0.15235                                   111Cd
  48 112   6  27     0.73046     0.17379                                   112Cd
  48 113   6  15     0.24123     0.01656                                   113Cd
  48 114   6  23     0.22891     0.20869                                   114Cd
  48 115   8  16    -0.25293     0.13259                                   115Cd
  48 116   6  19     0.36945     0.00000                                   116Cd
  48 117   6  15    -0.64393    -0.68678                                   117Cd
  48 118   5  16     0.91174     0.00000                                   118Cd
  48 119   8  16     0.04543     0.00000                                   119Cd
  48 120   8  15     1.63547     0.00000                                   120Cd
  48 121   8  22     0.38062     0.00000                                   121Cd
  48 123   8  16    -0.20496     0.00000                                   123Cd
  48 124   8  12     1.57825     0.00000                                   124Cd
