  49 104   7  17     0.00000     0.90761                                   104In
  49 106   6  16     0.00000     0.53445                                   106In
  49 107   5  18     0.00000     0.25408                                   107In
  49 108   8  19     0.00000     0.39875                                   108In
  49 109   5  16     0.00000    -0.29589                                   109In
  49 110   8  25     0.00000    -0.07950                                   110In
  49 111   2  15     0.00000     0.08598                                   111In
  49 112   4  24     0.00000    -0.68190                                   112In
  49 113   8  15     0.00000    -0.40786                                   113In
  49 114   6  15    -0.16211    -0.52120                                   114In
  49 115   8  16     0.00000    -0.50172                                   115In
  49 116   8  15     0.19240    -0.09012                                   116In
  49 117   5  18     0.00000    -0.01342                                   117In
  49 119   8  15     0.00000    -0.03543                                   119In
  49 121   7  15     0.00000     0.38366                                   121In
  49 123   8  19     0.00000     1.22948                                   123In
  49 125   6  21     0.00000     1.67873                                   125In
