  53 111   2  15     3.00000     0.00000                                   111I 
  53 113   2  15     1.97656     0.00000                                   113I 
  53 114   2  15     2.33991     0.00000                                   114I 
  53 115   2  15     2.22486     0.00000                                   115I 
  53 117   7  16    -0.16619     0.00000                                   117I 
  53 118   2  16     2.13931     0.00000                                   118I 
  53 119   8  16     0.38102     0.00000                                   119I 
  53 120   8  22     0.08957     0.00000                                   120I 
  53 121   8  18     0.22460     0.00000                                   121I 
  53 123   5  20     0.33185     0.00000                                   123I 
  53 124   8  15     0.14981     0.00000                                   124I 
  53 125   8  15     0.14908     0.00000                                   125I 
  53 126   3  29    -0.18852     0.00000                                   126I 
  53 127   8  29     0.17517     0.00000                                   127I 
  53 128   8  18    -0.54194    -0.24498                                   128I 
  53 129   8  17     0.46334     0.00000                                   129I 
  53 130   8  22    -0.76457    -0.10898                                   130I 
  53 131   3  15     0.16897     0.00000                                   131I 
  53 133   2  19     0.83746     0.00000                                   133I 
  53 135   4  15     1.66365     0.00000                                   135I 
  53 136   2  10     2.82885     0.00000                                   136I 
