  55 122   8  25     0.00000    -0.44756                                   122Cs
  55 123   8  23     0.00000    -0.19557                                   123Cs
  55 124   8  24     0.00000    -0.40815                                   124Cs
  55 125   8  15     0.00000     0.56889                                   125Cs
  55 126   6  15     0.00000    -0.24863                                   126Cs
  55 127   5  17     0.00000    -0.00960                                   127Cs
  55 129   5  19     0.00000    -0.12355                                   129Cs
  55 130   8  17     0.00000     0.08024                                   130Cs
  55 131   5  15     0.00000    -0.24886                                   131Cs
  55 132   4  15     0.00000    -0.55301                                   132Cs
  55 133   2  16     0.00000    -0.25719                                   133Cs
  55 134   8  15     0.00000     0.00000                                   134Cs
  55 137   8  16     0.00000     0.41448                                   137Cs
  55 138   8  17     0.00000     0.73336                                   138Cs
  55 139   8  18     0.00000    -0.05838                                   139Cs
  55 140   7  15     0.00000    -0.29323                                   140Cs
  55 141   5  16     0.00000    -0.11806                                   141Cs
  55 142   8  20     0.00000    -0.08873                                   142Cs
  55 143   8  16     0.00000     0.54565                                   143Cs
