  57 130   3  15     0.00000     0.07619                                   130La
  57 131   8  15     0.00000     0.15314                                   131La
  57 132   8  15     0.00000     0.31439                                   132La
  57 133   4  15     0.00000     0.06172                                   133La
  57 134   8  18     0.00000    -0.32945                                   134La
  57 135   4  15     0.00000    -0.06948                                   135La
  57 136   6  16     0.00000    -0.86610                                   136La
  57 137   8  16     0.00000     0.05902                                   137La
  57 138   6  20     0.00000     0.26512                                   138La
  57 139   4  21     0.16893    -0.19061                                   139La
  57 140   8  25    -0.17005    -0.20280                                   140La
  57 141   8  18     0.00000     0.14103                                   141La
  57 142   8  15     0.00000     0.03420                                   142La
  57 143   7  18     0.00000     0.28783                                   143La
  57 144   8  15     0.00000     0.01559                                   144La
  57 145   2  15     0.00000     0.03128                                   145La
  57 146   6  16     0.00000     0.19908                                   146La
  57 147   2  15     0.00000    -0.35991                                   147La
  57 148   8  16     0.00000     0.05648                                   148La
