  60 132   8  16     0.00000     1.90687                                   132Nd
  60 133   8  15     0.00000    -0.35371                                   133Nd
  60 134   7  15     0.00000     1.18861                                   134Nd
  60 135   3  17     0.00000     0.03455                                   135Nd
  60 136   8  18     0.00000     1.68957                                   136Nd
  60 137   8  17     0.00000     1.26561                                   137Nd
  60 138   4  15     0.00000     1.17555                                   138Nd
  60 139   8  15     0.00000     0.11630                                   139Nd
  60 140   8  15     0.00000     1.74830                                   140Nd
  60 141   2  18     0.00000     0.17136                                   141Nd
  60 142   7  15     0.00000     0.62787                                   142Nd
  60 143   8  23     0.26295     0.42621                                   143Nd
  60 144   8  29    -0.17929     0.57380                                   144Nd
  60 145   8  21     0.21335     0.23987                                   145Nd
  60 146   6  15    -0.19477     0.51693                                   146Nd
  60 147   4  20     0.18367    -0.10236                                   147Nd
  60 148   5  17     0.62494     0.85471                                   148Nd
  60 149   2  15     0.08123    -0.52848                                   149Nd
  60 150   4  16     0.00000     0.62006                                   150Nd
  60 151   8  28     0.64634     0.02456                                   151Nd
  60 152   8  24     0.00000     0.95554                                   152Nd
