  64 141   7  16     0.00000     0.23869                                   141Gd
  64 142   8  16     0.00000     1.66723                                   142Gd
  64 143   8  15     0.00000     1.02106                                   143Gd
  64 144   8  18     0.00000     1.66028                                   144Gd
  64 146   6  28     0.00000    -1.04595                                   146Gd
  64 148   7  19     0.00000     1.34975                                   148Gd
  64 149   8  22     0.00000     0.60227                                   149Gd
  64 150   7  22     0.00000     0.90777                                   150Gd
  64 151   8  22     0.00000    -0.12580                                   151Gd
  64 152   7  27     0.00000     0.45328                                   152Gd
  64 153   6  19     0.07753    -0.47957                                   153Gd
  64 154   6  15     0.00000     0.27098                                   154Gd
  64 155   8  16    -0.15443    -0.05065                                   155Gd
  64 156   4  16    -0.14600     0.54647                                   156Gd
  64 157   5  15    -0.29603     0.15249                                   157Gd
  64 158   2  17    -0.13720     0.28604                                   158Gd
  64 159   8  19    -0.11695     0.13470                                   159Gd
  64 160   8  21     0.00000     0.37366                                   160Gd
  64 161   8  23    -0.07010     0.36044                                   161Gd
  64 162   7  15     0.00000     0.87912                                   162Gd
