  65 143   8  15     1.28359     0.00000                                   143Tb
  65 144   2  15     1.73411     0.00000                                   144Tb
  65 146   2  15     0.86235     0.00000                                   146Tb
  65 147   4  18    -0.17058     0.00000                                   147Tb
  65 148   8  27     0.70042     0.00000                                   148Tb
  65 149   5  17    -0.35848     0.00000                                   149Tb
  65 150   2  15     2.81943     0.00000                                   150Tb
  65 151   3  18     0.02652     0.00000                                   151Tb
  65 152   2  15     1.66625     0.00000                                   152Tb
  65 153   8  26    -0.47702     0.00000                                   153Tb
  65 155   6  16    -0.39237     0.00000                                   155Tb
  65 156   8  16     0.25286     0.00000                                   156Tb
  65 157   8  20    -0.09739     0.00000                                   157Tb
  65 158   7  29     0.00706     0.00000                                   158Tb
  65 159   2  15    -0.15320     0.00000                                   159Tb
  65 160   4  22    -0.17231    -0.77703                                   160Tb
  65 161   4  15    -0.14429     0.00000                                   161Tb
  65 163   8  17    -0.00064     0.00000                                   163Tb
