  69 157   7  16     0.00000     0.11663                                   157Tm
  69 159   8  21     0.00000     0.31966                                   159Tm
  69 161   8  17     0.00000     0.01932                                   161Tm
  69 163   8  18     0.00000    -0.09967                                   163Tm
  69 164   8  17     0.00000     0.21533                                   164Tm
  69 165   8  17     0.00000    -0.02321                                   165Tm
  69 167   6  19     0.00000     0.01664                                   167Tm
  69 168   7  16     0.00000    -0.25667                                   168Tm
  69 169   8  20     0.00000     0.04286                                   169Tm
  69 170   2  21     0.09776     0.08439                                   170Tm
  69 171   7  15     0.06879     0.25491                                   171Tm
  69 173   8  17     0.00000     0.41903                                   173Tm
  69 175   8  15     0.00000     0.63963                                   175Tm
