  70 153   7  13     1.43347     0.00000                                   153Yb
  70 154   2  15     3.00000     0.00000                                   154Yb
  70 156   2  15     3.00000     0.00000                                   156Yb
  70 158   8  18     2.07249     0.00000                                   158Yb
  70 160   8  15     0.39119     0.00000                                   160Yb
  70 161   8  15     1.16351     0.00000                                   161Yb
  70 162   7  18     0.57170     0.00000                                   162Yb
  70 163   8  20     0.03149     0.00000                                   163Yb
  70 164   2  19     0.25613     0.00000                                   164Yb
  70 165   8  15    -0.42280     0.00000                                   165Yb
  70 166   4  24    -0.05833     0.00000                                   166Yb
  70 167   4  17    -0.79582     0.00000                                   167Yb
  70 168   5  15    -0.01051     0.00000                                   168Yb
  70 169   8  25    -0.54309    -0.62328                                   169Yb
  70 170   6  19     3.64818     1.59386                                   170Yb
  70 171   8  15    -0.63852    -0.63806                                   171Yb
  70 172   5  16     0.10276    -0.21998                                   172Yb
  70 173   2  16    -0.65543    -0.35278                                   173Yb
  70 174   8  15    -0.07923    -0.18874                                   174Yb
  70 175   3  15    -0.14391    -0.18894                                   175Yb
  70 176   7  16    -0.12081     0.00000                                   176Yb
  70 177   3  16    -0.02393    -0.11038                                   177Yb
  70 178   4  15     0.68609     0.00000                                   178Yb
