  71 169   8  18     0.00000    -0.00725                                   169Lu
  71 170   6  15     0.00000     0.01490                                   170Lu
  71 171   7  15     0.00000     0.13283                                   171Lu
  71 172   8  15     0.00000     0.02629                                   172Lu
  71 173   3  19     0.00000     0.16194                                   173Lu
  71 174   2  17     0.00000     0.09882                                   174Lu
  71 175   8  16     0.00000     0.10064                                   175Lu
  71 176   7  20    -0.12657     0.10709                                   176Lu
  71 177   7  20     0.12473     0.35326                                   177Lu
  71 178   6  15     0.00000     0.31059                                   178Lu
  71 179   8  15     0.00000     0.62002                                   179Lu
