  75 177   8  18     0.00000     0.39093                                   177Re
  75 179   7  16     0.00000     0.58004                                   179Re
  75 181   8  16     0.00000     0.48021                                   181Re
  75 183   2  21     0.00000     0.41594                                   183Re
  75 184   8  16     0.00000     0.27124                                   184Re
  75 185   5  18     0.00000     0.49352                                   185Re
  75 186   2  26     0.37328    -0.01207                                   186Re
  75 187   4  21     0.00000     0.29905                                   187Re
  75 188   2  20     0.26896     0.00203                                   188Re
  75 189   8  15     0.00000     0.88072                                   189Re
  75 191   8  21     0.00000     0.29814                                   191Re
