  76 174   6  15     0.00000     0.80747                                   174Os
  76 175   8  16     0.00000     0.10876                                   175Os
  76 176   8  15     0.00000     0.96341                                   176Os
  76 177   8  15     0.00000     0.31451                                   177Os
  76 178   8  15     0.00000     1.02286                                   178Os
  76 179   4  15     0.00000     0.12916                                   179Os
  76 180   8  15     0.00000     1.05370                                   180Os
  76 181   3  16     0.00000     0.03477                                   181Os
  76 182   8  22     0.00000     0.82593                                   182Os
  76 183   7  17     0.00000     0.13897                                   183Os
  76 184   8  18     0.00000     0.75488                                   184Os
  76 185   4  18     0.00000     0.13079                                   185Os
  76 186   2  20     0.00000     0.82451                                   186Os
  76 187   7  16     0.41999     0.08270                                   187Os
  76 188   8  29    -0.31525     0.78401                                   188Os
  76 189   8  25    -1.06297    -0.05921                                   189Os
  76 190   8  25    -0.58492     0.69906                                   190Os
  76 191   2  15    -0.86084    -0.37878                                   191Os
  76 192   4  17     0.00000     0.61188                                   192Os
  76 193   8  15    -0.08784     0.36295                                   193Os
  76 194   8  15     0.00000     1.26702                                   194Os
