  77 175   8  16     0.13563     0.00000                                   175Ir
  77 177   7  15    -0.38161     0.00000                                   177Ir
  77 181   7  16    -0.30613     0.00000                                   181Ir
  77 182   8  15     0.24794     0.00000                                   182Ir
  77 183   8  16     0.72866     0.00000                                   183Ir
  77 184   8  17     0.10031     0.00000                                   184Ir
  77 185   3  16    -0.19155     0.00000                                   185Ir
  77 186   8  17     0.57138     0.00000                                   186Ir
  77 187   8  25     0.13416     0.00000                                   187Ir
  77 188   6  15     0.71990     0.00000                                   188Ir
  77 189   3  16     0.53912     0.00000                                   189Ir
  77 190   8  20     0.03425     0.00000                                   190Ir
  77 191   6  16     0.35733     0.00000                                   191Ir
  77 192   5  25    -0.40156    -0.31697                                   192Ir
  77 193   5  17    -0.24449    -0.51080                                   193Ir
  77 194   8  27    -0.18705    -0.34142                                   194Ir
  77 195   8  15     0.23597     0.00000                                   195Ir
  77 197   8  15     0.40411     0.00000                                   197Ir
