  78 174   2  11     1.74509     0.00000                                   174Pt
  78 176   2  15     1.65819     0.00000                                   176Pt
  78 177   8  16    -0.04621     0.00000                                   177Pt
  78 178   2  10     2.13400     0.00000                                   178Pt
  78 179   8  15    -0.00518     0.00000                                   179Pt
  78 180   6  15     0.12690     0.00000                                   180Pt
  78 181   4  15    -0.73263     0.00000                                   181Pt
  78 182   7  16     0.26873     0.00000                                   182Pt
  78 183   3  24    -0.56678     0.00000                                   183Pt
  78 184   8  18     0.85049     0.00000                                   184Pt
  78 185   8  17    -0.73038     0.00000                                   185Pt
  78 186   8  15     0.31944     0.00000                                   186Pt
  78 187   5  29    -0.03025     0.00000                                   187Pt
  78 188   8  18     0.61559     0.00000                                   188Pt
  78 189   8  18     0.01986     0.00000                                   189Pt
  78 190   7  20     0.55262     0.00000                                   190Pt
  78 191   7  25    -0.24193     0.00000                                   191Pt
  78 192   8  17     0.35985     0.00000                                   192Pt
  78 193   8  19    -0.45090    -0.49019                                   193Pt
  78 194   5  19     0.41227     0.00000                                   194Pt
  78 195   8  20    -0.37578    -0.87890                                   195Pt
  78 196   3  16     0.55042    -0.08165                                   196Pt
  78 197   7  15    -0.47410    -1.00506                                   197Pt
  78 198   8  19     0.61680     0.00000                                   198Pt
  78 199   5  19     0.24420     0.20557                                   199Pt
  78 200   6  20     1.06729     0.00000                                   200Pt
