  79 183   7  18    -0.18009     0.00000                                   183Au
  79 184   5  15     0.06317     0.00000                                   184Au
  79 185   8  16    -0.94602     0.00000                                   185Au
  79 186   2  17     0.21533     0.00000                                   186Au
  79 187   8  21     0.05351     0.00000                                   187Au
  79 188   2  15     0.88234     0.00000                                   188Au
  79 189   8  18     0.26535     0.00000                                   189Au
  79 190   5  13    -0.32359     0.00000                                   190Au
  79 191   8  15     0.50443     0.00000                                   191Au
  79 192   7  16     0.20782     0.00000                                   192Au
  79 193   5  15     0.45029     0.00000                                   193Au
  79 194   4  15     0.60903     0.00000                                   194Au
  79 195   8  16     0.26546     0.00000                                   195Au
  79 196   7  26     0.10496     0.00000                                   196Au
  79 197   7  19     0.53789     0.00000                                   197Au
  79 198   3  17     0.08250    -0.09049                                   198Au
  79 199   6  16     0.54368     0.00000                                   199Au
  79 200   8  11     0.30393     0.00000                                   200Au
  79 201   8  15     0.74306     0.00000                                   201Au
  79 203   6  11     0.83652     0.00000                                   203Au
