  81 183   2  12     2.91205     0.00000                                   183Tl
  81 187   8  17     0.49794     0.00000                                   187Tl
  81 189   3  15     0.77096     0.00000                                   189Tl
  81 191   3  15     1.18365     0.00000                                   191Tl
  81 192   2  16     1.92272     0.00000                                   192Tl
  81 194   2  15     0.81588     0.00000                                   194Tl
  81 195   5  18     0.41041     0.00000                                   195Tl
  81 196   2  16     1.68250     0.00000                                   196Tl
  81 197   8  16     0.42694     0.00000                                   197Tl
  81 198   6  17     0.65490     0.00000                                   198Tl
  81 199   7  15     0.70594     0.00000                                   199Tl
  81 200   2  16     1.05437     0.00000                                   200Tl
  81 201   3  15     0.05882     0.00000                                   201Tl
  81 202   2  15     1.26217     0.00000                                   202Tl
  81 203   7  17     0.17893     0.00000                                   203Tl
  81 204   8  26     0.10707    -0.28525                                   204Tl
  81 205   5  18    -0.04406     0.00000                                   205Tl
  81 206   2  15    -2.72579    -1.14599                                   206Tl
  81 207   7  16    -0.37039     0.00000                                   207Tl
