  82 194   8  17     0.00000     1.46479                                   194Pb
  82 195   8  20     0.00000     0.16874                                   195Pb
  82 196   8  16     0.00000     0.80604                                   196Pb
  82 197   2  27     0.00000     0.42366                                   197Pb
  82 198   7  15     0.00000     1.01069                                   198Pb
  82 201   8  16     0.00000     0.80278                                   201Pb
  82 202   8  19     0.00000     1.44477                                   202Pb
  82 203   8  15     0.00000     0.91187                                   203Pb
  82 204   2  17     0.00000     0.69170                                   204Pb
  82 205   8  17     0.25519     0.05408                                   205Pb
  82 206   8  16     0.00000     0.34522                                   206Pb
  82 207   3  15     0.93714     1.84118                                   207Pb
  82 208   2  15     0.38396     0.10800                                   208Pb
  82 209   2  33     0.01537     0.48421                                   209Pb
  82 210   8  19     0.00000     1.79447                                   210Pb
