  83 197   2  13     1.93292     0.00000                                   197Bi
  83 199   8  18     0.89610     0.00000                                   199Bi
  83 201   5  16     0.59889     0.00000                                   201Bi
  83 202   8  16     1.69105     0.00000                                   202Bi
  83 203   4  18     0.61239     0.00000                                   203Bi
  83 204   6  16     0.98604     0.00000                                   204Bi
  83 205   4  17     0.64576     0.00000                                   205Bi
  83 206   8  18     0.07036     0.00000                                   206Bi
  83 207   5  23     0.18373     0.00000                                   207Bi
  83 208   6  25    -0.58595     0.00000                                   208Bi
  83 209   5  15    -0.61642     0.00000                                   209Bi
  83 210   8  21    -0.72084    -0.30133                                   210Bi
  83 211   6  22     0.56780     0.00000                                   211Bi
  83 214   2  11     0.74139     0.00000                                   214Bi
