  85 203   6  15     1.22273     0.00000                                   203At
  85 205   2  15     1.13074     0.00000                                   205At
  85 207   8  15     0.23297     0.00000                                   207At
  85 208   8  19    -0.04633     0.00000                                   208At
  85 209   7  18     0.00183     0.00000                                   209At
  85 210   6  15     0.51826     0.00000                                   210At
  85 211   8  26     0.19692     0.00000                                   211At
  85 212   7  16     0.39640     0.00000                                   212At
  85 214   8  15     0.41128     0.00000                                   214At
  85 216   7  17    -0.08532     0.00000                                   216At
  85 217   8  15    -0.02352     0.00000                                   217At
