  87 211   2  15     3.00000     0.00000                                   211Fr
  87 212   2  15     2.56523     0.00000                                   212Fr
  87 213   2  15     2.86815     0.00000                                   213Fr
  87 214   5  13     1.28660     0.00000                                   214Fr
  87 215   2  15     2.35889     0.00000                                   215Fr
  87 216   8  18     0.13781     0.00000                                   216Fr
  87 217   2  15     1.89998     0.00000                                   217Fr
  87 219   7  17    -0.61741     0.00000                                   219Fr
  87 220   6  16     0.05169     0.00000                                   220Fr
  87 221   7  15    -0.63503     0.00000                                   221Fr
  87 223   5  15    -0.90266     0.00000                                   223Fr
  87 225   8  15     0.22152     0.00000                                   225Fr
  87 227   4  15    -0.61768     0.00000                                   227Fr
