  88 218   8  15     0.00000     1.33258                                   218Ra
  88 219   5  17     0.00000    -0.19097                                   219Ra
  88 221   8  10     0.00000     0.21333                                   221Ra
  88 222   5  15     0.00000     0.44388                                   222Ra
  88 223   7  16     0.00000    -0.30435                                   223Ra
  88 224   8  15     0.00000     0.40769                                   224Ra
  88 225   8  15     0.00000    -0.03452                                   225Ra
  88 226   8  21     0.00000     0.60168                                   226Ra
  88 227   8  17     0.66570    -0.08390                                   227Ra
  88 228   5  16     0.00000     0.49770                                   228Ra
  88 230   8  16     0.00000     0.72157                                   230Ra
  88 231   4  18     0.00000     0.38915                                   231Ra
