  89 217   8  10     1.41291     0.00000                                   217Ac
  89 219   7  16     0.05085     0.00000                                   219Ac
  89 220   8  16    -0.07065     0.00000                                   220Ac
  89 223   7  10    -0.69539     0.00000                                   223Ac
  89 224   8  15    -0.10475     0.00000                                   224Ac
  89 225   8  16    -0.46147     0.00000                                   225Ac
  89 226   8  15     0.42396     0.00000                                   226Ac
  89 227   5  16    -0.62675     0.00000                                   227Ac
  89 229   8  15    -0.03655     0.00000                                   229Ac
  89 230   8  15     0.28281     0.00000                                   230Ac
  89 231   8  15     0.20173     0.00000                                   231Ac
