  90 220   2  15     1.63913     0.00000                                   220Th
  90 221   2  13     1.58358     0.00000                                   221Th
  90 222   2  15     1.13942     0.00000                                   222Th
  90 223   8  15     0.20436     0.00000                                   223Th
  90 224   5  16     1.23447     0.00000                                   224Th
  90 226   8  17     0.31579     0.00000                                   226Th
  90 227   8  15     0.08255     0.00000                                   227Th
  90 228   5  15    -0.20190     0.00000                                   228Th
  90 229   8  22    -0.88100    -0.27235                                   229Th
  90 230   3  15     0.47815     0.52624                                   230Th
  90 231   3  16    -0.75672    -0.36365                                   231Th
  90 232   8  29    -0.36461     0.00000                                   232Th
  90 233   7  16    -0.34437     0.02934                                   233Th
  90 234   8  12     0.93300     0.00000                                   234Th
