  92 230   8  15     0.54852     0.00000                                   230U 
  92 232   2  16     0.05664     0.00000                                   232U 
  92 233   5  15    -0.49107    -0.19215                                   233U 
  92 234   3  15    -0.21863    -0.23490                                   234U 
  92 235   4  16    -0.50407    -0.30546                                   235U 
  92 236   4  17    -0.13273    -0.16605                                   236U 
  92 237   7  21    -0.09201    -0.26679                                   237U 
  92 238   3  18     0.19707    -0.38020                                   238U 
  92 239   8  34     0.39606    -0.22397                                   239U 
  92 240   8  13     1.01723     0.00000                                   240U 
