 113 266  266.169899  158.260000  0.2190 -0.0300                           266B3
 113 267  267.168364  156.830000  0.2100 -0.0400                           267B3
 113 268  268.168332  156.800000  0.2100 -0.0410                           268B3
 113 269  269.167119  155.670000  0.2110 -0.0480                           269B3
 113 270  270.167290  155.830000  0.2110 -0.0570                           270B3
 113 271  271.166228  154.840000  0.2110 -0.0660                           271B3
 113 272  272.166517  155.110000  0.2120 -0.0730                           272B3
 113 273  273.165648  154.300000  0.2120 -0.0820                           273B3
 113 274  274.166206  154.820000  0.2120 -0.0820                           274B3
 113 275  275.165691  154.340000  0.2220 -0.0970                           275B3
 113 276  276.166668  155.250000  0.2130 -0.0980                           276B3
 113 277  277.166797  155.370000  0.2020 -0.0920                           277B3
 113 278  278.168675  157.120000  0.1840 -0.0860                           278B3
 113 279  279.169427  157.820000  0.1640 -0.0720                           279B3
 113 280  280.170404  158.730000  0.0620  0.0100                           280B3
 113 281  281.170704  159.010000  0.0620  0.0010                           281B3
 113 282  282.172325  160.520000  0.0710  0.0020                           282B3
 113 283  283.172969  161.120000  0.0720 -0.0060                           283B3
 113 284  284.174891  162.910000  0.0800 -0.0130                           284B3
 113 285  285.175804  163.760000  0.0720 -0.0220                           285B3
 113 286  286.177983  165.790000  0.0720 -0.0300                           286B3
 113 287  287.179164  166.890000  0.0620 -0.0310                           287B3
 113 288  288.181622  169.180000  0.0620 -0.0380                           288B3
 113 289  289.182846  170.320000 -0.0530  0.0010                           289B3
 113 290  290.185637  172.920000 -0.0610 -0.0070                           290B3
 113 291  291.187087  174.270000 -0.0260  0.0000                           291B3
 113 292  292.190093  177.070000 -0.0180  0.0000                           292B3
 113 293  293.192379  179.200000  0.0000  0.0000                           293B3
 113 294  294.195739  182.330000  0.0000  0.0000                           294B3
 113 295  295.198402  184.810000  0.0000  0.0000                           295B3
 113 296  296.202202  188.350000  0.0000  0.0000                           296B3
 113 297  297.205219  191.160000  0.0000  0.0000                           297B3
 113 298  298.210286  195.880000  0.0000  0.0000                           298B3
 113 299  299.213367  198.750000  0.0000  0.0000                           299B3
 113 300  300.218702  203.720000  0.0000  0.0000                           300B3
 113 301  301.222213  206.990000  0.0000  0.0000                           301B3
 113 302  302.227506  211.920000  0.0000  0.0000                           302B3
 113 303  303.231284  215.440000  0.0000  0.0000                           303B3
 113 304  304.236534  220.330000  0.0010  0.0010                           304B3
 113 305  305.240388  223.920000  0.0010  0.0010                           305B3
 113 306  306.246056  229.200000  0.0000  0.0000                           306B3
 113 307  307.249545  232.450000  0.0010  0.0010                           307B3
 113 308  308.253367  236.010000  0.3930 -0.0370                           308B3
 113 309  309.257092  239.480000  0.3310 -0.0010                           309B3
 113 310  310.261805  243.870000  0.3220 -0.0030                           310B3
 113 311  311.265402  247.220000  0.3120 -0.0060                           311B3
 113 312  312.270190  251.680000  0.3120 -0.0060                           312B3
 113 313  313.273969  255.200000  0.3030 -0.0080                           313B3
 113 314  314.279025  259.910000  0.3030 -0.0070                           314B3
 113 315  315.283051  263.660000  0.2940 -0.0090                           315B3
 113 316  316.288622  268.850000  0.2830 -0.0110                           316B3
 113 317  317.293088  273.010000  0.2840 -0.0200                           317B3
 113 318  318.298918  278.440000  0.2750 -0.0220                           318B3
 113 319  319.303609  282.810000  0.2750 -0.0310                           319B3
 113 320  320.309363  288.170000  0.2760 -0.0380                           320B3
 113 321  321.314130  292.610000  0.2760 -0.0470                           321B3
 113 322  322.319981  298.060000  0.2770 -0.0550                           322B3
 113 323  323.324844  302.590000  0.2770 -0.0550                           323B3
 113 324  324.330673  308.020000  0.2870 -0.0680                           324B3
 113 325  325.336299  313.260000  0.1810 -0.0200                           325B3
 113 326  326.342418  318.960000  0.1720 -0.0210                           326B3
 113 327  327.347313  323.520000  0.1620 -0.0140                           327B3
 113 328  328.353507  329.290000  0.1620 -0.0140                           328B3
 113 329  329.358757  334.180000  0.1540 -0.0150                           329B3
 113 330  330.365370  340.340000  0.1440 -0.0160                           330B3
 113 331  331.370845  345.440000  0.1350 -0.0260                           331B3
 113 332  332.377555  351.690000  0.1170 -0.0350                           332B3
 113 333  333.383062  356.820000  0.1080 -0.0440                           333B3
 113 334  334.389621  362.930000  0.1080 -0.0440                           334B3
 113 335  335.395129  368.060000  0.0810 -0.0460                           335B3
 113 336  336.401710  374.190000  0.0540 -0.0310                           336B3
 113 337  337.407056  379.170000  0.0450 -0.0150                           337B3
 113 338  338.413519  385.190000  0.0350 -0.0150                           338B3
 113 339  339.418468  389.800000  0.0080  0.0000                           339B3
