 118 281  281.208429  194.150000  0.1840 -0.0860                           281B8
 118 282  282.206131  192.010000  0.0620  0.0010                           282B8
 118 283  283.206475  192.330000  0.0620  0.0100                           283B8
 118 284  284.205326  191.260000  0.0620  0.0100                           284B8
 118 285  285.205949  191.840000  0.0710  0.0100                           285B8
 118 286  286.205176  191.120000  0.0800 -0.0060                           286B8
 118 287  287.205970  191.860000 -0.1040  0.0120                           287B8
 118 288  288.205530  191.450000  0.0800 -0.0130                           288B8
 118 289  289.206657  192.500000  0.0800 -0.0130                           289B8
 118 290  290.206668  192.510000 -0.1120  0.0200                           290B8
 118 291  291.207946  193.700000  0.0810 -0.0370                           291B8
 118 292  292.208064  193.810000  0.0810 -0.0460                           292B8
 118 293  293.209803  195.430000  0.0800 -0.0460                           293B8
 118 294  294.210286  195.880000 -0.0870 -0.0120                           294B8
 118 295  295.212336  197.790000 -0.0870 -0.0200                           295B8
 118 296  296.212905  198.320000 -0.0790 -0.0130                           296B8
 118 297  297.215020  200.290000 -0.0350 -0.0080                           297B8
 118 298  298.216298  201.480000 -0.0080  0.0000                           298B8
 118 299  299.219025  204.020000 -0.0080  0.0000                           299B8
 118 300  300.220699  205.580000  0.0000  0.0000                           300B8
 118 301  301.223877  208.540000  0.0000  0.0000                           301B8
 118 302  302.225874  210.400000  0.0000  0.0000                           302B8
 118 303  303.230200  214.430000  0.0000 -0.0080                           303B8
 118 304  304.232218  216.310000  0.0000  0.0000                           304B8
 118 305  305.236813  220.590000  0.0000 -0.0080                           305B8
 118 306  306.239272  222.880000  0.0000  0.0000                           306B8
 118 307  307.243845  227.140000  0.0010  0.0010                           307B8
 118 308  308.246550  229.660000  0.0010  0.0010                           308B8
 118 309  309.251059  233.860000  0.0020 -0.0070                           309B8
 118 310  310.254065  236.660000  0.0000  0.0000                           310B8
 118 311  311.258295  240.600000  0.0030 -0.0050                           311B8
 118 312  312.261032  243.150000  0.0030  0.0030                           312B8
 118 313  313.259014  241.270000  0.5410  0.1290                           313B8
 118 314  314.261698  243.770000  0.5420  0.1210                           314B8
 118 315  315.265863  247.650000  0.5430  0.1120                           315B8
 118 316  316.272584  253.910000  0.3400  0.0010                           316B8
 118 317  317.277028  258.050000  0.3310 -0.0010                           317B8
 118 318  318.279916  260.740000  0.3310 -0.0010                           318B8
 118 319  319.284382  264.900000  0.3310 -0.0010                           319B8
 118 320  320.287570  267.870000  0.3220 -0.0030                           320B8
 118 321  321.292358  272.330000  0.3110  0.0020                           321B8
 118 322  322.295987  275.710000  0.3110  0.0020                           322B8
 118 323  323.301194  280.560000  0.3120 -0.0060                           323B8
 118 324  324.305080  284.180000  0.3120 -0.0150                           324B8
 118 325  325.310383  289.120000  0.3040 -0.0250                           325B8
 118 326  326.314345  292.810000  0.3040 -0.0330                           326B8
 118 327  327.319691  297.790000  0.3050 -0.0500                           327B8
 118 328  328.323770  301.590000  0.3260 -0.0620                           328B8
 118 329  329.327689  305.240000  0.3940  0.1000                           329B8
 118 330  330.331725  309.000000  0.3940  0.1000                           330B8
 118 331  331.337340  314.230000  0.3940  0.1000                           331B8
 118 332  332.343083  319.580000  0.1260 -0.0090                           332B8
 118 333  333.348730  324.840000  0.1260 -0.0090                           333B8
 118 334  334.353110  328.920000  0.1080 -0.0280                           334B8
 118 335  335.358779  334.200000  0.1080 -0.0280                           335B8
 118 336  336.363041  338.170000  0.1080 -0.0350                           336B8
 118 337  337.368870  343.600000  0.1080 -0.0440                           337B8
 118 338  338.373261  347.690000  0.1080 -0.0440                           338B8
 118 339  339.379122  353.150000  0.0990 -0.0450                           339B8
